,SEASON_ID,PLAYER_ID,PLAYER_NAME,TEAM_ABBREVIATION,TEAM_NAME,GAME_ID,GAME_DATE,MATCHUP,WL,MIN,FGM,FGA,FG_PCT,FG3M,FG3A,FG3_PCT,FTM,FTA,FT_PCT,OREB,DREB,REB,AST,STL,BLK,TOV,PF,PTS,PLUS_MINUS,VIDEO_AVAILABLE
0,21980,76504,Adrian Dantley,UTH,Utah Jazz,0028000647,1981-02-06,UTH vs. DEN,L,0,24,,,0.0,,,7,8,0.875,,,,,,,,,55,,0
1,21980,77290,Billy Knight,IND,Indiana Pacers,0028000171,1980-11-11,IND @ SAN,W,0,19,,,0.0,,,14,16,0.875,,,,,,,,,52,,0
2,21980,77449,Moses Malone,HOU,Houston Rockets,0028000828,1981-03-11,HOU vs. GOS,W,0,20,,,0.0,,,11,12,0.917,,,19.0,,,,,,51,,0
3,21980,76504,Adrian Dantley,UTH,Utah Jazz,0028000482,1981-01-07,UTH @ DEN,W,0,20,,,0.0,,,11,11,1.0,,,,,,,,,51,,0
4,21980,77264,Bernard King,GOS,Golden State Warriors,0028000468,1981-01-03,GOS vs. PHL,L,0,20,,,0.0,,,10,11,0.909,,,,,,,,,50,,0
5,21980,76504,Adrian Dantley,UTH,Utah Jazz,0028000119,1980-10-31,UTH vs. DAL,W,0,12,,,0.0,,,26,29,0.897,,,,,,,,,50,,0
6,21980,76804,George Gervin,SAN,San Antonio Spurs,0028000704,1981-02-17,SAN vs. BOS,L,0,17,,,0.0,,,15,17,0.882,,,,,,,,,49,,0
7,21980,76504,Adrian Dantley,UTH,Utah Jazz,0028000871,1981-03-18,UTH vs. DAL,W,0,17,,,0.0,,,14,15,0.933,,,,,,,,,48,,0
8,21980,76616,Mike Dunleavy,HOU,Houston Rockets,0028000315,1980-12-06,HOU vs. DEN,W,0,19,,,0.0,,,10,13,0.769,,,,,,,,,48,,0
9,21980,76598,John Drew,ATL,Atlanta Hawks,0028000431,1980-12-27,ATL vs. BOS,L,0,18,,,0.0,,,11,11,1.0,,,,,,,,,47,,0
10,21980,76353,Joe Barry Carroll,GOS,Golden State Warriors,0028000729,1981-02-20,GOS vs. SDC,L,0,17,,,0.0,,,12,17,0.706,,,,,,,,,46,,0
11,21980,78139,Purvis Short,GOS,Golden State Warriors,0028000833,1981-03-12,GOS @ DAL,L,0,18,,,2.0,,,7,7,1.0,,,,,,,,6.0,45,,0
12,21980,76504,Adrian Dantley,UTH,Utah Jazz,0028000524,1981-01-14,UTH @ GOS,W,0,15,,,0.0,,,15,21,0.714,,,,,,,,,45,,0
13,21980,76681,Julius Erving,PHL,Philadelphia 76ers,0028000127,1980-11-01,PHL vs. BOS,W,0,16,,,0.0,,,13,17,0.765,,,,,,,,,45,,0
14,21980,78326,David Thompson,DEN,Denver Nuggets,0028000773,1981-03-01,DEN vs. CLE,W,0,18,,,0.0,,,8,10,0.8,,,,,,,,,44,,0
15,21980,78326,David Thompson,DEN,Denver Nuggets,0028000933,1981-03-29,DEN @ LAL,W,0,17,,,0.0,,,9,11,0.818,,,,,,,,,43,,0
16,21980,77710,Mike Newlin,NJN,New Jersey Nets,0028000631,1981-02-04,NJN vs. SDC,L,0,13,,,1.0,,,16,17,0.941,,,,,,,,6.0,43,,0
17,21980,76504,Adrian Dantley,UTH,Utah Jazz,0028000196,1980-11-14,UTH vs. HOU,W,0,16,,,0.0,,,11,11,1.0,,,,,,,,,43,,0
18,21980,78326,David Thompson,DEN,Denver Nuggets,0028000124,1980-11-01,DEN vs. SEA,W,0,17,,,0.0,,,9,10,0.9,,,,,,,,,43,,0
19,21980,76673,Alex English,DEN,Denver Nuggets,0028000870,1981-03-18,DEN @ KCK,W,0,17,,,0.0,,,8,8,1.0,,,,,,,,,42,,0
20,21980,77264,Bernard King,GOS,Golden State Warriors,0028000747,1981-02-24,GOS @ SAN,L,0,17,,,1.0,,,7,9,0.778,,,,,,,,,42,,0
21,21980,77615,Mike Mitchell,CLE,Cleveland Cavaliers,0028000716,1981-02-18,CLE @ NJN,L,0,19,,,0.0,,,4,7,0.571,,,,,,,,,42,,0
22,21980,77669,Calvin Murphy,HOU,Houston Rockets,0028000470,1981-01-03,HOU vs. DEN,L,0,16,,,0.0,,,10,10,1.0,,,,,,,,,42,,0
23,21980,76003,Kareem Abdul-Jabbar,LAL,Los Angeles Lakers,0028000402,1980-12-21,LAL vs. SAN,W,0,15,,,0.0,,,12,14,0.857,,,,,,,,,42,,0
24,21980,78571,Ray Williams,NYK,New York Knicks,0028000332,1980-12-09,NYK vs. WAS,W,0,16,,,1.0,,,9,9,1.0,,,,,,,,,42,,0
25,21980,76170,Otis Birdsong,KCK,Kansas City Kings,0028000308,1980-12-05,KCK vs. HOU,W,0,19,,,0.0,,,4,4,1.0,,,,,,,,,42,,0
26,21980,76804,George Gervin,SAN,San Antonio Spurs,0028000122,1980-11-01,SAN @ GOS,L,0,16,,,0.0,,,10,10,1.0,,,,,,,,,42,,0
27,21980,76504,Adrian Dantley,UTH,Utah Jazz,0028000045,1980-10-18,UTH vs. DEN,W,0,16,,,1.0,,,9,10,0.9,,,,,,,,,42,,0
28,21980,77142,Magic Johnson,LAL,Los Angeles Lakers,0028000930,1981-03-28,LAL @ UTH,L,0,17,,,0.0,,,7,10,0.7,,,,,,,,,41,,0
29,21980,78482,Scott Wedman,KCK,Kansas City Kings,0028000870,1981-03-18,KCK vs. DEN,L,0,18,,,1.0,,,4,5,0.8,,,,,,,,,41,,0
30,21980,77615,Mike Mitchell,CLE,Cleveland Cavaliers,0028000703,1981-02-17,CLE vs. DET,W,0,19,,,0.0,,,3,4,0.75,,,,,,,,,41,,0
31,21980,77449,Moses Malone,HOU,Houston Rockets,0028000520,1981-01-14,HOU vs. CHI,W,0,17,,,0.0,,,7,9,0.778,,,,,,,,,41,,0
32,21980,78548,Freeman Williams,SDC,San Diego Clippers,0028000337,1980-12-10,SDC @ KCK,L,0,15,,,1.0,,,10,11,0.909,,,,,,,,,41,,0
33,21980,76804,George Gervin,SAN,San Antonio Spurs,0028000325,1980-12-07,SAN @ POR,L,0,17,,,0.0,,,7,9,0.778,,,,,,,,,41,,0
34,21980,77449,Moses Malone,HOU,Houston Rockets,0028000200,1980-11-15,HOU @ SEA,L,0,15,,,0.0,,,11,15,0.733,,,,,,,,,41,,0
35,21980,77449,Moses Malone,HOU,Houston Rockets,0028000063,1980-10-21,HOU @ DEN,W,0,12,,,0.0,,,17,21,0.81,,,,,,,,,41,,0
36,21980,76121,Billyray Bates,POR,Portland Trail Blazers,0028000941,1981-03-29,POR @ SDC,W,0,16,,,2.0,,,6,7,0.857,,,,,,,,,40,,0
37,21980,76504,Adrian Dantley,UTH,Utah Jazz,0028000752,1981-02-25,UTH vs. NJN,W,0,12,,,0.0,,,16,22,0.727,,,12.0,,,,,,40,,0
38,21980,305,Robert Parish,BOS,Boston Celtics,0028000704,1981-02-17,BOS @ SAN,W,0,15,,,0.0,,,10,15,0.667,,,,,,,,,40,,0
39,21980,1381,John Long,DET,Detroit Pistons,0028000625,1981-02-03,DET @ SAN,L,0,17,,,1.0,,,5,5,1.0,,,,,,,,,40,,0
40,21980,76504,Adrian Dantley,UTH,Utah Jazz,0028000490,1981-01-08,UTH vs. DAL,W,0,17,,,0.0,,,6,8,0.75,,,,,,,,,40,,0
41,21980,77449,Moses Malone,HOU,Houston Rockets,0028000456,1981-01-02,HOU @ DAL,W,0,13,,,0.0,,,14,19,0.737,,,,,,,,,40,,0
42,21980,77144,Eddie Johnson,ATL,Atlanta Hawks,0028000401,1980-12-20,ATL @ POR,L,0,16,,,0.0,,,8,9,0.889,,,,,,,,,40,,0
43,21980,77993,Truck Robinson,PHX,Phoenix Suns,0028000327,1980-12-09,PHX @ CHI,W,0,18,,,0.0,,,4,5,0.8,,,,,,,,,40,,0
44,21980,76504,Adrian Dantley,UTH,Utah Jazz,0028000305,1980-12-04,UTH vs. DEN,W,0,14,,,0.0,,,12,14,0.857,,,,,,,,,40,,0
45,21980,77449,Moses Malone,HOU,Houston Rockets,0028000270,1980-11-28,HOU @ SAN,W,0,14,,,0.0,,,12,15,0.8,,,,,,,,,40,,0
46,21980,76003,Kareem Abdul-Jabbar,LAL,Los Angeles Lakers,0028000261,1980-11-27,LAL @ GOS,W,0,15,,,0.0,,,10,14,0.714,,,,,,,,,40,,0
47,21980,78326,David Thompson,DEN,Denver Nuggets,0028000244,1980-11-23,DEN @ PHX,L,0,15,,,0.0,,,10,11,0.909,,,,,,,,,40,,0
48,21980,77160,Marques Johnson,MIL,Milwaukee Bucks,0028000132,1980-11-02,MIL vs. IND,W,0,17,,,0.0,,,6,7,0.857,,,,,,,,,40,,0
49,21980,76804,George Gervin,SAN,San Antonio Spurs,0028000848,1981-03-15,SAN @ GOS,W,0,16,,,0.0,,,7,8,0.875,,,,,,,,,39,,0
50,21980,76804,George Gervin,SAN,San Antonio Spurs,0028000846,1981-03-14,SAN @ SDC,L,0,15,,,1.0,,,8,11,0.727,,,,,,,,,39,,0
51,21980,76170,Otis Birdsong,KCK,Kansas City Kings,0028000793,1981-03-04,KCK @ SAN,W,0,19,,,0.0,,,1,1,1.0,,,,,,,,,39,,0
52,21980,76681,Julius Erving,PHL,Philadelphia 76ers,0028000750,1981-02-25,PHL @ SDC,W,0,13,,,0.0,,,13,14,0.929,,,,,,,,,39,,0
53,21980,229,James Edwards,IND,Indiana Pacers,0028000742,1981-02-22,IND vs. POR,L,0,16,,,0.0,,,7,13,0.538,,,,,,,,,39,,0
54,21980,77141,Dennis Johnson,PHX,Phoenix Suns,0028000695,1981-02-15,PHX vs. NYK,L,0,13,,,1.0,,,12,13,0.923,,,,,,,,6.0,39,,0
55,21980,76753,World Free,GOS,Golden State Warriors,0028000661,1981-02-08,GOS vs. UTH,W,0,16,,,0.0,,,7,10,0.7,,,,,,,,,39,,0
56,21980,76504,Adrian Dantley,UTH,Utah Jazz,0028000556,1981-01-20,UTH @ WAS,L,0,13,,,0.0,,,13,18,0.722,,,,,,,,,39,,0
57,21980,77264,Bernard King,GOS,Golden State Warriors,0028000502,1981-01-10,GOS vs. DET,W,0,18,,,0.0,,,3,3,1.0,,,,,,,,,39,,0
58,21980,77420,Maurice Lucas,NJN,New Jersey Nets,0028000437,1980-12-28,NJN vs. KCK,L,0,12,,,0.0,,,15,17,0.882,,,10.0,,,,,,39,,0
59,21980,76170,Otis Birdsong,KCK,Kansas City Kings,0028000293,1980-12-02,KCK @ WAS,L,0,15,,,0.0,,,9,15,0.6,,,,,,,,,39,,0
60,21980,76598,John Drew,ATL,Atlanta Hawks,0028000288,1980-12-02,ATL vs. PHL,W,0,12,,,0.0,,,15,19,0.789,,,,,,,,,39,,0
61,21980,76804,George Gervin,SAN,San Antonio Spurs,0028000238,1980-11-22,SAN vs. PHL,L,0,15,,,0.0,,,9,9,1.0,,,,,,,,,39,,0
62,21980,76598,John Drew,ATL,Atlanta Hawks,0028000188,1980-11-13,ATL @ CLE,L,0,11,,,0.0,,,17,21,0.81,,,,,,,,6.0,39,,0
63,21980,78326,David Thompson,DEN,Denver Nuggets,0028000144,1980-11-05,DEN @ SEA,W,0,15,,,0.0,,,9,12,0.75,,,,,,,,,39,,0
64,21980,76804,George Gervin,SAN,San Antonio Spurs,0028000026,1980-10-14,SAN vs. KCK,W,0,16,,,0.0,,,7,9,0.778,,,,,,,,,39,,0
65,21980,78326,David Thompson,DEN,Denver Nuggets,0028000932,1981-03-28,DEN @ GOS,W,0,16,,,0.0,,,6,11,0.545,,,,,,,,,38,,0
66,21980,77144,Eddie Johnson,ATL,Atlanta Hawks,0028000867,1981-03-18,ATL @ BOS,W,0,14,,,0.0,,,10,12,0.833,,,,,,,,,38,,0
67,21980,77986,Cliff T. Robinson,NJN,New Jersey Nets,0028000866,1981-03-18,NJN @ DET,L,0,15,,,0.0,,,8,10,0.8,,,,,,,,,38,,0
68,21980,77449,Moses Malone,HOU,Houston Rockets,0028000844,1981-03-14,HOU vs. UTH,W,0,14,,,0.0,,,10,11,0.909,,,,,,,,,38,,0
69,21980,77669,Calvin Murphy,HOU,Houston Rockets,0028000743,1981-02-23,HOU @ UTH,W,0,16,,,0.0,,,6,6,1.0,,,,,,,,,38,,0
70,21980,76890,Darrell Griffith,UTH,Utah Jazz,0028000684,1981-02-13,UTH vs. BOS,W,0,14,,,0.0,,,10,11,0.909,,,,,,,,,38,,0
71,21980,76091,Greg Ballard,WAS,Washington Bullets,0028000624,1981-02-03,WAS @ POR,L,0,16,,,0.0,,,6,6,1.0,,,,,,,,,38,,0
72,21980,77449,Moses Malone,HOU,Houston Rockets,0028000622,1981-02-03,HOU vs. DEN,W,0,15,,,0.0,,,8,11,0.727,,,,,,,,,38,,0
73,21980,76736,Phil Ford,KCK,Kansas City Kings,0028000576,1981-01-23,KCK vs. HOU,W,0,13,,,0.0,,,12,13,0.923,,,,,,,,,38,,0
74,21980,77449,Moses Malone,HOU,Houston Rockets,0028000536,1981-01-16,HOU @ PHX,L,0,17,,,0.0,,,4,8,0.5,,,,,,,,,38,,0
75,21980,77669,Calvin Murphy,HOU,Houston Rockets,0028000456,1981-01-02,HOU @ DAL,W,0,16,,,1.0,,,5,5,1.0,,,,,,,,,38,,0
76,21980,77710,Mike Newlin,NJN,New Jersey Nets,0028000335,1980-12-10,NJN vs. NYK,L,0,14,,,0.0,,,10,11,0.909,,,,,,,,,38,,0
77,21980,76598,John Drew,ATL,Atlanta Hawks,0028000280,1980-11-29,ATL vs. DET,L,0,15,,,0.0,,,8,9,0.889,,,,,,,,6.0,38,,0
78,21980,78149,Jack Sikma,SEA,Seattle SuperSonics,0028000271,1980-11-28,SEA vs. SDC,L,0,14,,,0.0,,,10,12,0.833,,,,,,,,,38,,0
79,21980,78326,David Thompson,DEN,Denver Nuggets,0028000267,1980-11-28,DEN @ DAL,W,0,13,,,0.0,,,12,14,0.857,,,,,,,,,38,,0
80,21980,76804,George Gervin,SAN,San Antonio Spurs,0028000222,1980-11-19,SAN @ NJN,W,0,14,,,0.0,,,10,11,0.909,,,,,,,,,38,,0
81,21980,76753,World Free,GOS,Golden State Warriors,0028000202,1980-11-15,GOS vs. PHX,W,0,15,,,0.0,,,8,10,0.8,,,,,,,,,38,,0
82,21980,76804,George Gervin,SAN,San Antonio Spurs,0028000171,1980-11-11,SAN vs. IND,L,0,14,,,0.0,,,10,11,0.909,,,,,,,,,38,,0
83,21980,76504,Adrian Dantley,UTH,Utah Jazz,0028000159,1980-11-08,UTH vs. NYK,L,0,13,,,0.0,,,12,12,1.0,,,,,,,,,38,,0
84,21980,76504,Adrian Dantley,UTH,Utah Jazz,0028000109,1980-10-29,UTH vs. SAN,W,0,13,,,0.0,,,12,14,0.857,,,,,,,,,38,,0
85,21980,77449,Moses Malone,HOU,Houston Rockets,0028000106,1980-10-29,HOU vs. DAL,W,0,13,,,0.0,,,12,15,0.8,,,,,,,,,38,,0
86,21980,76504,Adrian Dantley,UTH,Utah Jazz,0028000018,1980-10-12,UTH @ DEN,W,0,11,,,0.0,,,16,18,0.889,,,,,,,,,38,,0
87,21980,76353,Joe Barry Carroll,GOS,Golden State Warriors,0028000848,1981-03-15,GOS vs. SAN,L,0,14,,,0.0,,,9,12,0.75,,,,,,,,,37,,0
88,21980,76681,Julius Erving,PHL,Philadelphia 76ers,0028000676,1981-02-11,PHL vs. CLE,W,0,16,,,0.0,,,5,6,0.833,,,,,,,,,37,,0
89,21980,76504,Adrian Dantley,UTH,Utah Jazz,0028000661,1981-02-08,UTH @ GOS,L,0,14,,,0.0,,,9,9,1.0,,,,,,,,,37,,0
90,21980,77097,Dan Issel,DEN,Denver Nuggets,0028000647,1981-02-06,DEN @ UTH,W,0,11,,,0.0,,,15,20,0.75,,,,,,,,,37,,0
91,21980,76804,George Gervin,SAN,San Antonio Spurs,0028000626,1981-02-04,SAN @ DEN,W,0,13,,,0.0,,,11,11,1.0,,,,,,,,,37,,0
92,21980,76504,Adrian Dantley,UTH,Utah Jazz,0028000610,1981-01-29,UTH vs. HOU,W,0,13,,,0.0,,,11,16,0.688,,,,,,,,,37,,0
93,21980,77449,Moses Malone,HOU,Houston Rockets,0028000549,1981-01-18,HOU @ DEN,W,0,14,,,0.0,,,9,11,0.818,,,,,,,,,37,,0
94,21980,77615,Mike Mitchell,CLE,Cleveland Cavaliers,0028000414,1980-12-23,CLE vs. KCK,L,0,16,,,0.0,,,5,6,0.833,,,,,,,,,37,,0
95,21980,76170,Otis Birdsong,KCK,Kansas City Kings,0028000279,1980-11-29,KCK vs. SAN,L,0,14,,,0.0,,,9,11,0.818,,,,,,,,,37,,0
96,21980,76673,Alex English,DEN,Denver Nuggets,0028000277,1980-11-29,DEN vs. LAL,L,0,17,,,0.0,,,3,4,0.75,,,,,,,,,37,,0
97,21980,78571,Ray Williams,NYK,New York Knicks,0028000253,1980-11-26,NYK @ CLE,W,0,15,,,1.0,,,6,8,0.75,,,,,,,,,37,,0
98,21980,76598,John Drew,ATL,Atlanta Hawks,0028000160,1980-11-08,ATL @ NJN,L,0,14,,,0.0,,,9,10,0.9,,,,,,,,,37,,0
99,21980,76890,Darrell Griffith,UTH,Utah Jazz,0028000119,1980-10-31,UTH vs. DAL,W,0,15,,,0.0,,,7,12,0.583,,,,,,,,,37,,0
100,21980,77710,Mike Newlin,NJN,New Jersey Nets,0028000115,1980-10-31,NJN vs. WAS,W,0,14,,,2.0,,,7,7,1.0,,,,,,,,,37,,0
101,21980,76170,Otis Birdsong,KCK,Kansas City Kings,0028000072,1980-10-23,KCK @ HOU,W,0,15,,,0.0,,,7,11,0.636,,,,,,,,,37,,0
102,21980,77144,Eddie Johnson,ATL,Atlanta Hawks,0028000919,1981-03-26,ATL vs. IND,L,0,14,,,1.0,,,7,9,0.778,,,,,,,,,36,,0
103,21980,78571,Ray Williams,NYK,New York Knicks,0028000900,1981-03-24,NYK vs. BOS,L,0,14,,,0.0,,,8,11,0.727,,,,,,,,,36,,0
104,21980,77097,Dan Issel,DEN,Denver Nuggets,0028000813,1981-03-08,DEN @ IND,L,0,13,,,0.0,,,10,12,0.833,,,,,,,,,36,,0
105,21980,77615,Mike Mitchell,CLE,Cleveland Cavaliers,0028000773,1981-03-01,CLE @ DEN,L,0,14,,,0.0,,,8,13,0.615,,,,,,,,,36,,0
106,21980,76673,Alex English,DEN,Denver Nuggets,0028000732,1981-02-21,DEN vs. KCK,W,0,14,,,0.0,,,8,11,0.727,,,,,,,,,36,,0
107,21980,76003,Kareem Abdul-Jabbar,LAL,Los Angeles Lakers,0028000723,1981-02-20,LAL vs. HOU,L,0,14,,,0.0,,,8,10,0.8,,,,,,,,,36,,0
108,21980,77986,Cliff T. Robinson,NJN,New Jersey Nets,0028000702,1981-02-15,NJN vs. GOS,W,0,17,,,0.0,,,2,3,0.667,,,,,,,,,36,,0
109,21980,77264,Bernard King,GOS,Golden State Warriors,0028000702,1981-02-15,GOS @ NJN,L,0,15,,,0.0,,,6,10,0.6,,,,,,,,,36,,0
110,21980,78047,Campy Russell,NYK,New York Knicks,0028000695,1981-02-15,NYK @ PHX,W,0,13,,,0.0,,,10,11,0.909,,,,,,,,,36,,0
111,21980,77615,Mike Mitchell,CLE,Cleveland Cavaliers,0028000676,1981-02-11,CLE @ PHL,L,0,16,,,0.0,,,4,4,1.0,,,,,,,,,36,,0
112,21980,1449,Larry Bird,BOS,Boston Celtics,0028000670,1981-02-11,BOS @ LAL,W,0,16,,,0.0,,,4,5,0.8,,,,,,,,,36,,0
113,21980,76887,Kevin Grevey,WAS,Washington Bullets,0028000654,1981-02-08,WAS @ PHX,L,0,14,,,2.0,,,6,9,0.667,,,,,,,,,36,,0
114,21980,78482,Scott Wedman,KCK,Kansas City Kings,0028000544,1981-01-17,KCK vs. DEN,L,0,17,,,0.0,,,2,2,1.0,,,,,,,,,36,,0
115,21980,76673,Alex English,DEN,Denver Nuggets,0028000514,1981-01-13,DEN vs. ATL,W,0,12,,,0.0,,,12,13,0.923,,,,,,,,,36,,0
116,21980,76504,Adrian Dantley,UTH,Utah Jazz,0028000469,1981-01-03,UTH vs. POR,W,0,14,,,0.0,,,8,11,0.727,,,,,,,,,36,,0
117,21980,76681,Julius Erving,PHL,Philadelphia 76ers,0028000457,1981-01-02,PHL @ SEA,W,0,12,,,0.0,,,12,15,0.8,,,,,,,,,36,,0
118,21980,76003,Kareem Abdul-Jabbar,LAL,Los Angeles Lakers,0028000454,1981-01-02,LAL @ SAN,L,0,17,,,0.0,,,2,2,1.0,,,,,,,,,36,,0
119,21980,76170,Otis Birdsong,KCK,Kansas City Kings,0028000435,1980-12-27,KCK @ NYK,L,0,14,,,0.0,,,8,9,0.889,,,,,,,,,36,,0
120,21980,76504,Adrian Dantley,UTH,Utah Jazz,0028000372,1980-12-16,UTH @ NYK,L,0,16,,,0.0,,,4,4,1.0,,,,,,,,,36,,0
121,21980,76170,Otis Birdsong,KCK,Kansas City Kings,0028000368,1980-12-16,KCK @ DEN,W,0,16,,,0.0,,,4,7,0.571,,,,,,,,,36,,0
122,21980,76598,John Drew,ATL,Atlanta Hawks,0028000339,1980-12-10,ATL @ DET,W,0,13,,,0.0,,,10,12,0.833,,,,,,,,,36,,0
123,21980,78571,Ray Williams,NYK,New York Knicks,0028000228,1980-11-21,NYK @ CHI,L,0,12,,,0.0,,,12,13,0.923,,,,,,,,,36,,0
124,21980,77290,Billy Knight,IND,Indiana Pacers,0028000169,1980-11-10,IND @ UTH,L,0,12,,,0.0,,,12,13,0.923,,,,,,,,,36,,0
125,21980,77449,Moses Malone,HOU,Houston Rockets,0028000166,1980-11-08,HOU vs. PHX,L,0,16,,,0.0,,,4,7,0.571,,,,,,,,,36,,0
126,21980,76681,Julius Erving,PHL,Philadelphia 76ers,0028000146,1980-11-05,PHL vs. DET,W,0,15,,,0.0,,,6,8,0.75,,,,,,,,,36,,0
127,21980,1449,Larry Bird,BOS,Boston Celtics,0028000127,1980-11-01,BOS @ PHL,L,0,14,,,1.0,,,7,8,0.875,,,,,,,,,36,,0
128,21980,76753,World Free,GOS,Golden State Warriors,0028000122,1980-11-01,GOS vs. SAN,W,0,16,,,0.0,,,4,5,0.8,,,,,,,,,36,,0
129,21980,78548,Freeman Williams,SDC,San Diego Clippers,0028000091,1980-10-25,SDC vs. SAN,L,0,16,,,0.0,,,4,6,0.667,,,,,,,,,36,,0
130,21980,76804,George Gervin,SAN,San Antonio Spurs,0028000091,1980-10-25,SAN @ SDC,W,0,14,,,0.0,,,8,9,0.889,,,,,,,,,36,,0
131,21980,76504,Adrian Dantley,UTH,Utah Jazz,0028000088,1980-10-25,UTH vs. LAL,L,0,12,,,0.0,,,12,13,0.923,,,,,,,,,36,,0
132,21980,76170,Otis Birdsong,KCK,Kansas City Kings,0028000086,1980-10-25,KCK vs. DEN,W,0,16,,,0.0,,,4,6,0.667,,,,,,,,,36,,0
133,21980,76681,Julius Erving,PHL,Philadelphia 76ers,0028000014,1980-10-11,PHL @ WAS,W,0,14,,,0.0,,,8,10,0.8,,,,,,,,,36,,0
134,21980,76504,Adrian Dantley,UTH,Utah Jazz,0028000008,1980-10-10,UTH vs. POR,W,0,14,,,0.0,,,8,11,0.727,,,,,,,,,36,,0
135,21980,78351,Andrew Toney,PHL,Philadelphia 76ers,0028000937,1981-03-29,PHL @ BOS,L,0,13,,,1.0,,,8,9,0.889,,,,,,,,,35,,0
136,21980,76121,Billyray Bates,POR,Portland Trail Blazers,0028000855,1981-03-15,POR vs. DAL,W,0,12,,,1.0,,,10,11,0.909,,,,,,,,,35,,0
137,21980,76435,Darwin Cook,NJN,New Jersey Nets,0028000850,1981-03-15,NJN @ BOS,L,0,13,,,0.0,,,9,10,0.9,,,,,,,,,35,,0
138,21980,77144,Eddie Johnson,ATL,Atlanta Hawks,0028000845,1981-03-14,ATL vs. CLE,L,0,14,,,1.0,,,6,8,0.75,,,,,,,,,35,,0
139,21980,77911,Kelvin Ransey,POR,Portland Trail Blazers,0028000822,1981-03-10,POR @ DEN,W,0,16,,,0.0,,,3,5,0.6,,,,,,,,,35,,0
140,21980,76003,Kareem Abdul-Jabbar,LAL,Los Angeles Lakers,0028000820,1981-03-10,LAL vs. SAN,W,0,16,,,0.0,,,3,5,0.6,,,,,,,,,35,,0
141,21980,76804,George Gervin,SAN,San Antonio Spurs,0028000757,1981-02-26,SAN vs. SEA,W,0,13,,,0.0,,,9,10,0.9,,,,,,,,,35,,0
142,21980,77710,Mike Newlin,NJN,New Jersey Nets,0028000702,1981-02-15,NJN vs. GOS,W,0,14,,,0.0,,,7,8,0.875,,,,,,,,,35,,0
143,21980,76003,Kareem Abdul-Jabbar,LAL,Los Angeles Lakers,0028000701,1981-02-15,LAL vs. DAL,W,0,15,,,0.0,,,5,6,0.833,,,,,,,,,35,,0
144,21980,76504,Adrian Dantley,UTH,Utah Jazz,0028000684,1981-02-13,UTH vs. BOS,W,0,13,,,0.0,,,9,13,0.692,,,,,,,,,35,,0
145,21980,77710,Mike Newlin,NJN,New Jersey Nets,0028000674,1981-02-11,NJN vs. CHI,W,0,15,,,1.0,,,4,6,0.667,,,,,,,,,35,,0
146,21980,76736,Phil Ford,KCK,Kansas City Kings,0028000658,1981-02-08,KCK @ POR,L,0,15,,,0.0,,,5,6,0.833,,,,,,,,,35,,0
147,21980,76003,Kareem Abdul-Jabbar,LAL,Los Angeles Lakers,0028000613,1981-01-29,LAL vs. KCK,W,0,13,,,0.0,,,9,10,0.9,,,,,,,,,35,,0
148,21980,76681,Julius Erving,PHL,Philadelphia 76ers,0028000606,1981-01-28,PHL @ BOS,L,0,15,,,0.0,,,5,7,0.714,,,,,,,,,35,,0
149,21980,76890,Darrell Griffith,UTH,Utah Jazz,0028000594,1981-01-26,UTH vs. DET,W,0,15,,,0.0,,,5,6,0.833,,,,,,,,,35,,0
150,21980,76753,World Free,GOS,Golden State Warriors,0028000585,1981-01-24,GOS vs. NYK,W,0,10,,,0.0,,,15,18,0.833,,,,,,,,,35,,0
151,21980,77710,Mike Newlin,NJN,New Jersey Nets,0028000562,1981-01-21,NJN vs. SEA,W,0,13,,,0.0,,,9,9,1.0,,,,,,,,,35,,0
152,21980,76170,Otis Birdsong,KCK,Kansas City Kings,0028000437,1980-12-28,KCK @ NJN,W,0,13,,,0.0,,,9,10,0.9,,,,,,,,,35,,0
153,21980,77449,Moses Malone,HOU,Houston Rockets,0028000357,1980-12-13,HOU @ GOS,W,0,14,,,0.0,,,7,9,0.778,,,,,,,,,35,,0
154,21980,1449,Larry Bird,BOS,Boston Celtics,0028000354,1980-12-13,BOS @ CHI,W,0,15,,,0.0,,,5,8,0.625,,,,,,,,,35,,0
155,21980,76681,Julius Erving,PHL,Philadelphia 76ers,0028000288,1980-12-02,PHL @ ATL,L,0,11,,,0.0,,,13,14,0.929,,,,,,,,,35,,0
156,21980,76504,Adrian Dantley,UTH,Utah Jazz,0028000273,1980-11-29,UTH @ PHL,L,0,15,,,0.0,,,5,5,1.0,,,,,,,,,35,,0
157,21980,76504,Adrian Dantley,UTH,Utah Jazz,0028000257,1980-11-26,UTH @ DET,W,0,13,,,0.0,,,9,13,0.692,,,,,,,,,35,,0
158,21980,77710,Mike Newlin,NJN,New Jersey Nets,0028000222,1980-11-19,NJN vs. SAN,L,0,15,,,1.0,,,4,4,1.0,,,,,,,,,35,,0
159,21980,76804,George Gervin,SAN,San Antonio Spurs,0028000220,1980-11-18,SAN @ ATL,L,0,13,,,0.0,,,9,10,0.9,,,,,,,,,35,,0
160,21980,78149,Jack Sikma,SEA,Seattle SuperSonics,0028000191,1980-11-14,SEA vs. KCK,W,0,7,,,0.0,,,21,23,0.913,,,,,,,,,35,,0
161,21980,76804,George Gervin,SAN,San Antonio Spurs,0028000187,1980-11-13,SAN @ SDC,W,0,14,,,0.0,,,7,12,0.583,,,,,,,,,35,,0
162,21980,77097,Dan Issel,DEN,Denver Nuggets,0028000103,1980-10-29,DEN @ GOS,L,0,11,,,0.0,,,13,17,0.765,,,,,,,,,35,,0
163,21980,76266,Michael Brooks,SDC,San Diego Clippers,0028000039,1980-10-17,SDC vs. DEN,L,0,16,,,0.0,,,3,10,0.3,,,,,,,,,35,,0
164,21980,78199,Phil Smith,SDC,San Diego Clippers,0028000004,1980-10-10,SDC vs. HOU,W,0,13,,,0.0,,,9,10,0.9,,,,,,,,,35,,0
165,21980,78150,James Silas,SAN,San Antonio Spurs,0028000912,1981-03-25,SAN @ HOU,L,0,12,,,0.0,,,10,11,0.909,,,,,,,,,34,,0
166,21980,78482,Scott Wedman,KCK,Kansas City Kings,0028000913,1981-03-25,KCK @ PHX,W,0,14,,,1.0,,,5,6,0.833,,,,,,,,,34,,0
167,21980,77264,Bernard King,GOS,Golden State Warriors,0028000896,1981-03-22,GOS vs. LAL,L,0,15,,,0.0,,,4,5,0.8,,,,,,,,,34,,0
168,21980,76003,Kareem Abdul-Jabbar,LAL,Los Angeles Lakers,0028000879,1981-03-20,LAL vs. SEA,W,0,15,,,0.0,,,4,6,0.667,,,,,,,,,34,,0
169,21980,77669,Calvin Murphy,HOU,Houston Rockets,0028000873,1981-03-18,HOU @ GOS,L,0,16,,,0.0,,,2,2,1.0,,,,,,,,,34,,0
170,21980,76290,Joe Bryant,SDC,San Diego Clippers,0028000823,1981-03-10,SDC vs. KCK,L,0,14,,,1.0,,,5,7,0.714,,,,,,,,,34,,0
171,21980,77986,Cliff T. Robinson,NJN,New Jersey Nets,0028000801,1981-03-06,NJN @ ATL,L,0,15,,,0.0,,,4,6,0.667,,,,,,,,6.0,34,,0
172,21980,76252,Junior Bridgeman,MIL,Milwaukee Bucks,0028000799,1981-03-06,MIL @ NYK,W,0,13,,,0.0,,,8,8,1.0,,,,,,,,,34,,0
173,21980,78326,David Thompson,DEN,Denver Nuggets,0028000798,1981-03-06,DEN @ PHL,L,0,8,,,0.0,,,18,19,0.947,,,,,,,,,34,,0
174,21980,76504,Adrian Dantley,UTH,Utah Jazz,0028000790,1981-03-04,UTH @ GOS,L,0,12,,,0.0,,,10,14,0.714,,,,,,,,,34,,0
175,21980,77264,Bernard King,GOS,Golden State Warriors,0028000758,1981-02-27,GOS @ DEN,L,0,17,,,0.0,,,0,0,,,,,,,,,6.0,34,,0
176,21980,76504,Adrian Dantley,UTH,Utah Jazz,0028000743,1981-02-23,UTH vs. HOU,L,0,14,,,0.0,,,6,7,0.857,,,12.0,,,,,,34,,0
177,21980,77449,Moses Malone,HOU,Houston Rockets,0028000723,1981-02-20,HOU @ LAL,W,0,15,,,0.0,,,4,5,0.8,,,,,,,,,34,,0
178,21980,77487,Cedric Maxwell,BOS,Boston Celtics,0028000696,1981-02-15,BOS @ DEN,W,0,13,,,0.0,,,8,12,0.667,,,,,,,,,34,,0
179,21980,76598,John Drew,ATL,Atlanta Hawks,0028000651,1981-02-07,ATL @ HOU,L,0,13,,,0.0,,,8,9,0.889,,,,,,,,,34,,0
180,21980,77449,Moses Malone,HOU,Houston Rockets,0028000495,1981-01-09,HOU @ PHL,L,0,10,,,0.0,,,14,20,0.7,,,,,,,,,34,,0
181,21980,78571,Ray Williams,NYK,New York Knicks,0028000477,1981-01-06,NYK vs. SAN,L,0,14,,,0.0,,,6,6,1.0,,,,,,,,,34,,0
182,21980,77615,Mike Mitchell,CLE,Cleveland Cavaliers,0028000460,1981-01-02,CLE @ NJN,W,0,14,,,0.0,,,6,8,0.75,,,,,,,,,34,,0
183,21980,76504,Adrian Dantley,UTH,Utah Jazz,0028000446,1980-12-30,UTH vs. LAL,W,0,14,,,0.0,,,6,8,0.75,,,,,,,,,34,,0
184,21980,76003,Kareem Abdul-Jabbar,LAL,Los Angeles Lakers,0028000438,1980-12-28,LAL vs. PHL,W,0,14,,,0.0,,,6,9,0.667,,,,,,,,,34,,0
185,21980,76804,George Gervin,SAN,San Antonio Spurs,0028000428,1980-12-27,SAN vs. UTH,W,0,11,,,1.0,,,11,12,0.917,,,,,,,,,34,,0
186,21980,78326,David Thompson,DEN,Denver Nuggets,0028000421,1980-12-26,DEN @ DAL,L,0,15,,,0.0,,,4,7,0.571,,,,,,,,,34,,0
187,21980,229,James Edwards,IND,Indiana Pacers,0028000420,1980-12-26,IND @ LAL,L,0,15,,,0.0,,,4,6,0.667,,,,,,,,,34,,0
188,21980,76003,Kareem Abdul-Jabbar,LAL,Los Angeles Lakers,0028000387,1980-12-19,LAL vs. POR,L,0,13,,,0.0,,,8,9,0.889,,,,,,,,6.0,34,,0
189,21980,76598,John Drew,ATL,Atlanta Hawks,0028000249,1980-11-25,ATL vs. POR,W,0,11,,,0.0,,,12,16,0.75,,,,,,,,,34,,0
190,21980,76979,Elvin Hayes,WAS,Washington Bullets,0028000198,1980-11-15,WAS @ ATL,W,0,13,,,0.0,,,8,12,0.667,,,,,,,,,34,,0
191,21980,77449,Moses Malone,HOU,Houston Rockets,0028000196,1980-11-14,HOU @ UTH,L,0,15,,,0.0,,,4,5,0.8,,,,,,,,,34,,0
192,21980,76504,Adrian Dantley,UTH,Utah Jazz,0028000186,1980-11-12,UTH @ SEA,W,0,13,,,0.0,,,8,9,0.889,,,,,,,,,34,,0
193,21980,76681,Julius Erving,PHL,Philadelphia 76ers,0028000179,1980-11-12,PHL vs. NYK,L,0,13,,,0.0,,,8,10,0.8,,,,,,,,,34,,0
194,21980,77615,Mike Mitchell,CLE,Cleveland Cavaliers,0028000163,1980-11-08,CLE @ KCK,L,0,12,,,0.0,,,10,12,0.833,,,,,,,,,34,,0
195,21980,77449,Moses Malone,HOU,Houston Rockets,0028000141,1980-11-05,HOU vs. SDC,L,0,13,,,0.0,,,8,8,1.0,,,,,,,,,34,,0
196,21980,78482,Scott Wedman,KCK,Kansas City Kings,0028000095,1980-10-28,KCK @ ATL,L,0,17,,,0.0,,,0,1,0.0,,,,,,,,,34,,0
197,21980,78149,Jack Sikma,SEA,Seattle SuperSonics,0028000070,1980-10-22,SEA vs. DAL,L,0,14,,,0.0,,,6,7,0.857,,,,,,,,,34,,0
198,21980,78532,Jamaal Wilkes,LAL,Los Angeles Lakers,0028000040,1980-10-17,LAL vs. PHX,W,0,14,,,0.0,,,6,8,0.75,,,,,,,,,34,,0
199,21980,78548,Freeman Williams,SDC,San Diego Clippers,0028000941,1981-03-29,SDC vs. POR,L,0,11,,,2.0,,,9,10,0.9,,,,,,,,,33,,0
200,21980,77142,Magic Johnson,LAL,Los Angeles Lakers,0028000933,1981-03-29,LAL vs. DEN,L,0,14,,,0.0,,,5,8,0.625,,,,,,,,,33,,0
201,21980,77264,Bernard King,GOS,Golden State Warriors,0028000932,1981-03-28,GOS vs. DEN,L,0,13,,,0.0,,,7,10,0.7,,,,,,,,,33,,0
202,21980,77986,Cliff T. Robinson,NJN,New Jersey Nets,0028000916,1981-03-25,NJN vs. BOS,L,0,16,,,0.0,,,1,1,1.0,,,,,,,,6.0,33,,0
203,21980,76673,Alex English,DEN,Denver Nuggets,0028000909,1981-03-24,DEN @ SAN,W,0,15,,,0.0,,,3,7,0.429,,,,,,,,,33,,0
204,21980,77911,Kelvin Ransey,POR,Portland Trail Blazers,0028000902,1981-03-24,POR vs. PHX,W,0,13,,,0.0,,,7,10,0.7,,,,,,,,,33,,0
205,21980,77290,Billy Knight,IND,Indiana Pacers,0028000897,1981-03-22,IND vs. CLE,W,0,13,,,0.0,,,7,7,1.0,,,,,,,,,33,,0
206,21980,78331,Mychal Thompson,POR,Portland Trail Blazers,0028000812,1981-03-08,POR vs. GOS,W,0,14,,,0.0,,,5,7,0.714,,,,,,,,,33,,0
207,21980,77615,Mike Mitchell,CLE,Cleveland Cavaliers,0028000805,1981-03-06,CLE @ SDC,L,0,12,,,0.0,,,9,10,0.9,,,,,,,,,33,,0
208,21980,77264,Bernard King,GOS,Golden State Warriors,0028000768,1981-02-28,GOS @ KCK,W,0,15,,,0.0,,,3,3,1.0,,,,,,,,,33,,0
209,21980,77911,Kelvin Ransey,POR,Portland Trail Blazers,0028000760,1981-02-27,POR vs. PHX,W,0,13,,,0.0,,,7,8,0.875,,,,,,,,,33,,0
210,21980,78139,Purvis Short,GOS,Golden State Warriors,0028000758,1981-02-27,GOS @ DEN,L,0,16,,,0.0,,,1,1,1.0,,,,,,,,,33,,0
211,21980,78548,Freeman Williams,SDC,San Diego Clippers,0028000738,1981-02-22,SDC vs. UTH,W,0,12,,,2.0,,,7,7,1.0,,,,,,,,,33,,0
212,21980,76504,Adrian Dantley,UTH,Utah Jazz,0028000709,1981-02-17,UTH vs. SEA,L,0,12,,,0.0,,,9,11,0.818,,,,,,,,,33,,0
213,21980,76804,George Gervin,SAN,San Antonio Spurs,0028000698,1981-02-15,SAN vs. MIL,W,0,13,,,0.0,,,7,8,0.875,,,,,,,,,33,,0
214,21980,76736,Phil Ford,KCK,Kansas City Kings,0028000682,1981-02-13,KCK vs. ATL,W,0,12,,,0.0,,,9,11,0.818,,,,,,,,,33,,0
215,21980,77273,Reggie King,KCK,Kansas City Kings,0028000658,1981-02-08,KCK @ POR,L,0,13,,,0.0,,,7,8,0.875,,,,,,,,,33,,0
216,21980,76681,Julius Erving,PHL,Philadelphia 76ers,0028000629,1981-02-04,PHL vs. BOS,W,0,14,,,0.0,,,5,6,0.833,,,,,,,,,33,,0
217,21980,76362,Bill Cartwright,NYK,New York Knicks,0028000619,1981-02-03,NYK vs. SDC,W,0,12,,,0.0,,,9,9,1.0,,,,,,,,,33,,0
218,21980,78326,David Thompson,DEN,Denver Nuggets,0028000549,1981-01-18,DEN vs. HOU,L,0,14,,,0.0,,,5,9,0.556,,,,,,,,,33,,0
219,21980,305,Robert Parish,BOS,Boston Celtics,0028000526,1981-01-14,BOS vs. CLE,W,0,11,,,0.0,,,11,14,0.786,,,,,,,,,33,,0
220,21980,76681,Julius Erving,PHL,Philadelphia 76ers,0028000525,1981-01-14,PHL vs. NJN,W,0,11,,,0.0,,,11,13,0.846,,,,,,,,,33,,0
221,21980,76598,John Drew,ATL,Atlanta Hawks,0028000514,1981-01-13,ATL @ DEN,L,0,9,,,0.0,,,15,18,0.833,,,,,,,,6.0,33,,0
222,21980,78532,Jamaal Wilkes,LAL,Los Angeles Lakers,0028000511,1981-01-11,LAL vs. DET,W,0,16,,,0.0,,,1,2,0.5,,,,,,,,,33,,0
223,21980,76804,George Gervin,SAN,San Antonio Spurs,0028000510,1981-01-11,SAN vs. WAS,W,0,14,,,1.0,,,4,4,1.0,,,,,,,,,33,,0
224,21980,78326,David Thompson,DEN,Denver Nuggets,0028000498,1981-01-09,DEN @ SDC,W,0,12,,,0.0,,,9,12,0.75,,,,,,,,,33,,0
225,21980,77449,Moses Malone,HOU,Houston Rockets,0028000487,1981-01-07,HOU vs. KCK,L,0,11,,,0.0,,,11,13,0.846,,,,,,,,,33,,0
226,21980,77097,Dan Issel,DEN,Denver Nuggets,0028000482,1981-01-07,DEN vs. UTH,L,0,11,,,0.0,,,11,13,0.846,,,,,,,,,33,,0
227,21980,78150,James Silas,SAN,San Antonio Spurs,0028000477,1981-01-06,SAN @ NYK,W,0,9,,,0.0,,,15,18,0.833,,,,,,,,,33,,0
228,21980,77993,Truck Robinson,PHX,Phoenix Suns,0028000476,1981-01-06,PHX @ ATL,W,0,13,,,0.0,,,7,10,0.7,,,,,,,,,33,,0
229,21980,1449,Larry Bird,BOS,Boston Celtics,0028000473,1981-01-04,BOS @ POR,W,0,14,,,1.0,,,4,4,1.0,,,,,,,,,33,,0
230,21980,77449,Moses Malone,HOU,Houston Rockets,0028000470,1981-01-03,HOU vs. DEN,L,0,12,,,0.0,,,9,10,0.9,,,,,,,,,33,,0
231,21980,76890,Darrell Griffith,UTH,Utah Jazz,0028000428,1980-12-27,UTH @ SAN,L,0,12,,,0.0,,,9,9,1.0,,,,,,,,,33,,0
232,21980,77449,Moses Malone,HOU,Houston Rockets,0028000422,1980-12-26,HOU @ DET,W,0,14,,,0.0,,,5,6,0.833,,,,,,,,,33,,0
233,21980,78532,Jamaal Wilkes,LAL,Los Angeles Lakers,0028000420,1980-12-26,LAL vs. IND,W,0,14,,,0.0,,,5,6,0.833,,,,,,,,,33,,0
234,21980,76504,Adrian Dantley,UTH,Utah Jazz,0028000399,1980-12-20,UTH vs. SDC,L,0,13,,,0.0,,,7,11,0.636,,,,,,,,,33,,0
235,21980,76804,George Gervin,SAN,San Antonio Spurs,0028000389,1980-12-19,SAN vs. GOS,W,0,12,,,0.0,,,9,9,1.0,,,,,,,,,33,,0
236,21980,76170,Otis Birdsong,KCK,Kansas City Kings,0028000358,1980-12-13,KCK vs. DAL,W,0,13,,,0.0,,,7,9,0.778,,,,,,,,,33,,0
237,21980,305,Robert Parish,BOS,Boston Celtics,0028000300,1980-12-03,BOS vs. ATL,W,0,13,,,0.0,,,7,8,0.875,,,,,,,,,33,,0
238,21980,76003,Kareem Abdul-Jabbar,LAL,Los Angeles Lakers,0028000296,1980-12-03,LAL vs. SDC,L,0,12,,,0.0,,,9,10,0.9,,,,,,,,,33,,0
239,21980,78200,Randy Smith,CLE,Cleveland Cavaliers,0028000264,1980-11-28,CLE vs. WAS,W,0,13,,,0.0,,,7,10,0.7,,,,,,,,,33,,0
240,21980,77449,Moses Malone,HOU,Houston Rockets,0028000230,1980-11-21,HOU @ NJN,W,0,9,,,0.0,,,15,17,0.882,,,,,,,,,33,,0
241,21980,77449,Moses Malone,HOU,Houston Rockets,0028000211,1980-11-18,HOU vs. SEA,W,0,13,,,0.0,,,7,8,0.875,,,,,,,,,33,,0
242,21980,76504,Adrian Dantley,UTH,Utah Jazz,0028000169,1980-11-10,UTH vs. IND,W,0,14,,,0.0,,,5,5,1.0,,,,,,,,,33,,0
243,21980,76681,Julius Erving,PHL,Philadelphia 76ers,0028000168,1980-11-09,PHL @ MIL,W,0,12,,,0.0,,,9,9,1.0,,,,,,,,,33,,0
244,21980,1381,John Long,DET,Detroit Pistons,0028000139,1980-11-04,DET @ MIL,W,0,15,,,0.0,,,3,4,0.75,,,,,,,,,33,,0
245,21980,76504,Adrian Dantley,UTH,Utah Jazz,0028000135,1980-11-04,UTH vs. KCK,W,0,12,,,0.0,,,9,12,0.75,,,,,,,,,33,,0
246,21980,76890,Darrell Griffith,UTH,Utah Jazz,0028000100,1980-10-28,UTH @ DAL,W,0,14,,,2.0,,,3,4,0.75,,,,,,,,,33,,0
247,21980,77142,Magic Johnson,LAL,Los Angeles Lakers,0028000088,1980-10-25,LAL @ UTH,W,0,9,,,0.0,,,15,17,0.882,,,,,,,,,33,,0
248,21980,77239,Greg Kelser,DET,Detroit Pistons,0028000052,1980-10-18,DET vs. ATL,L,0,14,,,0.0,,,5,8,0.625,,,,,,,,,33,,0
249,21980,77449,Moses Malone,HOU,Houston Rockets,0028000042,1980-10-17,HOU @ POR,W,0,11,,,0.0,,,11,18,0.611,,,,,,,,,33,,0
250,21980,78326,David Thompson,DEN,Denver Nuggets,0028000039,1980-10-17,DEN @ SDC,W,0,13,,,0.0,,,7,9,0.778,,,,,,,,,33,,0
251,21980,76170,Otis Birdsong,KCK,Kansas City Kings,0028000026,1980-10-14,KCK @ SAN,L,0,13,,,0.0,,,7,8,0.875,,,,,,,,,33,,0
252,21980,76504,Adrian Dantley,UTH,Utah Jazz,0028000017,1980-10-11,UTH @ KCK,L,0,10,,,0.0,,,13,18,0.722,,,,,,,,,33,,0
253,21980,76804,George Gervin,SAN,San Antonio Spurs,0028000010,1980-10-11,SAN @ DAL,L,0,12,,,0.0,,,9,11,0.818,,,,,,,,,33,,0
254,21980,76971,Steve Hawes,ATL,Atlanta Hawks,0028000934,1981-03-29,ATL vs. MIL,L,0,8,,,0.0,,,16,17,0.941,,,,,,,,6.0,32,,0
255,21980,77449,Moses Malone,HOU,Houston Rockets,0028000912,1981-03-25,HOU vs. SAN,W,0,9,,,0.0,,,14,21,0.667,,,,,,,,,32,,0
256,21980,76504,Adrian Dantley,UTH,Utah Jazz,0028000907,1981-03-24,UTH vs. KCK,L,0,14,,,0.0,,,4,6,0.667,,,,,,,,,32,,0
257,21980,77936,Robert Reid,HOU,Houston Rockets,0028000906,1981-03-24,HOU @ DAL,W,0,15,,,0.0,,,2,2,1.0,,,,,,,,,32,,0
258,21980,77449,Moses Malone,HOU,Houston Rockets,0028000894,1981-03-22,HOU @ KCK,W,0,9,,,0.0,,,14,18,0.778,,,,,,,,,32,,0
259,21980,77264,Bernard King,GOS,Golden State Warriors,0028000873,1981-03-18,GOS vs. HOU,W,0,12,,,0.0,,,8,9,0.889,,,,,,,,,32,,0
260,21980,77144,Eddie Johnson,ATL,Atlanta Hawks,0028000860,1981-03-17,ATL @ CLE,L,0,14,,,0.0,,,4,4,1.0,,,,,,,,,32,,0
261,21980,76350,Kenny Carr,CLE,Cleveland Cavaliers,0028000838,1981-03-13,CLE vs. NJN,L,0,12,,,0.0,,,8,11,0.727,,,,,,,,,32,,0
262,21980,77819,Jim Paxson,POR,Portland Trail Blazers,0028000822,1981-03-10,POR @ DEN,W,0,15,,,0.0,,,2,3,0.667,,,,,,,,,32,,0
263,21980,77290,Billy Knight,IND,Indiana Pacers,0028000800,1981-03-06,IND vs. BOS,W,0,12,,,0.0,,,8,10,0.8,,,,,,,,,32,,0
264,21980,77986,Cliff T. Robinson,NJN,New Jersey Nets,0028000744,1981-02-24,NJN @ DEN,L,0,15,,,0.0,,,2,5,0.4,,,,,,,,,32,,0
265,21980,76003,Kareem Abdul-Jabbar,LAL,Los Angeles Lakers,0028000739,1981-02-22,LAL @ NYK,W,0,12,,,0.0,,,8,9,0.889,,,,,,,,,32,,0
266,21980,76804,George Gervin,SAN,San Antonio Spurs,0028000720,1981-02-19,SAN @ CLE,L,0,11,,,0.0,,,10,11,0.909,,,,,,,,,32,,0
267,21980,76003,Kareem Abdul-Jabbar,LAL,Los Angeles Lakers,0028000670,1981-02-11,LAL vs. BOS,L,0,12,,,0.0,,,8,12,0.667,,,,,,,,,32,,0
268,21980,78326,David Thompson,DEN,Denver Nuggets,0028000659,1981-02-08,DEN @ SEA,L,0,11,,,0.0,,,10,11,0.909,,,,,,,,,32,,0
269,21980,1453,Walter Davis,PHX,Phoenix Suns,0028000654,1981-02-08,PHX vs. WAS,W,0,16,,,0.0,,,0,0,,,,,,,,,,32,,0
270,21980,76804,George Gervin,SAN,San Antonio Spurs,0028000644,1981-02-06,SAN vs. POR,W,0,12,,,0.0,,,8,12,0.667,,,,,,,,,32,,0
271,21980,77144,Eddie Johnson,ATL,Atlanta Hawks,0028000641,1981-02-06,ATL @ DAL,W,0,13,,,0.0,,,6,6,1.0,,,,,,,,,32,,0
272,21980,76673,Alex English,DEN,Denver Nuggets,0028000626,1981-02-04,DEN vs. SAN,L,0,14,,,0.0,,,4,6,0.667,,,,,,,,,32,,0
273,21980,77420,Maurice Lucas,NJN,New Jersey Nets,0028000612,1981-01-29,NJN @ SAN,L,0,15,,,0.0,,,2,3,0.667,,,,,,,,,32,,0
274,21980,76504,Adrian Dantley,UTH,Utah Jazz,0028000594,1981-01-26,UTH vs. DET,W,0,14,,,0.0,,,4,5,0.8,,,,,,,,,32,,0
275,21980,305,Robert Parish,BOS,Boston Celtics,0028000593,1981-01-25,BOS vs. SEA,W,0,13,,,0.0,,,6,8,0.75,,,,,,,,,32,,0
276,21980,77097,Dan Issel,DEN,Denver Nuggets,0028000583,1981-01-24,DEN vs. SAN,W,0,13,,,0.0,,,6,8,0.75,,,,,,,,,32,,0
277,21980,1449,Larry Bird,BOS,Boston Celtics,0028000575,1981-01-23,BOS vs. IND,W,0,14,,,0.0,,,4,4,1.0,,,,,,,,,32,,0
278,21980,76890,Darrell Griffith,UTH,Utah Jazz,0028000578,1981-01-23,UTH vs. GOS,L,0,15,,,0.0,,,2,2,1.0,,,,,,,,,32,,0
279,21980,76736,Phil Ford,KCK,Kansas City Kings,0028000569,1981-01-21,KCK vs. SAN,W,0,13,,,0.0,,,6,7,0.857,,,,,,,,,32,,0
280,21980,76003,Kareem Abdul-Jabbar,LAL,Los Angeles Lakers,0028000546,1981-01-18,LAL @ BOS,L,0,13,,,0.0,,,6,8,0.75,,,,,,,,,32,,0
281,21980,76598,John Drew,ATL,Atlanta Hawks,0028000533,1981-01-16,ATL @ GOS,W,0,10,,,0.0,,,12,16,0.75,,,,,,,,,32,,0
282,21980,78532,Jamaal Wilkes,LAL,Los Angeles Lakers,0028000531,1981-01-16,LAL @ NJN,W,0,12,,,0.0,,,8,10,0.8,,,,,,,,,32,,0
283,21980,77911,Kelvin Ransey,POR,Portland Trail Blazers,0028000527,1981-01-14,POR @ KCK,W,0,15,,,0.0,,,2,2,1.0,,,,,,,,,32,,0
284,21980,77615,Mike Mitchell,CLE,Cleveland Cavaliers,0028000526,1981-01-14,CLE @ BOS,L,0,14,,,0.0,,,4,6,0.667,,,,,,,,,32,,0
285,21980,76362,Bill Cartwright,NYK,New York Knicks,0028000501,1981-01-10,NYK @ CLE,W,0,13,,,0.0,,,6,7,0.857,,,,,,,,,32,,0
286,21980,78310,Reggie Theus,CHI,Chicago Bulls,0028000465,1981-01-03,CHI vs. SAN,L,0,14,,,0.0,,,4,5,0.8,,,,,,,,,32,,0
287,21980,78500,Paul Westphal,SEA,Seattle SuperSonics,0028000457,1981-01-02,SEA vs. PHL,L,0,10,,,2.0,,,10,12,0.833,,,,,,,,,32,,0
288,21980,77264,Bernard King,GOS,Golden State Warriors,0028000447,1980-12-30,GOS @ KCK,W,0,14,,,0.0,,,4,8,0.5,,,,,,,,,32,,0
289,21980,77160,Marques Johnson,MIL,Milwaukee Bucks,0028000441,1980-12-30,MIL @ WAS,W,0,15,,,0.0,,,2,3,0.667,,,,,,,,,32,,0
290,21980,78532,Jamaal Wilkes,LAL,Los Angeles Lakers,0028000438,1980-12-28,LAL vs. PHL,W,0,14,,,0.0,,,4,4,1.0,,,,,,,,,32,,0
291,21980,76753,World Free,GOS,Golden State Warriors,0028000417,1980-12-25,GOS @ POR,L,0,12,,,0.0,,,8,12,0.667,,,,,,,,,32,,0
292,21980,76804,George Gervin,SAN,San Antonio Spurs,0028000418,1980-12-25,SAN @ PHX,L,0,12,,,2.0,,,6,9,0.667,,,,,,,,,32,,0
293,21980,78548,Freeman Williams,SDC,San Diego Clippers,0028000399,1980-12-20,SDC @ UTH,W,0,13,,,2.0,,,4,5,0.8,,,,,,,,,32,,0
294,21980,77936,Robert Reid,HOU,Houston Rockets,0028000394,1980-12-19,HOU @ BOS,L,0,13,,,0.0,,,6,6,1.0,,,,,,,,,32,,0
295,21980,78548,Freeman Williams,SDC,San Diego Clippers,0028000385,1980-12-18,SDC vs. DAL,W,0,13,,,0.0,,,6,6,1.0,,,,,,,,,32,,0
296,21980,76003,Kareem Abdul-Jabbar,LAL,Los Angeles Lakers,0028000369,1980-12-16,LAL @ SDC,L,0,15,,,0.0,,,2,2,1.0,,,,,,,,,32,,0
297,21980,77420,Maurice Lucas,NJN,New Jersey Nets,0028000364,1980-12-14,NJN vs. PHL,L,0,13,,,0.0,,,6,9,0.667,,,,,,,,,32,,0
298,21980,76804,George Gervin,SAN,San Antonio Spurs,0028000360,1980-12-13,SAN vs. DEN,W,0,12,,,0.0,,,8,9,0.889,,,,,,,,,32,,0
299,21980,77615,Mike Mitchell,CLE,Cleveland Cavaliers,0028000355,1980-12-13,CLE vs. UTH,W,0,15,,,0.0,,,2,3,0.667,,,,,,,,,32,,0
300,21980,78532,Jamaal Wilkes,LAL,Los Angeles Lakers,0028000340,1980-12-10,LAL @ HOU,W,0,15,,,0.0,,,2,4,0.5,,,,,,,,,32,,0
301,21980,76504,Adrian Dantley,UTH,Utah Jazz,0028000321,1980-12-07,UTH @ LAL,L,0,12,,,0.0,,,8,9,0.889,,,,,,,,,32,,0
302,21980,76753,World Free,GOS,Golden State Warriors,0028000311,1980-12-05,GOS @ DEN,W,0,12,,,0.0,,,8,9,0.889,,,,,,,,,32,,0
303,21980,78200,Randy Smith,CLE,Cleveland Cavaliers,0028000272,1980-11-29,CLE @ IND,L,0,13,,,0.0,,,6,7,0.857,,,,,,,,,32,,0
304,21980,77710,Mike Newlin,NJN,New Jersey Nets,0028000266,1980-11-28,NJN vs. UTH,W,0,11,,,0.0,,,10,11,0.909,,,,,,,,,32,,0
305,21980,76353,Joe Barry Carroll,GOS,Golden State Warriors,0028000261,1980-11-27,GOS vs. LAL,L,0,16,,,0.0,,,0,0,,,,,,,,,,32,,0
306,21980,77449,Moses Malone,HOU,Houston Rockets,0028000256,1980-11-26,HOU vs. PHL,L,0,12,,,0.0,,,8,13,0.615,,,,,,,,,32,,0
307,21980,78571,Ray Williams,NYK,New York Knicks,0028000250,1980-11-24,NYK vs. HOU,W,0,14,,,0.0,,,4,4,1.0,,,,,,,,,32,,0
308,21980,76362,Bill Cartwright,NYK,New York Knicks,0028000228,1980-11-21,NYK @ CHI,L,0,15,,,0.0,,,2,2,1.0,,,,,,,,,32,,0
309,21980,76753,World Free,GOS,Golden State Warriors,0028000234,1980-11-21,GOS @ BOS,L,0,10,,,1.0,,,11,13,0.846,,,,,,,,,32,,0
310,21980,76753,World Free,GOS,Golden State Warriors,0028000219,1980-11-18,GOS @ WAS,W,0,10,,,0.0,,,12,13,0.923,,,,,,,,,32,,0
311,21980,77246,Larry Kenon,CHI,Chicago Bulls,0028000217,1980-11-18,CHI vs. BOS,L,0,12,,,0.0,,,8,11,0.727,,,,,,,,,32,,0
312,21980,78532,Jamaal Wilkes,LAL,Los Angeles Lakers,0028000213,1980-11-18,LAL vs. KCK,W,0,15,,,0.0,,,2,2,1.0,,,,,,,,,32,,0
313,21980,76673,Alex English,DEN,Denver Nuggets,0028000201,1980-11-15,DEN vs. POR,W,0,12,,,0.0,,,8,9,0.889,,,,,,,,,32,,0
314,21980,77936,Robert Reid,HOU,Houston Rockets,0028000200,1980-11-15,HOU @ SEA,L,0,14,,,0.0,,,4,4,1.0,,,,,,,,,32,,0
315,21980,78351,Andrew Toney,PHL,Philadelphia 76ers,0028000189,1980-11-13,PHL @ IND,W,0,14,,,0.0,,,4,4,1.0,,,,,,,,,32,,0
316,21980,77264,Bernard King,GOS,Golden State Warriors,0028000162,1980-11-08,GOS vs. IND,W,0,13,,,0.0,,,6,8,0.75,,,,,,,,,32,,0
317,21980,77142,Magic Johnson,LAL,Los Angeles Lakers,0028000156,1980-11-07,LAL @ DAL,W,0,12,,,1.0,,,7,7,1.0,,,,,,,,,32,,0
318,21980,1381,John Long,DET,Detroit Pistons,0028000146,1980-11-05,DET @ PHL,L,0,13,,,0.0,,,6,6,1.0,,,,,,,,,32,,0
319,21980,1381,John Long,DET,Detroit Pistons,0028000113,1980-10-31,DET vs. PHX,L,0,12,,,0.0,,,8,8,1.0,,,,,,,,,32,,0
320,21980,76598,John Drew,ATL,Atlanta Hawks,0028000095,1980-10-28,ATL vs. KCK,W,0,10,,,0.0,,,12,16,0.75,,,,,,,,,32,,0
321,21980,77615,Mike Mitchell,CLE,Cleveland Cavaliers,0028000067,1980-10-22,CLE @ WAS,L,0,13,,,0.0,,,6,6,1.0,,,,,,,,,32,,0
322,21980,76266,Michael Brooks,SDC,San Diego Clippers,0028000061,1980-10-21,SDC @ SAN,L,0,12,,,0.0,,,8,11,0.727,,,,,,,,,32,,0
323,21980,76504,Adrian Dantley,UTH,Utah Jazz,0028000031,1980-10-15,UTH vs. PHX,L,0,12,,,0.0,,,8,11,0.727,,,,,,,,,32,,0
324,21980,77144,Eddie Johnson,ATL,Atlanta Hawks,0028000025,1980-10-14,ATL vs. BOS,W,0,13,,,0.0,,,6,10,0.6,,,,,,,,,32,,0
325,21980,78326,David Thompson,DEN,Denver Nuggets,0028000002,1980-10-10,DEN vs. SAN,L,0,13,,,0.0,,,6,8,0.75,,,,,,,,,32,,0
326,21980,77993,Truck Robinson,PHX,Phoenix Suns,0028000924,1981-03-27,PHX vs. SDC,W,0,12,,,0.0,,,7,8,0.875,,,,,,,,,31,,0
327,21980,229,James Edwards,IND,Indiana Pacers,0028000919,1981-03-26,IND @ ATL,W,0,13,,,0.0,,,5,7,0.714,,,,,,,,,31,,0
328,21980,305,Robert Parish,BOS,Boston Celtics,0028000916,1981-03-25,BOS @ NJN,W,0,12,,,0.0,,,7,9,0.778,,,,,,,,,31,,0
329,21980,76753,World Free,GOS,Golden State Warriors,0028000915,1981-03-25,GOS vs. SDC,W,0,9,,,0.0,,,13,15,0.867,,,,,,,,,31,,0
330,21980,76003,Kareem Abdul-Jabbar,LAL,Los Angeles Lakers,0028000896,1981-03-22,LAL @ GOS,W,0,12,,,0.0,,,7,12,0.583,,,,,,,,,31,,0
331,21980,76003,Kareem Abdul-Jabbar,LAL,Los Angeles Lakers,0028000889,1981-03-21,LAL @ POR,W,0,13,,,0.0,,,5,7,0.714,,,,,,,,,31,,0
332,21980,76681,Julius Erving,PHL,Philadelphia 76ers,0028000878,1981-03-20,PHL @ CHI,L,0,13,,,1.0,,,4,4,1.0,,,,,,,,,31,,0
333,21980,77615,Mike Mitchell,CLE,Cleveland Cavaliers,0028000860,1981-03-17,CLE vs. ATL,W,0,14,,,0.0,,,3,6,0.5,,,,,,,,,31,,0
334,21980,78296,Brian Taylor,SDC,San Diego Clippers,0028000856,1981-03-15,SDC @ LAL,W,0,12,,,4.0,,,3,3,1.0,,,,,,,,,31,,0
335,21980,77126,Abdul Jeelani,DAL,Dallas Mavericks,0028000855,1981-03-15,DAL @ POR,L,0,12,,,0.0,,,7,8,0.875,,,,,,,,,31,,0
336,21980,77449,Moses Malone,HOU,Houston Rockets,0028000852,1981-03-15,HOU @ DEN,L,0,13,,,0.0,,,5,8,0.625,,,,,,,,,31,,0
337,21980,76681,Julius Erving,PHL,Philadelphia 76ers,0028000851,1981-03-15,PHL @ NYK,L,0,14,,,0.0,,,3,4,0.75,,,,,,,,,31,,0
338,21980,77615,Mike Mitchell,CLE,Cleveland Cavaliers,0028000845,1981-03-14,CLE @ ATL,W,0,13,,,0.0,,,5,8,0.625,,,,,,,,,31,,0
339,21980,77264,Bernard King,GOS,Golden State Warriors,0028000790,1981-03-04,GOS vs. UTH,W,0,13,,,0.0,,,5,8,0.625,,,,,,,,,31,,0
340,21980,76673,Alex English,DEN,Denver Nuggets,0028000786,1981-03-04,DEN vs. LAL,W,0,12,,,0.0,,,7,7,1.0,,,,,,,,,31,,0
341,21980,76516,Brad Davis,DAL,Dallas Mavericks,0028000783,1981-03-03,DAL vs. BOS,L,0,11,,,1.0,,,8,8,1.0,,,,,,,,,31,,0
342,21980,78390,Terry Tyler,DET,Detroit Pistons,0028000761,1981-02-27,DET vs. CLE,W,0,13,,,0.0,,,5,9,0.556,,,,,,,,,31,,0
343,21980,76979,Elvin Hayes,WAS,Washington Bullets,0028000754,1981-02-25,WAS vs. NYK,W,0,15,,,0.0,,,1,1,1.0,,,,,,,,,31,,0
344,21980,77710,Mike Newlin,NJN,New Jersey Nets,0028000752,1981-02-25,NJN @ UTH,L,0,9,,,0.0,,,13,14,0.929,,,,,,,,,31,,0
345,21980,78326,David Thompson,DEN,Denver Nuggets,0028000737,1981-02-22,DEN @ SAN,L,0,12,,,0.0,,,7,8,0.875,,,,,,,,,31,,0
346,21980,76296,Quinn Buckner,MIL,Milwaukee Bucks,0028000728,1981-02-20,MIL @ KCK,L,0,13,,,0.0,,,5,6,0.833,,,,,,,,,31,,0
347,21980,76170,Otis Birdsong,KCK,Kansas City Kings,0028000728,1981-02-20,KCK vs. MIL,W,0,11,,,0.0,,,9,10,0.9,,,,,,,,,31,,0
348,21980,76887,Kevin Grevey,WAS,Washington Bullets,0028000719,1981-02-19,WAS vs. PHL,W,0,11,,,0.0,,,9,10,0.9,,,,,,,,,31,,0
349,21980,77420,Maurice Lucas,NJN,New Jersey Nets,0028000683,1981-02-13,NJN vs. IND,W,0,12,,,0.0,,,7,10,0.7,,,,,,,,,31,,0
350,21980,76353,Joe Barry Carroll,GOS,Golden State Warriors,0028000664,1981-02-10,GOS @ ATL,L,0,12,,,0.0,,,7,10,0.7,,,,,,,,,31,,0
351,21980,76890,Darrell Griffith,UTH,Utah Jazz,0028000661,1981-02-08,UTH @ GOS,L,0,14,,,1.0,,,2,2,1.0,,,,,,,,,31,,0
352,21980,76504,Adrian Dantley,UTH,Utah Jazz,0028000653,1981-02-07,UTH @ SEA,L,0,9,,,0.0,,,13,14,0.929,,,,,,,,,31,,0
353,21980,76353,Joe Barry Carroll,GOS,Golden State Warriors,0028000649,1981-02-07,GOS @ DEN,L,0,10,,,0.0,,,11,15,0.733,,,,,,,,,31,,0
354,21980,78548,Freeman Williams,SDC,San Diego Clippers,0028000646,1981-02-06,SDC @ PHL,L,0,13,,,0.0,,,5,5,1.0,,,,,,,,,31,,0
355,21980,76681,Julius Erving,PHL,Philadelphia 76ers,0028000646,1981-02-06,PHL vs. SDC,W,0,10,,,0.0,,,11,12,0.917,,,,,,,,,31,,0
356,21980,1449,Larry Bird,BOS,Boston Celtics,0028000640,1981-02-06,BOS vs. IND,W,0,12,,,2.0,,,5,6,0.833,,,,,,,,,31,,0
357,21980,1453,Walter Davis,PHX,Phoenix Suns,0028000618,1981-01-29,PHX @ CLE,L,0,14,,,0.0,,,3,4,0.75,,,,,,,,,31,,0
358,21980,1381,John Long,DET,Detroit Pistons,0028000615,1981-01-29,DET vs. GOS,L,0,13,,,0.0,,,5,6,0.833,,,,,,,,,31,,0
359,21980,77615,Mike Mitchell,CLE,Cleveland Cavaliers,0028000580,1981-01-23,CLE @ ATL,W,0,13,,,0.0,,,5,8,0.625,,,,,,,,,31,,0
360,21980,76681,Julius Erving,PHL,Philadelphia 76ers,0028000568,1981-01-21,PHL vs. IND,W,0,14,,,0.0,,,3,3,1.0,,,,,,,,,31,,0
361,21980,78310,Reggie Theus,CHI,Chicago Bulls,0028000561,1981-01-20,CHI vs. IND,W,0,12,,,0.0,,,7,8,0.875,,,,,,,,,31,,0
362,21980,77876,Kevin Porter,WAS,Washington Bullets,0028000553,1981-01-18,WAS vs. NJN,W,0,13,,,0.0,,,5,6,0.833,,,,,,,,,31,,0
363,21980,77710,Mike Newlin,NJN,New Jersey Nets,0028000543,1981-01-17,NJN @ DET,W,0,12,,,1.0,,,6,8,0.75,,,,,,,,,31,,0
364,21980,76003,Kareem Abdul-Jabbar,LAL,Los Angeles Lakers,0028000531,1981-01-16,LAL @ NJN,W,0,13,,,0.0,,,5,7,0.714,,,,,,,,,31,,0
365,21980,76736,Phil Ford,KCK,Kansas City Kings,0028000487,1981-01-07,KCK @ HOU,W,0,14,,,1.0,,,2,2,1.0,,,,,,,,,31,,0
366,21980,76252,Junior Bridgeman,MIL,Milwaukee Bucks,0028000478,1981-01-06,MIL vs. NJN,W,0,14,,,0.0,,,3,3,1.0,,,,,,,,,31,,0
367,21980,77246,Larry Kenon,CHI,Chicago Bulls,0028000475,1981-01-06,CHI vs. SDC,W,0,15,,,0.0,,,1,2,0.5,,,,,,,,,31,,0
368,21980,78326,David Thompson,DEN,Denver Nuggets,0028000470,1981-01-03,DEN @ HOU,W,0,11,,,0.0,,,9,10,0.9,,,,,,,,,31,,0
369,21980,77615,Mike Mitchell,CLE,Cleveland Cavaliers,0028000466,1981-01-03,CLE vs. WAS,W,0,13,,,0.0,,,5,6,0.833,,,,,,,,,31,,0
370,21980,77144,Eddie Johnson,ATL,Atlanta Hawks,0028000459,1981-01-02,ATL vs. IND,L,0,14,,,0.0,,,3,5,0.6,,,,,,,,,31,,0
371,21980,78326,David Thompson,DEN,Denver Nuggets,0028000458,1981-01-02,DEN vs. PHX,L,0,10,,,0.0,,,11,11,1.0,,,,,,,,,31,,0
372,21980,600014,Artis Gilmore,CHI,Chicago Bulls,0028000429,1980-12-27,CHI vs. DET,W,0,11,,,0.0,,,9,11,0.818,,,,,,,,,31,,0
373,21980,78139,Purvis Short,GOS,Golden State Warriors,0028000425,1980-12-26,GOS @ UTH,W,0,15,,,0.0,,,1,2,0.5,,,,,,,,,31,,0
374,21980,76170,Otis Birdsong,KCK,Kansas City Kings,0028000414,1980-12-23,KCK @ CLE,W,0,15,,,0.0,,,1,5,0.2,,,,,,,,,31,,0
375,21980,76753,World Free,GOS,Golden State Warriors,0028000396,1980-12-20,GOS @ DAL,W,0,13,,,0.0,,,5,7,0.714,,,,,,,,,31,,0
376,21980,76350,Kenny Carr,CLE,Cleveland Cavaliers,0028000383,1980-12-18,CLE vs. DEN,W,0,14,,,0.0,,,3,6,0.5,,,,,,,,6.0,31,,0
377,21980,77420,Maurice Lucas,NJN,New Jersey Nets,0028000376,1980-12-17,NJN vs. MIL,W,0,12,,,0.0,,,7,9,0.778,,,,,,,,,31,,0
378,21980,78149,Jack Sikma,SEA,Seattle SuperSonics,0028000362,1980-12-14,SEA @ SDC,L,0,12,,,0.0,,,7,8,0.875,,,,,,,,,31,,0
379,21980,77160,Marques Johnson,MIL,Milwaukee Bucks,0028000361,1980-12-13,MIL @ ATL,L,0,12,,,0.0,,,7,8,0.875,,,,,,,,,31,,0
380,21980,76504,Adrian Dantley,UTH,Utah Jazz,0028000355,1980-12-13,UTH @ CLE,L,0,12,,,0.0,,,7,10,0.7,,,,,,,,,31,,0
381,21980,78548,Freeman Williams,SDC,San Diego Clippers,0028000353,1980-12-12,SDC @ DAL,L,0,14,,,1.0,,,2,5,0.4,,,,,,,,,31,,0
382,21980,76804,George Gervin,SAN,San Antonio Spurs,0028000334,1980-12-09,SAN @ UTH,W,0,11,,,0.0,,,9,10,0.9,,,,,,,,,31,,0
383,21980,78326,David Thompson,DEN,Denver Nuggets,0028000311,1980-12-05,DEN vs. GOS,L,0,13,,,0.0,,,5,7,0.714,,,,,,,,,31,,0
384,21980,76362,Bill Cartwright,NYK,New York Knicks,0028000291,1980-12-02,NYK vs. IND,L,0,12,,,0.0,,,7,9,0.778,,,,,,,,,31,,0
385,21980,76681,Julius Erving,PHL,Philadelphia 76ers,0028000248,1980-11-25,PHL @ DAL,W,0,11,,,0.0,,,9,10,0.9,,,,,,,,,31,,0
386,21980,77449,Moses Malone,HOU,Houston Rockets,0028000227,1980-11-20,HOU @ CLE,W,0,11,,,0.0,,,9,12,0.75,,,,,,,,,31,,0
387,21980,77167,Vinnie Johnson,SEA,Seattle SuperSonics,0028000200,1980-11-15,SEA vs. HOU,W,0,10,,,0.0,,,11,12,0.917,,,,,,,,,31,,0
388,21980,1453,Walter Davis,PHX,Phoenix Suns,0028000182,1980-11-12,PHX vs. SAN,W,0,12,,,1.0,,,6,8,0.75,,,,,,,,,31,,0
389,21980,76753,World Free,GOS,Golden State Warriors,0028000185,1980-11-12,GOS vs. KCK,W,0,13,,,0.0,,,5,6,0.833,,,,,,,,,31,,0
390,21980,76804,George Gervin,SAN,San Antonio Spurs,0028000182,1980-11-12,SAN @ PHX,L,0,11,,,0.0,,,9,11,0.818,,,,,,,,,31,,0
391,21980,76170,Otis Birdsong,KCK,Kansas City Kings,0028000163,1980-11-08,KCK vs. CLE,W,0,11,,,0.0,,,9,15,0.6,,,,,,,,,31,,0
392,21980,76673,Alex English,DEN,Denver Nuggets,0028000161,1980-11-08,DEN @ CHI,W,0,12,,,0.0,,,7,9,0.778,,,,,,,,,31,,0
393,21980,76826,Mike Gminski,NJN,New Jersey Nets,0028000160,1980-11-08,NJN vs. ATL,W,0,11,,,0.0,,,9,11,0.818,,,,,,,,,31,,0
394,21980,78200,Randy Smith,CLE,Cleveland Cavaliers,0028000149,1980-11-06,CLE @ UTH,L,0,14,,,0.0,,,3,4,0.75,,,,,,,,,31,,0
395,21980,78296,Brian Taylor,SDC,San Diego Clippers,0028000137,1980-11-04,SDC @ DAL,W,0,11,,,3.0,,,6,8,0.75,,,,,,,,,31,,0
396,21980,78326,David Thompson,DEN,Denver Nuggets,0028000131,1980-11-02,DEN @ LAL,W,0,11,,,0.0,,,9,11,0.818,,,,,,,,,31,,0
397,21980,76681,Julius Erving,PHL,Philadelphia 76ers,0028000116,1980-10-31,PHL vs. ATL,W,0,13,,,0.0,,,5,9,0.556,,,,,,,,,31,,0
398,21980,78200,Randy Smith,CLE,Cleveland Cavaliers,0028000075,1980-10-24,CLE @ NJN,W,0,10,,,0.0,,,11,11,1.0,,,,,,,,,31,,0
399,21980,76804,George Gervin,SAN,San Antonio Spurs,0028000061,1980-10-21,SAN vs. SDC,W,0,13,,,0.0,,,5,7,0.714,,,,,,,,,31,,0
400,21980,78139,Purvis Short,GOS,Golden State Warriors,0028000053,1980-10-18,GOS vs. HOU,W,0,14,,,0.0,,,3,3,1.0,,,,,,,,,31,,0
401,21980,76362,Bill Cartwright,NYK,New York Knicks,0028000044,1980-10-17,NYK @ ATL,L,0,11,,,0.0,,,9,13,0.692,,,,,,,,,31,,0
402,21980,77993,Truck Robinson,PHX,Phoenix Suns,0028000040,1980-10-17,PHX @ LAL,L,0,11,,,0.0,,,9,11,0.818,,,,,,,,,31,,0
403,21980,78532,Jamaal Wilkes,LAL,Los Angeles Lakers,0028000032,1980-10-15,LAL @ KCK,W,0,13,,,0.0,,,5,8,0.625,,,,,,,,,31,,0
404,21980,76011,Alvan Adams,PHX,Phoenix Suns,0028000031,1980-10-15,PHX @ UTH,W,0,13,,,0.0,,,5,6,0.833,,,,,,,,,31,,0
405,21980,76804,George Gervin,SAN,San Antonio Spurs,0028000935,1981-03-29,SAN vs. HOU,W,0,13,,,0.0,,,4,6,0.667,,,,,,,,,30,,0
406,21980,76504,Adrian Dantley,UTH,Utah Jazz,0028000930,1981-03-28,UTH vs. LAL,W,0,10,,,0.0,,,10,11,0.909,,,,,,,,,30,,0
407,21980,77615,Mike Mitchell,CLE,Cleveland Cavaliers,0028000925,1981-03-27,CLE vs. PHL,L,0,14,,,0.0,,,2,2,1.0,,,,,,,,,30,,0
408,21980,76804,George Gervin,SAN,San Antonio Spurs,0028000912,1981-03-25,SAN @ HOU,L,0,12,,,0.0,,,6,7,0.857,,,,,,,,,30,,0
409,21980,76804,George Gervin,SAN,San Antonio Spurs,0028000909,1981-03-24,SAN vs. DEN,L,0,10,,,0.0,,,10,12,0.833,,,,,,,,,30,,0
410,21980,76170,Otis Birdsong,KCK,Kansas City Kings,0028000907,1981-03-24,KCK @ UTH,W,0,12,,,0.0,,,6,7,0.857,,,,,,,,,30,,0
411,21980,77449,Moses Malone,HOU,Houston Rockets,0028000906,1981-03-24,HOU @ DAL,W,0,11,,,0.0,,,8,9,0.889,,,,,,,,,30,,0
412,21980,76350,Kenny Carr,CLE,Cleveland Cavaliers,0028000886,1981-03-21,CLE @ NYK,L,0,12,,,0.0,,,6,9,0.667,,,,,,,,,30,,0
413,21980,600014,Artis Gilmore,CHI,Chicago Bulls,0028000863,1981-03-17,CHI vs. MIL,W,0,10,,,0.0,,,10,13,0.769,,,,,,,,,30,,0
414,21980,76899,Ernie Grunfeld,KCK,Kansas City Kings,0028000823,1981-03-10,KCK @ SDC,W,0,12,,,0.0,,,6,8,0.75,,,,,,,,,30,,0
415,21980,77144,Eddie Johnson,ATL,Atlanta Hawks,0028000821,1981-03-10,ATL vs. CHI,L,0,11,,,0.0,,,8,11,0.727,,,,,,,,,30,,0
416,21980,77615,Mike Mitchell,CLE,Cleveland Cavaliers,0028000819,1981-03-09,CLE @ MIL,L,0,11,,,0.0,,,8,8,1.0,,,,,,,,,30,,0
417,21980,76483,Pat Cummings,MIL,Milwaukee Bucks,0028000819,1981-03-09,MIL vs. CLE,W,0,13,,,0.0,,,4,8,0.5,,,,,,,,,30,,0
418,21980,76170,Otis Birdsong,KCK,Kansas City Kings,0028000815,1981-03-08,KCK vs. PHX,W,0,14,,,1.0,,,1,1,1.0,,,,,,,,,30,,0
419,21980,77097,Dan Issel,DEN,Denver Nuggets,0028000810,1981-03-07,DEN @ DET,W,0,11,,,0.0,,,8,10,0.8,,,,,,,,,30,,0
420,21980,77449,Moses Malone,HOU,Houston Rockets,0028000809,1981-03-07,HOU @ ATL,L,0,12,,,0.0,,,6,6,1.0,,,,,,,,,30,,0
421,21980,76353,Joe Barry Carroll,GOS,Golden State Warriors,0028000807,1981-03-07,GOS vs. SEA,W,0,14,,,0.0,,,2,2,1.0,,,,,,,,,30,,0
422,21980,76504,Adrian Dantley,UTH,Utah Jazz,0028000794,1981-03-05,UTH vs. PHX,L,0,12,,,0.0,,,6,7,0.857,,,12.0,,,,,,30,,0
423,21980,77848,Roger Phegley,CLE,Cleveland Cavaliers,0028000791,1981-03-04,CLE @ PHX,L,0,9,,,2.0,,,10,11,0.909,,,,,,,,,30,,0
424,21980,77615,Mike Mitchell,CLE,Cleveland Cavaliers,0028000791,1981-03-04,CLE @ PHX,L,0,13,,,0.0,,,4,4,1.0,,,,,,,,,30,,0
425,21980,76598,John Drew,ATL,Atlanta Hawks,0028000782,1981-03-03,ATL @ NYK,W,0,9,,,0.0,,,12,19,0.632,,,11.0,,,,,,30,,0
426,21980,77986,Cliff T. Robinson,NJN,New Jersey Nets,0028000785,1981-03-03,NJN @ CHI,L,0,11,,,0.0,,,8,9,0.889,,,,,,,,,30,,0
427,21980,76011,Alvan Adams,PHX,Phoenix Suns,0028000778,1981-03-01,PHX @ LAL,W,0,14,,,0.0,,,2,4,0.5,,,10.0,,,,,,30,,0
428,21980,76673,Alex English,DEN,Denver Nuggets,0028000773,1981-03-01,DEN vs. CLE,W,0,14,,,0.0,,,2,2,1.0,,,,,,,,,30,,0
429,21980,77449,Moses Malone,HOU,Houston Rockets,0028000763,1981-02-27,HOU vs. SEA,W,0,9,,,0.0,,,12,18,0.667,,,,,,,,,30,,0
430,21980,78482,Scott Wedman,KCK,Kansas City Kings,0028000756,1981-02-26,KCK vs. DAL,W,0,12,,,1.0,,,5,5,1.0,,,,,,,,,30,,0
431,21980,1449,Larry Bird,BOS,Boston Celtics,0028000751,1981-02-25,BOS vs. CLE,W,0,9,,,0.0,,,12,13,0.923,,,,,,,,,30,,0
432,21980,76353,Joe Barry Carroll,GOS,Golden State Warriors,0028000747,1981-02-24,GOS @ SAN,L,0,11,,,0.0,,,8,11,0.727,,,,,,,,,30,,0
433,21980,76673,Alex English,DEN,Denver Nuggets,0028000737,1981-02-22,DEN @ SAN,L,0,11,,,0.0,,,8,9,0.889,,,,,,,,6.0,30,,0
434,21980,77264,Bernard King,GOS,Golden State Warriors,0028000736,1981-02-22,GOS vs. KCK,W,0,12,,,0.0,,,6,6,1.0,,,,,,,,,30,,0
435,21980,76170,Otis Birdsong,KCK,Kansas City Kings,0028000736,1981-02-22,KCK @ GOS,L,0,11,,,1.0,,,7,7,1.0,,,,,,,,,30,,0
436,21980,77710,Mike Newlin,NJN,New Jersey Nets,0028000727,1981-02-20,NJN vs. POR,W,0,13,,,0.0,,,4,4,1.0,,,,,,,,,30,,0
437,21980,76435,Darwin Cook,NJN,New Jersey Nets,0028000727,1981-02-20,NJN vs. POR,W,0,12,,,0.0,,,6,6,1.0,,,,,,,,6.0,30,,0
438,21980,76804,George Gervin,SAN,San Antonio Spurs,0028000725,1981-02-20,SAN @ IND,L,0,11,,,0.0,,,8,10,0.8,,,,,,,,,30,,0
439,21980,76504,Adrian Dantley,UTH,Utah Jazz,0028000724,1981-02-20,UTH vs. CHI,L,0,11,,,0.0,,,8,9,0.889,,,,,,,,,30,,0
440,21980,77097,Dan Issel,DEN,Denver Nuggets,0028000875,1981-02-19,DEN vs. PHX,W,0,8,,,0.0,,,14,20,0.7,,,,,,,,,30,,0
441,21980,77615,Mike Mitchell,CLE,Cleveland Cavaliers,0028000720,1981-02-19,CLE vs. SAN,W,0,13,,,0.0,,,4,5,0.8,,,,,,,,,30,,0
442,21980,77449,Moses Malone,HOU,Houston Rockets,0028000717,1981-02-19,HOU @ SDC,L,0,10,,,0.0,,,10,10,1.0,,,,,,,,,30,,0
443,21980,78390,Terry Tyler,DET,Detroit Pistons,0028000703,1981-02-17,DET @ CLE,L,0,13,,,0.0,,,4,7,0.571,,,,,,,,,30,,0
444,21980,1381,John Long,DET,Detroit Pistons,0028000703,1981-02-17,DET @ CLE,L,0,12,,,0.0,,,6,6,1.0,,,,,,,,,30,,0
445,21980,78326,David Thompson,DEN,Denver Nuggets,0028000688,1981-02-13,DEN vs. POR,W,0,14,,,0.0,,,2,2,1.0,,,,,,,,,30,,0
446,21980,76003,Kareem Abdul-Jabbar,LAL,Los Angeles Lakers,0028000685,1981-02-13,LAL @ HOU,W,0,11,,,0.0,,,8,8,1.0,,,,,,,,,30,,0
447,21980,77246,Larry Kenon,CHI,Chicago Bulls,0028000674,1981-02-11,CHI @ NJN,L,0,13,,,0.0,,,4,5,0.8,,,,,,,,,30,,0
448,21980,76504,Adrian Dantley,UTH,Utah Jazz,0028000672,1981-02-11,UTH @ KCK,L,0,9,,,0.0,,,12,13,0.923,,,,,,,,,30,,0
449,21980,76252,Junior Bridgeman,MIL,Milwaukee Bucks,0028000671,1981-02-11,MIL @ IND,W,0,11,,,0.0,,,8,10,0.8,,,,,,,,,30,,0
450,21980,77615,Mike Mitchell,CLE,Cleveland Cavaliers,0028000637,1981-02-06,CLE vs. MIL,L,0,13,,,0.0,,,4,4,1.0,,,,,,,,,30,,0
451,21980,76736,Phil Ford,KCK,Kansas City Kings,0028000621,1981-02-03,KCK @ DAL,W,0,14,,,0.0,,,2,2,1.0,,,,,,,,,30,,0
452,21980,77819,Jim Paxson,POR,Portland Trail Blazers,0028000617,1981-01-29,POR @ SDC,W,0,14,,,0.0,,,2,3,0.667,,,,,,,,,30,,0
453,21980,77264,Bernard King,GOS,Golden State Warriors,0028000615,1981-01-29,GOS @ DET,W,0,11,,,0.0,,,8,12,0.667,,,,,,,,,30,,0
454,21980,76753,World Free,GOS,Golden State Warriors,0028000615,1981-01-29,GOS @ DET,W,0,8,,,0.0,,,14,18,0.778,,,,,,,,,30,,0
455,21980,78532,Jamaal Wilkes,LAL,Los Angeles Lakers,0028000613,1981-01-29,LAL vs. KCK,W,0,14,,,0.0,,,2,2,1.0,,,,,,,,,30,,0
456,21980,77264,Bernard King,GOS,Golden State Warriors,0028000604,1981-01-27,GOS @ CHI,L,0,13,,,0.0,,,4,7,0.571,,,,,,,,,30,,0
457,21980,77324,Mitch Kupchak,WAS,Washington Bullets,0028000591,1981-01-25,WAS @ NJN,W,0,10,,,0.0,,,10,11,0.909,,,,,,,,,30,,0
458,21980,76290,Joe Bryant,SDC,San Diego Clippers,0028000588,1981-01-24,SDC vs. MIL,L,0,11,,,0.0,,,8,10,0.8,,,,,,,,,30,,0
459,21980,78532,Jamaal Wilkes,LAL,Los Angeles Lakers,0028000579,1981-01-23,LAL vs. DEN,W,0,13,,,0.0,,,4,5,0.8,,,,,,,,,30,,0
460,21980,78326,David Thompson,DEN,Denver Nuggets,0028000567,1981-01-21,DEN vs. SDC,L,0,9,,,0.0,,,12,17,0.706,,,,,,,,,30,,0
461,21980,76887,Kevin Grevey,WAS,Washington Bullets,0028000556,1981-01-20,WAS vs. UTH,W,0,14,,,0.0,,,2,2,1.0,,,,,,,,,30,,0
462,21980,78571,Ray Williams,NYK,New York Knicks,0028000555,1981-01-20,NYK vs. SEA,W,0,13,,,0.0,,,4,4,1.0,,,,,,,,,30,,0
463,21980,76504,Adrian Dantley,UTH,Utah Jazz,0028000547,1981-01-18,UTH @ IND,L,0,12,,,0.0,,,6,7,0.857,,,,,,,,,30,,0
464,21980,78404,Kiki Vandeweghe,DEN,Denver Nuggets,0028000544,1981-01-17,DEN @ KCK,W,0,9,,,0.0,,,12,13,0.923,,,,,,,,,30,,0
465,21980,76681,Julius Erving,PHL,Philadelphia 76ers,0028000538,1981-01-16,PHL vs. CLE,W,0,10,,,0.0,,,10,13,0.769,,,,,,,,,30,,0
466,21980,76353,Joe Barry Carroll,GOS,Golden State Warriors,0028000512,1981-01-11,GOS @ SEA,W,0,10,,,0.0,,,10,11,0.909,,,,,,,,,30,,0
467,21980,77819,Jim Paxson,POR,Portland Trail Blazers,0028000503,1981-01-10,POR @ HOU,L,0,12,,,1.0,,,5,6,0.833,,,,,,,,,30,,0
468,21980,77986,Cliff T. Robinson,NJN,New Jersey Nets,0028000505,1981-01-10,NJN vs. BOS,L,0,14,,,0.0,,,2,2,1.0,,,,,,,,,30,,0
469,21980,77721,Norm Nixon,LAL,Los Angeles Lakers,0028000480,1981-01-06,LAL vs. WAS,W,0,12,,,0.0,,,6,7,0.857,,,,,,,,,30,,0
470,21980,76804,George Gervin,SAN,San Antonio Spurs,0028000465,1981-01-03,SAN @ CHI,W,0,12,,,0.0,,,6,7,0.857,,,,,,,,,30,,0
471,21980,77264,Bernard King,GOS,Golden State Warriors,0028000463,1981-01-02,GOS vs. BOS,W,0,14,,,0.0,,,2,3,0.667,,,,,,,,6.0,30,,0
472,21980,78200,Randy Smith,CLE,Cleveland Cavaliers,0028000460,1981-01-02,CLE @ NJN,W,0,12,,,0.0,,,6,8,0.75,,,,,,,,,30,,0
473,21980,77097,Dan Issel,DEN,Denver Nuggets,0028000458,1981-01-02,DEN vs. PHX,L,0,13,,,0.0,,,4,8,0.5,,,,,,,,,30,,0
474,21980,76003,Kareem Abdul-Jabbar,LAL,Los Angeles Lakers,0028000446,1980-12-30,LAL @ UTH,L,0,13,,,0.0,,,4,4,1.0,,,,,,,,,30,,0
475,21980,77420,Maurice Lucas,NJN,New Jersey Nets,0028000444,1980-12-30,NJN @ CHI,L,0,11,,,0.0,,,8,10,0.8,,,,,,,,,30,,0
476,21980,78548,Freeman Williams,SDC,San Diego Clippers,0028000443,1980-12-30,SDC @ HOU,L,0,13,,,0.0,,,4,4,1.0,,,,,,,,,30,,0
477,21980,77449,Moses Malone,HOU,Houston Rockets,0028000443,1980-12-30,HOU vs. SDC,W,0,12,,,0.0,,,6,11,0.545,,,,,,,,,30,,0
478,21980,77141,Dennis Johnson,PHX,Phoenix Suns,0028000442,1980-12-30,PHX vs. BOS,L,0,9,,,1.0,,,11,13,0.846,,,,,,,,,30,,0
479,21980,77097,Dan Issel,DEN,Denver Nuggets,0028000434,1980-12-27,DEN vs. PHL,W,0,9,,,0.0,,,12,16,0.75,,,,,,,,,30,,0
480,21980,76681,Julius Erving,PHL,Philadelphia 76ers,0028000424,1980-12-26,PHL @ KCK,W,0,14,,,0.0,,,2,2,1.0,,,,,,,,,30,,0
481,21980,78571,Ray Williams,NYK,New York Knicks,0028000419,1980-12-25,NYK vs. BOS,L,0,11,,,0.0,,,8,8,1.0,,,,,,,,,30,,0
482,21980,76504,Adrian Dantley,UTH,Utah Jazz,0028000407,1980-12-23,UTH @ DAL,W,0,14,,,0.0,,,2,4,0.5,,,,,,,,,30,,0
483,21980,76681,Julius Erving,PHL,Philadelphia 76ers,0028000371,1980-12-16,PHL @ IND,W,0,11,,,0.0,,,8,10,0.8,,,,,,,,,30,,0
484,21980,76736,Phil Ford,KCK,Kansas City Kings,0028000368,1980-12-16,KCK @ DEN,W,0,13,,,0.0,,,4,5,0.8,,,,,,,,,30,,0
485,21980,76003,Kareem Abdul-Jabbar,LAL,Los Angeles Lakers,0028000352,1980-12-12,LAL @ SEA,W,0,10,,,0.0,,,10,14,0.714,,,,,,,,,30,,0
486,21980,77819,Jim Paxson,POR,Portland Trail Blazers,0028000328,1980-12-09,POR vs. SEA,W,0,13,,,0.0,,,4,5,0.8,,,,,,,,,30,,0
487,21980,77689,Swen Nater,SDC,San Diego Clippers,0028000324,1980-12-07,SDC vs. NJN,W,0,15,,,0.0,,,0,0,,,,,,,,,,30,,0
488,21980,78548,Freeman Williams,SDC,San Diego Clippers,0028000303,1980-12-04,SDC vs. POR,L,0,13,,,2.0,,,2,2,1.0,,,,,,,,,30,,0
489,21980,77290,Billy Knight,IND,Indiana Pacers,0028000291,1980-12-02,IND @ NYK,W,0,11,,,0.0,,,8,8,1.0,,,,,,,,,30,,0
490,21980,76504,Adrian Dantley,UTH,Utah Jazz,0028000289,1980-12-02,UTH @ MIL,L,0,11,,,0.0,,,8,9,0.889,,,,,,,,,30,,0
491,21980,78326,David Thompson,DEN,Denver Nuggets,0028000286,1980-12-02,DEN vs. CHI,L,0,12,,,0.0,,,6,6,1.0,,,,,,,,,30,,0
492,21980,77449,Moses Malone,HOU,Houston Rockets,0028000285,1980-11-30,HOU @ PHX,L,0,11,,,0.0,,,8,8,1.0,,,,,,,,,30,,0
493,21980,78532,Jamaal Wilkes,LAL,Los Angeles Lakers,0028000277,1980-11-29,LAL @ DEN,W,0,14,,,0.0,,,2,2,1.0,,,,,,,,,30,,0
494,21980,78548,Freeman Williams,SDC,San Diego Clippers,0028000258,1980-11-26,SDC @ DEN,L,0,12,,,1.0,,,5,5,1.0,,,,,,,,,30,,0
495,21980,78149,Jack Sikma,SEA,Seattle SuperSonics,0028000254,1980-11-26,SEA @ PHX,L,0,9,,,0.0,,,12,15,0.8,,,,,,,,,30,,0
496,21980,78047,Campy Russell,NYK,New York Knicks,0028000253,1980-11-26,NYK @ CLE,W,0,11,,,0.0,,,8,9,0.889,,,,,,,,,30,,0
497,21980,76753,World Free,GOS,Golden State Warriors,0028000240,1980-11-22,GOS @ NYK,W,0,10,,,0.0,,,10,12,0.833,,,,,,,,,30,,0
498,21980,78000,John Roche,DEN,Denver Nuggets,0028000231,1980-11-21,DEN vs. KCK,W,0,12,,,2.0,,,4,5,0.8,,,,,,,,,30,,0
499,21980,76681,Julius Erving,PHL,Philadelphia 76ers,0028000212,1980-11-18,PHL @ NYK,W,0,13,,,0.0,,,4,7,0.571,,,,,,,,,30,,0
500,21980,78482,Scott Wedman,KCK,Kansas City Kings,0028000191,1980-11-14,KCK @ SEA,L,0,13,,,0.0,,,4,6,0.667,,,,,,,,,30,,0
501,21980,76170,Otis Birdsong,KCK,Kansas City Kings,0028000191,1980-11-14,KCK @ SEA,L,0,12,,,0.0,,,6,7,0.857,,,,,,,,,30,,0
502,21980,77144,Eddie Johnson,ATL,Atlanta Hawks,0028000188,1980-11-13,ATL @ CLE,L,0,15,,,0.0,,,0,1,0.0,,,,,,,,,30,,0
503,21980,76598,John Drew,ATL,Atlanta Hawks,0028000174,1980-11-11,ATL vs. LAL,L,0,10,,,0.0,,,10,12,0.833,,,,,,,,,30,,0
504,21980,78326,David Thompson,DEN,Denver Nuggets,0028000161,1980-11-08,DEN @ CHI,W,0,13,,,1.0,,,3,4,0.75,,,,,,,,,30,,0
505,21980,76804,George Gervin,SAN,San Antonio Spurs,0028000164,1980-11-08,SAN vs. LAL,W,0,11,,,0.0,,,8,9,0.889,,,,,,,,,30,,0
506,21980,77710,Mike Newlin,NJN,New Jersey Nets,0028000160,1980-11-08,NJN vs. ATL,W,0,12,,,1.0,,,5,7,0.714,,,,,,,,,30,,0
507,21980,78326,David Thompson,DEN,Denver Nuggets,0028000152,1980-11-07,DEN vs. NYK,L,0,12,,,0.0,,,6,9,0.667,,,,,,,,,30,,0
508,21980,76890,Darrell Griffith,UTH,Utah Jazz,0028000149,1980-11-06,UTH vs. CLE,W,0,13,,,0.0,,,4,5,0.8,,,,,,,,,30,,0
509,21980,78150,James Silas,SAN,San Antonio Spurs,0028000143,1980-11-05,SAN vs. PHX,W,0,10,,,0.0,,,10,11,0.909,,,,,,,,,30,,0
510,21980,76753,World Free,GOS,Golden State Warriors,0028000140,1980-11-05,GOS vs. CLE,W,0,13,,,0.0,,,4,5,0.8,,,,,,,,,30,,0
511,21980,76890,Darrell Griffith,UTH,Utah Jazz,0028000128,1980-11-01,UTH @ POR,W,0,13,,,0.0,,,4,6,0.667,,,,,,,,,30,,0
512,21980,76170,Otis Birdsong,KCK,Kansas City Kings,0028000114,1980-10-31,KCK @ BOS,L,0,12,,,0.0,,,6,7,0.857,,,,,,,,,30,,0
513,21980,76804,George Gervin,SAN,San Antonio Spurs,0028000096,1980-10-28,SAN vs. POR,W,0,11,,,0.0,,,8,9,0.889,,,,,,,,,30,,0
514,21980,76003,Kareem Abdul-Jabbar,LAL,Los Angeles Lakers,0028000093,1980-10-26,LAL vs. SAN,L,0,10,,,0.0,,,10,17,0.588,,,,,,,,,30,,0
515,21980,78326,David Thompson,DEN,Denver Nuggets,0028000086,1980-10-25,DEN @ KCK,L,0,13,,,0.0,,,4,7,0.571,,,,,,,,,30,,0
516,21980,77449,Moses Malone,HOU,Houston Rockets,0028000072,1980-10-23,HOU vs. KCK,L,0,9,,,0.0,,,12,17,0.706,,,,,,,,,30,,0
517,21980,76673,Alex English,DEN,Denver Nuggets,0028000063,1980-10-21,DEN vs. HOU,L,0,15,,,0.0,,,0,0,,,,,,,,,,30,,0
518,21980,76526,Johnny Davis,IND,Indiana Pacers,0028000060,1980-10-21,IND @ ATL,W,0,11,,,0.0,,,8,10,0.8,,,,,,,,6.0,30,,0
519,21980,78133,Lonnie Shelton,SEA,Seattle SuperSonics,0028000049,1980-10-18,SEA @ KCK,W,0,11,,,0.0,,,8,8,1.0,,,,,,,,,30,,0
520,21980,77097,Dan Issel,DEN,Denver Nuggets,0028000039,1980-10-17,DEN @ SDC,W,0,12,,,0.0,,,6,9,0.667,,,,,,,,,30,,0
521,21980,77615,Mike Mitchell,CLE,Cleveland Cavaliers,0028000036,1980-10-16,CLE vs. WAS,W,0,13,,,0.0,,,4,6,0.667,,,,,,,,,30,,0
522,21980,78500,Paul Westphal,SEA,Seattle SuperSonics,0028000030,1980-10-15,SEA @ HOU,L,0,13,,,1.0,,,3,5,0.6,,,,,,,,,30,,0
523,21980,77142,Magic Johnson,LAL,Los Angeles Lakers,0028000019,1980-10-12,LAL vs. HOU,W,0,14,,,0.0,,,2,3,0.667,,,,,,,,,30,,0
524,21980,77993,Truck Robinson,PHX,Phoenix Suns,0028000020,1980-10-12,PHX vs. KCK,W,0,10,,,0.0,,,10,14,0.714,,,,,,,,,30,,0
525,21980,78331,Mychal Thompson,POR,Portland Trail Blazers,0028000926,1981-03-27,POR @ DAL,W,0,13,,,0.0,,,3,4,0.75,,,,,,,,,29,,0
526,21980,77182,Dwight Jones,CHI,Chicago Bulls,0028000921,1981-03-27,CHI vs. ATL,W,0,13,,,0.0,,,3,5,0.6,,,,,,,,,29,,0
527,21980,77936,Robert Reid,HOU,Houston Rockets,0028000912,1981-03-25,HOU vs. SAN,W,0,13,,,0.0,,,3,5,0.6,,,,,,,,,29,,0
528,21980,76673,Alex English,DEN,Denver Nuggets,0028000914,1981-03-25,DEN vs. DAL,L,0,14,,,1.0,,,0,0,,,,,,,,,,29,,0
529,21980,77615,Mike Mitchell,CLE,Cleveland Cavaliers,0028000897,1981-03-22,CLE @ IND,L,0,12,,,0.0,,,5,6,0.833,,,,,,,,,29,,0
530,21980,76804,George Gervin,SAN,San Antonio Spurs,0028000891,1981-03-22,SAN vs. SDC,W,0,13,,,0.0,,,3,7,0.429,,,,,,,,,29,,0
531,21980,229,James Edwards,IND,Indiana Pacers,0028000883,1981-03-20,IND vs. NYK,L,0,9,,,0.0,,,11,12,0.917,,,,,,,,,29,,0
532,21980,77986,Cliff T. Robinson,NJN,New Jersey Nets,0028000882,1981-03-20,NJN vs. ATL,W,0,13,,,0.0,,,3,4,0.75,,,,,,,,,29,,0
533,21980,78215,Ricky Sobers,CHI,Chicago Bulls,0028000878,1981-03-20,CHI vs. PHL,W,0,9,,,0.0,,,11,12,0.917,,,,,,,,,29,,0
534,21980,76890,Darrell Griffith,UTH,Utah Jazz,0028000871,1981-03-18,UTH vs. DAL,W,0,11,,,1.0,,,6,7,0.857,,,,,,,,,29,,0
535,21980,77160,Marques Johnson,MIL,Milwaukee Bucks,0028000836,1981-03-13,MIL vs. PHL,W,0,9,,,0.0,,,11,14,0.786,,,,,,,,,29,,0
536,21980,78532,Jamaal Wilkes,LAL,Los Angeles Lakers,0028000832,1981-03-12,LAL @ SDC,W,0,12,,,0.0,,,5,7,0.714,,,,,,,,,29,,0
537,21980,1449,Larry Bird,BOS,Boston Celtics,0028000826,1981-03-11,BOS vs. MIL,W,0,12,,,0.0,,,5,6,0.833,,,,,,,,,29,,0
538,21980,77691,Calvin Natt,POR,Portland Trail Blazers,0028000822,1981-03-10,POR @ DEN,W,0,11,,,0.0,,,7,8,0.875,,,,,,,,,29,,0
539,21980,78199,Phil Smith,SDC,San Diego Clippers,0028000808,1981-03-07,SDC @ UTH,L,0,12,,,0.0,,,5,5,1.0,,,,,,,,,29,,0
540,21980,1453,Walter Davis,PHX,Phoenix Suns,0028000806,1981-03-06,PHX vs. POR,W,0,11,,,0.0,,,7,8,0.875,,,,,,,,,29,,0
541,21980,76890,Darrell Griffith,UTH,Utah Jazz,0028000790,1981-03-04,UTH @ GOS,L,0,14,,,0.0,,,1,3,0.333,,,,,,,,,29,,0
542,21980,78199,Phil Smith,SDC,San Diego Clippers,0028000787,1981-03-04,SDC vs. WAS,L,0,12,,,0.0,,,5,6,0.833,,,,,,,,,29,,0
543,21980,77911,Kelvin Ransey,POR,Portland Trail Blazers,0028000770,1981-03-01,POR vs. UTH,W,0,13,,,0.0,,,3,3,1.0,,,,,,,,,29,,0
544,21980,77487,Cedric Maxwell,BOS,Boston Celtics,0028000766,1981-02-27,BOS @ ATL,W,0,9,,,0.0,,,11,11,1.0,,,,,,,,,29,,0
545,21980,76598,John Drew,ATL,Atlanta Hawks,0028000766,1981-02-27,ATL vs. BOS,L,0,9,,,0.0,,,11,13,0.846,,,,,,,,,29,,0
546,21980,78326,David Thompson,DEN,Denver Nuggets,0028000758,1981-02-27,DEN vs. GOS,W,0,10,,,1.0,,,8,10,0.8,,,,,,,,,29,,0
547,21980,600005,Bob Lanier,MIL,Milwaukee Bucks,0028000753,1981-02-25,MIL vs. LAL,W,0,11,,,0.0,,,7,10,0.7,,,,,,,,,29,,0
548,21980,76003,Kareem Abdul-Jabbar,LAL,Los Angeles Lakers,0028000753,1981-02-25,LAL @ MIL,L,0,12,,,0.0,,,5,5,1.0,,,,,,,,,29,,0
549,21980,76504,Adrian Dantley,UTH,Utah Jazz,0028000738,1981-02-22,UTH @ SDC,L,0,9,,,0.0,,,11,11,1.0,,,,,,,,,29,,0
550,21980,78025,Dan Roundfield,ATL,Atlanta Hawks,0028000735,1981-02-22,ATL @ CHI,W,0,10,,,0.0,,,9,14,0.643,,,,,,,,,29,,0
551,21980,76598,John Drew,ATL,Atlanta Hawks,0028000730,1981-02-21,ATL @ CLE,W,0,12,,,0.0,,,5,5,1.0,,,,,,,,,29,,0
552,21980,78139,Purvis Short,GOS,Golden State Warriors,0028000714,1981-02-18,GOS vs. CHI,W,0,13,,,0.0,,,3,4,0.75,,,,,,,,,29,,0
553,21980,77993,Truck Robinson,PHX,Phoenix Suns,0028000706,1981-02-17,PHX vs. GOS,W,0,13,,,0.0,,,3,4,0.75,,,,,,,,,29,,0
554,21980,77264,Bernard King,GOS,Golden State Warriors,0028000706,1981-02-17,GOS @ PHX,L,0,11,,,0.0,,,7,8,0.875,,,,,,,,,29,,0
555,21980,77449,Moses Malone,HOU,Houston Rockets,0028000685,1981-02-13,HOU vs. LAL,L,0,8,,,0.0,,,13,16,0.813,,,,,,,,,29,,0
556,21980,76170,Otis Birdsong,KCK,Kansas City Kings,0028000682,1981-02-13,KCK vs. ATL,W,0,12,,,0.0,,,5,6,0.833,,,,,,,,,29,,0
557,21980,76887,Kevin Grevey,WAS,Washington Bullets,0028000680,1981-02-13,WAS @ PHL,W,0,11,,,2.0,,,5,6,0.833,,,,,,,,,29,,0
558,21980,305,Robert Parish,BOS,Boston Celtics,0028000665,1981-02-10,BOS @ SEA,L,0,14,,,0.0,,,1,4,0.25,,,,,,,,,29,,0
559,21980,76003,Kareem Abdul-Jabbar,LAL,Los Angeles Lakers,0028000634,1981-02-04,LAL @ IND,W,0,10,,,0.0,,,9,15,0.6,,,,,,,,,29,,0
560,21980,78482,Scott Wedman,KCK,Kansas City Kings,0028000621,1981-02-03,KCK @ DAL,W,0,13,,,1.0,,,2,4,0.5,,,,,,,,,29,,0
561,21980,76598,John Drew,ATL,Atlanta Hawks,0028000611,1981-01-29,ATL vs. NYK,L,0,9,,,0.0,,,11,11,1.0,,,,,,,,,29,,0
562,21980,77449,Moses Malone,HOU,Houston Rockets,0028000607,1981-01-28,HOU vs. NJN,W,0,9,,,0.0,,,11,12,0.917,,,,,,,,,29,,0
563,21980,77097,Dan Issel,DEN,Denver Nuggets,0028000599,1981-01-27,DEN vs. DET,W,0,10,,,0.0,,,9,9,1.0,,,,,,,,,29,,0
564,21980,77160,Marques Johnson,MIL,Milwaukee Bucks,0028000588,1981-01-24,MIL @ SDC,W,0,12,,,0.0,,,5,7,0.714,,,,,,,,,29,,0
565,21980,76252,Junior Bridgeman,MIL,Milwaukee Bucks,0028000588,1981-01-24,MIL @ SDC,W,0,13,,,0.0,,,3,3,1.0,,,,,,,,,29,,0
566,21980,78326,David Thompson,DEN,Denver Nuggets,0028000579,1981-01-23,DEN @ LAL,L,0,12,,,0.0,,,5,10,0.5,,,,,,,,,29,,0
567,21980,78532,Jamaal Wilkes,LAL,Los Angeles Lakers,0028000546,1981-01-18,LAL @ BOS,L,0,14,,,0.0,,,1,1,1.0,,,,,,,,,29,,0
568,21980,78326,David Thompson,DEN,Denver Nuggets,0028000544,1981-01-17,DEN @ KCK,W,0,9,,,0.0,,,11,12,0.917,,,,,,,,,29,,0
569,21980,76890,Darrell Griffith,UTH,Utah Jazz,0028000535,1981-01-16,UTH vs. SDC,W,0,13,,,1.0,,,2,2,1.0,,,,,,,,,29,,0
570,21980,305,Robert Parish,BOS,Boston Celtics,0028000540,1981-01-16,BOS vs. SAN,W,0,14,,,0.0,,,1,4,0.25,,,,,,,,,29,,0
571,21980,77615,Mike Mitchell,CLE,Cleveland Cavaliers,0028000538,1981-01-16,CLE @ PHL,L,0,11,,,0.0,,,7,9,0.778,,,,,,,,,29,,0
572,21980,77264,Bernard King,GOS,Golden State Warriors,0028000533,1981-01-16,GOS vs. ATL,L,0,9,,,0.0,,,11,12,0.917,,,,,,,,,29,,0
573,21980,77010,Keith Herron,DET,Detroit Pistons,0028000530,1981-01-15,DET vs. WAS,L,0,14,,,0.0,,,1,2,0.5,,,,,,,,,29,,0
574,21980,76003,Kareem Abdul-Jabbar,LAL,Los Angeles Lakers,0028000516,1981-01-13,LAL @ CLE,W,0,13,,,0.0,,,3,3,1.0,,,,,,,,,29,,0
575,21980,78199,Phil Smith,SDC,San Diego Clippers,0028000508,1981-01-11,SDC @ KCK,W,0,10,,,0.0,,,9,11,0.818,,,,,,,,,29,,0
576,21980,1449,Larry Bird,BOS,Boston Celtics,0028000505,1981-01-10,BOS @ NJN,W,0,13,,,0.0,,,3,4,0.75,,,,,,,,,29,,0
577,21980,78149,Jack Sikma,SEA,Seattle SuperSonics,0028000500,1981-01-10,SEA vs. DEN,W,0,10,,,0.0,,,9,9,1.0,,,,,,,,,29,,0
578,21980,78150,James Silas,SAN,San Antonio Spurs,0028000465,1981-01-03,SAN @ CHI,W,0,8,,,0.0,,,13,15,0.867,,,,,,,,,29,,0
579,21980,77087,Geoff Huston,DAL,Dallas Mavericks,0028000456,1981-01-02,DAL vs. HOU,L,0,13,,,0.0,,,3,5,0.6,,,,,,,,,29,,0
580,21980,77911,Kelvin Ransey,POR,Portland Trail Blazers,0028000451,1981-01-01,POR vs. DEN,W,0,11,,,0.0,,,7,9,0.778,,,,,,,,,29,,0
581,21980,77071,Phil Hubbard,DET,Detroit Pistons,0028000448,1980-12-30,DET @ ATL,L,0,10,,,0.0,,,9,9,1.0,,,,,,,,,29,,0
582,21980,77615,Mike Mitchell,CLE,Cleveland Cavaliers,0028000439,1980-12-29,CLE vs. DAL,W,0,12,,,0.0,,,5,7,0.714,,,,,,,,,29,,0
583,21980,76887,Kevin Grevey,WAS,Washington Bullets,0028000436,1980-12-27,WAS vs. HOU,W,0,11,,,2.0,,,5,6,0.833,,,,,,,,,29,,0
584,21980,76003,Kareem Abdul-Jabbar,LAL,Los Angeles Lakers,0028000420,1980-12-26,LAL vs. IND,W,0,10,,,0.0,,,9,10,0.9,,,,,,,,,29,,0
585,21980,77487,Cedric Maxwell,BOS,Boston Celtics,0028000412,1980-12-23,BOS vs. DEN,W,0,9,,,0.0,,,11,13,0.846,,,,,,,,,29,,0
586,21980,76673,Alex English,DEN,Denver Nuggets,0028000412,1980-12-23,DEN @ BOS,L,0,10,,,0.0,,,9,9,1.0,,,,,,,,,29,,0
587,21980,77819,Jim Paxson,POR,Portland Trail Blazers,0028000401,1980-12-20,POR vs. ATL,W,0,13,,,0.0,,,3,3,1.0,,,,,,,,,29,,0
588,21980,76673,Alex English,DEN,Denver Nuggets,0028000398,1980-12-20,DEN @ NYK,L,0,11,,,0.0,,,7,7,1.0,,,,,,,,,29,,0
589,21980,76504,Adrian Dantley,UTH,Utah Jazz,0028000382,1980-12-18,UTH vs. ATL,L,0,7,,,0.0,,,15,18,0.833,,,,,,,,,29,,0
590,21980,77993,Truck Robinson,PHX,Phoenix Suns,0028000379,1980-12-17,PHX vs. DAL,W,0,10,,,0.0,,,9,11,0.818,,,,,,,,,29,,0
591,21980,77449,Moses Malone,HOU,Houston Rockets,0028000377,1980-12-17,HOU vs. SAN,L,0,7,,,0.0,,,15,16,0.938,,,,,,,,,29,,0
592,21980,76673,Alex English,DEN,Denver Nuggets,0028000368,1980-12-16,DEN vs. KCK,L,0,11,,,0.0,,,7,8,0.875,,,,,,,,,29,,0
593,21980,76003,Kareem Abdul-Jabbar,LAL,Los Angeles Lakers,0028000366,1980-12-14,LAL vs. GOS,W,0,13,,,0.0,,,3,5,0.6,,,,,,,,,29,,0
594,21980,76826,Mike Gminski,NJN,New Jersey Nets,0028000364,1980-12-14,NJN vs. PHL,L,0,7,,,0.0,,,15,16,0.938,,,,,,,,,29,,0
595,21980,305,Robert Parish,BOS,Boston Celtics,0028000348,1980-12-12,BOS vs. NJN,W,0,12,,,0.0,,,5,6,0.833,,,,,,,,,29,,0
596,21980,76003,Kareem Abdul-Jabbar,LAL,Los Angeles Lakers,0028000329,1980-12-09,LAL @ DAL,W,0,12,,,0.0,,,5,5,1.0,,,,,,,,,29,,0
597,21980,76504,Adrian Dantley,UTH,Utah Jazz,0028000316,1980-12-06,UTH vs. SEA,L,0,12,,,0.0,,,5,6,0.833,,,,,,,,,29,,0
598,21980,78200,Randy Smith,CLE,Cleveland Cavaliers,0028000314,1980-12-06,CLE vs. DET,W,0,11,,,0.0,,,7,9,0.778,,,,,,,,,29,,0
599,21980,600005,Bob Lanier,MIL,Milwaukee Bucks,0028000313,1980-12-05,MIL vs. IND,W,0,11,,,0.0,,,7,11,0.636,,,,,,,,,29,,0
600,21980,78149,Jack Sikma,SEA,Seattle SuperSonics,0028000299,1980-12-03,SEA vs. CHI,W,0,10,,,0.0,,,9,12,0.75,,,,,,,,,29,,0
601,21980,76804,George Gervin,SAN,San Antonio Spurs,0028000279,1980-11-29,SAN @ KCK,W,0,10,,,0.0,,,9,12,0.75,,,,,,,,,29,,0
602,21980,77993,Truck Robinson,PHX,Phoenix Suns,0028000275,1980-11-29,PHX @ GOS,W,0,13,,,0.0,,,3,4,0.75,,,,,,,,,29,,0
603,21980,77141,Dennis Johnson,PHX,Phoenix Suns,0028000275,1980-11-29,PHX @ GOS,W,0,11,,,0.0,,,7,8,0.875,,,,,,,,,29,,0
604,21980,600005,Bob Lanier,MIL,Milwaukee Bucks,0028000265,1980-11-28,MIL vs. ATL,W,0,9,,,0.0,,,11,13,0.846,,,,,,,,,29,,0
605,21980,76616,Mike Dunleavy,HOU,Houston Rockets,0028000250,1980-11-24,HOU @ NYK,L,0,13,,,1.0,,,2,2,1.0,,,,,,,,,29,,0
606,21980,77264,Bernard King,GOS,Golden State Warriors,0028000240,1980-11-22,GOS @ NYK,W,0,12,,,0.0,,,5,10,0.5,,,,,,,,,29,,0
607,21980,76003,Kareem Abdul-Jabbar,LAL,Los Angeles Lakers,0028000232,1980-11-21,LAL vs. PHX,W,0,14,,,0.0,,,1,1,1.0,,,,,,,,,29,,0
608,21980,600014,Artis Gilmore,CHI,Chicago Bulls,0028000228,1980-11-21,CHI vs. NYK,W,0,13,,,0.0,,,3,3,1.0,,,,,,,,,29,,0
609,21980,78532,Jamaal Wilkes,LAL,Los Angeles Lakers,0028000225,1980-11-20,LAL @ PHX,L,0,13,,,0.0,,,3,4,0.75,,,,,,,,,29,,0
610,21980,76003,Kareem Abdul-Jabbar,LAL,Los Angeles Lakers,0028000225,1980-11-20,LAL @ PHX,L,0,12,,,0.0,,,5,5,1.0,,,,,,,,,29,,0
611,21980,77264,Bernard King,GOS,Golden State Warriors,0028000221,1980-11-19,GOS @ PHL,L,0,12,,,0.0,,,5,9,0.556,,,,,,,,,29,,0
612,21980,76504,Adrian Dantley,UTH,Utah Jazz,0028000214,1980-11-18,UTH vs. MIL,L,0,12,,,0.0,,,5,5,1.0,,,,,,,,,29,,0
613,21980,76822,Mike Glenn,NYK,New York Knicks,0028000204,1980-11-15,NYK vs. CLE,W,0,12,,,0.0,,,5,5,1.0,,,,,,,,,29,,0
614,21980,76890,Darrell Griffith,UTH,Utah Jazz,0028000199,1980-11-15,UTH @ SAN,L,0,12,,,0.0,,,5,8,0.625,,,,,,,,,29,,0
615,21980,76095,Mike Bantom,IND,Indiana Pacers,0028000194,1980-11-14,IND vs. WAS,W,0,10,,,0.0,,,9,10,0.9,,,,,,,,,29,,0
616,21980,78149,Jack Sikma,SEA,Seattle SuperSonics,0028000186,1980-11-12,SEA vs. UTH,L,0,11,,,0.0,,,7,8,0.875,,,,,,,,,29,,0
617,21980,76890,Darrell Griffith,UTH,Utah Jazz,0028000169,1980-11-10,UTH vs. IND,W,0,11,,,0.0,,,7,10,0.7,,,,,,,,,29,,0
618,21980,77160,Marques Johnson,MIL,Milwaukee Bucks,0028000168,1980-11-09,MIL vs. PHL,L,0,14,,,0.0,,,1,5,0.2,,,,,,,,,29,,0
619,21980,1449,Larry Bird,BOS,Boston Celtics,0028000155,1980-11-07,BOS vs. MIL,L,0,12,,,0.0,,,5,6,0.833,,,,,,,,,29,,0
620,21980,76979,Elvin Hayes,WAS,Washington Bullets,0028000151,1980-11-07,WAS vs. DET,W,0,12,,,0.0,,,5,8,0.625,,,,,,,,,29,,0
621,21980,76504,Adrian Dantley,UTH,Utah Jazz,0028000149,1980-11-06,UTH vs. CLE,W,0,12,,,0.0,,,5,8,0.625,,,,,,,,,29,,0
622,21980,76170,Otis Birdsong,KCK,Kansas City Kings,0028000142,1980-11-05,KCK vs. NYK,W,0,14,,,0.0,,,1,1,1.0,,,,,,,,,29,,0
623,21980,76673,Alex English,DEN,Denver Nuggets,0028000131,1980-11-02,DEN @ LAL,W,0,13,,,0.0,,,3,3,1.0,,,,,,,,,29,,0
624,21980,1453,Walter Davis,PHX,Phoenix Suns,0028000129,1980-11-01,PHX @ KCK,W,0,13,,,0.0,,,3,4,0.75,,,,,,,,,29,,0
625,21980,77246,Larry Kenon,CHI,Chicago Bulls,0028000125,1980-11-01,CHI vs. DET,W,0,11,,,0.0,,,7,8,0.875,,,,,,,,,29,,0
626,21980,77142,Magic Johnson,LAL,Los Angeles Lakers,0028000098,1980-10-28,LAL @ SDC,W,0,13,,,1.0,,,2,2,1.0,,,,,,,,,29,,0
627,21980,77449,Moses Malone,HOU,Houston Rockets,0028000089,1980-10-25,HOU vs. DET,L,0,10,,,0.0,,,9,12,0.75,,,,,,,,,29,,0
628,21980,1449,Larry Bird,BOS,Boston Celtics,0028000066,1980-10-22,BOS @ NJN,W,0,11,,,0.0,,,7,7,1.0,,,,,,,,,29,,0
629,21980,77993,Truck Robinson,PHX,Phoenix Suns,0028000056,1980-10-19,PHX @ SDC,W,0,12,,,0.0,,,5,6,0.833,,,,,,,,,29,,0
630,21980,76003,Kareem Abdul-Jabbar,LAL,Los Angeles Lakers,0028000055,1980-10-19,LAL vs. GOS,W,0,12,,,0.0,,,5,7,0.714,,,,,,,,,29,,0
631,21980,76170,Otis Birdsong,KCK,Kansas City Kings,0028000049,1980-10-18,KCK vs. SEA,L,0,13,,,0.0,,,3,3,1.0,,,,,,,,,29,,0
632,21980,76887,Kevin Grevey,WAS,Washington Bullets,0028000043,1980-10-17,WAS vs. NJN,L,0,10,,,0.0,,,9,9,1.0,,,,,,,,,29,,0
633,21980,77721,Norm Nixon,LAL,Los Angeles Lakers,0028000040,1980-10-17,LAL vs. PHX,W,0,14,,,0.0,,,1,2,0.5,,,,,,,,,29,,0
634,21980,77993,Truck Robinson,PHX,Phoenix Suns,0028000031,1980-10-15,PHX @ UTH,W,0,11,,,0.0,,,7,9,0.778,,,,,,,,,29,,0
635,21980,77097,Dan Issel,DEN,Denver Nuggets,0028000018,1980-10-12,DEN vs. UTH,L,0,10,,,0.0,,,9,14,0.643,,,,,,,,6.0,29,,0
636,21980,328,Rick Mahorn,WAS,Washington Bullets,0028000943,1981-03-29,WAS vs. CLE,W,0,10,,,0.0,,,8,9,0.889,,,,,,,,,28,,0
637,21980,76673,Alex English,DEN,Denver Nuggets,0028000933,1981-03-29,DEN @ LAL,W,0,11,,,0.0,,,6,6,1.0,,,,,,,,,28,,0
638,21980,77097,Dan Issel,DEN,Denver Nuggets,0028000932,1981-03-28,DEN @ GOS,W,0,11,,,0.0,,,6,8,0.75,,,,,,,,,28,,0
639,21980,77396,Scott Lloyd,DAL,Dallas Mavericks,0028000926,1981-03-27,DAL vs. POR,L,0,11,,,0.0,,,6,8,0.75,,,,,,,,,28,,0
640,21980,76890,Darrell Griffith,UTH,Utah Jazz,0028000920,1981-03-26,UTH vs. SAN,L,0,11,,,0.0,,,6,8,0.75,,,,,,,,,28,,0
641,21980,77324,Mitch Kupchak,WAS,Washington Bullets,0028000910,1981-03-25,WAS vs. NYK,W,0,10,,,0.0,,,8,13,0.615,,,,,,,,,28,,0
642,21980,78326,David Thompson,DEN,Denver Nuggets,0028000893,1981-03-22,DEN vs. UTH,W,0,9,,,0.0,,,10,12,0.833,,,,,,,,,28,,0
643,21980,76504,Adrian Dantley,UTH,Utah Jazz,0028000887,1981-03-21,UTH @ DAL,L,0,10,,,0.0,,,8,8,1.0,,,,,,,,,28,,0
644,21980,77290,Billy Knight,IND,Indiana Pacers,0028000883,1981-03-20,IND vs. NYK,L,0,10,,,0.0,,,8,10,0.8,,,,,,,,,28,,0
645,21980,77142,Magic Johnson,LAL,Los Angeles Lakers,0028000879,1981-03-20,LAL vs. SEA,W,0,6,,,0.0,,,16,21,0.762,,,,,,,,,28,,0
646,21980,76881,David Greenwood,CHI,Chicago Bulls,0028000878,1981-03-20,CHI vs. PHL,W,0,10,,,0.0,,,8,8,1.0,,,,,,,,,28,,0
647,21980,78326,David Thompson,DEN,Denver Nuggets,0028000877,1981-03-20,DEN @ DAL,L,0,10,,,0.0,,,8,10,0.8,,,,,,,,,28,,0
648,21980,76353,Joe Barry Carroll,GOS,Golden State Warriors,0028000876,1981-03-19,GOS @ SDC,L,0,11,,,0.0,,,6,9,0.667,,,,,,,,,28,,0
649,21980,600014,Artis Gilmore,CHI,Chicago Bulls,0028000874,1981-03-19,CHI @ CLE,W,0,10,,,0.0,,,8,11,0.727,,,,,,,,,28,,0
650,21980,77952,Micheal Ray Richardson,NYK,New York Knicks,0028000868,1981-03-18,NYK @ MIL,W,0,12,,,0.0,,,4,5,0.8,,,,,,,,,28,,0
651,21980,229,James Edwards,IND,Indiana Pacers,0028000859,1981-03-17,IND @ NYK,L,0,13,,,0.0,,,2,4,0.5,,,,,,,,,28,,0
652,21980,76003,Kareem Abdul-Jabbar,LAL,Los Angeles Lakers,0028000858,1981-03-17,LAL @ DAL,W,0,11,,,0.0,,,6,10,0.6,,,,,,,,,28,,0
653,21980,77710,Mike Newlin,NJN,New Jersey Nets,0028000857,1981-03-17,NJN vs. PHL,W,0,10,,,0.0,,,8,9,0.889,,,,,,,,,28,,0
654,21980,76003,Kareem Abdul-Jabbar,LAL,Los Angeles Lakers,0028000840,1981-03-13,LAL vs. KCK,W,0,9,,,0.0,,,10,15,0.667,,,,,,,,,28,,0
655,21980,76804,George Gervin,SAN,San Antonio Spurs,0028000820,1981-03-10,SAN @ LAL,L,0,9,,,0.0,,,10,12,0.833,,,,,,,,,28,,0
656,21980,77876,Kevin Porter,WAS,Washington Bullets,0028000817,1981-03-08,WAS vs. CHI,W,0,12,,,0.0,,,4,6,0.667,,,,,,,,,28,,0
657,21980,76526,Johnny Davis,IND,Indiana Pacers,0028000813,1981-03-08,IND vs. DEN,W,0,13,,,0.0,,,2,2,1.0,,,,,,,,,28,,0
658,21980,229,James Edwards,IND,Indiana Pacers,0028000813,1981-03-08,IND vs. DEN,W,0,12,,,0.0,,,4,6,0.667,,,,,,,,,28,,0
659,21980,78351,Andrew Toney,PHL,Philadelphia 76ers,0028000811,1981-03-08,PHL vs. MIL,W,0,13,,,0.0,,,2,4,0.5,,,,,,,,,28,,0
660,21980,76504,Adrian Dantley,UTH,Utah Jazz,0028000808,1981-03-07,UTH vs. SDC,W,0,10,,,0.0,,,8,12,0.667,,,12.0,,,,,,28,,0
661,21980,77264,Bernard King,GOS,Golden State Warriors,0028000803,1981-03-06,GOS vs. DAL,W,0,13,,,0.0,,,2,5,0.4,,,,,,,,,28,,0
662,21980,1449,Larry Bird,BOS,Boston Celtics,0028000800,1981-03-06,BOS @ IND,L,0,12,,,0.0,,,4,4,1.0,,,,,,,,,28,,0
663,21980,78326,David Thompson,DEN,Denver Nuggets,0028000786,1981-03-04,DEN vs. LAL,W,0,11,,,0.0,,,6,6,1.0,,,,,,,,,28,,0
664,21980,78331,Mychal Thompson,POR,Portland Trail Blazers,0028000779,1981-03-03,POR vs. IND,W,0,13,,,0.0,,,2,5,0.4,,,,,,,,,28,,0
665,21980,76003,Kareem Abdul-Jabbar,LAL,Los Angeles Lakers,0028000778,1981-03-01,LAL vs. PHX,L,0,12,,,0.0,,,4,6,0.667,,,,,,,,,28,,0
666,21980,76003,Kareem Abdul-Jabbar,LAL,Los Angeles Lakers,0028000764,1981-02-27,LAL vs. NJN,W,0,11,,,0.0,,,6,8,0.75,,,,,,,,,28,,0
667,21980,76881,David Greenwood,CHI,Chicago Bulls,0028000759,1981-02-27,CHI vs. WAS,W,0,14,,,0.0,,,0,3,0.0,,,,,,,,,28,,0
668,21980,76362,Bill Cartwright,NYK,New York Knicks,0028000749,1981-02-24,NYK @ ATL,W,0,10,,,0.0,,,8,10,0.8,,,,,,,,6.0,28,,0
669,21980,77432,Ollie Mack,DAL,Dallas Mavericks,0028000733,1981-02-22,DAL @ NJN,W,0,13,,,0.0,,,2,2,1.0,,,,,,,,,28,,0
670,21980,76350,Kenny Carr,CLE,Cleveland Cavaliers,0028000730,1981-02-21,CLE vs. ATL,L,0,9,,,0.0,,,10,14,0.714,,,,,,,,,28,,0
671,21980,77264,Bernard King,GOS,Golden State Warriors,0028000729,1981-02-20,GOS vs. SDC,L,0,11,,,0.0,,,6,9,0.667,,,,,,,,,28,,0
672,21980,76616,Mike Dunleavy,HOU,Houston Rockets,0028000723,1981-02-20,HOU @ LAL,W,0,11,,,0.0,,,6,6,1.0,,,,,,,,,28,,0
673,21980,76736,Phil Ford,KCK,Kansas City Kings,0028000712,1981-02-18,KCK vs. BOS,W,0,12,,,0.0,,,4,4,1.0,,,,,,,,,28,,0
674,21980,76003,Kareem Abdul-Jabbar,LAL,Los Angeles Lakers,0028000710,1981-02-17,LAL vs. NYK,W,0,10,,,0.0,,,8,11,0.727,,,,,,,,,28,,0
675,21980,1449,Larry Bird,BOS,Boston Celtics,0028000696,1981-02-15,BOS @ DEN,W,0,13,,,0.0,,,2,2,1.0,,,,,,,,,28,,0
676,21980,76804,George Gervin,SAN,San Antonio Spurs,0028000692,1981-02-14,SAN @ DAL,W,0,11,,,0.0,,,6,7,0.857,,,,,,,,,28,,0
677,21980,76753,World Free,GOS,Golden State Warriors,0028000686,1981-02-13,GOS @ MIL,W,0,5,,,0.0,,,18,20,0.9,,,,,,,,,28,,0
678,21980,78532,Jamaal Wilkes,LAL,Los Angeles Lakers,0028000685,1981-02-13,LAL @ HOU,W,0,12,,,0.0,,,4,9,0.444,,,,,,,,,28,,0
679,21980,77615,Mike Mitchell,CLE,Cleveland Cavaliers,0028000677,1981-02-12,CLE vs. NYK,L,0,13,,,0.0,,,2,2,1.0,,,,,,,,,28,,0
680,21980,78482,Scott Wedman,KCK,Kansas City Kings,0028000669,1981-02-10,KCK @ CHI,L,0,12,,,0.0,,,4,4,1.0,,,,,,,,,28,,0
681,21980,77876,Kevin Porter,WAS,Washington Bullets,0028000666,1981-02-10,WAS @ DEN,W,0,11,,,0.0,,,6,7,0.857,,,,17.0,,,,,28,,0
682,21980,76887,Kevin Grevey,WAS,Washington Bullets,0028000666,1981-02-10,WAS @ DEN,W,0,11,,,2.0,,,4,4,1.0,,,,,,,,,28,,0
683,21980,78532,Jamaal Wilkes,LAL,Los Angeles Lakers,0028000655,1981-02-08,LAL @ PHL,L,0,12,,,0.0,,,4,4,1.0,,,,,,,,,28,,0
684,21980,76753,World Free,GOS,Golden State Warriors,0028000639,1981-02-06,GOS vs. WAS,L,0,12,,,0.0,,,4,5,0.8,,,,,,,,,28,,0
685,21980,76753,World Free,GOS,Golden State Warriors,0028000635,1981-02-04,GOS vs. POR,W,0,9,,,0.0,,,10,12,0.833,,,,,,,,,28,,0
686,21980,76091,Greg Ballard,WAS,Washington Bullets,0028000628,1981-02-04,WAS @ SEA,L,0,12,,,2.0,,,2,2,1.0,,,,,,,,,28,,0
687,21980,76353,Joe Barry Carroll,GOS,Golden State Warriors,0028000615,1981-01-29,GOS @ DET,W,0,11,,,0.0,,,6,6,1.0,,,,,,,,,28,,0
688,21980,77449,Moses Malone,HOU,Houston Rockets,0028000610,1981-01-29,HOU @ UTH,L,0,12,,,0.0,,,4,5,0.8,,,,,,,,,28,,0
689,21980,77144,Eddie Johnson,ATL,Atlanta Hawks,0028000611,1981-01-29,ATL vs. NYK,L,0,12,,,1.0,,,3,3,1.0,,,,,,,,,28,,0
690,21980,77986,Cliff T. Robinson,NJN,New Jersey Nets,0028000597,1981-01-27,NJN @ DAL,W,0,12,,,0.0,,,4,6,0.667,,,,,,,,,28,,0
691,21980,1381,John Long,DET,Detroit Pistons,0028000594,1981-01-26,DET @ UTH,L,0,13,,,0.0,,,2,3,0.667,,,,,,,,,28,,0
692,21980,77264,Bernard King,GOS,Golden State Warriors,0028000585,1981-01-24,GOS vs. NYK,W,0,11,,,0.0,,,6,9,0.667,,,,,,,,,28,,0
693,21980,76362,Bill Cartwright,NYK,New York Knicks,0028000585,1981-01-24,NYK @ GOS,L,0,13,,,0.0,,,2,3,0.667,,,,,,,,,28,,0
694,21980,77144,Eddie Johnson,ATL,Atlanta Hawks,0028000580,1981-01-23,ATL vs. CLE,L,0,12,,,0.0,,,4,6,0.667,,,,,,,,,28,,0
695,21980,76681,Julius Erving,PHL,Philadelphia 76ers,0028000573,1981-01-22,PHL @ WAS,W,0,11,,,0.0,,,6,8,0.75,,,,,,,,,28,,0
696,21980,78149,Jack Sikma,SEA,Seattle SuperSonics,0028000562,1981-01-21,SEA @ NJN,L,0,12,,,0.0,,,4,4,1.0,,,,,,,,,28,,0
697,21980,77071,Phil Hubbard,DET,Detroit Pistons,0028000560,1981-01-20,DET vs. PHL,W,0,11,,,0.0,,,6,14,0.429,,,,,,,,,28,,0
698,21980,77993,Truck Robinson,PHX,Phoenix Suns,0028000558,1981-01-20,PHX @ SAN,L,0,14,,,0.0,,,0,0,,,,,,,,,,28,,0
699,21980,76091,Greg Ballard,WAS,Washington Bullets,0028000556,1981-01-20,WAS vs. UTH,W,0,10,,,0.0,,,8,8,1.0,,,,,,,,,28,,0
700,21980,76681,Julius Erving,PHL,Philadelphia 76ers,0028000548,1981-01-18,PHL vs. SEA,W,0,11,,,0.0,,,6,7,0.857,,,,,,,,,28,,0
701,21980,77615,Mike Mitchell,CLE,Cleveland Cavaliers,0028000545,1981-01-17,CLE @ CHI,W,0,12,,,0.0,,,4,4,1.0,,,,,,,,,28,,0
702,21980,76673,Alex English,DEN,Denver Nuggets,0028000544,1981-01-17,DEN @ KCK,W,0,12,,,0.0,,,4,4,1.0,,,,,,,,,28,,0
703,21980,77756,Mark Olberding,SAN,San Antonio Spurs,0028000542,1981-01-17,SAN @ WAS,L,0,11,,,0.0,,,6,6,1.0,,,,,,,,,28,,0
704,21980,76979,Elvin Hayes,WAS,Washington Bullets,0028000530,1981-01-15,WAS @ DET,W,0,12,,,0.0,,,4,7,0.571,,,,,,,,,28,,0
705,21980,76681,Julius Erving,PHL,Philadelphia 76ers,0028000529,1981-01-15,PHL @ MIL,L,0,11,,,0.0,,,6,6,1.0,,,,,,,,,28,,0
706,21980,78310,Reggie Theus,CHI,Chicago Bulls,0028000520,1981-01-14,CHI @ HOU,L,0,9,,,2.0,,,8,8,1.0,,,,,,,,,28,,0
707,21980,76804,George Gervin,SAN,San Antonio Spurs,0028000522,1981-01-14,SAN vs. NYK,W,0,14,,,0.0,,,0,3,0.0,,,,,,,,,28,,0
708,21980,76362,Bill Cartwright,NYK,New York Knicks,0028000522,1981-01-14,NYK @ SAN,L,0,10,,,0.0,,,8,8,1.0,,,,,,,,,28,,0
709,21980,77160,Marques Johnson,MIL,Milwaukee Bucks,0028000509,1981-01-11,MIL vs. PHX,W,0,13,,,0.0,,,2,4,0.5,,,,,,,,,28,,0
710,21980,77273,Reggie King,KCK,Kansas City Kings,0028000504,1981-01-10,KCK @ UTH,W,0,9,,,0.0,,,10,11,0.909,,,,,,,,,28,,0
711,21980,76350,Kenny Carr,CLE,Cleveland Cavaliers,0028000501,1981-01-10,CLE vs. NYK,L,0,14,,,0.0,,,0,1,0.0,,,,,,,,,28,,0
712,21980,76003,Kareem Abdul-Jabbar,LAL,Los Angeles Lakers,0028000496,1981-01-09,LAL vs. SEA,W,0,9,,,0.0,,,10,14,0.714,,,,,,,,,28,,0
713,21980,76736,Phil Ford,KCK,Kansas City Kings,0028000491,1981-01-08,KCK vs. WAS,W,0,10,,,0.0,,,8,8,1.0,,,,,,,,,28,,0
714,21980,76673,Alex English,DEN,Denver Nuggets,0028000482,1981-01-07,DEN vs. UTH,L,0,13,,,0.0,,,2,2,1.0,,,,,,,,,28,,0
715,21980,76804,George Gervin,SAN,San Antonio Spurs,0028000477,1981-01-06,SAN @ NYK,W,0,12,,,0.0,,,4,4,1.0,,,,,,,,,28,,0
716,21980,77246,Larry Kenon,CHI,Chicago Bulls,0028000465,1981-01-03,CHI vs. SAN,L,0,10,,,0.0,,,8,11,0.727,,,,,,,,,28,,0
717,21980,76673,Alex English,DEN,Denver Nuggets,0028000458,1981-01-02,DEN vs. PHX,L,0,12,,,0.0,,,4,4,1.0,,,,,,,,,28,,0
718,21980,76504,Adrian Dantley,UTH,Utah Jazz,0028000455,1981-01-02,UTH @ KCK,L,0,11,,,0.0,,,6,6,1.0,,,,,,,,,28,,0
719,21980,78326,David Thompson,DEN,Denver Nuggets,0028000451,1981-01-01,DEN @ POR,L,0,11,,,0.0,,,6,7,0.857,,,,,,,,,28,,0
720,21980,76804,George Gervin,SAN,San Antonio Spurs,0028000445,1980-12-30,SAN vs. SEA,W,0,11,,,0.0,,,6,6,1.0,,,,,,,,,28,,0
721,21980,78548,Freeman Williams,SDC,San Diego Clippers,0028000603,1980-12-27,SDC vs. IND,W,0,10,,,2.0,,,6,8,0.75,,,,,,,,,28,,0
722,21980,78326,David Thompson,DEN,Denver Nuggets,0028000434,1980-12-27,DEN vs. PHL,W,0,10,,,0.0,,,8,8,1.0,,,,,,,,,28,,0
723,21980,76753,World Free,GOS,Golden State Warriors,0028000425,1980-12-26,GOS @ UTH,W,0,8,,,0.0,,,12,15,0.8,,,,,,,,,28,,0
724,21980,1449,Larry Bird,BOS,Boston Celtics,0028000419,1980-12-25,BOS @ NYK,W,0,13,,,0.0,,,2,3,0.667,,,,,,,,,28,,0
725,21980,78548,Freeman Williams,SDC,San Diego Clippers,0028000404,1980-12-21,SDC vs. DET,W,0,10,,,3.0,,,5,5,1.0,,,,,,,,,28,,0
726,21980,76121,Billyray Bates,POR,Portland Trail Blazers,0028000401,1980-12-20,POR vs. ATL,W,0,11,,,1.0,,,5,6,0.833,,,,,,,,,28,,0
727,21980,76890,Darrell Griffith,UTH,Utah Jazz,0028000382,1980-12-18,UTH vs. ATL,L,0,11,,,0.0,,,6,7,0.857,,,,,,,,,28,,0
728,21980,78531,Bob Wilkerson,CHI,Chicago Bulls,0028000380,1980-12-17,CHI @ BOS,L,0,13,,,0.0,,,2,2,1.0,,,,,,,,,28,,0
729,21980,76598,John Drew,ATL,Atlanta Hawks,0028000373,1980-12-16,ATL vs. NJN,W,0,6,,,0.0,,,16,18,0.889,,,,,,,,6.0,28,,0
730,21980,76435,Darwin Cook,NJN,New Jersey Nets,0028000373,1980-12-16,NJN @ ATL,L,0,12,,,0.0,,,4,5,0.8,,,,,,,,,28,,0
731,21980,78548,Freeman Williams,SDC,San Diego Clippers,0028000362,1980-12-14,SDC vs. SEA,W,0,13,,,0.0,,,2,2,1.0,,,,,,,,,28,,0
732,21980,600014,Artis Gilmore,CHI,Chicago Bulls,0028000351,1980-12-12,CHI vs. UTH,W,0,11,,,0.0,,,6,9,0.667,,,,,,,,,28,,0
733,21980,76170,Otis Birdsong,KCK,Kansas City Kings,0028000345,1980-12-11,KCK @ SAN,L,0,10,,,0.0,,,8,10,0.8,,,,,,,,,28,,0
734,21980,76881,David Greenwood,CHI,Chicago Bulls,0028000342,1980-12-10,CHI @ PHL,L,0,14,,,0.0,,,0,1,0.0,,,,,,,,,28,,0
735,21980,77449,Moses Malone,HOU,Houston Rockets,0028000340,1980-12-10,HOU vs. LAL,L,0,10,,,0.0,,,8,11,0.727,,,,,,,,,28,,0
736,21980,76979,Elvin Hayes,WAS,Washington Bullets,0028000338,1980-12-10,WAS vs. BOS,L,0,10,,,0.0,,,8,8,1.0,,,,,,,,,28,,0
737,21980,76753,World Free,GOS,Golden State Warriors,0028000320,1980-12-06,GOS vs. LAL,W,0,11,,,0.0,,,6,6,1.0,,,,,,,,,28,,0
738,21980,76598,John Drew,ATL,Atlanta Hawks,0028000309,1980-12-05,ATL @ PHL,L,0,9,,,0.0,,,10,13,0.769,,,,,,,,,28,,0
739,21980,76804,George Gervin,SAN,San Antonio Spurs,0028000304,1980-12-04,SAN vs. CLE,W,0,10,,,0.0,,,8,8,1.0,,,,,,,,,28,,0
740,21980,77615,Mike Mitchell,CLE,Cleveland Cavaliers,0028000302,1980-12-03,CLE @ HOU,L,0,12,,,0.0,,,4,4,1.0,,,,,,,,,28,,0
741,21980,76170,Otis Birdsong,KCK,Kansas City Kings,0028000297,1980-12-03,KCK vs. PHX,W,0,11,,,0.0,,,6,8,0.75,,,,,,,,,28,,0
742,21980,77986,Cliff T. Robinson,NJN,New Jersey Nets,0028000290,1980-12-02,NJN @ POR,W,0,12,,,0.0,,,4,4,1.0,,,,,,,,,28,,0
743,21980,76003,Kareem Abdul-Jabbar,LAL,Los Angeles Lakers,0028000284,1980-11-30,LAL vs. CHI,L,0,12,,,0.0,,,4,5,0.8,,,,,,,,,28,,0
744,21980,76753,World Free,GOS,Golden State Warriors,0028000275,1980-11-29,GOS vs. PHX,L,0,10,,,0.0,,,8,10,0.8,,,,,,,,,28,,0
745,21980,77691,Calvin Natt,POR,Portland Trail Blazers,0028000274,1980-11-29,POR @ NYK,L,0,11,,,0.0,,,6,7,0.857,,,,,,,,,28,,0
746,21980,76266,Michael Brooks,SDC,San Diego Clippers,0028000271,1980-11-28,SDC @ SEA,W,0,11,,,0.0,,,6,6,1.0,,,,,,,,,28,,0
747,21980,76804,George Gervin,SAN,San Antonio Spurs,0028000270,1980-11-28,SAN vs. HOU,L,0,12,,,2.0,,,2,3,0.667,,,,,,,,,28,,0
748,21980,76673,Alex English,DEN,Denver Nuggets,0028000258,1980-11-26,DEN vs. SDC,W,0,11,,,0.0,,,6,7,0.857,,,,,,,,,28,,0
749,21980,77071,Phil Hubbard,DET,Detroit Pistons,0028000257,1980-11-26,DET vs. UTH,L,0,7,,,0.0,,,14,19,0.737,,,,,,,,6.0,28,,0
750,21980,78200,Randy Smith,CLE,Cleveland Cavaliers,0028000253,1980-11-26,CLE vs. NYK,L,0,11,,,0.0,,,6,6,1.0,,,,,,,,,28,,0
751,21980,78548,Freeman Williams,SDC,San Diego Clippers,0028000247,1980-11-25,SDC vs. DEN,W,0,10,,,1.0,,,7,7,1.0,,,,,,,,,28,,0
752,21980,77449,Moses Malone,HOU,Houston Rockets,0028000237,1980-11-22,HOU @ IND,L,0,9,,,0.0,,,10,13,0.769,,,,,,,,,28,,0
753,21980,78200,Randy Smith,CLE,Cleveland Cavaliers,0028000236,1980-11-22,CLE vs. BOS,W,0,9,,,0.0,,,10,11,0.909,,,,,,,,,28,,0
754,21980,76170,Otis Birdsong,KCK,Kansas City Kings,0028000231,1980-11-21,KCK @ DEN,L,0,12,,,0.0,,,4,9,0.444,,,,,,,,,28,,0
755,21980,77754,Mike O'Koren,NJN,New Jersey Nets,0028000230,1980-11-21,NJN vs. HOU,L,0,9,,,0.0,,,10,12,0.833,,,,,,,,,28,,0
756,21980,77167,Vinnie Johnson,SEA,Seattle SuperSonics,0028000211,1980-11-18,SEA @ HOU,L,0,13,,,0.0,,,2,2,1.0,,,,,,,,,28,,0
757,21980,78222,Jim Spanarkel,DAL,Dallas Mavericks,0028000207,1980-11-16,DAL @ LAL,L,0,9,,,0.0,,,10,11,0.909,,,,,,,,,28,,0
758,21980,77087,Geoff Huston,DAL,Dallas Mavericks,0028000207,1980-11-16,DAL @ LAL,L,0,12,,,0.0,,,4,9,0.444,,,,,,,,,28,,0
759,21980,77710,Mike Newlin,NJN,New Jersey Nets,0028000206,1980-11-16,NJN vs. DET,W,0,8,,,0.0,,,12,13,0.923,,,,,,,,,28,,0
760,21980,76266,Michael Brooks,SDC,San Diego Clippers,0028000187,1980-11-13,SDC vs. SAN,L,0,13,,,0.0,,,2,5,0.4,,,,,,,,,28,,0
761,21980,76170,Otis Birdsong,KCK,Kansas City Kings,0028000185,1980-11-12,KCK @ GOS,L,0,9,,,0.0,,,10,14,0.714,,,,,,,,6.0,28,,0
762,21980,78532,Jamaal Wilkes,LAL,Los Angeles Lakers,0028000183,1980-11-12,LAL @ HOU,L,0,13,,,0.0,,,2,2,1.0,,,,,,,,,28,,0
763,21980,77669,Calvin Murphy,HOU,Houston Rockets,0028000183,1980-11-12,HOU vs. LAL,W,0,11,,,0.0,,,6,6,1.0,,,,,,,,,28,,0
764,21980,77754,Mike O'Koren,NJN,New Jersey Nets,0028000181,1980-11-12,NJN vs. DEN,W,0,12,,,0.0,,,4,4,1.0,,,,,,,,,28,,0
765,21980,78047,Campy Russell,NYK,New York Knicks,0028000176,1980-11-11,NYK vs. DET,W,0,11,,,1.0,,,5,5,1.0,,,,,,,,,28,,0
766,21980,76170,Otis Birdsong,KCK,Kansas City Kings,0028000173,1980-11-11,KCK @ POR,W,0,11,,,0.0,,,6,10,0.6,,,,,,,,,28,,0
767,21980,78310,Reggie Theus,CHI,Chicago Bulls,0028000167,1980-11-09,CHI @ BOS,L,0,11,,,1.0,,,5,8,0.625,,,,,,,,,28,,0
768,21980,77142,Magic Johnson,LAL,Los Angeles Lakers,0028000164,1980-11-08,LAL @ SAN,L,0,12,,,0.0,,,4,5,0.8,,,,,,,,,28,,0
769,21980,77615,Mike Mitchell,CLE,Cleveland Cavaliers,0028000149,1980-11-06,CLE @ UTH,L,0,13,,,0.0,,,2,2,1.0,,,,,,,,,28,,0
770,21980,78310,Reggie Theus,CHI,Chicago Bulls,0028000147,1980-11-05,CHI @ NJN,W,0,11,,,0.0,,,6,8,0.75,,,,,,,,,28,,0
771,21980,76272,Fred Brown,SEA,Seattle SuperSonics,0028000144,1980-11-05,SEA vs. DEN,L,0,12,,,0.0,,,4,6,0.667,,,,,,,,,28,,0
772,21980,76887,Kevin Grevey,WAS,Washington Bullets,0028000134,1980-11-04,WAS vs. ATL,W,0,9,,,2.0,,,8,8,1.0,,,,,,,,,28,,0
773,21980,76003,Kareem Abdul-Jabbar,LAL,Los Angeles Lakers,0028000138,1980-11-04,LAL vs. POR,W,0,12,,,0.0,,,4,4,1.0,,,,,,,,,28,,0
774,21980,78482,Scott Wedman,KCK,Kansas City Kings,0028000135,1980-11-04,KCK @ UTH,L,0,14,,,0.0,,,0,1,0.0,,,,,,,,,28,,0
775,21980,1381,John Long,DET,Detroit Pistons,0028000125,1980-11-01,DET @ CHI,L,0,12,,,0.0,,,4,4,1.0,,,,,,,,,28,,0
776,21980,76362,Bill Cartwright,NYK,New York Knicks,0028000111,1980-10-30,NYK vs. ATL,W,0,12,,,0.0,,,4,6,0.667,,,,,,,,,28,,0
777,21980,76504,Adrian Dantley,UTH,Utah Jazz,0028000100,1980-10-28,UTH @ DAL,W,0,12,,,0.0,,,4,4,1.0,,,,,,,,,28,,0
778,21980,76272,Fred Brown,SEA,Seattle SuperSonics,0028000094,1980-10-26,SEA vs. POR,W,0,13,,,0.0,,,2,2,1.0,,,,,,,,,28,,0
779,21980,76673,Alex English,DEN,Denver Nuggets,0028000086,1980-10-25,DEN @ KCK,L,0,9,,,0.0,,,10,11,0.909,,,,,,,,,28,,0
780,21980,77618,Steve Mix,PHL,Philadelphia 76ers,0028000082,1980-10-25,PHL @ ATL,W,0,11,,,0.0,,,6,7,0.857,,,,,,,,,28,,0
781,21980,1453,Walter Davis,PHX,Phoenix Suns,0028000081,1980-10-25,PHX @ SEA,W,0,11,,,0.0,,,6,8,0.75,,,,,,,,,28,,0
782,21980,77160,Marques Johnson,MIL,Milwaukee Bucks,0028000065,1980-10-21,MIL vs. CLE,W,0,12,,,0.0,,,4,4,1.0,,,,,,,,,28,,0
783,21980,76753,World Free,GOS,Golden State Warriors,0028000062,1980-10-21,GOS @ KCK,W,0,9,,,0.0,,,10,13,0.769,,,,,,,,,28,,0
784,21980,76266,Michael Brooks,SDC,San Diego Clippers,0028000056,1980-10-19,SDC vs. PHX,L,0,10,,,0.0,,,8,13,0.615,,,,,,,,6.0,28,,0
785,21980,78025,Dan Roundfield,ATL,Atlanta Hawks,0028000052,1980-10-18,ATL @ DET,W,0,9,,,0.0,,,10,12,0.833,,,,,,,,,28,,0
786,21980,77087,Geoff Huston,DAL,Dallas Mavericks,0028000041,1980-10-17,DAL vs. KCK,L,0,12,,,0.0,,,4,6,0.667,,,,,,,,,28,,0
787,21980,77239,Greg Kelser,DET,Detroit Pistons,0028000037,1980-10-16,DET vs. SAN,L,0,11,,,0.0,,,6,7,0.857,,,,,,,,,28,,0
788,21980,77986,Cliff T. Robinson,NJN,New Jersey Nets,0028000033,1980-10-15,NJN vs. PHL,L,0,11,,,0.0,,,6,7,0.857,,,,,,,,,28,,0
789,21980,78326,David Thompson,DEN,Denver Nuggets,0028000018,1980-10-12,DEN vs. UTH,L,0,12,,,0.0,,,4,5,0.8,,,,,,,,,28,,0
790,21980,77141,Dennis Johnson,PHX,Phoenix Suns,0028000001,1980-10-10,PHX vs. GOS,W,0,10,,,0.0,,,8,9,0.889,,,,,,,,,28,,0
791,21980,78482,Scott Wedman,KCK,Kansas City Kings,0028000938,1981-03-29,KCK vs. DAL,W,0,12,,,0.0,,,3,4,0.75,,,,,,,,,27,,0
792,21980,77876,Kevin Porter,WAS,Washington Bullets,0028000943,1981-03-29,WAS vs. CLE,W,0,12,,,1.0,,,2,5,0.4,,,,,,,,,27,,0
793,21980,78390,Terry Tyler,DET,Detroit Pistons,0028000928,1981-03-27,DET @ BOS,W,0,12,,,0.0,,,3,6,0.5,,,,,,,,,27,,0
794,21980,77273,Reggie King,KCK,Kansas City Kings,0028000923,1981-03-27,KCK @ HOU,L,0,12,,,0.0,,,3,4,0.75,,,,,,,,,27,,0
795,21980,1453,Walter Davis,PHX,Phoenix Suns,0028000913,1981-03-25,PHX vs. KCK,L,0,11,,,1.0,,,4,4,1.0,,,,,,,,,27,,0
796,21980,77141,Dennis Johnson,PHX,Phoenix Suns,0028000902,1981-03-24,PHX @ POR,L,0,10,,,0.0,,,7,7,1.0,,,,,,,,,27,,0
797,21980,78532,Jamaal Wilkes,LAL,Los Angeles Lakers,0028000896,1981-03-22,LAL @ GOS,W,0,13,,,0.0,,,1,2,0.5,,,,,,,,,27,,0
798,21980,77689,Swen Nater,SDC,San Diego Clippers,0028000891,1981-03-22,SDC @ SAN,L,0,11,,,0.0,,,5,7,0.714,,,,,,,,,27,,0
799,21980,77952,Micheal Ray Richardson,NYK,New York Knicks,0028000886,1981-03-21,NYK vs. CLE,W,0,11,,,1.0,,,4,7,0.571,,,,,,,,,27,,0
800,21980,77264,Bernard King,GOS,Golden State Warriors,0028000888,1981-03-21,GOS vs. PHX,W,0,11,,,0.0,,,5,5,1.0,,,,,,,,,27,,0
801,21980,77487,Cedric Maxwell,BOS,Boston Celtics,0028000884,1981-03-20,BOS vs. WAS,W,0,10,,,0.0,,,7,8,0.875,,,,,,,,,27,,0
802,21980,77449,Moses Malone,HOU,Houston Rockets,0028000881,1981-03-20,HOU @ POR,L,0,12,,,0.0,,,3,10,0.3,,,,,,,,,27,,0
803,21980,76887,Kevin Grevey,WAS,Washington Bullets,0028000884,1981-03-20,WAS @ BOS,L,0,11,,,1.0,,,4,5,0.8,,,,,,,,,27,,0
804,21980,77097,Dan Issel,DEN,Denver Nuggets,0028000870,1981-03-18,DEN @ KCK,W,0,11,,,0.0,,,5,7,0.714,,,,,,,,,27,,0
805,21980,76003,Kareem Abdul-Jabbar,LAL,Los Angeles Lakers,0028000869,1981-03-18,LAL @ PHX,L,0,11,,,0.0,,,5,5,1.0,,,,,,,,,27,,0
806,21980,76252,Junior Bridgeman,MIL,Milwaukee Bucks,0028000868,1981-03-18,MIL vs. NYK,L,0,10,,,0.0,,,7,7,1.0,,,,,,,,,27,,0
807,21980,78532,Jamaal Wilkes,LAL,Los Angeles Lakers,0028000856,1981-03-15,LAL vs. SDC,L,0,11,,,0.0,,,5,6,0.833,,,,,,,,,27,,0
808,21980,77273,Reggie King,KCK,Kansas City Kings,0028000854,1981-03-15,KCK vs. CHI,L,0,11,,,0.0,,,5,8,0.625,,,,,,,,,27,,0
809,21980,78326,David Thompson,DEN,Denver Nuggets,0028000852,1981-03-15,DEN vs. HOU,W,0,10,,,0.0,,,7,8,0.875,,,,,,,,,27,,0
810,21980,77167,Vinnie Johnson,SEA,Seattle SuperSonics,0028000849,1981-03-15,SEA @ MIL,L,0,9,,,0.0,,,9,12,0.75,,,,,,,,,27,,0
811,21980,76266,Michael Brooks,SDC,San Diego Clippers,0028000846,1981-03-14,SDC vs. SAN,W,0,13,,,0.0,,,1,2,0.5,,,,,,,,,27,,0
812,21980,76616,Mike Dunleavy,HOU,Houston Rockets,0028000842,1981-03-13,HOU vs. POR,W,0,11,,,0.0,,,5,5,1.0,,,,,,,,,27,,0
813,21980,78326,David Thompson,DEN,Denver Nuggets,0028000839,1981-03-13,DEN @ ATL,L,0,9,,,0.0,,,9,12,0.75,,,,,,,,,27,,0
814,21980,78571,Ray Williams,NYK,New York Knicks,0028000837,1981-03-13,NYK vs. CHI,W,0,10,,,1.0,,,6,10,0.6,,,,,,,,,27,,0
815,21980,77142,Magic Johnson,LAL,Los Angeles Lakers,0028000832,1981-03-12,LAL @ SDC,W,0,12,,,0.0,,,3,4,0.75,,,,,,,,,27,,0
816,21980,77097,Dan Issel,DEN,Denver Nuggets,0028000835,1981-03-12,DEN @ MIL,L,0,11,,,1.0,,,4,7,0.571,,,,,,,,,27,,0
817,21980,76418,Don Collins,WAS,Washington Bullets,0028000830,1981-03-11,WAS @ NJN,L,0,8,,,0.0,,,11,17,0.647,,,,,,,,,27,,0
818,21980,76830,Glen Gondrezick,DEN,Denver Nuggets,0028000822,1981-03-10,DEN vs. POR,L,0,9,,,0.0,,,9,10,0.9,,,,,,,,,27,,0
819,21980,77141,Dennis Johnson,PHX,Phoenix Suns,0028000824,1981-03-10,PHX @ DAL,L,0,10,,,1.0,,,6,7,0.857,,,,,,,,,27,,0
820,21980,78025,Dan Roundfield,ATL,Atlanta Hawks,0028000809,1981-03-07,ATL vs. HOU,W,0,7,,,0.0,,,13,13,1.0,,,,,,,,,27,,0
821,21980,76362,Bill Cartwright,NYK,New York Knicks,0028000795,1981-03-05,NYK @ DET,W,0,10,,,0.0,,,7,9,0.778,,,,,,,,,27,,0
822,21980,77097,Dan Issel,DEN,Denver Nuggets,0028000786,1981-03-04,DEN vs. LAL,W,0,11,,,0.0,,,5,7,0.714,,,,,,,,,27,,0
823,21980,78390,Terry Tyler,DET,Detroit Pistons,0028000777,1981-03-01,DET @ NJN,W,0,11,,,0.0,,,5,5,1.0,,,,,,,,,27,,0
824,21980,78199,Phil Smith,SDC,San Diego Clippers,0028000772,1981-03-01,SDC @ DAL,L,0,10,,,0.0,,,7,7,1.0,,,,,,,,,27,,0
825,21980,77669,Calvin Murphy,HOU,Houston Rockets,0028000767,1981-02-28,HOU vs. SDC,L,0,11,,,0.0,,,5,5,1.0,,,,,,,,,27,,0
826,21980,77615,Mike Mitchell,CLE,Cleveland Cavaliers,0028000751,1981-02-25,CLE @ BOS,L,0,11,,,0.0,,,5,6,0.833,,,,,,,,,27,,0
827,21980,77998,Dave Robisch,DEN,Denver Nuggets,0028000744,1981-02-24,DEN vs. NJN,W,0,11,,,0.0,,,5,5,1.0,,,,,,,,,27,,0
828,21980,77669,Calvin Murphy,HOU,Houston Rockets,0028000740,1981-02-22,HOU @ SEA,W,0,11,,,0.0,,,5,5,1.0,,,,,,,,,27,,0
829,21980,76681,Julius Erving,PHL,Philadelphia 76ers,0028000719,1981-02-19,PHL @ WAS,L,0,12,,,0.0,,,3,6,0.5,,,,,,,,,27,,0
830,21980,77264,Bernard King,GOS,Golden State Warriors,0028000714,1981-02-18,GOS vs. CHI,W,0,9,,,0.0,,,9,12,0.75,,,,,,,,,27,,0
831,21980,77952,Micheal Ray Richardson,NYK,New York Knicks,0028000710,1981-02-17,NYK @ LAL,L,0,10,,,1.0,,,6,6,1.0,,,,,,,,,27,,0
832,21980,76085,James Bailey,SEA,Seattle SuperSonics,0028000709,1981-02-17,SEA @ UTH,W,0,8,,,0.0,,,11,14,0.786,,,,,,,,,27,,0
833,21980,77876,Kevin Porter,WAS,Washington Bullets,0028000707,1981-02-17,WAS vs. POR,L,0,12,,,0.0,,,3,5,0.6,,,,,,,,,27,,0
834,21980,76353,Joe Barry Carroll,GOS,Golden State Warriors,0028000702,1981-02-15,GOS @ NJN,L,0,11,,,0.0,,,5,7,0.714,,,,,,,,,27,,0
835,21980,77532,George McGinnis,IND,Indiana Pacers,0028000697,1981-02-15,IND vs. CHI,W,0,11,,,0.0,,,5,5,1.0,,,,,,,,,27,,0
836,21980,77097,Dan Issel,DEN,Denver Nuggets,0028000696,1981-02-15,DEN vs. BOS,L,0,9,,,0.0,,,9,10,0.9,,,,,,,,,27,,0
837,21980,76681,Julius Erving,PHL,Philadelphia 76ers,0028000694,1981-02-15,PHL vs. ATL,W,0,12,,,0.0,,,3,5,0.6,,,,,,,,,27,,0
838,21980,78570,Sly Williams,NYK,New York Knicks,0028000681,1981-02-13,NYK vs. DET,W,0,13,,,0.0,,,1,2,0.5,,,,,,,,,27,,0
839,21980,78331,Mychal Thompson,POR,Portland Trail Blazers,0028000678,1981-02-12,POR vs. SEA,L,0,13,,,0.0,,,1,2,0.5,,,,,,,,,27,,0
840,21980,76350,Kenny Carr,CLE,Cleveland Cavaliers,0028000677,1981-02-12,CLE vs. NYK,L,0,11,,,0.0,,,5,6,0.833,,,,,,,,,27,,0
841,21980,77993,Truck Robinson,PHX,Phoenix Suns,0028000675,1981-02-11,PHX vs. DAL,W,0,11,,,0.0,,,5,6,0.833,,,,,,,,,27,,0
842,21980,78310,Reggie Theus,CHI,Chicago Bulls,0028000674,1981-02-11,CHI @ NJN,L,0,9,,,0.0,,,9,13,0.692,,,,,,,,,27,,0
843,21980,76753,World Free,GOS,Golden State Warriors,0028000664,1981-02-10,GOS @ ATL,L,0,7,,,0.0,,,13,15,0.867,,,,,,,,,27,,0
844,21980,76252,Junior Bridgeman,MIL,Milwaukee Bucks,0028000660,1981-02-08,MIL vs. CHI,W,0,11,,,0.0,,,5,6,0.833,,,,,,,,,27,,0
845,21980,78150,James Silas,SAN,San Antonio Spurs,0028000656,1981-02-08,SAN vs. DAL,W,0,6,,,0.0,,,15,19,0.789,,,,,,,,,27,,0
846,21980,76804,George Gervin,SAN,San Antonio Spurs,0028000656,1981-02-08,SAN vs. DAL,W,0,11,,,0.0,,,5,8,0.625,,,,,,,,,27,,0
847,21980,77141,Dennis Johnson,PHX,Phoenix Suns,0028000654,1981-02-08,PHX vs. WAS,W,0,12,,,0.0,,,3,7,0.429,,,,,,,,,27,,0
848,21980,77876,Kevin Porter,WAS,Washington Bullets,0028000639,1981-02-06,WAS @ GOS,W,0,10,,,0.0,,,7,9,0.778,,,,,,,,,27,,0
849,21980,77290,Billy Knight,IND,Indiana Pacers,0028000634,1981-02-04,IND vs. LAL,L,0,9,,,0.0,,,9,14,0.643,,,,,,,,,27,,0
850,21980,77160,Marques Johnson,MIL,Milwaukee Bucks,0028000623,1981-02-03,MIL vs. IND,L,0,9,,,0.0,,,9,11,0.818,,,,,,,,,27,,0
851,21980,77848,Roger Phegley,CLE,Cleveland Cavaliers,0028000618,1981-01-29,CLE vs. PHX,W,0,9,,,0.0,,,9,10,0.9,,,,,,,,,27,,0
852,21980,77615,Mike Mitchell,CLE,Cleveland Cavaliers,0028000618,1981-01-29,CLE vs. PHX,W,0,12,,,0.0,,,3,4,0.75,,,,,,,,,27,,0
853,21980,77273,Reggie King,KCK,Kansas City Kings,0028000613,1981-01-29,KCK @ LAL,L,0,10,,,0.0,,,7,10,0.7,,,,,,,,,27,,0
854,21980,76003,Kareem Abdul-Jabbar,LAL,Los Angeles Lakers,0028000598,1981-01-27,LAL vs. UTH,W,0,10,,,0.0,,,7,11,0.636,,,,,,,,,27,,0
855,21980,76673,Alex English,DEN,Denver Nuggets,0028000583,1981-01-24,DEN vs. SAN,W,0,10,,,0.0,,,7,10,0.7,,,,,,,,,27,,0
856,21980,76121,Billyray Bates,POR,Portland Trail Blazers,0028000574,1981-01-23,POR vs. NYK,W,0,11,,,0.0,,,5,5,1.0,,,,,,,,,27,,0
857,21980,76091,Greg Ballard,WAS,Washington Bullets,0028000573,1981-01-22,WAS vs. PHL,L,0,12,,,0.0,,,3,3,1.0,,,,,,,,,27,,0
858,21980,77993,Truck Robinson,PHX,Phoenix Suns,0028000564,1981-01-21,PHX @ HOU,L,0,13,,,0.0,,,1,1,1.0,,,,,,,,,27,,0
859,21980,77324,Mitch Kupchak,WAS,Washington Bullets,0028000553,1981-01-18,WAS vs. NJN,W,0,9,,,0.0,,,9,13,0.692,,,,,,,,,27,,0
860,21980,76979,Elvin Hayes,WAS,Washington Bullets,0028000542,1981-01-17,WAS vs. SAN,W,0,10,,,0.0,,,7,11,0.636,,,16.0,,,,,,27,,0
861,21980,77163,Reggie Johnson,SAN,San Antonio Spurs,0028000522,1981-01-14,SAN vs. NYK,W,0,11,,,0.0,,,5,7,0.714,,,,,,,,,27,,0
862,21980,76154,Kent Benson,DET,Detroit Pistons,0028000511,1981-01-11,DET @ LAL,L,0,11,,,0.0,,,5,9,0.556,,,,,,,,,27,,0
863,21980,76353,Joe Barry Carroll,GOS,Golden State Warriors,0028000502,1981-01-10,GOS vs. DET,W,0,11,,,0.0,,,5,6,0.833,,,,,,,,,27,,0
864,21980,1381,John Long,DET,Detroit Pistons,0028000502,1981-01-10,DET @ GOS,L,0,12,,,0.0,,,3,3,1.0,,,,,,,,,27,,0
865,21980,77615,Mike Mitchell,CLE,Cleveland Cavaliers,0028000501,1981-01-10,CLE vs. NYK,L,0,11,,,0.0,,,5,5,1.0,,,,,,,,,27,,0
866,21980,77097,Dan Issel,DEN,Denver Nuggets,0028000500,1981-01-10,DEN @ SEA,L,0,10,,,0.0,,,7,12,0.583,,,,,,,,,27,,0
867,21980,78532,Jamaal Wilkes,LAL,Los Angeles Lakers,0028000496,1981-01-09,LAL vs. SEA,W,0,12,,,0.0,,,3,4,0.75,,,,,,,,,27,,0
868,21980,1453,Walter Davis,PHX,Phoenix Suns,0028000493,1981-01-09,PHX @ NJN,W,0,12,,,0.0,,,3,4,0.75,,,,,,,,,27,,0
869,21980,76826,Mike Gminski,NJN,New Jersey Nets,0028000484,1981-01-07,NJN @ IND,L,0,12,,,0.0,,,3,3,1.0,,,,,,,,,27,,0
870,21980,76753,World Free,GOS,Golden State Warriors,0028000481,1981-01-07,GOS vs. DAL,L,0,7,,,0.0,,,13,16,0.813,,,,,,,,,27,,0
871,21980,78310,Reggie Theus,CHI,Chicago Bulls,0028000475,1981-01-06,CHI vs. SDC,W,0,9,,,0.0,,,9,11,0.818,,,,,,,,,27,,0
872,21980,78500,Paul Westphal,SEA,Seattle SuperSonics,0028000474,1981-01-05,SEA vs. DAL,W,0,10,,,0.0,,,7,7,1.0,,,,,,,,,27,,0
873,21980,78571,Ray Williams,NYK,New York Knicks,0028000464,1981-01-03,NYK vs. ATL,W,0,9,,,1.0,,,8,11,0.727,,,,,,,,,27,,0
874,21980,77097,Dan Issel,DEN,Denver Nuggets,0028000470,1981-01-03,DEN @ HOU,W,0,9,,,0.0,,,9,9,1.0,,,,,,,,,27,,0
875,21980,78548,Freeman Williams,SDC,San Diego Clippers,0028000467,1981-01-03,SDC @ IND,L,0,11,,,0.0,,,5,5,1.0,,,,,,,,,27,,0
876,21980,78222,Jim Spanarkel,DAL,Dallas Mavericks,0028000456,1981-01-02,DAL vs. HOU,L,0,9,,,0.0,,,9,11,0.818,,,,,,,,6.0,27,,0
877,21980,76504,Adrian Dantley,UTH,Utah Jazz,0028000453,1981-01-01,UTH @ HOU,L,0,9,,,0.0,,,9,10,0.9,,,,,,,,,27,,0
878,21980,78500,Paul Westphal,SEA,Seattle SuperSonics,0028000445,1980-12-30,SEA @ SAN,L,0,11,,,1.0,,,4,4,1.0,,,,,,,,,27,,0
879,21980,1449,Larry Bird,BOS,Boston Celtics,0028000442,1980-12-30,BOS @ PHX,W,0,9,,,1.0,,,8,8,1.0,,,,,,,,,27,,0
880,21980,76003,Kareem Abdul-Jabbar,LAL,Los Angeles Lakers,0028000432,1980-12-27,LAL @ PHX,L,0,9,,,0.0,,,9,12,0.75,,,,,,,,,27,,0
881,21980,78331,Mychal Thompson,POR,Portland Trail Blazers,0028000426,1980-12-26,POR @ SEA,W,0,12,,,0.0,,,3,3,1.0,,,,,,,,,27,,0
882,21980,76350,Kenny Carr,CLE,Cleveland Cavaliers,0028000414,1980-12-23,CLE vs. KCK,L,0,11,,,0.0,,,5,8,0.625,,,,,,,,,27,,0
883,21980,76753,World Free,GOS,Golden State Warriors,0028000413,1980-12-23,GOS @ HOU,W,0,12,,,0.0,,,3,6,0.5,,,,,,,,,27,,0
884,21980,1449,Larry Bird,BOS,Boston Celtics,0028000412,1980-12-23,BOS vs. DEN,W,0,13,,,0.0,,,1,2,0.5,,,,,,,,,27,,0
885,21980,77141,Dennis Johnson,PHX,Phoenix Suns,0028000406,1980-12-22,PHX @ SEA,W,0,9,,,1.0,,,8,11,0.727,,,,,,,,,27,,0
886,21980,77071,Phil Hubbard,DET,Detroit Pistons,0028000404,1980-12-21,DET @ SDC,L,0,8,,,0.0,,,11,16,0.688,,,,,,,,,27,,0
887,21980,77615,Mike Mitchell,CLE,Cleveland Cavaliers,0028000400,1980-12-20,CLE vs. BOS,L,0,11,,,1.0,,,4,6,0.667,,,,,,,,,27,,0
888,21980,77184,Edgar Jones,NJN,New Jersey Nets,0028000392,1980-12-19,NJN @ PHL,L,0,9,,,0.0,,,9,11,0.818,,,,,,,,,27,,0
889,21980,77615,Mike Mitchell,CLE,Cleveland Cavaliers,0028000383,1980-12-18,CLE vs. DEN,W,0,11,,,0.0,,,5,6,0.833,,,,,,,,,27,,0
890,21980,76154,Kent Benson,DET,Detroit Pistons,0028000374,1980-12-17,DET vs. NYK,L,0,11,,,0.0,,,5,8,0.625,,,,,,,,,27,,0
891,21980,76804,George Gervin,SAN,San Antonio Spurs,0028000370,1980-12-16,SAN @ DAL,W,0,11,,,0.0,,,5,6,0.833,,,,,,,,,27,,0
892,21980,600005,Bob Lanier,MIL,Milwaukee Bucks,0028000361,1980-12-13,MIL @ ATL,L,0,12,,,0.0,,,3,5,0.6,,,,,,,,,27,,0
893,21980,78326,David Thompson,DEN,Denver Nuggets,0028000360,1980-12-13,DEN @ SAN,L,0,12,,,0.0,,,3,3,1.0,,,,,,,,,27,,0
894,21980,76890,Darrell Griffith,UTH,Utah Jazz,0028000355,1980-12-13,UTH @ CLE,L,0,9,,,0.0,,,9,11,0.818,,,,,,,,,27,,0
895,21980,78150,James Silas,SAN,San Antonio Spurs,0028000345,1980-12-11,SAN vs. KCK,W,0,10,,,0.0,,,7,7,1.0,,,,,,,,,27,,0
896,21980,77087,Geoff Huston,DAL,Dallas Mavericks,0028000341,1980-12-10,DAL @ DEN,L,0,12,,,0.0,,,3,3,1.0,,,,,,,,,27,,0
897,21980,76673,Alex English,DEN,Denver Nuggets,0028000341,1980-12-10,DEN vs. DAL,W,0,11,,,0.0,,,5,5,1.0,,,,,,,,,27,,0
898,21980,78149,Jack Sikma,SEA,Seattle SuperSonics,0028000336,1980-12-10,SEA @ GOS,W,0,10,,,0.0,,,7,7,1.0,,,,,,,,,27,,0
899,21980,77160,Marques Johnson,MIL,Milwaukee Bucks,0028000330,1980-12-09,MIL @ BOS,L,0,11,,,0.0,,,5,6,0.833,,,,,,,,,27,,0
900,21980,76979,Elvin Hayes,WAS,Washington Bullets,0028000323,1980-12-07,WAS @ BOS,W,0,13,,,0.0,,,1,5,0.2,,,,,,,,,27,,0
901,21980,76272,Fred Brown,SEA,Seattle SuperSonics,0028000316,1980-12-06,SEA @ UTH,W,0,10,,,0.0,,,7,7,1.0,,,,,,,,,27,,0
902,21980,76003,Kareem Abdul-Jabbar,LAL,Los Angeles Lakers,0028000320,1980-12-06,LAL @ GOS,L,0,11,,,0.0,,,5,8,0.625,,,,,,,,,27,,0
903,21980,76121,Billyray Bates,POR,Portland Trail Blazers,0028000312,1980-12-05,POR vs. CHI,W,0,12,,,0.0,,,3,4,0.75,,,,,,,,,27,,0
904,21980,76385,Maurice Cheeks,PHL,Philadelphia 76ers,0028000295,1980-12-03,PHL vs. NYK,W,0,10,,,0.0,,,7,8,0.875,,,,,,,,,27,,0
905,21980,77691,Calvin Natt,POR,Portland Trail Blazers,0028000269,1980-11-28,POR @ PHL,L,0,8,,,0.0,,,11,13,0.846,,,,,,,,,27,,0
906,21980,77986,Cliff T. Robinson,NJN,New Jersey Nets,0028000266,1980-11-28,NJN vs. UTH,W,0,12,,,0.0,,,3,6,0.5,,,,,,,,,27,,0
907,21980,77615,Mike Mitchell,CLE,Cleveland Cavaliers,0028000264,1980-11-28,CLE vs. WAS,W,0,10,,,0.0,,,7,10,0.7,,,,,,,,,27,,0
908,21980,76804,George Gervin,SAN,San Antonio Spurs,0028000259,1980-11-26,SAN vs. CHI,W,0,11,,,0.0,,,5,5,1.0,,,,,,,,,27,,0
909,21980,78215,Ricky Sobers,CHI,Chicago Bulls,0028000259,1980-11-26,CHI @ SAN,L,0,13,,,1.0,,,0,0,,,,,,,,,,27,,0
910,21980,77097,Dan Issel,DEN,Denver Nuggets,0028000244,1980-11-23,DEN @ PHX,L,0,10,,,0.0,,,7,8,0.875,,,,,,,,,27,,0
911,21980,78532,Jamaal Wilkes,LAL,Los Angeles Lakers,0028000243,1980-11-23,LAL vs. MIL,L,0,9,,,0.0,,,9,10,0.9,,,,,,,,,27,,0
912,21980,1449,Larry Bird,BOS,Boston Celtics,0028000234,1980-11-21,BOS vs. GOS,W,0,10,,,1.0,,,6,6,1.0,,,,,,,,,27,,0
913,21980,77290,Billy Knight,IND,Indiana Pacers,0028000223,1980-11-19,IND vs. BOS,L,0,11,,,0.0,,,5,7,0.714,,,,,,,,,27,,0
914,21980,77290,Billy Knight,IND,Indiana Pacers,0028000216,1980-11-18,IND @ DET,W,0,10,,,0.0,,,7,8,0.875,,,,,,,,,27,,0
915,21980,78467,Kermit Washington,POR,Portland Trail Blazers,0028000201,1980-11-15,POR @ DEN,L,0,11,,,0.0,,,5,9,0.556,,,,,,,,,27,,0
916,21980,77626,Sidney Moncrief,MIL,Milwaukee Bucks,0028000197,1980-11-14,MIL vs. NYK,W,0,10,,,0.0,,,7,7,1.0,,,,,,,,,27,,0
917,21980,76362,Bill Cartwright,NYK,New York Knicks,0028000197,1980-11-14,NYK @ MIL,L,0,12,,,0.0,,,3,3,1.0,,,,,,,,,27,,0
918,21980,78326,David Thompson,DEN,Denver Nuggets,0028000181,1980-11-12,DEN @ NJN,L,0,11,,,0.0,,,5,5,1.0,,,,,,,,,27,,0
919,21980,76252,Junior Bridgeman,MIL,Milwaukee Bucks,0028000180,1980-11-12,MIL @ DET,W,0,12,,,0.0,,,3,4,0.75,,,,,,,,,27,,0
920,21980,78150,James Silas,SAN,San Antonio Spurs,0028000171,1980-11-11,SAN vs. IND,L,0,10,,,0.0,,,7,9,0.778,,,,,,,,,27,,0
921,21980,77246,Larry Kenon,CHI,Chicago Bulls,0028000153,1980-11-07,CHI vs. ATL,W,0,10,,,0.0,,,7,16,0.438,,,,,,,,,27,,0
922,21980,76362,Bill Cartwright,NYK,New York Knicks,0028000152,1980-11-07,NYK @ DEN,W,0,11,,,0.0,,,5,7,0.714,,,,,,,,,27,,0
923,21980,77786,Tom Owens,POR,Portland Trail Blazers,0028000150,1980-11-07,POR vs. GOS,W,0,7,,,0.0,,,13,19,0.684,,,,,,,,,27,,0
924,21980,77264,Bernard King,GOS,Golden State Warriors,0028000150,1980-11-07,GOS @ POR,L,0,11,,,0.0,,,5,6,0.833,,,,,,,,,27,,0
925,21980,78532,Jamaal Wilkes,LAL,Los Angeles Lakers,0028000138,1980-11-04,LAL vs. POR,W,0,13,,,0.0,,,1,1,1.0,,,,,,,,,27,,0
926,21980,76504,Adrian Dantley,UTH,Utah Jazz,0028000128,1980-11-01,UTH @ POR,W,0,9,,,0.0,,,9,12,0.75,,,,,,,,,27,,0
927,21980,77160,Marques Johnson,MIL,Milwaukee Bucks,0028000126,1980-11-01,MIL @ ATL,W,0,10,,,0.0,,,7,11,0.636,,,,,,,,,27,,0
928,21980,76890,Darrell Griffith,UTH,Utah Jazz,0028000109,1980-10-29,UTH vs. SAN,W,0,12,,,0.0,,,3,6,0.5,,,,,,,,,27,,0
929,21980,77264,Bernard King,GOS,Golden State Warriors,0028000103,1980-10-29,GOS vs. DEN,W,0,11,,,0.0,,,5,10,0.5,,,,,,,,,27,,0
930,21980,77290,Billy Knight,IND,Indiana Pacers,0028000102,1980-10-29,IND vs. NYK,W,0,13,,,0.0,,,1,1,1.0,,,,,,,,,27,,0
931,21980,76272,Fred Brown,SEA,Seattle SuperSonics,0028000101,1980-10-28,SEA vs. GOS,W,0,13,,,1.0,,,0,0,,,,,,,,,,27,,0
932,21980,78025,Dan Roundfield,ATL,Atlanta Hawks,0028000095,1980-10-28,ATL vs. KCK,W,0,10,,,0.0,,,7,9,0.778,,,,,,,,,27,,0
933,21980,76504,Adrian Dantley,UTH,Utah Jazz,0028000077,1980-10-24,UTH @ SDC,L,0,11,,,0.0,,,5,6,0.833,,,,,,,,,27,,0
934,21980,76362,Bill Cartwright,NYK,New York Knicks,0028000073,1980-10-23,NYK @ BOS,W,0,11,,,0.0,,,5,9,0.556,,,,,,,,,27,,0
935,21980,76979,Elvin Hayes,WAS,Washington Bullets,0028000067,1980-10-22,WAS vs. CLE,W,0,12,,,0.0,,,3,6,0.5,,,,,,,,,27,,0
936,21980,78571,Ray Williams,NYK,New York Knicks,0028000058,1980-10-21,NYK vs. CHI,W,0,11,,,0.0,,,5,6,0.833,,,,,,,,,27,,0
937,21980,1381,John Long,DET,Detroit Pistons,0028000052,1980-10-18,DET vs. ATL,L,0,11,,,0.0,,,5,6,0.833,,,,,,,,,27,,0
938,21980,77160,Marques Johnson,MIL,Milwaukee Bucks,0028000035,1980-10-16,MIL vs. BOS,L,0,10,,,0.0,,,7,8,0.875,,,,,,,,,27,,0
939,21980,76681,Julius Erving,PHL,Philadelphia 76ers,0028000033,1980-10-15,PHL @ NJN,W,0,9,,,0.0,,,9,10,0.9,,,,,,,,,27,,0
940,21980,77669,Calvin Murphy,HOU,Houston Rockets,0028000030,1980-10-15,HOU vs. SEA,W,0,9,,,0.0,,,9,10,0.9,,,,,,,,,27,,0
941,21980,78150,James Silas,SAN,San Antonio Spurs,0028000026,1980-10-14,SAN vs. KCK,W,0,9,,,0.0,,,9,11,0.818,,,,,,,,,27,,0
942,21980,78025,Dan Roundfield,ATL,Atlanta Hawks,0028000934,1981-03-29,ATL vs. MIL,L,0,10,,,0.0,,,6,6,1.0,,,,,,,,,26,,0
943,21980,77626,Sidney Moncrief,MIL,Milwaukee Bucks,0028000934,1981-03-29,MIL @ ATL,W,0,10,,,0.0,,,6,9,0.667,,,,,,,,,26,,0
944,21980,77952,Micheal Ray Richardson,NYK,New York Knicks,0028000900,1981-03-24,NYK vs. BOS,L,0,9,,,1.0,,,7,10,0.7,,,,,,,,,26,,0
945,21980,305,Robert Parish,BOS,Boston Celtics,0028000900,1981-03-24,BOS @ NYK,W,0,11,,,0.0,,,4,6,0.667,,,,,,,,,26,,0
946,21980,77615,Mike Mitchell,CLE,Cleveland Cavaliers,0028000886,1981-03-21,CLE @ NYK,L,0,11,,,0.0,,,4,4,1.0,,,,,,,,,26,,0
947,21980,77952,Micheal Ray Richardson,NYK,New York Knicks,0028000883,1981-03-20,NYK @ IND,W,0,10,,,2.0,,,4,6,0.667,,,,,,,,,26,,0
948,21980,76085,James Bailey,SEA,Seattle SuperSonics,0028000879,1981-03-20,SEA @ LAL,L,0,11,,,0.0,,,4,5,0.8,,,,,,,,,26,,0
949,21980,78139,Purvis Short,GOS,Golden State Warriors,0028000873,1981-03-18,GOS vs. HOU,W,0,9,,,0.0,,,8,8,1.0,,,,,,,,,26,,0
950,21980,77998,Dave Robisch,DEN,Denver Nuggets,0028000861,1981-03-17,DEN vs. SEA,W,0,9,,,0.0,,,8,8,1.0,,,,,,,,,26,,0
951,21980,77848,Roger Phegley,CLE,Cleveland Cavaliers,0028000860,1981-03-17,CLE vs. ATL,W,0,11,,,0.0,,,4,4,1.0,,,,,,,,,26,,0
952,21980,77997,Bill Robinzine,DAL,Dallas Mavericks,0028000858,1981-03-17,DAL vs. LAL,L,0,11,,,0.0,,,4,6,0.667,,,,,,,,,26,,0
953,21980,76003,Kareem Abdul-Jabbar,LAL,Los Angeles Lakers,0028000856,1981-03-15,LAL vs. SDC,L,0,9,,,0.0,,,8,8,1.0,,,,,,,,,26,,0
954,21980,77819,Jim Paxson,POR,Portland Trail Blazers,0028000855,1981-03-15,POR vs. DAL,W,0,11,,,0.0,,,4,6,0.667,,,,,,,,,26,,0
955,21980,76504,Adrian Dantley,UTH,Utah Jazz,0028000844,1981-03-14,UTH @ HOU,L,0,11,,,0.0,,,4,7,0.571,,,,,,,,,26,,0
956,21980,77669,Calvin Murphy,HOU,Houston Rockets,0028000842,1981-03-13,HOU vs. POR,W,0,12,,,0.0,,,2,2,1.0,,,,,,,,,26,,0
957,21980,77420,Maurice Lucas,NJN,New Jersey Nets,0028000838,1981-03-13,NJN @ CLE,W,0,11,,,0.0,,,4,4,1.0,,,,,,,,,26,,0
958,21980,78548,Freeman Williams,SDC,San Diego Clippers,0028000832,1981-03-12,SDC vs. LAL,L,0,12,,,1.0,,,1,2,0.5,,,,,,,,,26,,0
959,21980,78222,Jim Spanarkel,DAL,Dallas Mavericks,0028000833,1981-03-12,DAL vs. GOS,W,0,10,,,0.0,,,6,6,1.0,,,,,,,,,26,,0
960,21980,76290,Joe Bryant,SDC,San Diego Clippers,0028000832,1981-03-12,SDC vs. LAL,L,0,11,,,0.0,,,4,5,0.8,,,,,,,,,26,,0
961,21980,76003,Kareem Abdul-Jabbar,LAL,Los Angeles Lakers,0028000832,1981-03-12,LAL @ SDC,W,0,8,,,0.0,,,10,14,0.714,,,,,,,,,26,,0
962,21980,78149,Jack Sikma,SEA,Seattle SuperSonics,0028000831,1981-03-11,SEA @ CLE,W,0,11,,,0.0,,,4,4,1.0,,,,,,,,,26,,0
963,21980,77986,Cliff T. Robinson,NJN,New Jersey Nets,0028000830,1981-03-11,NJN vs. WAS,W,0,12,,,0.0,,,2,4,0.5,,,,,,,,,26,,0
964,21980,76673,Alex English,DEN,Denver Nuggets,0028000822,1981-03-10,DEN vs. POR,L,0,10,,,0.0,,,6,7,0.857,,,,,,,,,26,,0
965,21980,600014,Artis Gilmore,CHI,Chicago Bulls,0028000821,1981-03-10,CHI @ ATL,W,0,8,,,0.0,,,10,11,0.909,,,,,,,,,26,,0
966,21980,77484,Wes Matthews,ATL,Atlanta Hawks,0028000821,1981-03-10,ATL vs. CHI,L,0,11,,,0.0,,,4,4,1.0,,,,,,,,,26,,0
967,21980,78548,Freeman Williams,SDC,San Diego Clippers,0028000814,1981-03-08,SDC @ SEA,W,0,10,,,0.0,,,6,6,1.0,,,,,,,,,26,,0
968,21980,78548,Freeman Williams,SDC,San Diego Clippers,0028000805,1981-03-06,SDC vs. CLE,W,0,7,,,1.0,,,11,12,0.917,,,,,,,,,26,,0
969,21980,76353,Joe Barry Carroll,GOS,Golden State Warriors,0028000803,1981-03-06,GOS vs. DAL,W,0,11,,,0.0,,,4,6,0.667,,,,,,,,,26,,0
970,21980,76681,Julius Erving,PHL,Philadelphia 76ers,0028000798,1981-03-06,PHL vs. DEN,W,0,13,,,0.0,,,0,5,0.0,,,,,,,,,26,,0
971,21980,77993,Truck Robinson,PHX,Phoenix Suns,0028000794,1981-03-05,PHX @ UTH,W,0,12,,,0.0,,,2,3,0.667,,,,,,,,,26,,0
972,21980,76170,Otis Birdsong,KCK,Kansas City Kings,0028000796,1981-03-05,KCK vs. POR,W,0,11,,,1.0,,,3,6,0.5,,,,,,,,,26,,0
973,21980,78310,Reggie Theus,CHI,Chicago Bulls,0028000792,1981-03-04,CHI @ PHL,W,0,5,,,0.0,,,16,18,0.889,,,,,,,,,26,,0
974,21980,77449,Moses Malone,HOU,Houston Rockets,0028000789,1981-03-04,HOU vs. BOS,L,0,10,,,0.0,,,6,6,1.0,,,,,,,,,26,,0
975,21980,76003,Kareem Abdul-Jabbar,LAL,Los Angeles Lakers,0028000786,1981-03-04,LAL @ DEN,L,0,10,,,0.0,,,6,7,0.857,,,,,,,,,26,,0
976,21980,77911,Kelvin Ransey,POR,Portland Trail Blazers,0028000779,1981-03-03,POR vs. IND,W,0,11,,,0.0,,,4,4,1.0,,,,,,,,,26,,0
977,21980,76091,Greg Ballard,WAS,Washington Bullets,0028000780,1981-03-03,WAS @ UTH,W,0,11,,,1.0,,,3,4,0.75,,,,,,,,,26,,0
978,21980,78532,Jamaal Wilkes,LAL,Los Angeles Lakers,0028000778,1981-03-01,LAL vs. PHX,L,0,10,,,0.0,,,6,10,0.6,,,,,,,,,26,,0
979,21980,76539,Darryl Dawkins,PHL,Philadelphia 76ers,0028000776,1981-03-01,PHL @ BOS,L,0,10,,,0.0,,,6,6,1.0,,,,,,,,,26,,0
980,21980,76804,George Gervin,SAN,San Antonio Spurs,0028000775,1981-03-01,SAN vs. HOU,W,0,9,,,0.0,,,8,9,0.889,,,,,,,,,26,,0
981,21980,77432,Ollie Mack,DAL,Dallas Mavericks,0028000765,1981-02-27,DAL vs. IND,L,0,13,,,0.0,,,0,0,,,,,,,,,,26,,0
982,21980,77141,Dennis Johnson,PHX,Phoenix Suns,0028000760,1981-02-27,PHX @ POR,L,0,12,,,0.0,,,2,2,1.0,,,,,,,,,26,,0
983,21980,77097,Dan Issel,DEN,Denver Nuggets,0028000758,1981-02-27,DEN vs. GOS,W,0,8,,,0.0,,,10,13,0.769,,,,,,,,,26,,0
984,21980,76170,Otis Birdsong,KCK,Kansas City Kings,0028000756,1981-02-26,KCK vs. DAL,W,0,10,,,0.0,,,6,11,0.545,,,,,,,,,26,,0
985,21980,78571,Ray Williams,NYK,New York Knicks,0028000754,1981-02-25,NYK @ WAS,L,0,13,,,0.0,,,0,0,,,,,,,,,,26,,0
986,21980,76091,Greg Ballard,WAS,Washington Bullets,0028000754,1981-02-25,WAS vs. NYK,W,0,12,,,0.0,,,2,2,1.0,,,,,,,,,26,,0
987,21980,76804,George Gervin,SAN,San Antonio Spurs,0028000747,1981-02-24,SAN vs. GOS,W,0,11,,,0.0,,,4,5,0.8,,,,,,,,,26,,0
988,21980,78296,Brian Taylor,SDC,San Diego Clippers,0028000746,1981-02-24,SDC @ POR,W,0,10,,,0.0,,,6,9,0.667,,,,,,,,,26,,0
989,21980,77097,Dan Issel,DEN,Denver Nuggets,0028000744,1981-02-24,DEN vs. NJN,W,0,9,,,0.0,,,8,15,0.533,,,,,,,,,26,,0
990,21980,77993,Truck Robinson,PHX,Phoenix Suns,0028000741,1981-02-22,PHX vs. PHL,W,0,11,,,0.0,,,4,7,0.571,,,,,,,,,26,,0
991,21980,77163,Reggie Johnson,SAN,San Antonio Spurs,0028000737,1981-02-22,SAN vs. DEN,W,0,11,,,0.0,,,4,6,0.667,,,,,,,,,26,,0
992,21980,600014,Artis Gilmore,CHI,Chicago Bulls,0028000735,1981-02-22,CHI vs. ATL,L,0,10,,,0.0,,,6,10,0.6,,,,,,,,,26,,0
993,21980,78390,Terry Tyler,DET,Detroit Pistons,0028000731,1981-02-21,DET vs. BOS,L,0,10,,,0.0,,,6,7,0.857,,,,,,,,,26,,0
994,21980,77487,Cedric Maxwell,BOS,Boston Celtics,0028000731,1981-02-21,BOS @ DET,W,0,10,,,0.0,,,6,7,0.857,,,,,,,,,26,,0
995,21980,77911,Kelvin Ransey,POR,Portland Trail Blazers,0028000727,1981-02-20,POR @ NJN,L,0,12,,,1.0,,,1,4,0.25,,,,,,,,,26,,0
996,21980,76085,James Bailey,SEA,Seattle SuperSonics,0028000726,1981-02-20,SEA vs. PHX,W,0,12,,,0.0,,,2,2,1.0,,,,,,,,,26,,0
997,21980,305,Robert Parish,BOS,Boston Celtics,0028000712,1981-02-18,BOS @ KCK,L,0,10,,,0.0,,,6,8,0.75,,,,,,,,,26,,0
998,21980,78310,Reggie Theus,CHI,Chicago Bulls,0028000697,1981-02-15,CHI @ IND,L,0,6,,,0.0,,,14,16,0.875,,,,,,,,,26,,0
999,21980,77160,Marques Johnson,MIL,Milwaukee Bucks,0028000686,1981-02-13,MIL vs. GOS,L,0,11,,,0.0,,,4,6,0.667,,,,,,,,,26,,0
1000,21980,77986,Cliff T. Robinson,NJN,New Jersey Nets,0028000674,1981-02-11,NJN vs. CHI,W,0,12,,,0.0,,,2,4,0.5,,,,,,,,6.0,26,,0
1001,21980,76170,Otis Birdsong,KCK,Kansas City Kings,0028000672,1981-02-11,KCK vs. UTH,W,0,7,,,0.0,,,12,15,0.8,,,,,,,,,26,,0
1002,21980,76170,Otis Birdsong,KCK,Kansas City Kings,0028000669,1981-02-10,KCK @ CHI,L,0,11,,,0.0,,,4,5,0.8,,,,,,,,,26,,0
1003,21980,78326,David Thompson,DEN,Denver Nuggets,0028000666,1981-02-10,DEN vs. WAS,L,0,9,,,0.0,,,8,10,0.8,,,,,,,,,26,,0
1004,21980,76296,Quinn Buckner,MIL,Milwaukee Bucks,0028000660,1981-02-08,MIL vs. CHI,W,0,11,,,0.0,,,4,6,0.667,,,,,,,,,26,,0
1005,21980,77986,Cliff T. Robinson,NJN,New Jersey Nets,0028000650,1981-02-07,NJN @ NYK,L,0,11,,,0.0,,,4,4,1.0,,,,,,,,,26,,0
1006,21980,78326,David Thompson,DEN,Denver Nuggets,0028000649,1981-02-07,DEN vs. GOS,W,0,9,,,0.0,,,8,8,1.0,,,,,,,,,26,,0
1007,21980,78149,Jack Sikma,SEA,Seattle SuperSonics,0028000638,1981-02-06,SEA vs. KCK,L,0,9,,,0.0,,,8,10,0.8,,,,,,,,,26,,0
1008,21980,77010,Keith Herron,DET,Detroit Pistons,0028000633,1981-02-04,DET @ KCK,L,0,12,,,0.0,,,2,2,1.0,,,,,,,,,26,,0
1009,21980,76673,Alex English,DEN,Denver Nuggets,0028000622,1981-02-03,DEN @ HOU,L,0,9,,,0.0,,,8,12,0.667,,,,,,,,,26,,0
1010,21980,76681,Julius Erving,PHL,Philadelphia 76ers,0028000620,1981-02-03,PHL @ ATL,W,0,10,,,0.0,,,6,8,0.75,,,,,,,,,26,,0
1011,21980,76350,Kenny Carr,CLE,Cleveland Cavaliers,0028000618,1981-01-29,CLE vs. PHX,W,0,7,,,0.0,,,12,16,0.75,,,,,,,,,26,,0
1012,21980,76673,Alex English,DEN,Denver Nuggets,0028000614,1981-01-29,DEN vs. MIL,W,0,9,,,0.0,,,8,11,0.727,,,,,,,,,26,,0
1013,21980,76804,George Gervin,SAN,San Antonio Spurs,0028000612,1981-01-29,SAN vs. NJN,W,0,7,,,0.0,,,12,14,0.857,,,,,,,,,26,,0
1014,21980,76890,Darrell Griffith,UTH,Utah Jazz,0028000610,1981-01-29,UTH vs. HOU,W,0,12,,,0.0,,,2,4,0.5,,,,,,,,,26,,0
1015,21980,77993,Truck Robinson,PHX,Phoenix Suns,0028000608,1981-01-28,PHX @ WAS,L,0,12,,,0.0,,,2,6,0.333,,,,,,,,,26,,0
1016,21980,76091,Greg Ballard,WAS,Washington Bullets,0028000608,1981-01-28,WAS vs. PHX,W,0,11,,,0.0,,,4,4,1.0,,,,,,,,,26,,0
1017,21980,78326,David Thompson,DEN,Denver Nuggets,0028000599,1981-01-27,DEN vs. DET,W,0,9,,,0.0,,,8,13,0.615,,,,,,,,,26,,0
1018,21980,76804,George Gervin,SAN,San Antonio Spurs,0028000592,1981-01-25,SAN @ POR,L,0,10,,,0.0,,,6,8,0.75,,,,,,,,,26,,0
1019,21980,78548,Freeman Williams,SDC,San Diego Clippers,0028000588,1981-01-24,SDC vs. MIL,L,0,10,,,1.0,,,5,6,0.833,,,,,,,,,26,,0
1020,21980,76091,Greg Ballard,WAS,Washington Bullets,0028000577,1981-01-23,WAS vs. SEA,W,0,10,,,0.0,,,6,6,1.0,,,,,,,,,26,,0
1021,21980,76003,Kareem Abdul-Jabbar,LAL,Los Angeles Lakers,0028000579,1981-01-23,LAL vs. DEN,W,0,12,,,0.0,,,2,3,0.667,,,,,,,,,26,,0
1022,21980,77449,Moses Malone,HOU,Houston Rockets,0028000576,1981-01-23,HOU @ KCK,L,0,8,,,0.0,,,10,12,0.833,,,,,,,,,26,,0
1023,21980,77160,Marques Johnson,MIL,Milwaukee Bucks,0028000581,1981-01-23,MIL @ PHX,L,0,12,,,0.0,,,2,4,0.5,,,,,,,,,26,,0
1024,21980,1453,Walter Davis,PHX,Phoenix Suns,0028000581,1981-01-23,PHX vs. MIL,W,0,13,,,0.0,,,0,0,,,,,,,,,,26,,0
1025,21980,78532,Jamaal Wilkes,LAL,Los Angeles Lakers,0028000566,1981-01-21,LAL vs. ATL,W,0,12,,,0.0,,,2,2,1.0,,,,,,,,,26,,0
1026,21980,76753,World Free,GOS,Golden State Warriors,0028000563,1981-01-21,GOS vs. MIL,L,0,12,,,0.0,,,2,2,1.0,,,,,,,,,26,,0
1027,21980,76598,John Drew,ATL,Atlanta Hawks,0028000551,1981-01-18,ATL @ PHX,L,0,10,,,0.0,,,6,8,0.75,,,,,,,,,26,,0
1028,21980,78571,Ray Williams,NYK,New York Knicks,0028000541,1981-01-17,NYK @ HOU,W,0,7,,,1.0,,,11,12,0.917,,,,,,,,,26,,0
1029,21980,77449,Moses Malone,HOU,Houston Rockets,0028000541,1981-01-17,HOU vs. NYK,L,0,11,,,0.0,,,4,6,0.667,,,,,,,,,26,,0
1030,21980,78199,Phil Smith,SDC,San Diego Clippers,0028000535,1981-01-16,SDC @ UTH,L,0,12,,,0.0,,,2,2,1.0,,,,,,,,,26,,0
1031,21980,77264,Bernard King,GOS,Golden State Warriors,0028000524,1981-01-14,GOS vs. UTH,L,0,10,,,1.0,,,5,6,0.833,,,,,,,,6.0,26,,0
1032,21980,76887,Kevin Grevey,WAS,Washington Bullets,0028000528,1981-01-14,WAS vs. LAL,W,0,10,,,0.0,,,6,6,1.0,,,,,,,,,26,,0
1033,21980,77097,Dan Issel,DEN,Denver Nuggets,0028000521,1981-01-14,DEN @ PHX,L,0,9,,,0.0,,,8,10,0.8,,,,,,,,,26,,0
1034,21980,78571,Ray Williams,NYK,New York Knicks,0028000515,1981-01-13,NYK vs. BOS,L,0,11,,,0.0,,,4,6,0.667,,,,,,,,,26,,0
1035,21980,77997,Bill Robinzine,DAL,Dallas Mavericks,0028000513,1981-01-13,DAL vs. CHI,W,0,10,,,0.0,,,6,9,0.667,,,,,,,,,26,,0
1036,21980,76881,David Greenwood,CHI,Chicago Bulls,0028000513,1981-01-13,CHI @ DAL,L,0,12,,,0.0,,,2,2,1.0,,,,,,,,6.0,26,,0
1037,21980,76979,Elvin Hayes,WAS,Washington Bullets,0028000510,1981-01-11,WAS @ SAN,L,0,12,,,0.0,,,2,4,0.5,,,,,,,,,26,,0
1038,21980,76054,Nate Archibald,BOS,Boston Celtics,0028000505,1981-01-10,BOS @ NJN,W,0,9,,,0.0,,,8,12,0.667,,,,,,,,,26,,0
1039,21980,77911,Kelvin Ransey,POR,Portland Trail Blazers,0028000503,1981-01-10,POR @ HOU,L,0,11,,,0.0,,,4,4,1.0,,,,,,,,,26,,0
1040,21980,76753,World Free,GOS,Golden State Warriors,0028000502,1981-01-10,GOS vs. DET,W,0,9,,,0.0,,,8,8,1.0,,,,,,,,,26,,0
1041,21980,78548,Freeman Williams,SDC,San Diego Clippers,0028000498,1981-01-09,SDC vs. DEN,L,0,9,,,0.0,,,8,11,0.727,,,,,,,,,26,,0
1042,21980,77615,Mike Mitchell,CLE,Cleveland Cavaliers,0028000497,1981-01-09,CLE @ ATL,W,0,10,,,0.0,,,6,8,0.75,,,,,,,,,26,,0
1043,21980,76252,Junior Bridgeman,MIL,Milwaukee Bucks,0028000489,1981-01-08,MIL vs. ATL,W,0,10,,,0.0,,,6,7,0.857,,,,,,,,,26,,0
1044,21980,76362,Bill Cartwright,NYK,New York Knicks,0028000488,1981-01-08,NYK vs. IND,L,0,9,,,0.0,,,8,9,0.889,,,,,,,,,26,,0
1045,21980,78351,Andrew Toney,PHL,Philadelphia 76ers,0028000468,1981-01-03,PHL @ GOS,W,0,12,,,0.0,,,2,2,1.0,,,,,,,,,26,,0
1046,21980,77193,Bobby Jones,PHL,Philadelphia 76ers,0028000457,1981-01-02,PHL @ SEA,W,0,11,,,0.0,,,4,5,0.8,,,,,,,,,26,,0
1047,21980,76085,James Bailey,SEA,Seattle SuperSonics,0028000457,1981-01-02,SEA vs. PHL,L,0,8,,,0.0,,,10,12,0.833,,,,,,,,6.0,26,,0
1048,21980,76681,Julius Erving,PHL,Philadelphia 76ers,0028000449,1980-12-30,PHL @ POR,L,0,9,,,0.0,,,8,9,0.889,,,,,,,,,26,,0
1049,21980,78222,Jim Spanarkel,DAL,Dallas Mavericks,0028000440,1980-12-30,DAL @ NYK,L,0,10,,,0.0,,,6,7,0.857,,,,,,,,,26,,0
1050,21980,76681,Julius Erving,PHL,Philadelphia 76ers,0028000438,1980-12-28,PHL @ LAL,L,0,10,,,0.0,,,6,7,0.857,,,,,,,,,26,,0
1051,21980,77449,Moses Malone,HOU,Houston Rockets,0028000436,1980-12-27,HOU @ WAS,L,0,10,,,0.0,,,6,10,0.6,,,,,,,,,26,,0
1052,21980,76673,Alex English,DEN,Denver Nuggets,0028000434,1980-12-27,DEN vs. PHL,W,0,9,,,0.0,,,8,9,0.889,,,,,,,,,26,,0
1053,21980,77246,Larry Kenon,CHI,Chicago Bulls,0028000423,1980-12-26,CHI @ CLE,W,0,12,,,0.0,,,2,2,1.0,,,,,,,,,26,,0
1054,21980,78571,Ray Williams,NYK,New York Knicks,0028000408,1980-12-23,NYK @ CHI,L,0,9,,,0.0,,,8,8,1.0,,,,,,,,,26,,0
1055,21980,77246,Larry Kenon,CHI,Chicago Bulls,0028000408,1980-12-23,CHI vs. NYK,W,0,10,,,0.0,,,6,7,0.857,,,,,,,,,26,,0
1056,21980,77449,Moses Malone,HOU,Houston Rockets,0028000395,1980-12-20,HOU @ CHI,L,0,9,,,0.0,,,8,9,0.889,,,,,,,,,26,,0
1057,21980,305,Robert Parish,BOS,Boston Celtics,0028000394,1980-12-19,BOS vs. HOU,W,0,11,,,0.0,,,4,5,0.8,,,,,,,,,26,,0
1058,21980,76504,Adrian Dantley,UTH,Utah Jazz,0028000386,1980-12-19,UTH @ PHX,L,0,9,,,0.0,,,8,10,0.8,,,,,,,,,26,,0
1059,21980,78200,Randy Smith,CLE,Cleveland Cavaliers,0028000383,1980-12-18,CLE vs. DEN,W,0,11,,,0.0,,,4,5,0.8,,,,,,,,,26,,0
1060,21980,77936,Robert Reid,HOU,Houston Rockets,0028000377,1980-12-17,HOU vs. SAN,L,0,9,,,0.0,,,8,10,0.8,,,,,,,,,26,,0
1061,21980,78326,David Thompson,DEN,Denver Nuggets,0028000368,1980-12-16,DEN vs. KCK,L,0,9,,,1.0,,,7,9,0.778,,,,,,,,,26,,0
1062,21980,78532,Jamaal Wilkes,LAL,Los Angeles Lakers,0028000366,1980-12-14,LAL vs. GOS,W,0,12,,,0.0,,,2,3,0.667,,,,,,,,,26,,0
1063,21980,76753,World Free,GOS,Golden State Warriors,0028000366,1980-12-14,GOS @ LAL,L,0,9,,,0.0,,,8,9,0.889,,,,,,,,,26,,0
1064,21980,76504,Adrian Dantley,UTH,Utah Jazz,0028000351,1980-12-12,UTH @ CHI,L,0,10,,,0.0,,,6,7,0.857,,,,,,,,,26,,0
1065,21980,77449,Moses Malone,HOU,Houston Rockets,0028000347,1980-12-12,HOU @ POR,L,0,10,,,0.0,,,6,9,0.667,,,,,,,,,26,,0
1066,21980,76272,Fred Brown,SEA,Seattle SuperSonics,0028000352,1980-12-12,SEA vs. LAL,L,0,12,,,1.0,,,1,1,1.0,,,,,,,,,26,,0
1067,21980,76362,Bill Cartwright,NYK,New York Knicks,0028000335,1980-12-10,NYK @ NJN,W,0,7,,,0.0,,,12,13,0.923,,,,,,,,,26,,0
1068,21980,305,Robert Parish,BOS,Boston Celtics,0028000323,1980-12-07,BOS vs. WAS,L,0,13,,,0.0,,,0,0,,,,,,,,,,26,,0
1069,21980,76673,Alex English,DEN,Denver Nuggets,0028000315,1980-12-06,DEN @ HOU,L,0,8,,,0.0,,,10,12,0.833,,,,,,,,,26,,0
1070,21980,78139,Purvis Short,GOS,Golden State Warriors,0028000320,1980-12-06,GOS vs. LAL,W,0,10,,,0.0,,,6,6,1.0,,,,,,,,,26,,0
1071,21980,77328,Tom LaGarde,DAL,Dallas Mavericks,0028000318,1980-12-06,DAL @ ATL,L,0,11,,,0.0,,,4,5,0.8,,,,,,,,,26,,0
1072,21980,76673,Alex English,DEN,Denver Nuggets,0028000311,1980-12-05,DEN vs. GOS,L,0,11,,,0.0,,,4,4,1.0,,,,,,,,,26,,0
1073,21980,600014,Artis Gilmore,CHI,Chicago Bulls,0028000299,1980-12-03,CHI @ SEA,L,0,8,,,0.0,,,10,12,0.833,,,,,,,,,26,,0
1074,21980,77710,Mike Newlin,NJN,New Jersey Nets,0028000290,1980-12-02,NJN @ POR,W,0,12,,,0.0,,,2,2,1.0,,,,,,,,,26,,0
1075,21980,76121,Billyray Bates,POR,Portland Trail Blazers,0028000290,1980-12-02,POR vs. NJN,L,0,12,,,0.0,,,2,2,1.0,,,,,,,,,26,,0
1076,21980,78310,Reggie Theus,CHI,Chicago Bulls,0028000286,1980-12-02,CHI @ DEN,W,0,12,,,0.0,,,2,4,0.5,,,,,,,,,26,,0
1077,21980,305,Robert Parish,BOS,Boston Celtics,0028000283,1980-11-30,BOS @ MIL,L,0,8,,,0.0,,,10,15,0.667,,,,,,,,,26,,0
1078,21980,78532,Jamaal Wilkes,LAL,Los Angeles Lakers,0028000284,1980-11-30,LAL vs. CHI,L,0,11,,,0.0,,,4,4,1.0,,,,,,,,,26,,0
1079,21980,78139,Purvis Short,GOS,Golden State Warriors,0028000275,1980-11-29,GOS vs. PHX,L,0,13,,,0.0,,,0,0,,,,,,,,,,26,,0
1080,21980,76753,World Free,GOS,Golden State Warriors,0028000261,1980-11-27,GOS vs. LAL,L,0,7,,,1.0,,,11,16,0.688,,,,,,,,,26,,0
1081,21980,77986,Cliff T. Robinson,NJN,New Jersey Nets,0028000255,1980-11-26,NJN @ KCK,L,0,11,,,0.0,,,4,5,0.8,,,,,,,,,26,,0
1082,21980,77993,Truck Robinson,PHX,Phoenix Suns,0028000254,1980-11-26,PHX vs. SEA,W,0,10,,,0.0,,,6,8,0.75,,,,,,,,,26,,0
1083,21980,77615,Mike Mitchell,CLE,Cleveland Cavaliers,0028000253,1980-11-26,CLE vs. NYK,L,0,13,,,0.0,,,0,0,,,,,,,,,,26,,0
1084,21980,77689,Swen Nater,SDC,San Diego Clippers,0028000247,1980-11-25,SDC vs. DEN,W,0,11,,,0.0,,,4,5,0.8,,,,,,,,,26,,0
1085,21980,78570,Sly Williams,NYK,New York Knicks,0028000250,1980-11-24,NYK vs. HOU,W,0,8,,,0.0,,,10,13,0.769,,,,,,,,,26,,0
1086,21980,77449,Moses Malone,HOU,Houston Rockets,0028000250,1980-11-24,HOU @ NYK,L,0,12,,,0.0,,,2,3,0.667,,,,,,,,,26,,0
1087,21980,77246,Larry Kenon,CHI,Chicago Bulls,0028000242,1980-11-22,CHI vs. WAS,W,0,10,,,0.0,,,6,6,1.0,,,,,,,,,26,,0
1088,21980,76681,Julius Erving,PHL,Philadelphia 76ers,0028000238,1980-11-22,PHL @ SAN,W,0,10,,,0.0,,,6,7,0.857,,,,,,,,,26,,0
1089,21980,77669,Calvin Murphy,HOU,Houston Rockets,0028000237,1980-11-22,HOU @ IND,L,0,12,,,0.0,,,2,2,1.0,,,,,,,,,26,,0
1090,21980,76266,Michael Brooks,SDC,San Diego Clippers,0028000235,1980-11-21,SDC @ WAS,L,0,10,,,0.0,,,6,11,0.545,,,,,,,,,26,,0
1091,21980,77669,Calvin Murphy,HOU,Houston Rockets,0028000227,1980-11-20,HOU @ CLE,W,0,11,,,0.0,,,4,4,1.0,,,,,,,,,26,,0
1092,21980,76170,Otis Birdsong,KCK,Kansas City Kings,0028000213,1980-11-18,KCK @ LAL,L,0,11,,,0.0,,,4,6,0.667,,,,,,,,,26,,0
1093,21980,78047,Campy Russell,NYK,New York Knicks,0028000212,1980-11-18,NYK vs. PHL,L,0,10,,,0.0,,,6,6,1.0,,,,,,,,,26,,0
1094,21980,78600,Brian Winters,MIL,Milwaukee Bucks,0028000208,1980-11-16,MIL vs. CHI,L,0,13,,,0.0,,,0,0,,,,,,,,,,26,,0
1095,21980,77993,Truck Robinson,PHX,Phoenix Suns,0028000202,1980-11-15,PHX @ GOS,L,0,10,,,0.0,,,6,10,0.6,,,,,,,,,26,,0
1096,21980,77786,Tom Owens,POR,Portland Trail Blazers,0028000201,1980-11-15,POR @ DEN,L,0,13,,,0.0,,,0,0,,,,,,,,,,26,,0
1097,21980,78149,Jack Sikma,SEA,Seattle SuperSonics,0028000200,1980-11-15,SEA vs. HOU,W,0,11,,,0.0,,,4,5,0.8,,,,,,,,6.0,26,,0
1098,21980,77290,Billy Knight,IND,Indiana Pacers,0028000194,1980-11-14,IND vs. WAS,W,0,10,,,0.0,,,6,6,1.0,,,,,,,,,26,,0
1099,21980,77148,George Johnson,IND,Indiana Pacers,0028000194,1980-11-14,IND vs. WAS,W,0,11,,,0.0,,,4,4,1.0,,,,,,,,,26,,0
1100,21980,76979,Elvin Hayes,WAS,Washington Bullets,0028000194,1980-11-14,WAS @ IND,L,0,11,,,0.0,,,4,7,0.571,,,,,,,,,26,,0
1101,21980,77193,Bobby Jones,PHL,Philadelphia 76ers,0028000189,1980-11-13,PHL @ IND,W,0,10,,,0.0,,,6,7,0.857,,,,,,,,,26,,0
1102,21980,100263,Bill Laimbeer,CLE,Cleveland Cavaliers,0028000188,1980-11-13,CLE vs. ATL,W,0,11,,,0.0,,,4,4,1.0,,,,,,,,6.0,26,,0
1103,21980,76890,Darrell Griffith,UTH,Utah Jazz,0028000186,1980-11-12,UTH @ SEA,W,0,12,,,0.0,,,2,2,1.0,,,,,,,,,26,,0
1104,21980,76826,Mike Gminski,NJN,New Jersey Nets,0028000181,1980-11-12,NJN vs. DEN,W,0,10,,,0.0,,,6,6,1.0,,,,,,,,,26,,0
1105,21980,76979,Elvin Hayes,WAS,Washington Bullets,0028000175,1980-11-11,WAS vs. DEN,W,0,13,,,0.0,,,0,0,,,,,,,,,,26,,0
1106,21980,77786,Tom Owens,POR,Portland Trail Blazers,0028000165,1980-11-08,POR vs. SDC,L,0,11,,,0.0,,,4,5,0.8,,,,,,,,,26,,0
1107,21980,76753,World Free,GOS,Golden State Warriors,0028000150,1980-11-07,GOS @ POR,L,0,9,,,0.0,,,8,10,0.8,,,,,,,,,26,,0
1108,21980,76979,Elvin Hayes,WAS,Washington Bullets,0028000148,1980-11-06,WAS vs. DAL,W,0,10,,,0.0,,,6,10,0.6,,,,,,,,,26,,0
1109,21980,78331,Mychal Thompson,POR,Portland Trail Blazers,0028000138,1980-11-04,POR @ LAL,L,0,11,,,0.0,,,4,5,0.8,,,,,,,,,26,,0
1110,21980,78532,Jamaal Wilkes,LAL,Los Angeles Lakers,0028000131,1980-11-02,LAL vs. DEN,L,0,11,,,0.0,,,4,5,0.8,,,,,,,,6.0,26,,0
1111,21980,78571,Ray Williams,NYK,New York Knicks,0028000123,1980-11-01,NYK vs. WAS,W,0,9,,,0.0,,,8,11,0.727,,,,,,,,,26,,0
1112,21980,78150,James Silas,SAN,San Antonio Spurs,0028000120,1980-10-31,SAN @ SEA,W,0,10,,,0.0,,,6,7,0.857,,,,,,,,,26,,0
1113,21980,77141,Dennis Johnson,PHX,Phoenix Suns,0028000113,1980-10-31,PHX @ DET,W,0,6,,,0.0,,,14,14,1.0,,,,,,,,,26,,0
1114,21980,77246,Larry Kenon,CHI,Chicago Bulls,0028000112,1980-10-31,CHI vs. IND,L,0,12,,,0.0,,,2,2,1.0,,,,,,,,,26,,0
1115,21980,76170,Otis Birdsong,KCK,Kansas City Kings,0028000110,1980-10-29,KCK vs. POR,W,0,10,,,0.0,,,6,6,1.0,,,,,,,,,26,,0
1116,21980,76252,Junior Bridgeman,MIL,Milwaukee Bucks,0028000108,1980-10-29,MIL @ NJN,W,0,10,,,0.0,,,6,6,1.0,,,,,,,,,26,,0
1117,21980,77087,Geoff Huston,DAL,Dallas Mavericks,0028000100,1980-10-28,DAL vs. UTH,L,0,12,,,0.0,,,2,3,0.667,,,,,,,,,26,,0
1118,21980,76362,Bill Cartwright,NYK,New York Knicks,0028000090,1980-10-25,NYK vs. NJN,W,0,11,,,0.0,,,4,4,1.0,,,,,,,,,26,,0
1119,21980,77615,Mike Mitchell,CLE,Cleveland Cavaliers,0028000083,1980-10-25,CLE vs. IND,W,0,10,,,0.0,,,6,6,1.0,,,,,,,,,26,,0
1120,21980,78532,Jamaal Wilkes,LAL,Los Angeles Lakers,0028000079,1980-10-24,LAL vs. SEA,W,0,13,,,0.0,,,0,1,0.0,,,,,,,,,26,,0
1121,21980,76003,Kareem Abdul-Jabbar,LAL,Los Angeles Lakers,0028000079,1980-10-24,LAL vs. SEA,W,0,12,,,0.0,,,2,3,0.667,,,,,,,,,26,,0
1122,21980,76681,Julius Erving,PHL,Philadelphia 76ers,0028000069,1980-10-22,PHL @ DET,W,0,10,,,0.0,,,6,8,0.75,,,,,,,,,26,,0
1123,21980,77142,Magic Johnson,LAL,Los Angeles Lakers,0028000055,1980-10-19,LAL vs. GOS,W,0,11,,,0.0,,,4,7,0.571,,,,,,,,,26,,0
1124,21980,77669,Calvin Murphy,HOU,Houston Rockets,0028000053,1980-10-18,HOU @ GOS,L,0,13,,,0.0,,,0,0,,,,,,,,,,26,,0
1125,21980,77152,John Johnson,SEA,Seattle SuperSonics,0028000049,1980-10-18,SEA @ KCK,W,0,11,,,0.0,,,4,4,1.0,,,,,,,,,26,,0
1126,21980,76673,Alex English,DEN,Denver Nuggets,0028000045,1980-10-18,DEN @ UTH,L,0,11,,,0.0,,,4,4,1.0,,,,,,,,,26,,0
1127,21980,77144,Eddie Johnson,ATL,Atlanta Hawks,0028000044,1980-10-17,ATL vs. NYK,W,0,12,,,0.0,,,2,2,1.0,,,,,,,,,26,,0
1128,21980,76804,George Gervin,SAN,San Antonio Spurs,0028000037,1980-10-16,SAN @ DET,W,0,11,,,0.0,,,4,7,0.571,,,,,,,,,26,,0
1129,21980,76170,Otis Birdsong,KCK,Kansas City Kings,0028000032,1980-10-15,KCK vs. LAL,L,0,11,,,0.0,,,4,5,0.8,,,,,,,,,26,,0
1130,21980,76673,Alex English,DEN,Denver Nuggets,0028000029,1980-10-15,DEN vs. DAL,W,0,10,,,0.0,,,6,7,0.857,,,,,,,,,26,,0
1131,21980,77615,Mike Mitchell,CLE,Cleveland Cavaliers,0028000023,1980-10-14,CLE vs. DET,W,0,10,,,0.0,,,6,7,0.857,,,,,,,,,26,,0
1132,21980,77986,Cliff T. Robinson,NJN,New Jersey Nets,0028000022,1980-10-13,NJN vs. DET,W,0,11,,,0.0,,,4,4,1.0,,,,,,,,,26,,0
1133,21980,77449,Moses Malone,HOU,Houston Rockets,0028000019,1980-10-12,HOU @ LAL,L,0,10,,,0.0,,,6,13,0.462,,,,,,,,,26,,0
1134,21980,78482,Scott Wedman,KCK,Kansas City Kings,0028000017,1980-10-11,KCK vs. UTH,W,0,11,,,1.0,,,3,5,0.6,,,,,,,,,26,,0
1135,21980,77710,Mike Newlin,NJN,New Jersey Nets,0028000012,1980-10-11,NJN @ CLE,W,0,11,,,1.0,,,3,3,1.0,,,,,,,,,26,,0
1136,21980,78200,Randy Smith,CLE,Cleveland Cavaliers,0028000012,1980-10-11,CLE vs. NJN,L,0,11,,,0.0,,,4,8,0.5,,,,,,,,,26,,0
1137,21980,77689,Swen Nater,SDC,San Diego Clippers,0028000015,1980-10-11,SDC @ GOS,L,0,13,,,0.0,,,0,0,,,,,,,,,,26,,0
1138,21980,76890,Darrell Griffith,UTH,Utah Jazz,0028000008,1980-10-10,UTH vs. POR,W,0,12,,,0.0,,,2,7,0.286,,,,,,,,,26,,0
1139,21980,76249,Ron Brewer,POR,Portland Trail Blazers,0028000008,1980-10-10,POR @ UTH,L,0,12,,,0.0,,,2,3,0.667,,,,,,,,,26,,0
1140,21980,77290,Billy Knight,IND,Indiana Pacers,0028000942,1981-03-29,IND vs. CHI,L,0,11,,,0.0,,,3,4,0.75,,,,,,,,,25,,0
1141,21980,76170,Otis Birdsong,KCK,Kansas City Kings,0028000938,1981-03-29,KCK vs. DAL,W,0,11,,,0.0,,,3,8,0.375,,,,,,,,,25,,0
1142,21980,76252,Junior Bridgeman,MIL,Milwaukee Bucks,0028000918,1981-03-26,MIL vs. CLE,W,0,7,,,0.0,,,11,12,0.917,,,,,,,,,25,,0
1143,21980,78548,Freeman Williams,SDC,San Diego Clippers,0028000915,1981-03-25,SDC @ GOS,L,0,11,,,1.0,,,2,2,1.0,,,,,,,,,25,,0
1144,21980,76516,Brad Davis,DAL,Dallas Mavericks,0028000914,1981-03-25,DAL @ DEN,W,0,9,,,0.0,,,7,9,0.778,,,,,,,,,25,,0
1145,21980,76899,Ernie Grunfeld,KCK,Kansas City Kings,0028000913,1981-03-25,KCK @ PHX,W,0,12,,,0.0,,,1,1,1.0,,,,,,,,,25,,0
1146,21980,1453,Walter Davis,PHX,Phoenix Suns,0028000902,1981-03-24,PHX @ POR,L,0,12,,,0.0,,,1,1,1.0,,,,,,,,,25,,0
1147,21980,77848,Roger Phegley,CLE,Cleveland Cavaliers,0028000886,1981-03-21,CLE @ NYK,L,0,10,,,0.0,,,5,5,1.0,,,,,,,,,25,,0
1148,21980,76362,Bill Cartwright,NYK,New York Knicks,0028000886,1981-03-21,NYK vs. CLE,W,0,9,,,0.0,,,7,9,0.778,,,,,,,,,25,,0
1149,21980,78482,Scott Wedman,KCK,Kansas City Kings,0028000880,1981-03-20,KCK vs. SAN,L,0,9,,,2.0,,,5,5,1.0,,,,,,,,,25,,0
1150,21980,78548,Freeman Williams,SDC,San Diego Clippers,0028000876,1981-03-19,SDC vs. GOS,W,0,8,,,1.0,,,8,8,1.0,,,,,,,,,25,,0
1151,21980,76321,Marty Byrnes,DAL,Dallas Mavericks,0028000871,1981-03-18,DAL @ UTH,L,0,9,,,3.0,,,4,5,0.8,,,,,,,,,25,,0
1152,21980,76516,Brad Davis,DAL,Dallas Mavericks,0028000871,1981-03-18,DAL @ UTH,L,0,9,,,1.0,,,6,9,0.667,,,,,,,,,25,,0
1153,21980,77142,Magic Johnson,LAL,Los Angeles Lakers,0028000869,1981-03-18,LAL @ PHX,L,0,10,,,1.0,,,4,7,0.571,,,,,,,,,25,,0
1154,21980,76681,Julius Erving,PHL,Philadelphia 76ers,0028000872,1981-03-18,PHL vs. IND,W,0,11,,,0.0,,,3,3,1.0,,,,,,,,,25,,0
1155,21980,1449,Larry Bird,BOS,Boston Celtics,0028000865,1981-03-17,BOS @ WAS,W,0,10,,,0.0,,,5,8,0.625,,,,,,,,,25,,0
1156,21980,100263,Bill Laimbeer,CLE,Cleveland Cavaliers,0028000860,1981-03-17,CLE vs. ATL,W,0,9,,,0.0,,,7,9,0.778,,,,,,,,,25,,0
1157,21980,76290,Joe Bryant,SDC,San Diego Clippers,0028000856,1981-03-15,SDC @ LAL,W,0,11,,,0.0,,,3,5,0.6,,,,,,,,,25,,0
1158,21980,78571,Ray Williams,NYK,New York Knicks,0028000851,1981-03-15,NYK vs. PHL,W,0,10,,,0.0,,,5,5,1.0,,,,,,,,,25,,0
1159,21980,76435,Darwin Cook,NJN,New Jersey Nets,0028000838,1981-03-13,NJN @ CLE,W,0,8,,,1.0,,,8,8,1.0,,,,,,,,,25,,0
1160,21980,77615,Mike Mitchell,CLE,Cleveland Cavaliers,0028000838,1981-03-13,CLE vs. NJN,L,0,12,,,0.0,,,1,1,1.0,,,,,,,,,25,,0
1161,21980,76681,Julius Erving,PHL,Philadelphia 76ers,0028000836,1981-03-13,PHL @ MIL,L,0,8,,,0.0,,,9,14,0.643,,,,,,,,,25,,0
1162,21980,77710,Mike Newlin,NJN,New Jersey Nets,0028000830,1981-03-11,NJN vs. WAS,W,0,10,,,0.0,,,5,5,1.0,,,,,,,,,25,,0
1163,21980,76681,Julius Erving,PHL,Philadelphia 76ers,0028000825,1981-03-10,PHL @ IND,W,0,10,,,0.0,,,5,5,1.0,,,,,,,,,25,,0
1164,21980,78222,Jim Spanarkel,DAL,Dallas Mavericks,0028000824,1981-03-10,DAL vs. PHX,W,0,7,,,0.0,,,11,13,0.846,,,,,,,,,25,,0
1165,21980,78326,David Thompson,DEN,Denver Nuggets,0028000813,1981-03-08,DEN @ IND,L,0,10,,,0.0,,,5,5,1.0,,,,,,,,,25,,0
1166,21980,78139,Purvis Short,GOS,Golden State Warriors,0028000812,1981-03-08,GOS @ POR,L,0,12,,,0.0,,,1,1,1.0,,,,,,,,,25,,0
1167,21980,78149,Jack Sikma,SEA,Seattle SuperSonics,0028000804,1981-03-06,SEA vs. SAN,W,0,11,,,0.0,,,3,4,0.75,,,,,,,,,25,,0
1168,21980,77756,Mark Olberding,SAN,San Antonio Spurs,0028000804,1981-03-06,SAN @ SEA,L,0,6,,,0.0,,,13,15,0.867,,,,,,,,,25,,0
1169,21980,76272,Fred Brown,SEA,Seattle SuperSonics,0028000804,1981-03-06,SEA vs. SAN,W,0,11,,,0.0,,,3,4,0.75,,,,,,,,,25,,0
1170,21980,77449,Moses Malone,HOU,Houston Rockets,0028000802,1981-03-06,HOU vs. WAS,L,0,10,,,0.0,,,5,7,0.714,,,,,,,,,25,,0
1171,21980,78600,Brian Winters,MIL,Milwaukee Bucks,0028000799,1981-03-06,MIL @ NYK,W,0,12,,,0.0,,,1,1,1.0,,,,,,,,,25,,0
1172,21980,76504,Adrian Dantley,UTH,Utah Jazz,0028000770,1981-03-01,UTH @ POR,L,0,9,,,0.0,,,7,7,1.0,,,12.0,,,,,,25,,0
1173,21980,305,Robert Parish,BOS,Boston Celtics,0028000776,1981-03-01,BOS vs. PHL,W,0,9,,,0.0,,,7,8,0.875,,,,,,,,,25,,0
1174,21980,229,James Edwards,IND,Indiana Pacers,0028000755,1981-02-25,IND @ HOU,L,0,12,,,0.0,,,1,1,1.0,,,,,,,,,25,,0
1175,21980,76890,Darrell Griffith,UTH,Utah Jazz,0028000752,1981-02-25,UTH vs. NJN,W,0,11,,,0.0,,,3,3,1.0,,,,,,,,,25,,0
1176,21980,77144,Eddie Johnson,ATL,Atlanta Hawks,0028000749,1981-02-24,ATL vs. NYK,L,0,8,,,0.0,,,9,11,0.818,,,,,,,,,25,,0
1177,21980,77626,Sidney Moncrief,MIL,Milwaukee Bucks,0028000734,1981-02-22,MIL @ WAS,W,0,9,,,0.0,,,7,9,0.778,,,,,,,,,25,,0
1178,21980,77141,Dennis Johnson,PHX,Phoenix Suns,0028000875,1981-02-19,PHX @ DEN,L,0,8,,,0.0,,,9,11,0.818,,,,,,,,,25,,0
1179,21980,76353,Joe Barry Carroll,GOS,Golden State Warriors,0028000714,1981-02-18,GOS vs. CHI,W,0,12,,,0.0,,,1,2,0.5,,,,,,,,6.0,25,,0
1180,21980,1449,Larry Bird,BOS,Boston Celtics,0028000704,1981-02-17,BOS @ SAN,W,0,10,,,1.0,,,4,4,1.0,,,,,,,,,25,,0
1181,21980,78532,Jamaal Wilkes,LAL,Los Angeles Lakers,0028000710,1981-02-17,LAL vs. NYK,W,0,11,,,0.0,,,3,5,0.6,,,,,,,,,25,,0
1182,21980,78139,Purvis Short,GOS,Golden State Warriors,0028000706,1981-02-17,GOS @ PHX,L,0,9,,,0.0,,,7,8,0.875,,,,,,,,,25,,0
1183,21980,76121,Billyray Bates,POR,Portland Trail Blazers,0028000699,1981-02-15,POR vs. UTH,W,0,9,,,0.0,,,7,7,1.0,,,,,,,,,25,,0
1184,21980,600014,Artis Gilmore,CHI,Chicago Bulls,0028000693,1981-02-14,CHI vs. SEA,W,0,11,,,0.0,,,3,4,0.75,,,,,,,,,25,,0
1185,21980,76252,Junior Bridgeman,MIL,Milwaukee Bucks,0028000689,1981-02-14,MIL @ HOU,W,0,12,,,0.0,,,1,1,1.0,,,,,,,,,25,,0
1186,21980,1449,Larry Bird,BOS,Boston Celtics,0028000684,1981-02-13,BOS @ UTH,L,0,11,,,1.0,,,2,2,1.0,,,,,,,,,25,,0
1187,21980,77691,Calvin Natt,POR,Portland Trail Blazers,0028000688,1981-02-13,POR @ DEN,L,0,11,,,2.0,,,1,2,0.5,,,,,,,,,25,,0
1188,21980,600014,Artis Gilmore,CHI,Chicago Bulls,0028000674,1981-02-11,CHI @ NJN,L,0,9,,,0.0,,,7,10,0.7,,,,,,,,,25,,0
1189,21980,77273,Reggie King,KCK,Kansas City Kings,0028000669,1981-02-10,KCK @ CHI,L,0,12,,,0.0,,,1,2,0.5,,,,,,,,,25,,0
1190,21980,76598,John Drew,ATL,Atlanta Hawks,0028000664,1981-02-10,ATL vs. GOS,W,0,8,,,0.0,,,9,11,0.818,,,,,,,,,25,,0
1191,21980,77986,Cliff T. Robinson,NJN,New Jersey Nets,0028000657,1981-02-08,NJN vs. NYK,L,0,10,,,0.0,,,5,5,1.0,,,,,,,,,25,,0
1192,21980,76003,Kareem Abdul-Jabbar,LAL,Los Angeles Lakers,0028000643,1981-02-06,LAL @ DET,W,0,11,,,0.0,,,3,4,0.75,,,,,,,,,25,,0
1193,21980,76736,Phil Ford,KCK,Kansas City Kings,0028000638,1981-02-06,KCK @ SEA,W,0,11,,,1.0,,,2,2,1.0,,,,,,,,,25,,0
1194,21980,78215,Ricky Sobers,CHI,Chicago Bulls,0028000627,1981-02-04,CHI @ CLE,W,0,10,,,0.0,,,5,5,1.0,,,,,,,,,25,,0
1195,21980,76804,George Gervin,SAN,San Antonio Spurs,0028000625,1981-02-03,SAN vs. DET,W,0,9,,,0.0,,,7,9,0.778,,,,,,,,,25,,0
1196,21980,76887,Kevin Grevey,WAS,Washington Bullets,0028000624,1981-02-03,WAS @ POR,L,0,9,,,0.0,,,7,7,1.0,,,,,,,,,25,,0
1197,21980,76252,Junior Bridgeman,MIL,Milwaukee Bucks,0028000614,1981-01-29,MIL @ DEN,L,0,11,,,1.0,,,2,3,0.667,,,,,,,,,25,,0
1198,21980,77071,Phil Hubbard,DET,Detroit Pistons,0028000599,1981-01-27,DET @ DEN,L,0,8,,,0.0,,,9,9,1.0,,,,,,,,,25,,0
1199,21980,77615,Mike Mitchell,CLE,Cleveland Cavaliers,0028000600,1981-01-27,CLE vs. IND,W,0,11,,,0.0,,,3,3,1.0,,,,,,,,,25,,0
1200,21980,1449,Larry Bird,BOS,Boston Celtics,0028000593,1981-01-25,BOS vs. SEA,W,0,9,,,0.0,,,7,8,0.875,,,,,,,,,25,,0
1201,21980,76091,Greg Ballard,WAS,Washington Bullets,0028000591,1981-01-25,WAS @ NJN,W,0,12,,,0.0,,,1,1,1.0,,,,,,,,,25,,0
1202,21980,77071,Phil Hubbard,DET,Detroit Pistons,0028000587,1981-01-24,DET vs. CLE,W,0,11,,,0.0,,,3,5,0.6,,,,,,,,,25,,0
1203,21980,77144,Eddie Johnson,ATL,Atlanta Hawks,0028000584,1981-01-24,ATL vs. CHI,L,0,12,,,0.0,,,1,2,0.5,,,,,,,,,25,,0
1204,21980,76881,David Greenwood,CHI,Chicago Bulls,0028000584,1981-01-24,CHI @ ATL,W,0,8,,,0.0,,,9,10,0.9,,,,,,,,,25,,0
1205,21980,76296,Quinn Buckner,MIL,Milwaukee Bucks,0028000581,1981-01-23,MIL @ PHX,L,0,10,,,0.0,,,5,5,1.0,,,,,,,,,25,,0
1206,21980,76804,George Gervin,SAN,San Antonio Spurs,0028000569,1981-01-21,SAN @ KCK,L,0,8,,,0.0,,,9,11,0.818,,,,,,,,,25,,0
1207,21980,77532,George McGinnis,IND,Indiana Pacers,0028000568,1981-01-21,IND @ PHL,L,0,10,,,0.0,,,5,9,0.556,,,,,,,,,25,,0
1208,21980,77449,Moses Malone,HOU,Houston Rockets,0028000564,1981-01-21,HOU vs. PHX,W,0,10,,,0.0,,,5,5,1.0,,,,,,,,,25,,0
1209,21980,76826,Mike Gminski,NJN,New Jersey Nets,0028000562,1981-01-21,NJN vs. SEA,W,0,10,,,0.0,,,5,8,0.625,,,,,,,,,25,,0
1210,21980,600014,Artis Gilmore,CHI,Chicago Bulls,0028000561,1981-01-20,CHI vs. IND,W,0,12,,,0.0,,,1,1,1.0,,,,,,,,,25,,0
1211,21980,76095,Mike Bantom,IND,Indiana Pacers,0028000561,1981-01-20,IND @ CHI,L,0,10,,,0.0,,,5,7,0.714,,,,,,,,,25,,0
1212,21980,78150,James Silas,SAN,San Antonio Spurs,0028000558,1981-01-20,SAN vs. PHX,W,0,8,,,0.0,,,9,10,0.9,,,,,,,,,25,,0
1213,21980,77141,Dennis Johnson,PHX,Phoenix Suns,0028000558,1981-01-20,PHX @ SAN,L,0,6,,,0.0,,,13,15,0.867,,,,,,,,,25,,0
1214,21980,77997,Bill Robinzine,DAL,Dallas Mavericks,0028000557,1981-01-20,DAL vs. KCK,L,0,8,,,0.0,,,9,11,0.818,,,,,,,,,25,,0
1215,21980,76979,Elvin Hayes,WAS,Washington Bullets,0028000556,1981-01-20,WAS vs. UTH,W,0,8,,,0.0,,,9,11,0.818,,,,,,,,,25,,0
1216,21980,76095,Mike Bantom,IND,Indiana Pacers,0028000547,1981-01-18,IND vs. UTH,W,0,11,,,0.0,,,3,6,0.5,,,,,,,,,25,,0
1217,21980,78482,Scott Wedman,KCK,Kansas City Kings,0028000537,1981-01-16,KCK @ MIL,L,0,10,,,0.0,,,5,6,0.833,,,,,,,,,25,,0
1218,21980,76252,Junior Bridgeman,MIL,Milwaukee Bucks,0028000537,1981-01-16,MIL vs. KCK,W,0,11,,,0.0,,,3,4,0.75,,,,,,,,,25,,0
1219,21980,78139,Purvis Short,GOS,Golden State Warriors,0028000533,1981-01-16,GOS vs. ATL,L,0,12,,,0.0,,,1,2,0.5,,,,,,,,,25,,0
1220,21980,77876,Kevin Porter,WAS,Washington Bullets,0028000530,1981-01-15,WAS @ DET,W,0,10,,,0.0,,,5,9,0.556,,,,,,,,,25,,0
1221,21980,76003,Kareem Abdul-Jabbar,LAL,Los Angeles Lakers,0028000528,1981-01-14,LAL @ WAS,L,0,11,,,0.0,,,3,3,1.0,,,,,,,,,25,,0
1222,21980,76753,World Free,GOS,Golden State Warriors,0028000524,1981-01-14,GOS vs. UTH,L,0,4,,,0.0,,,17,18,0.944,,,,,,,,,25,,0
1223,21980,76154,Kent Benson,DET,Detroit Pistons,0028000519,1981-01-14,DET @ IND,L,0,8,,,0.0,,,9,10,0.9,,,,,,,,,25,,0
1224,21980,77721,Norm Nixon,LAL,Los Angeles Lakers,0028000516,1981-01-13,LAL @ CLE,W,0,10,,,0.0,,,5,5,1.0,,,,,,,,,25,,0
1225,21980,77876,Kevin Porter,WAS,Washington Bullets,0028000506,1981-01-10,WAS @ DAL,W,0,12,,,0.0,,,1,2,0.5,,,,,,,,6.0,25,,0
1226,21980,76504,Adrian Dantley,UTH,Utah Jazz,0028000504,1981-01-10,UTH vs. KCK,L,0,11,,,1.0,,,2,3,0.667,,,,,,,,,25,,0
1227,21980,76054,Nate Archibald,BOS,Boston Celtics,0028000494,1981-01-09,BOS vs. CHI,W,0,10,,,0.0,,,5,7,0.714,,,,,,,,,25,,0
1228,21980,77986,Cliff T. Robinson,NJN,New Jersey Nets,0028000493,1981-01-09,NJN vs. PHX,L,0,11,,,0.0,,,3,7,0.429,,,,,,,,,25,,0
1229,21980,77290,Billy Knight,IND,Indiana Pacers,0028000488,1981-01-08,IND @ NYK,W,0,12,,,0.0,,,1,3,0.333,,,,,,,,,25,,0
1230,21980,76804,George Gervin,SAN,San Antonio Spurs,0028000483,1981-01-07,SAN @ PHL,L,0,12,,,0.0,,,1,2,0.5,,,,,,,,,25,,0
1231,21980,76003,Kareem Abdul-Jabbar,LAL,Los Angeles Lakers,0028000480,1981-01-06,LAL vs. WAS,W,0,9,,,0.0,,,7,9,0.778,,,,,,,,,25,,0
1232,21980,76252,Junior Bridgeman,MIL,Milwaukee Bucks,0028000472,1981-01-04,MIL vs. SDC,W,0,11,,,0.0,,,3,4,0.75,,,,,,,,,25,,0
1233,21980,77710,Mike Newlin,NJN,New Jersey Nets,0028000471,1981-01-04,NJN vs. IND,L,0,9,,,0.0,,,7,7,1.0,,,,,,,,,25,,0
1234,21980,77532,George McGinnis,IND,Indiana Pacers,0028000471,1981-01-04,IND @ NJN,W,0,10,,,0.0,,,5,7,0.714,,,,,,,,,25,,0
1235,21980,76266,Michael Brooks,SDC,San Diego Clippers,0028000467,1981-01-03,SDC @ IND,L,0,8,,,0.0,,,9,13,0.692,,,,,,,,,25,,0
1236,21980,600014,Artis Gilmore,CHI,Chicago Bulls,0028000462,1981-01-02,CHI @ WAS,W,0,10,,,0.0,,,5,11,0.455,,,,,,,,,25,,0
1237,21980,76887,Kevin Grevey,WAS,Washington Bullets,0028000462,1981-01-02,WAS vs. CHI,L,0,11,,,0.0,,,3,3,1.0,,,,,,,,,25,,0
1238,21980,76598,John Drew,ATL,Atlanta Hawks,0028000459,1981-01-02,ATL vs. IND,L,0,9,,,0.0,,,7,10,0.7,,,,,,,,,25,,0
1239,21980,78350,Rudy Tomjanovich,HOU,Houston Rockets,0028000453,1981-01-01,HOU vs. UTH,W,0,11,,,0.0,,,3,3,1.0,,,,,,,,,25,,0
1240,21980,76890,Darrell Griffith,UTH,Utah Jazz,0028000453,1981-01-01,UTH @ HOU,L,0,8,,,0.0,,,9,11,0.818,,,,,,,,,25,,0
1241,21980,76673,Alex English,DEN,Denver Nuggets,0028000451,1981-01-01,DEN @ POR,L,0,9,,,0.0,,,7,7,1.0,,,,,,,,,25,,0
1242,21980,78331,Mychal Thompson,POR,Portland Trail Blazers,0028000449,1980-12-30,POR vs. PHL,W,0,11,,,0.0,,,3,3,1.0,,,,,,,,,25,,0
1243,21980,76890,Darrell Griffith,UTH,Utah Jazz,0028000446,1980-12-30,UTH vs. LAL,W,0,10,,,0.0,,,5,6,0.833,,,,,,,,,25,,0
1244,21980,76054,Nate Archibald,BOS,Boston Celtics,0028000442,1980-12-30,BOS @ PHX,W,0,9,,,0.0,,,7,8,0.875,,,,,,,,,25,,0
1245,21980,78350,Rudy Tomjanovich,HOU,Houston Rockets,0028000443,1980-12-30,HOU vs. SDC,W,0,9,,,3.0,,,4,4,1.0,,,,,,,,,25,,0
1246,21980,78500,Paul Westphal,SEA,Seattle SuperSonics,0028000430,1980-12-27,SEA @ GOS,L,0,9,,,0.0,,,7,9,0.778,,,,,,,,,25,,0
1247,21980,78532,Jamaal Wilkes,LAL,Los Angeles Lakers,0028000432,1980-12-27,LAL @ PHX,L,0,11,,,1.0,,,2,2,1.0,,,,,,,,,25,,0
1248,21980,77144,Eddie Johnson,ATL,Atlanta Hawks,0028000410,1980-12-23,ATL vs. WAS,W,0,10,,,1.0,,,4,4,1.0,,,,,,,,,25,,0
1249,21980,77911,Kelvin Ransey,POR,Portland Trail Blazers,0028000415,1980-12-23,POR vs. LAL,W,0,10,,,0.0,,,5,7,0.714,,,,,,,,,25,,0
1250,21980,76003,Kareem Abdul-Jabbar,LAL,Los Angeles Lakers,0028000415,1980-12-23,LAL @ POR,L,0,8,,,0.0,,,9,12,0.75,,,,,,,,,25,,0
1251,21980,76890,Darrell Griffith,UTH,Utah Jazz,0028000407,1980-12-23,UTH @ DAL,W,0,10,,,0.0,,,5,5,1.0,,,,,,,,,25,,0
1252,21980,76266,Michael Brooks,SDC,San Diego Clippers,0028000404,1980-12-21,SDC vs. DET,W,0,11,,,0.0,,,3,3,1.0,,,,,,,,,25,,0
1253,21980,78025,Dan Roundfield,ATL,Atlanta Hawks,0028000401,1980-12-20,ATL @ POR,L,0,11,,,0.0,,,3,4,0.75,,,,,,,,,25,,0
1254,21980,77010,Keith Herron,DET,Detroit Pistons,0028000390,1980-12-19,DET vs. IND,W,0,9,,,0.0,,,7,7,1.0,,,,,,,,,25,,0
1255,21980,78150,James Silas,SAN,San Antonio Spurs,0028000389,1980-12-19,SAN vs. GOS,W,0,9,,,0.0,,,7,8,0.875,,,,,,,,,25,,0
1256,21980,76753,World Free,GOS,Golden State Warriors,0028000389,1980-12-19,GOS @ SAN,L,0,8,,,0.0,,,9,11,0.818,,,,,,,,,25,,0
1257,21980,78532,Jamaal Wilkes,LAL,Los Angeles Lakers,0028000387,1980-12-19,LAL vs. POR,L,0,12,,,0.0,,,1,2,0.5,,,,,,,,,25,,0
1258,21980,77141,Dennis Johnson,PHX,Phoenix Suns,0028000386,1980-12-19,PHX vs. UTH,W,0,10,,,1.0,,,4,4,1.0,,,,,,,,,25,,0
1259,21980,1449,Larry Bird,BOS,Boston Celtics,0028000380,1980-12-17,BOS vs. CHI,W,0,9,,,0.0,,,7,8,0.875,,,,,,,,,25,,0
1260,21980,78222,Jim Spanarkel,DAL,Dallas Mavericks,0028000379,1980-12-17,DAL @ PHX,L,0,7,,,0.0,,,11,12,0.917,,,,,,,,,25,,0
1261,21980,76350,Kenny Carr,CLE,Cleveland Cavaliers,0028000378,1980-12-17,CLE @ PHL,L,0,9,,,0.0,,,7,10,0.7,,,,,,,,,25,,0
1262,21980,76753,World Free,GOS,Golden State Warriors,0028000375,1980-12-17,GOS vs. POR,L,0,9,,,0.0,,,7,7,1.0,,,,,,,,,25,,0
1263,21980,77952,Micheal Ray Richardson,NYK,New York Knicks,0028000374,1980-12-17,NYK @ DET,W,0,8,,,0.0,,,9,10,0.9,,,,,,,,,25,,0
1264,21980,600005,Bob Lanier,MIL,Milwaukee Bucks,0028000365,1980-12-14,MIL vs. SAN,W,0,9,,,0.0,,,7,7,1.0,,,,,,,,,25,,0
1265,21980,76681,Julius Erving,PHL,Philadelphia 76ers,0028000364,1980-12-14,PHL @ NJN,W,0,9,,,0.0,,,7,8,0.875,,,,,,,,,25,,0
1266,21980,77141,Dennis Johnson,PHX,Phoenix Suns,0028000363,1980-12-14,PHX vs. POR,L,0,9,,,0.0,,,7,8,0.875,,,,,,,,,25,,0
1267,21980,77097,Dan Issel,DEN,Denver Nuggets,0028000360,1980-12-13,DEN @ SAN,L,0,8,,,0.0,,,9,12,0.75,,,,,,,,,25,,0
1268,21980,78482,Scott Wedman,KCK,Kansas City Kings,0028000345,1980-12-11,KCK @ SAN,L,0,11,,,0.0,,,3,3,1.0,,,,,,,,,25,,0
1269,21980,77756,Mark Olberding,SAN,San Antonio Spurs,0028000345,1980-12-11,SAN vs. KCK,W,0,9,,,0.0,,,7,7,1.0,,,,,,,,,25,,0
1270,21980,77193,Bobby Jones,PHL,Philadelphia 76ers,0028000342,1980-12-10,PHL vs. CHI,W,0,12,,,0.0,,,1,2,0.5,,,,,,,,,25,,0
1271,21980,77754,Mike O'Koren,NJN,New Jersey Nets,0028000324,1980-12-07,NJN @ SDC,L,0,9,,,0.0,,,7,8,0.875,,,,,,,,,25,,0
1272,21980,76890,Darrell Griffith,UTH,Utah Jazz,0028000321,1980-12-07,UTH @ LAL,L,0,10,,,0.0,,,5,7,0.714,,,,,,,,,25,,0
1273,21980,76418,Don Collins,ATL,Atlanta Hawks,0028000318,1980-12-06,ATL vs. DAL,W,0,10,,,0.0,,,5,7,0.714,,,,,,,,,25,,0
1274,21980,77615,Mike Mitchell,CLE,Cleveland Cavaliers,0028000314,1980-12-06,CLE vs. DET,W,0,12,,,0.0,,,1,1,1.0,,,,,,,,,25,,0
1275,21980,76095,Mike Bantom,IND,Indiana Pacers,0028000313,1980-12-05,IND @ MIL,L,0,10,,,0.0,,,5,6,0.833,,,,,,,,,25,,0
1276,21980,76890,Darrell Griffith,UTH,Utah Jazz,0028000305,1980-12-04,UTH vs. DEN,W,0,11,,,1.0,,,2,2,1.0,,,,,,,,,25,,0
1277,21980,77097,Dan Issel,DEN,Denver Nuggets,0028000305,1980-12-04,DEN @ UTH,L,0,6,,,0.0,,,13,16,0.813,,,,,,,,,25,,0
1278,21980,77144,Eddie Johnson,ATL,Atlanta Hawks,0028000288,1980-12-02,ATL vs. PHL,W,0,10,,,0.0,,,5,7,0.714,,,,,,,,,25,,0
1279,21980,1453,Walter Davis,PHX,Phoenix Suns,0028000285,1980-11-30,PHX vs. HOU,W,0,10,,,0.0,,,5,5,1.0,,,,,,,,,25,,0
1280,21980,76252,Junior Bridgeman,MIL,Milwaukee Bucks,0028000283,1980-11-30,MIL vs. BOS,W,0,12,,,0.0,,,1,1,1.0,,,,,,,,,25,,0
1281,21980,78326,David Thompson,DEN,Denver Nuggets,0028000277,1980-11-29,DEN vs. LAL,L,0,5,,,0.0,,,15,18,0.833,,,,,,,,,25,,0
1282,21980,76003,Kareem Abdul-Jabbar,LAL,Los Angeles Lakers,0028000277,1980-11-29,LAL @ DEN,W,0,8,,,0.0,,,9,12,0.75,,,,,,,,,25,,0
1283,21980,76887,Kevin Grevey,WAS,Washington Bullets,0028000264,1980-11-28,WAS @ CLE,L,0,11,,,0.0,,,3,3,1.0,,,,,,,,,25,,0
1284,21980,76266,Michael Brooks,SDC,San Diego Clippers,0028000258,1980-11-26,SDC @ DEN,L,0,9,,,0.0,,,7,9,0.778,,,,,,,,,25,,0
1285,21980,76504,Adrian Dantley,UTH,Utah Jazz,0028000241,1980-11-22,UTH @ ATL,L,0,8,,,0.0,,,9,13,0.692,,,,,,,,,25,,0
1286,21980,78047,Campy Russell,NYK,New York Knicks,0028000240,1980-11-22,NYK vs. GOS,L,0,7,,,0.0,,,11,12,0.917,,,,,,,,,25,,0
1287,21980,77184,Edgar Jones,NJN,New Jersey Nets,0028000239,1980-11-22,NJN @ DET,L,0,10,,,0.0,,,5,9,0.556,,,,,,,,6.0,25,,0
1288,21980,78326,David Thompson,DEN,Denver Nuggets,0028000231,1980-11-21,DEN vs. KCK,W,0,9,,,0.0,,,7,9,0.778,,,,,,,,,25,,0
1289,21980,77615,Mike Mitchell,CLE,Cleveland Cavaliers,0028000227,1980-11-20,CLE vs. HOU,L,0,10,,,0.0,,,5,6,0.833,,,,,,,,,25,,0
1290,21980,78200,Randy Smith,CLE,Cleveland Cavaliers,0028000215,1980-11-18,CLE vs. SDC,W,0,9,,,0.0,,,7,7,1.0,,,,,,,,,25,,0
1291,21980,77819,Jim Paxson,POR,Portland Trail Blazers,0028000210,1980-11-18,POR vs. DEN,W,0,11,,,0.0,,,3,4,0.75,,,,,,,,,25,,0
1292,21980,76887,Kevin Grevey,WAS,Washington Bullets,0028000219,1980-11-18,WAS vs. GOS,L,0,10,,,2.0,,,3,5,0.6,,,,,,,,,25,,0
1293,21980,1453,Walter Davis,PHX,Phoenix Suns,0028000209,1980-11-16,PHX vs. POR,W,0,9,,,0.0,,,7,8,0.875,,,,,,,,,25,,0
1294,21980,78570,Sly Williams,NYK,New York Knicks,0028000204,1980-11-15,NYK vs. CLE,W,0,11,,,0.0,,,3,3,1.0,,,,,,,,,25,,0
1295,21980,77819,Jim Paxson,POR,Portland Trail Blazers,0028000201,1980-11-15,POR @ DEN,L,0,12,,,0.0,,,1,1,1.0,,,,,,,,,25,,0
1296,21980,76085,James Bailey,SEA,Seattle SuperSonics,0028000200,1980-11-15,SEA vs. HOU,W,0,12,,,0.0,,,1,1,1.0,,,,,,,,,25,,0
1297,21980,76504,Adrian Dantley,UTH,Utah Jazz,0028000199,1980-11-15,UTH @ SAN,L,0,8,,,0.0,,,9,9,1.0,,,,,,,,,25,,0
1298,21980,76598,John Drew,ATL,Atlanta Hawks,0028000198,1980-11-15,ATL vs. WAS,L,0,10,,,0.0,,,5,7,0.714,,,,,,,,,25,,0
1299,21980,78614,Mike Woodson,NYK,New York Knicks,0028000197,1980-11-14,NYK @ MIL,L,0,10,,,0.0,,,5,5,1.0,,,,,,,,,25,,0
1300,21980,77167,Vinnie Johnson,SEA,Seattle SuperSonics,0028000191,1980-11-14,SEA vs. KCK,W,0,9,,,0.0,,,7,8,0.875,,,,,,,,,25,,0
1301,21980,77487,Cedric Maxwell,BOS,Boston Celtics,0028000184,1980-11-12,BOS vs. WAS,W,0,8,,,0.0,,,9,9,1.0,,,,,,,,,25,,0
1302,21980,76673,Alex English,DEN,Denver Nuggets,0028000175,1980-11-11,DEN @ WAS,L,0,11,,,0.0,,,3,3,1.0,,,,,,,,,25,,0
1303,21980,78482,Scott Wedman,KCK,Kansas City Kings,0028000163,1980-11-08,KCK vs. CLE,W,0,11,,,2.0,,,1,4,0.25,,,,,,,,,25,,0
1304,21980,78570,Sly Williams,NYK,New York Knicks,0028000152,1980-11-07,NYK @ DEN,W,0,10,,,1.0,,,4,8,0.5,,,,,,,,,25,,0
1305,21980,76598,John Drew,ATL,Atlanta Hawks,0028000153,1980-11-07,ATL @ CHI,L,0,7,,,0.0,,,11,15,0.733,,,,,,,,,25,,0
1306,21980,77141,Dennis Johnson,PHX,Phoenix Suns,0028000136,1980-11-04,PHX vs. IND,W,0,5,,,0.0,,,15,17,0.882,,,,,,,,,25,,0
1307,21980,77097,Dan Issel,DEN,Denver Nuggets,0028000131,1980-11-02,DEN @ LAL,W,0,10,,,0.0,,,5,11,0.455,,,,,,,,,25,,0
1308,21980,76272,Fred Brown,SEA,Seattle SuperSonics,0028000124,1980-11-01,SEA @ DEN,L,0,10,,,0.0,,,5,7,0.714,,,,,,,,,25,,0
1309,21980,600014,Artis Gilmore,CHI,Chicago Bulls,0028000104,1980-10-29,CHI @ PHL,L,0,11,,,0.0,,,3,4,0.75,,,,,,,,,25,,0
1310,21980,78310,Reggie Theus,CHI,Chicago Bulls,0028000099,1980-10-28,CHI vs. MIL,L,0,11,,,1.0,,,2,2,1.0,,,,,,,,,25,,0
1311,21980,76681,Julius Erving,PHL,Philadelphia 76ers,0028000097,1980-10-28,PHL @ CLE,W,0,9,,,0.0,,,7,11,0.636,,,,,,,,,25,,0
1312,21980,76804,George Gervin,SAN,San Antonio Spurs,0028000093,1980-10-26,SAN @ LAL,W,0,9,,,0.0,,,7,9,0.778,,,,,,,,,25,,0
1313,21980,78150,James Silas,SAN,San Antonio Spurs,0028000091,1980-10-25,SAN @ SDC,W,0,10,,,0.0,,,5,5,1.0,,,,,,,,,25,,0
1314,21980,78436,Foots Walker,NJN,New Jersey Nets,0028000090,1980-10-25,NJN @ NYK,L,0,4,,,0.0,,,17,18,0.944,,,,,,,,,25,,0
1315,21980,77710,Mike Newlin,NJN,New Jersey Nets,0028000075,1980-10-24,NJN vs. CLE,L,0,7,,,0.0,,,11,13,0.846,,,,,,,,,25,,0
1316,21980,1449,Larry Bird,BOS,Boston Celtics,0028000073,1980-10-23,BOS vs. NYK,L,0,11,,,1.0,,,2,4,0.5,,,,,,,,,25,,0
1317,21980,78047,Campy Russell,NYK,New York Knicks,0028000073,1980-10-23,NYK @ BOS,W,0,9,,,0.0,,,7,10,0.7,,,,,,,,,25,,0
1318,21980,77936,Robert Reid,HOU,Houston Rockets,0028000072,1980-10-23,HOU vs. KCK,L,0,11,,,0.0,,,3,9,0.333,,,,,,,,,25,,0
1319,21980,76804,George Gervin,SAN,San Antonio Spurs,0028000071,1980-10-23,SAN vs. GOS,W,0,10,,,0.0,,,5,5,1.0,,,,,,,,,25,,0
1320,21980,77420,Maurice Lucas,NJN,New Jersey Nets,0028000066,1980-10-22,NJN vs. BOS,L,0,9,,,0.0,,,7,7,1.0,,,,,,,,,25,,0
1321,21980,76003,Kareem Abdul-Jabbar,LAL,Los Angeles Lakers,0028000064,1980-10-21,LAL @ POR,L,0,8,,,0.0,,,9,10,0.9,,,,,,,,,25,,0
1322,21980,77097,Dan Issel,DEN,Denver Nuggets,0028000063,1980-10-21,DEN vs. HOU,L,0,9,,,0.0,,,7,9,0.778,,,,,,,,,25,,0
1323,21980,76170,Otis Birdsong,KCK,Kansas City Kings,0028000062,1980-10-21,KCK vs. GOS,L,0,10,,,0.0,,,5,7,0.714,,,,,,,,,25,,0
1324,21980,78600,Brian Winters,MIL,Milwaukee Bucks,0028000046,1980-10-18,MIL @ CLE,W,0,8,,,2.0,,,7,10,0.7,,,,,,,,,25,,0
1325,21980,78482,Scott Wedman,KCK,Kansas City Kings,0028000041,1980-10-17,KCK @ DAL,W,0,11,,,0.0,,,3,3,1.0,,,,,,,,,25,,0
1326,21980,76673,Alex English,DEN,Denver Nuggets,0028000039,1980-10-17,DEN @ SDC,W,0,12,,,0.0,,,1,2,0.5,,,,,,,,,25,,0
1327,21980,77097,Dan Issel,DEN,Denver Nuggets,0028000029,1980-10-15,DEN vs. DAL,W,0,9,,,0.0,,,7,9,0.778,,,,,,,,,25,,0
1328,21980,78571,Ray Williams,NYK,New York Knicks,0028000027,1980-10-14,NYK vs. PHL,W,0,9,,,0.0,,,7,9,0.778,,,,,,,,,25,,0
1329,21980,76011,Alvan Adams,PHX,Phoenix Suns,0028000001,1980-10-10,PHX vs. GOS,W,0,10,,,0.0,,,5,6,0.833,,,,,,,,,25,,0
1330,21980,78139,Purvis Short,GOS,Golden State Warriors,0028000939,1981-03-29,GOS @ SEA,L,0,9,,,0.0,,,6,7,0.857,,,,,,,,,24,,0
1331,21980,76085,James Bailey,SEA,Seattle SuperSonics,0028000939,1981-03-29,SEA vs. GOS,W,0,12,,,0.0,,,0,1,0.0,,,,,,,,,24,,0
1332,21980,76899,Ernie Grunfeld,KCK,Kansas City Kings,0028000938,1981-03-29,KCK vs. DAL,W,0,9,,,0.0,,,6,7,0.857,,,,,,,,,24,,0
1333,21980,77144,Eddie Johnson,ATL,Atlanta Hawks,0028000934,1981-03-29,ATL vs. MIL,L,0,9,,,0.0,,,6,8,0.75,,,,,,,,,24,,0
1334,21980,77721,Norm Nixon,LAL,Los Angeles Lakers,0028000933,1981-03-29,LAL vs. DEN,L,0,12,,,0.0,,,0,0,,,,,,,,,,24,,0
1335,21980,305,Robert Parish,BOS,Boston Celtics,0028000937,1981-03-29,BOS vs. PHL,W,0,8,,,0.0,,,8,9,0.889,,,,,,,,,24,,0
1336,21980,1449,Larry Bird,BOS,Boston Celtics,0028000937,1981-03-29,BOS vs. PHL,W,0,11,,,0.0,,,2,2,1.0,,,,,,,,,24,,0
1337,21980,76321,Marty Byrnes,DAL,Dallas Mavericks,0028000938,1981-03-29,DAL @ KCK,L,0,10,,,2.0,,,2,4,0.5,,,,,,,,,24,,0
1338,21980,77715,Carl Nicks,UTH,Utah Jazz,0028000930,1981-03-28,UTH vs. LAL,W,0,11,,,0.0,,,2,6,0.333,,,,,,,,,24,,0
1339,21980,77876,Kevin Porter,WAS,Washington Bullets,0028000929,1981-03-28,WAS vs. DET,W,0,11,,,0.0,,,2,2,1.0,,,,,,,,,24,,0
1340,21980,78532,Jamaal Wilkes,LAL,Los Angeles Lakers,0028000927,1981-03-27,LAL @ SEA,W,0,11,,,0.0,,,2,6,0.333,,,,,,,,,24,,0
1341,21980,77911,Kelvin Ransey,POR,Portland Trail Blazers,0028000926,1981-03-27,POR @ DAL,W,0,11,,,0.0,,,2,4,0.5,,,,,,,,,24,,0
1342,21980,76121,Billyray Bates,POR,Portland Trail Blazers,0028000926,1981-03-27,POR @ DAL,W,0,10,,,0.0,,,4,4,1.0,,,,,,,,,24,,0
1343,21980,78351,Andrew Toney,PHL,Philadelphia 76ers,0028000925,1981-03-27,PHL @ CLE,W,0,8,,,0.0,,,8,15,0.533,,,,,,,,,24,,0
1344,21980,76350,Kenny Carr,CLE,Cleveland Cavaliers,0028000925,1981-03-27,CLE vs. PHL,L,0,11,,,0.0,,,2,2,1.0,,,,,,,,,24,,0
1345,21980,78139,Purvis Short,GOS,Golden State Warriors,0028000915,1981-03-25,GOS vs. SDC,W,0,11,,,0.0,,,2,2,1.0,,,,,,,,,24,,0
1346,21980,76290,Joe Bryant,SDC,San Diego Clippers,0028000915,1981-03-25,SDC @ GOS,L,0,10,,,0.0,,,4,5,0.8,,,,,,,,,24,,0
1347,21980,78331,Mychal Thompson,POR,Portland Trail Blazers,0028000911,1981-03-25,POR @ SEA,W,0,10,,,0.0,,,4,5,0.8,,,,,,,,,24,,0
1348,21980,77911,Kelvin Ransey,POR,Portland Trail Blazers,0028000911,1981-03-25,POR @ SEA,W,0,10,,,0.0,,,4,4,1.0,,,,,,,,,24,,0
1349,21980,76121,Billyray Bates,POR,Portland Trail Blazers,0028000911,1981-03-25,POR @ SEA,W,0,10,,,0.0,,,4,6,0.667,,,,,,,,,24,,0
1350,21980,78150,James Silas,SAN,San Antonio Spurs,0028000909,1981-03-24,SAN vs. DEN,L,0,8,,,0.0,,,8,8,1.0,,,,,,,,,24,,0
1351,21980,77721,Norm Nixon,LAL,Los Angeles Lakers,0028000901,1981-03-24,LAL vs. GOS,W,0,10,,,0.0,,,4,10,0.4,,,,,,,,,24,,0
1352,21980,77142,Magic Johnson,LAL,Los Angeles Lakers,0028000901,1981-03-24,LAL vs. GOS,W,0,10,,,0.0,,,4,5,0.8,,,,,,,,,24,,0
1353,21980,76362,Bill Cartwright,NYK,New York Knicks,0028000900,1981-03-24,NYK vs. BOS,L,0,10,,,0.0,,,4,7,0.571,,,,,,,,,24,,0
1354,21980,76054,Nate Archibald,BOS,Boston Celtics,0028000900,1981-03-24,BOS @ NYK,W,0,9,,,0.0,,,6,6,1.0,,,,,,,,,24,,0
1355,21980,77142,Magic Johnson,LAL,Los Angeles Lakers,0028000896,1981-03-22,LAL @ GOS,W,0,9,,,0.0,,,6,7,0.857,,,,,,,,,24,,0
1356,21980,76887,Kevin Grevey,WAS,Washington Bullets,0028000895,1981-03-22,WAS vs. ATL,W,0,8,,,0.0,,,8,10,0.8,,,,,,,,,24,,0
1357,21980,76681,Julius Erving,PHL,Philadelphia 76ers,0028000892,1981-03-22,PHL vs. BOS,W,0,11,,,0.0,,,2,2,1.0,,,,,,,,,24,,0
1358,21980,76170,Otis Birdsong,KCK,Kansas City Kings,0028000894,1981-03-22,KCK vs. HOU,L,0,11,,,1.0,,,1,3,0.333,,,,,,,,,24,,0
1359,21980,77911,Kelvin Ransey,POR,Portland Trail Blazers,0028000889,1981-03-21,POR vs. LAL,L,0,10,,,0.0,,,4,5,0.8,,,,,,,,,24,,0
1360,21980,76091,Greg Ballard,WAS,Washington Bullets,0028000884,1981-03-20,WAS @ BOS,L,0,11,,,0.0,,,2,2,1.0,,,,,,,,,24,,0
1361,21980,76362,Bill Cartwright,NYK,New York Knicks,0028000883,1981-03-20,NYK @ IND,W,0,8,,,0.0,,,8,9,0.889,,,,,,,,,24,,0
1362,21980,76971,Steve Hawes,ATL,Atlanta Hawks,0028000882,1981-03-20,ATL @ NJN,L,0,10,,,0.0,,,4,5,0.8,,,,,,,,,24,,0
1363,21980,76272,Fred Brown,SEA,Seattle SuperSonics,0028000879,1981-03-20,SEA @ LAL,L,0,11,,,0.0,,,2,2,1.0,,,,,,,,,24,,0
1364,21980,78310,Reggie Theus,CHI,Chicago Bulls,0028000874,1981-03-19,CHI @ CLE,W,0,5,,,0.0,,,14,17,0.824,,,,,,,,,24,,0
1365,21980,77615,Mike Mitchell,CLE,Cleveland Cavaliers,0028000874,1981-03-19,CLE vs. CHI,L,0,9,,,0.0,,,6,6,1.0,,,,,,,,,24,,0
1366,21980,76353,Joe Barry Carroll,GOS,Golden State Warriors,0028000873,1981-03-18,GOS vs. HOU,W,0,9,,,0.0,,,6,7,0.857,,,,,,,,,24,,0
1367,21980,76362,Bill Cartwright,NYK,New York Knicks,0028000868,1981-03-18,NYK @ MIL,W,0,8,,,0.0,,,8,8,1.0,,,,,,,,,24,,0
1368,21980,76154,Kent Benson,DET,Detroit Pistons,0028000866,1981-03-18,DET vs. NJN,W,0,7,,,0.0,,,10,13,0.769,,,,,,,,,24,,0
1369,21980,76520,Monti Davis,DAL,Dallas Mavericks,0028000858,1981-03-17,DAL vs. LAL,L,0,10,,,,,,4,4,1.0,,,,,,,,,24,,0
1370,21980,78548,Freeman Williams,SDC,San Diego Clippers,0028000864,1981-03-17,SDC @ POR,L,0,12,,,0.0,,,0,0,,,,,,,,,,24,,0
1371,21980,77819,Jim Paxson,POR,Portland Trail Blazers,0028000864,1981-03-17,POR vs. SDC,W,0,12,,,0.0,,,0,0,,,,,,,,,,24,,0
1372,21980,76504,Adrian Dantley,UTH,Utah Jazz,0028000862,1981-03-17,UTH @ SAN,L,0,7,,,0.0,,,10,13,0.769,,,,,,,,,24,,0
1373,21980,78532,Jamaal Wilkes,LAL,Los Angeles Lakers,0028000858,1981-03-17,LAL @ DAL,W,0,9,,,0.0,,,6,8,0.75,,,,,,,,,24,,0
1374,21980,78215,Ricky Sobers,CHI,Chicago Bulls,0028000854,1981-03-15,CHI @ KCK,W,0,9,,,0.0,,,6,6,1.0,,,,,,,,,24,,0
1375,21980,78047,Campy Russell,NYK,New York Knicks,0028000851,1981-03-15,NYK vs. PHL,W,0,11,,,0.0,,,2,5,0.4,,,,,,,,,24,,0
1376,21980,77710,Mike Newlin,NJN,New Jersey Nets,0028000850,1981-03-15,NJN @ BOS,L,0,6,,,0.0,,,12,12,1.0,,,,,,,,6.0,24,,0
1377,21980,76154,Kent Benson,DET,Detroit Pistons,0028000847,1981-03-14,DET @ IND,W,0,12,,,0.0,,,0,1,0.0,,,15.0,,,,,,24,,0
1378,21980,77487,Cedric Maxwell,BOS,Boston Celtics,0028000841,1981-03-13,BOS vs. IND,L,0,10,,,0.0,,,4,7,0.571,,,,,,,,,24,,0
1379,21980,76526,Johnny Davis,IND,Indiana Pacers,0028000841,1981-03-13,IND @ BOS,W,0,9,,,0.0,,,6,6,1.0,,,,,,,,,24,,0
1380,21980,77273,Reggie King,KCK,Kansas City Kings,0028000840,1981-03-13,KCK @ LAL,L,0,6,,,0.0,,,12,15,0.8,,,,,,,,,24,,0
1381,21980,78468,Richard Washington,CLE,Cleveland Cavaliers,0028000838,1981-03-13,CLE vs. NJN,L,0,7,,,0.0,,,10,13,0.769,,,,,,,,,24,,0
1382,21980,77532,George McGinnis,IND,Indiana Pacers,0028000834,1981-03-12,IND @ WAS,W,0,8,,,0.0,,,8,11,0.727,,,,,,,,,24,,0
1383,21980,100263,Bill Laimbeer,CLE,Cleveland Cavaliers,0028000831,1981-03-11,CLE vs. SEA,L,0,11,,,0.0,,,2,2,1.0,,,,,,,,6.0,24,,0
1384,21980,76353,Joe Barry Carroll,GOS,Golden State Warriors,0028000828,1981-03-11,GOS @ HOU,L,0,10,,,0.0,,,4,7,0.571,,,,,,,,,24,,0
1385,21980,78199,Phil Smith,SDC,San Diego Clippers,0028000823,1981-03-10,SDC vs. KCK,L,0,8,,,0.0,,,8,11,0.727,,,,,,,,,24,,0
1386,21980,78326,David Thompson,DEN,Denver Nuggets,0028000822,1981-03-10,DEN vs. POR,L,0,8,,,1.0,,,7,8,0.875,,,,,,,,,24,,0
1387,21980,76673,Alex English,DEN,Denver Nuggets,0028000813,1981-03-08,DEN @ IND,L,0,10,,,0.0,,,4,4,1.0,,,,,,,,,24,,0
1388,21980,76681,Julius Erving,PHL,Philadelphia 76ers,0028000811,1981-03-08,PHL vs. MIL,W,0,10,,,0.0,,,4,4,1.0,,,,,,,,,24,,0
1389,21980,77669,Calvin Murphy,HOU,Houston Rockets,0028000809,1981-03-07,HOU @ ATL,L,0,10,,,0.0,,,4,5,0.8,,,,,,,,,24,,0
1390,21980,76804,George Gervin,SAN,San Antonio Spurs,0028000804,1981-03-06,SAN @ SEA,L,0,8,,,0.0,,,8,9,0.889,,,,,,,,,24,,0
1391,21980,78139,Purvis Short,GOS,Golden State Warriors,0028000803,1981-03-06,GOS vs. DAL,W,0,12,,,0.0,,,0,0,,,,,,,,,,24,,0
1392,21980,76091,Greg Ballard,WAS,Washington Bullets,0028000802,1981-03-06,WAS @ HOU,W,0,10,,,0.0,,,4,5,0.8,,,,,,,,,24,,0
1393,21980,78025,Dan Roundfield,ATL,Atlanta Hawks,0028000801,1981-03-06,ATL vs. NJN,W,0,6,,,0.0,,,12,17,0.706,,,,,,,,,24,,0
1394,21980,76296,Quinn Buckner,MIL,Milwaukee Bucks,0028000797,1981-03-05,MIL vs. ATL,W,0,11,,,0.0,,,2,2,1.0,,,,,,,,,24,,0
1395,21980,1449,Larry Bird,BOS,Boston Celtics,0028000789,1981-03-04,BOS @ HOU,W,0,9,,,0.0,,,6,6,1.0,,,,12.0,,,,,24,,0
1396,21980,77290,Billy Knight,IND,Indiana Pacers,0028000788,1981-03-04,IND @ SEA,L,0,9,,,0.0,,,6,8,0.75,,,,,,,,,24,,0
1397,21980,76091,Greg Ballard,WAS,Washington Bullets,0028000787,1981-03-04,WAS @ SDC,W,0,11,,,0.0,,,2,2,1.0,,,,,,,,,24,,0
1398,21980,76003,Kareem Abdul-Jabbar,LAL,Los Angeles Lakers,0028000784,1981-03-03,LAL @ KCK,W,0,9,,,0.0,,,6,7,0.857,,,,,,,,,24,,0
1399,21980,76979,Elvin Hayes,WAS,Washington Bullets,0028000780,1981-03-03,WAS @ UTH,W,0,7,,,0.0,,,10,12,0.833,,,,,,,,,24,,0
1400,21980,1449,Larry Bird,BOS,Boston Celtics,0028000776,1981-03-01,BOS vs. PHL,W,0,10,,,0.0,,,4,7,0.571,,,,12.0,,,,,24,,0
1401,21980,77432,Ollie Mack,DAL,Dallas Mavericks,0028000772,1981-03-01,DAL vs. SDC,W,0,11,,,0.0,,,2,2,1.0,,,,,,,,,24,,0
1402,21980,77144,Eddie Johnson,ATL,Atlanta Hawks,0028000771,1981-03-01,ATL vs. SEA,W,0,11,,,0.0,,,2,4,0.5,,,,,,,,,24,,0
1403,21980,77449,Moses Malone,HOU,Houston Rockets,0028000767,1981-02-28,HOU vs. SDC,L,0,10,,,0.0,,,4,4,1.0,,,,,,,,,24,,0
1404,21980,76504,Adrian Dantley,UTH,Utah Jazz,0028000762,1981-02-27,UTH vs. PHL,L,0,8,,,0.0,,,8,12,0.667,,,12.0,,,,,6.0,24,,0
1405,21980,78468,Richard Washington,CLE,Cleveland Cavaliers,0028000761,1981-02-27,CLE @ DET,L,0,11,,,0.0,,,2,2,1.0,,,,,,,,,24,,0
1406,21980,76673,Alex English,DEN,Denver Nuggets,0028000758,1981-02-27,DEN vs. GOS,W,0,9,,,0.0,,,6,7,0.857,,,,,,,,,24,,0
1407,21980,76362,Bill Cartwright,NYK,New York Knicks,0028000754,1981-02-25,NYK @ WAS,L,0,9,,,0.0,,,6,7,0.857,,,,,,,,,24,,0
1408,21980,305,Robert Parish,BOS,Boston Celtics,0028000751,1981-02-25,BOS vs. CLE,W,0,9,,,0.0,,,6,6,1.0,,,,,,,,,24,,0
1409,21980,77721,Norm Nixon,LAL,Los Angeles Lakers,0028000748,1981-02-24,LAL @ CHI,W,0,10,,,0.0,,,4,4,1.0,,,,,,,,,24,,0
1410,21980,77876,Kevin Porter,WAS,Washington Bullets,0028000734,1981-02-22,WAS vs. MIL,L,0,10,,,0.0,,,4,4,1.0,,,,,,,,,24,,0
1411,21980,77986,Cliff T. Robinson,NJN,New Jersey Nets,0028000733,1981-02-22,NJN vs. DAL,L,0,9,,,0.0,,,6,9,0.667,,,,,,,,,24,,0
1412,21980,77710,Mike Newlin,NJN,New Jersey Nets,0028000733,1981-02-22,NJN vs. DAL,L,0,8,,,0.0,,,8,8,1.0,,,,,,,,,24,,0
1413,21980,78310,Reggie Theus,CHI,Chicago Bulls,0028000735,1981-02-22,CHI vs. ATL,L,0,8,,,1.0,,,7,7,1.0,,,,,,,,,24,,0
1414,21980,77144,Eddie Johnson,ATL,Atlanta Hawks,0028000730,1981-02-21,ATL @ CLE,W,0,8,,,0.0,,,8,9,0.889,,,,,,,,,24,,0
1415,21980,78199,Phil Smith,SDC,San Diego Clippers,0028000729,1981-02-20,SDC @ GOS,W,0,8,,,0.0,,,8,9,0.889,,,,,,,,,24,,0
1416,21980,77141,Dennis Johnson,PHX,Phoenix Suns,0028000726,1981-02-20,PHX @ SEA,L,0,10,,,0.0,,,4,4,1.0,,,,,,,,,24,,0
1417,21980,77532,George McGinnis,IND,Indiana Pacers,0028000725,1981-02-20,IND vs. SAN,W,0,8,,,0.0,,,8,11,0.727,,,,,,,,,24,,0
1418,21980,78326,David Thompson,DEN,Denver Nuggets,0028000875,1981-02-19,DEN vs. PHX,W,0,7,,,0.0,,,10,12,0.833,,,,,,,,,24,,0
1419,21980,77876,Kevin Porter,WAS,Washington Bullets,0028000719,1981-02-19,WAS vs. PHL,W,0,10,,,0.0,,,4,4,1.0,,,,,,,,,24,,0
1420,21980,76121,Billyray Bates,POR,Portland Trail Blazers,0028000718,1981-02-19,POR @ DET,W,0,12,,,0.0,,,0,0,,,,,,,,,,24,,0
1421,21980,77986,Cliff T. Robinson,NJN,New Jersey Nets,0028000716,1981-02-18,NJN vs. CLE,W,0,11,,,0.0,,,2,3,0.667,,,,,,,,,24,,0
1422,21980,76681,Julius Erving,PHL,Philadelphia 76ers,0028000715,1981-02-18,PHL vs. DET,W,0,10,,,0.0,,,4,5,0.8,,,,,,,,,24,,0
1423,21980,76971,Steve Hawes,ATL,Atlanta Hawks,0028000711,1981-02-18,ATL @ IND,W,0,9,,,0.0,,,6,9,0.667,,,,,,,,,24,,0
1424,21980,76520,Monti Davis,DAL,Dallas Mavericks,0028000705,1981-02-17,DAL vs. MIL,L,0,10,,,,,,4,4,1.0,,,,,,,,,24,,0
1425,21980,76890,Darrell Griffith,UTH,Utah Jazz,0028000709,1981-02-17,UTH vs. SEA,L,0,11,,,0.0,,,2,2,1.0,,,,,,,,,24,,0
1426,21980,77911,Kelvin Ransey,POR,Portland Trail Blazers,0028000707,1981-02-17,POR @ WAS,W,0,12,,,0.0,,,0,0,,,,,,,,,,24,,0
1427,21980,76362,Bill Cartwright,NYK,New York Knicks,0028000695,1981-02-15,NYK @ PHX,W,0,9,,,0.0,,,6,7,0.857,,,,,,,,,24,,0
1428,21980,76598,John Drew,ATL,Atlanta Hawks,0028000694,1981-02-15,ATL @ PHL,L,0,9,,,0.0,,,6,9,0.667,,,,,,,,,24,,0
1429,21980,77449,Moses Malone,HOU,Houston Rockets,0028000689,1981-02-14,HOU vs. MIL,L,0,8,,,0.0,,,8,12,0.667,,,,,,,,,24,,0
1430,21980,76085,James Bailey,SEA,Seattle SuperSonics,0028000678,1981-02-12,SEA @ POR,W,0,9,,,0.0,,,6,8,0.75,,,,,,,,,24,,0
1431,21980,78571,Ray Williams,NYK,New York Knicks,0028000677,1981-02-12,NYK @ CLE,W,0,8,,,0.0,,,8,8,1.0,,,,,,,,,24,,0
1432,21980,77848,Roger Phegley,CLE,Cleveland Cavaliers,0028000677,1981-02-12,CLE vs. NYK,L,0,8,,,0.0,,,8,10,0.8,,,,,,,,,24,,0
1433,21980,77848,Roger Phegley,CLE,Cleveland Cavaliers,0028000676,1981-02-11,CLE @ PHL,L,0,6,,,0.0,,,12,14,0.857,,,,,,,,,24,,0
1434,21980,600014,Artis Gilmore,CHI,Chicago Bulls,0028000669,1981-02-10,CHI vs. KCK,W,0,9,,,0.0,,,6,8,0.75,,,,,,,,,24,,0
1435,21980,78500,Paul Westphal,SEA,Seattle SuperSonics,0028000665,1981-02-10,SEA vs. BOS,W,0,8,,,0.0,,,8,9,0.889,,,,,,,,,24,,0
1436,21980,78548,Freeman Williams,SDC,San Diego Clippers,0028000662,1981-02-08,SDC @ BOS,L,0,9,,,1.0,,,5,5,1.0,,,,,,,,,24,,0
1437,21980,77071,Phil Hubbard,DET,Detroit Pistons,0028000663,1981-02-08,DET vs. IND,L,0,8,,,0.0,,,8,8,1.0,,,,,,,,6.0,24,,0
1438,21980,77984,Rick Robey,BOS,Boston Celtics,0028000662,1981-02-08,BOS vs. SDC,W,0,11,,,0.0,,,2,4,0.5,,,,,,,,,24,,0
1439,21980,76085,James Bailey,SEA,Seattle SuperSonics,0028000659,1981-02-08,SEA vs. DEN,W,0,11,,,0.0,,,2,2,1.0,,,,,,,,,24,,0
1440,21980,78331,Mychal Thompson,POR,Portland Trail Blazers,0028000658,1981-02-08,POR vs. KCK,W,0,10,,,0.0,,,4,5,0.8,,,,,,,,,24,,0
1441,21980,78047,Campy Russell,NYK,New York Knicks,0028000657,1981-02-08,NYK @ NJN,W,0,10,,,0.0,,,4,4,1.0,,,,,,,,,24,,0
1442,21980,78149,Jack Sikma,SEA,Seattle SuperSonics,0028000653,1981-02-07,SEA vs. UTH,W,0,7,,,0.0,,,10,11,0.909,,,,,,,,,24,,0
1443,21980,78571,Ray Williams,NYK,New York Knicks,0028000650,1981-02-07,NYK vs. NJN,W,0,8,,,0.0,,,8,11,0.727,,,,,,,,,24,,0
1444,21980,77097,Dan Issel,DEN,Denver Nuggets,0028000649,1981-02-07,DEN vs. GOS,W,0,8,,,0.0,,,8,8,1.0,,,,,,,,,24,,0
1445,21980,76362,Bill Cartwright,NYK,New York Knicks,0028000645,1981-02-06,NYK @ CHI,W,0,10,,,0.0,,,4,6,0.667,,,,,,,,,24,,0
1446,21980,77071,Phil Hubbard,DET,Detroit Pistons,0028000643,1981-02-06,DET vs. LAL,L,0,8,,,0.0,,,8,11,0.727,,,,,,,,,24,,0
1447,21980,76095,Mike Bantom,IND,Indiana Pacers,0028000640,1981-02-06,IND @ BOS,L,0,11,,,0.0,,,2,2,1.0,,,,,,,,,24,,0
1448,21980,78139,Purvis Short,GOS,Golden State Warriors,0028000635,1981-02-04,GOS vs. POR,W,0,11,,,0.0,,,2,4,0.5,,,,,,,,,24,,0
1449,21980,78326,David Thompson,DEN,Denver Nuggets,0028000626,1981-02-04,DEN vs. SAN,L,0,10,,,0.0,,,4,4,1.0,,,,,,,,,24,,0
1450,21980,76121,Billyray Bates,POR,Portland Trail Blazers,0028000624,1981-02-03,POR vs. WAS,W,0,10,,,0.0,,,4,5,0.8,,,,,,,,,24,,0
1451,21980,77290,Billy Knight,IND,Indiana Pacers,0028000623,1981-02-03,IND @ MIL,W,0,8,,,0.0,,,8,8,1.0,,,,,,,,,24,,0
1452,21980,77353,Allen Leavell,HOU,Houston Rockets,0028000622,1981-02-03,HOU vs. DEN,W,0,10,,,0.0,,,4,4,1.0,,,,,,,,,24,,0
1453,21980,76736,Phil Ford,KCK,Kansas City Kings,0028000613,1981-01-29,KCK @ LAL,L,0,9,,,0.0,,,6,9,0.667,,,,,,,,,24,,0
1454,21980,78150,James Silas,SAN,San Antonio Spurs,0028000612,1981-01-29,SAN vs. NJN,W,0,9,,,0.0,,,6,8,0.75,,,,,,,,,24,,0
1455,21980,78571,Ray Williams,NYK,New York Knicks,0028000611,1981-01-29,NYK @ ATL,W,0,9,,,0.0,,,6,9,0.667,,,,,,,,,24,,0
1456,21980,77160,Marques Johnson,MIL,Milwaukee Bucks,0028000609,1981-01-28,MIL @ SEA,W,0,8,,,0.0,,,8,12,0.667,,,,,,,,,24,,0
1457,21980,1449,Larry Bird,BOS,Boston Celtics,0028000606,1981-01-28,BOS vs. PHL,W,0,11,,,0.0,,,2,2,1.0,,,,,,,,,24,,0
1458,21980,76736,Phil Ford,KCK,Kansas City Kings,0028000602,1981-01-27,KCK @ SDC,L,0,10,,,0.0,,,4,4,1.0,,,,,,,,,24,,0
1459,21980,76003,Kareem Abdul-Jabbar,LAL,Los Angeles Lakers,0028000596,1981-01-26,LAL vs. POR,W,0,12,,,0.0,,,0,0,,,,,,,,,,24,,0
1460,21980,76804,George Gervin,SAN,San Antonio Spurs,0028000583,1981-01-24,SAN @ DEN,L,0,10,,,0.0,,,4,6,0.667,,,,,,,,,24,,0
1461,21980,77097,Dan Issel,DEN,Denver Nuggets,0028000579,1981-01-23,DEN @ LAL,L,0,8,,,0.0,,,8,10,0.8,,,,,,,,,24,,0
1462,21980,78571,Ray Williams,NYK,New York Knicks,0028000572,1981-01-22,NYK @ SDC,W,0,10,,,0.0,,,4,6,0.667,,,,,,,,,24,,0
1463,21980,76003,Kareem Abdul-Jabbar,LAL,Los Angeles Lakers,0028000566,1981-01-21,LAL vs. ATL,W,0,11,,,0.0,,,2,4,0.5,,,,,,,,,24,,0
1464,21980,77669,Calvin Murphy,HOU,Houston Rockets,0028000564,1981-01-21,HOU vs. PHX,W,0,12,,,0.0,,,0,0,,,,,,,,,,24,,0
1465,21980,77420,Maurice Lucas,NJN,New Jersey Nets,0028000562,1981-01-21,NJN vs. SEA,W,0,8,,,0.0,,,8,12,0.667,,,,,,,,,24,,0
1466,21980,77615,Mike Mitchell,CLE,Cleveland Cavaliers,0028000559,1981-01-20,CLE vs. POR,W,0,10,,,0.0,,,4,5,0.8,,,,,,,,,24,,0
1467,21980,76736,Phil Ford,KCK,Kansas City Kings,0028000557,1981-01-20,KCK @ DAL,W,0,7,,,0.0,,,10,12,0.833,,,,,,,,,24,,0
1468,21980,77087,Geoff Huston,DAL,Dallas Mavericks,0028000532,1981-01-16,DAL vs. NYK,W,0,11,,,0.0,,,2,2,1.0,,,,,,,,,24,,0
1469,21980,76362,Bill Cartwright,NYK,New York Knicks,0028000532,1981-01-16,NYK @ DAL,L,0,8,,,0.0,,,8,10,0.8,,,,,,,,,24,,0
1470,21980,78149,Jack Sikma,SEA,Seattle SuperSonics,0028000534,1981-01-16,SEA @ IND,W,0,10,,,0.0,,,4,5,0.8,,,,,,,,,24,,0
1471,21980,76272,Fred Brown,SEA,Seattle SuperSonics,0028000534,1981-01-16,SEA @ IND,W,0,8,,,1.0,,,7,7,1.0,,,,,,,,,24,,0
1472,21980,77160,Marques Johnson,MIL,Milwaukee Bucks,0028000529,1981-01-15,MIL vs. PHL,W,0,10,,,0.0,,,4,6,0.667,,,,,,,,,24,,0
1473,21980,76091,Greg Ballard,WAS,Washington Bullets,0028000528,1981-01-14,WAS vs. LAL,W,0,12,,,0.0,,,0,0,,,,,,,,,,24,,0
1474,21980,77290,Billy Knight,IND,Indiana Pacers,0028000519,1981-01-14,IND vs. DET,W,0,7,,,0.0,,,10,12,0.833,,,,,,,,,24,,0
1475,21980,77160,Marques Johnson,MIL,Milwaukee Bucks,0028000517,1981-01-13,MIL @ DET,W,0,10,,,0.0,,,4,8,0.5,,,,,,,,,24,,0
1476,21980,77848,Roger Phegley,CLE,Cleveland Cavaliers,0028000516,1981-01-13,CLE vs. LAL,L,0,9,,,0.0,,,6,7,0.857,,,,,,,,,24,,0
1477,21980,77144,Eddie Johnson,ATL,Atlanta Hawks,0028000514,1981-01-13,ATL @ DEN,L,0,11,,,0.0,,,2,3,0.667,,,,,,,,,24,,0
1478,21980,77328,Tom LaGarde,DAL,Dallas Mavericks,0028000513,1981-01-13,DAL vs. CHI,W,0,9,,,0.0,,,6,8,0.75,,,,,,,,,24,,0
1479,21980,78500,Paul Westphal,SEA,Seattle SuperSonics,0028000512,1981-01-11,SEA vs. GOS,L,0,9,,,0.0,,,6,7,0.857,,,,,,,,,24,,0
1480,21980,1381,John Long,DET,Detroit Pistons,0028000511,1981-01-11,DET @ LAL,L,0,11,,,0.0,,,2,2,1.0,,,,,,,,,24,,0
1481,21980,77993,Truck Robinson,PHX,Phoenix Suns,0028000509,1981-01-11,PHX @ MIL,L,0,10,,,0.0,,,4,5,0.8,,,,,,,,,24,,0
1482,21980,305,Robert Parish,BOS,Boston Celtics,0028000505,1981-01-10,BOS @ NJN,W,0,9,,,0.0,,,6,10,0.6,,,,,,,,,24,,0
1483,21980,77449,Moses Malone,HOU,Houston Rockets,0028000503,1981-01-10,HOU vs. POR,W,0,9,,,0.0,,,6,9,0.667,,,,,,,,,24,,0
1484,21980,76154,Kent Benson,DET,Detroit Pistons,0028000502,1981-01-10,DET @ GOS,L,0,9,,,0.0,,,6,7,0.857,,,,,,,,,24,,0
1485,21980,77618,Steve Mix,PHL,Philadelphia 76ers,0028000499,1981-01-10,PHL @ CHI,W,0,8,,,0.0,,,8,10,0.8,,,,,,,,,24,,0
1486,21980,77144,Eddie Johnson,ATL,Atlanta Hawks,0028000497,1981-01-09,ATL vs. CLE,L,0,9,,,1.0,,,5,7,0.714,,,,,,,,,24,,0
1487,21980,1449,Larry Bird,BOS,Boston Celtics,0028000494,1981-01-09,BOS vs. CHI,W,0,11,,,0.0,,,2,2,1.0,,,,,,,,,24,,0
1488,21980,77328,Tom LaGarde,DAL,Dallas Mavericks,0028000490,1981-01-08,DAL @ UTH,L,0,9,,,0.0,,,6,9,0.667,,,,,,,,,24,,0
1489,21980,77071,Phil Hubbard,DET,Detroit Pistons,0028000486,1981-01-07,DET @ SEA,L,0,10,,,0.0,,,4,6,0.667,,,,,,,,,24,,0
1490,21980,1449,Larry Bird,BOS,Boston Celtics,0028000485,1981-01-07,BOS vs. PHX,W,0,9,,,0.0,,,6,7,0.857,,,,,,,,,24,,0
1491,21980,77087,Geoff Huston,DAL,Dallas Mavericks,0028000481,1981-01-07,DAL @ GOS,W,0,9,,,0.0,,,6,10,0.6,,,,,,,,,24,,0
1492,21980,76598,John Drew,ATL,Atlanta Hawks,0028000476,1981-01-06,ATL vs. PHX,L,0,9,,,0.0,,,6,10,0.6,,,,,,,,,24,,0
1493,21980,76011,Alvan Adams,PHX,Phoenix Suns,0028000476,1981-01-06,PHX @ ATL,W,0,11,,,0.0,,,2,2,1.0,,,,,,,,,24,,0
1494,21980,76673,Alex English,DEN,Denver Nuggets,0028000470,1981-01-03,DEN @ HOU,W,0,9,,,0.0,,,6,8,0.75,,,,,,,,,24,,0
1495,21980,77532,George McGinnis,IND,Indiana Pacers,0028000467,1981-01-03,IND vs. SDC,W,0,11,,,0.0,,,2,5,0.4,,,,,,,,,24,,0
1496,21980,305,Robert Parish,BOS,Boston Celtics,0028000463,1981-01-02,BOS @ GOS,L,0,10,,,0.0,,,4,7,0.571,,,,,,,,,24,,0
1497,21980,76979,Elvin Hayes,WAS,Washington Bullets,0028000462,1981-01-02,WAS vs. CHI,L,0,11,,,0.0,,,2,5,0.4,,,,,,,,,24,,0
1498,21980,78025,Dan Roundfield,ATL,Atlanta Hawks,0028000459,1981-01-02,ATL vs. IND,L,0,11,,,0.0,,,2,2,1.0,,,,,,,,,24,,0
1499,21980,78404,Kiki Vandeweghe,DEN,Denver Nuggets,0028000458,1981-01-02,DEN vs. PHX,L,0,8,,,0.0,,,8,8,1.0,,,,,,,,,24,,0
1500,21980,1453,Walter Davis,PHX,Phoenix Suns,0028000458,1981-01-02,PHX @ DEN,W,0,10,,,0.0,,,4,5,0.8,,,,,,,,,24,,0
1501,21980,77710,Mike Newlin,NJN,New Jersey Nets,0028000437,1980-12-28,NJN vs. KCK,L,0,10,,,1.0,,,3,3,1.0,,,,,,,,,24,,0
1502,21980,76362,Bill Cartwright,NYK,New York Knicks,0028000435,1980-12-27,NYK vs. KCK,W,0,8,,,0.0,,,8,8,1.0,,,,,,,,,24,,0
1503,21980,77993,Truck Robinson,PHX,Phoenix Suns,0028000432,1980-12-27,PHX vs. LAL,W,0,10,,,0.0,,,4,8,0.5,,,,,,,,,24,,0
1504,21980,77264,Bernard King,GOS,Golden State Warriors,0028000430,1980-12-27,GOS vs. SEA,W,0,11,,,0.0,,,2,4,0.5,,,,,,,,,24,,0
1505,21980,77487,Cedric Maxwell,BOS,Boston Celtics,0028000419,1980-12-25,BOS @ NYK,W,0,8,,,0.0,,,8,9,0.889,,,,,,,,,24,,0
1506,21980,76091,Greg Ballard,WAS,Washington Bullets,0028000416,1980-12-25,WAS vs. NJN,W,0,11,,,0.0,,,2,2,1.0,,,,,,,,,24,,0
1507,21980,76054,Nate Archibald,BOS,Boston Celtics,0028000412,1980-12-23,BOS vs. DEN,W,0,8,,,0.0,,,8,12,0.667,,,,,,,,,24,,0
1508,21980,229,James Edwards,IND,Indiana Pacers,0028000411,1980-12-23,IND vs. NJN,W,0,7,,,0.0,,,10,12,0.833,,,,,,,,,24,,0
1509,21980,77626,Sidney Moncrief,MIL,Milwaukee Bucks,0028000403,1980-12-21,MIL vs. HOU,W,0,12,,,0.0,,,0,0,,,,,,,,,,24,,0
1510,21980,100263,Bill Laimbeer,CLE,Cleveland Cavaliers,0028000400,1980-12-20,CLE vs. BOS,L,0,11,,,0.0,,,2,2,1.0,,,,,,,,6.0,24,,0
1511,21980,305,Robert Parish,BOS,Boston Celtics,0028000400,1980-12-20,BOS @ CLE,W,0,10,,,0.0,,,4,10,0.4,,,,,,,,,24,,0
1512,21980,76736,Phil Ford,KCK,Kansas City Kings,0028000397,1980-12-20,KCK vs. IND,L,0,7,,,0.0,,,10,11,0.909,,,,,,,,6.0,24,,0
1513,21980,78310,Reggie Theus,CHI,Chicago Bulls,0028000395,1980-12-20,CHI vs. HOU,W,0,8,,,0.0,,,8,9,0.889,,,,,,,,,24,,0
1514,21980,78215,Ricky Sobers,CHI,Chicago Bulls,0028000393,1980-12-19,CHI vs. MIL,W,0,9,,,0.0,,,6,7,0.857,,,,,,,,,24,,0
1515,21980,77160,Marques Johnson,MIL,Milwaukee Bucks,0028000393,1980-12-19,MIL @ CHI,L,0,11,,,0.0,,,2,2,1.0,,,,,,,,,24,,0
1516,21980,76681,Julius Erving,PHL,Philadelphia 76ers,0028000392,1980-12-19,PHL vs. NJN,W,0,8,,,0.0,,,8,8,1.0,,,,,,,,,24,,0
1517,21980,78025,Dan Roundfield,ATL,Atlanta Hawks,0028000391,1980-12-19,ATL @ SEA,L,0,10,,,0.0,,,4,6,0.667,,,,,,,,,24,,0
1518,21980,77710,Mike Newlin,NJN,New Jersey Nets,0028000376,1980-12-17,NJN vs. MIL,W,0,8,,,0.0,,,8,8,1.0,,,,,,,,,24,,0
1519,21980,77160,Marques Johnson,MIL,Milwaukee Bucks,0028000376,1980-12-17,MIL @ NJN,L,0,10,,,0.0,,,4,5,0.8,,,,,,,,,24,,0
1520,21980,77264,Bernard King,GOS,Golden State Warriors,0028000375,1980-12-17,GOS vs. POR,L,0,11,,,0.0,,,2,2,1.0,,,,,,,,,24,,0
1521,21980,76890,Darrell Griffith,UTH,Utah Jazz,0028000372,1980-12-16,UTH @ NYK,L,0,10,,,0.0,,,4,7,0.571,,,,,,,,,24,,0
1522,21980,77290,Billy Knight,IND,Indiana Pacers,0028000371,1980-12-16,IND vs. PHL,L,0,9,,,0.0,,,6,6,1.0,,,,,,,,,24,,0
1523,21980,78331,Mychal Thompson,POR,Portland Trail Blazers,0028000363,1980-12-14,POR @ PHX,W,0,11,,,0.0,,,2,4,0.5,,,,,,,,,24,,0
1524,21980,76753,World Free,GOS,Golden State Warriors,0028000357,1980-12-13,GOS vs. HOU,L,0,11,,,0.0,,,2,3,0.667,,,,,,,,,24,,0
1525,21980,78468,Richard Washington,CLE,Cleveland Cavaliers,0028000355,1980-12-13,CLE vs. UTH,W,0,9,,,0.0,,,6,6,1.0,,,,,,,,,24,,0
1526,21980,305,Robert Parish,BOS,Boston Celtics,0028000354,1980-12-13,BOS @ CHI,W,0,12,,,0.0,,,0,0,,,,,,,,,,24,,0
1527,21980,77689,Swen Nater,SDC,San Diego Clippers,0028000353,1980-12-12,SDC @ DAL,L,0,11,,,0.0,,,2,2,1.0,,,,,,,,,24,,0
1528,21980,76266,Michael Brooks,SDC,San Diego Clippers,0028000353,1980-12-12,SDC @ DAL,L,0,10,,,0.0,,,4,4,1.0,,,,,,,,,24,,0
1529,21980,76890,Darrell Griffith,UTH,Utah Jazz,0028000351,1980-12-12,UTH @ CHI,L,0,10,,,0.0,,,4,6,0.667,,,,,,,,,24,,0
1530,21980,76681,Julius Erving,PHL,Philadelphia 76ers,0028000342,1980-12-10,PHL vs. CHI,W,0,10,,,0.0,,,4,7,0.571,,,,,,,,,24,,0
1531,21980,76091,Greg Ballard,WAS,Washington Bullets,0028000323,1980-12-07,WAS @ BOS,W,0,10,,,0.0,,,4,4,1.0,,,,,,,,,24,,0
1532,21980,76003,Kareem Abdul-Jabbar,LAL,Los Angeles Lakers,0028000321,1980-12-07,LAL vs. UTH,W,0,10,,,0.0,,,4,6,0.667,,,,,,,,,24,,0
1533,21980,78222,Jim Spanarkel,DAL,Dallas Mavericks,0028000318,1980-12-06,DAL @ ATL,L,0,6,,,0.0,,,12,13,0.923,,,,,,,,,24,,0
1534,21980,76362,Bill Cartwright,NYK,New York Knicks,0028000317,1980-12-06,NYK vs. MIL,W,0,9,,,0.0,,,6,6,1.0,,,,,,,,,24,,0
1535,21980,77010,Keith Herron,DET,Detroit Pistons,0028000314,1980-12-06,DET @ CLE,L,0,11,,,0.0,,,2,3,0.667,,,,,,,,,24,,0
1536,21980,77997,Bill Robinzine,DAL,Dallas Mavericks,0028000310,1980-12-05,DAL @ BOS,L,0,10,,,0.0,,,4,6,0.667,,,,,,,,,24,,0
1537,21980,77710,Mike Newlin,NJN,New Jersey Nets,0028000306,1980-12-05,NJN @ PHX,W,0,10,,,0.0,,,4,7,0.571,,,,,,,,,24,,0
1538,21980,78047,Campy Russell,NYK,New York Knicks,0028000295,1980-12-03,NYK @ PHL,L,0,9,,,1.0,,,5,8,0.625,,,,,,,,,24,,0
1539,21980,78482,Scott Wedman,KCK,Kansas City Kings,0028000293,1980-12-02,KCK @ WAS,L,0,12,,,0.0,,,0,1,0.0,,,,,,,,,24,,0
1540,21980,76979,Elvin Hayes,WAS,Washington Bullets,0028000293,1980-12-02,WAS vs. KCK,W,0,10,,,0.0,,,4,7,0.571,,,,,,,,,24,,0
1541,21980,78548,Freeman Williams,SDC,San Diego Clippers,0028000281,1980-11-30,SDC vs. GOS,W,0,10,,,0.0,,,4,5,0.8,,,,,,,,,24,,0
1542,21980,77669,Calvin Murphy,HOU,Houston Rockets,0028000276,1980-11-29,HOU vs. DAL,W,0,10,,,0.0,,,4,4,1.0,,,,,,,,,24,,0
1543,21980,77126,Abdul Jeelani,DAL,Dallas Mavericks,0028000276,1980-11-29,DAL @ HOU,L,0,10,,,0.0,,,4,5,0.8,,,,,,,,,24,,0
1544,21980,76504,Adrian Dantley,UTH,Utah Jazz,0028000266,1980-11-28,UTH @ NJN,L,0,10,,,0.0,,,4,4,1.0,,,,,,,,,24,,0
1545,21980,76272,Fred Brown,SEA,Seattle SuperSonics,0028000271,1980-11-28,SEA vs. SDC,L,0,10,,,1.0,,,3,4,0.75,,,,,,,,,24,,0
1546,21980,78532,Jamaal Wilkes,LAL,Los Angeles Lakers,0028000261,1980-11-27,LAL @ GOS,W,0,9,,,0.0,,,6,6,1.0,,,,,,,,,24,,0
1547,21980,76979,Elvin Hayes,WAS,Washington Bullets,0028000260,1980-11-27,WAS vs. IND,W,0,10,,,0.0,,,4,8,0.5,,,,,,,,,24,,0
1548,21980,600014,Artis Gilmore,CHI,Chicago Bulls,0028000259,1980-11-26,CHI @ SAN,L,0,7,,,0.0,,,10,15,0.667,,,,,,,,,24,,0
1549,21980,77756,Mark Olberding,SAN,San Antonio Spurs,0028000259,1980-11-26,SAN vs. CHI,W,0,9,,,0.0,,,6,6,1.0,,,,,,,,,24,,0
1550,21980,76453,Dave Corzine,SAN,San Antonio Spurs,0028000259,1980-11-26,SAN vs. CHI,W,0,11,,,0.0,,,2,2,1.0,,,,,,,,,24,,0
1551,21980,1449,Larry Bird,BOS,Boston Celtics,0028000251,1980-11-26,BOS vs. POR,W,0,11,,,0.0,,,2,3,0.667,,,,,,,,,24,,0
1552,21980,77141,Dennis Johnson,PHX,Phoenix Suns,0028000244,1980-11-23,PHX vs. DEN,W,0,11,,,0.0,,,2,4,0.5,,,,,,,,,24,,0
1553,21980,77160,Marques Johnson,MIL,Milwaukee Bucks,0028000243,1980-11-23,MIL @ LAL,W,0,11,,,0.0,,,2,3,0.667,,,,,,,,,24,,0
1554,21980,77986,Cliff T. Robinson,NJN,New Jersey Nets,0028000239,1980-11-22,NJN @ DET,L,0,10,,,0.0,,,4,6,0.667,,,,,,,,,24,,0
1555,21980,77246,Larry Kenon,CHI,Chicago Bulls,0028000228,1980-11-21,CHI vs. NYK,W,0,9,,,0.0,,,6,6,1.0,,,,,,,,,24,,0
1556,21980,78310,Reggie Theus,CHI,Chicago Bulls,0028000217,1980-11-18,CHI vs. BOS,L,0,7,,,0.0,,,10,11,0.909,,,,,,,,,24,,0
1557,21980,77010,Keith Herron,DET,Detroit Pistons,0028000216,1980-11-18,DET vs. IND,L,0,8,,,0.0,,,8,9,0.889,,,,,,,,,24,,0
1558,21980,77936,Robert Reid,HOU,Houston Rockets,0028000211,1980-11-18,HOU vs. SEA,W,0,10,,,0.0,,,4,5,0.8,,,,,,,,,24,,0
1559,21980,76252,Junior Bridgeman,MIL,Milwaukee Bucks,0028000208,1980-11-16,MIL vs. CHI,L,0,8,,,1.0,,,7,7,1.0,,,,,,,,,24,,0
1560,21980,600014,Artis Gilmore,CHI,Chicago Bulls,0028000208,1980-11-16,CHI @ MIL,W,0,8,,,0.0,,,8,12,0.667,,,,,,,,,24,,0
1561,21980,77142,Magic Johnson,LAL,Los Angeles Lakers,0028000207,1980-11-16,LAL vs. DAL,W,0,9,,,0.0,,,6,7,0.857,,,,8.0,,,,,24,,0
1562,21980,78200,Randy Smith,CLE,Cleveland Cavaliers,0028000204,1980-11-15,CLE @ NYK,L,0,11,,,0.0,,,2,3,0.667,,,,,,,,,24,,0
1563,21980,76011,Alvan Adams,PHX,Phoenix Suns,0028000202,1980-11-15,PHX @ GOS,L,0,11,,,0.0,,,2,3,0.667,,,,,,,,,24,,0
1564,21980,77152,John Johnson,SEA,Seattle SuperSonics,0028000200,1980-11-15,SEA vs. HOU,W,0,9,,,0.0,,,6,7,0.857,,,,,,,,,24,,0
1565,21980,77484,Wes Matthews,WAS,Washington Bullets,0028000194,1980-11-14,WAS @ IND,L,0,10,,,0.0,,,4,4,1.0,,,,,,,,,24,,0
1566,21980,78548,Freeman Williams,SDC,San Diego Clippers,0028000192,1980-11-14,SDC @ LAL,L,0,12,,,0.0,,,0,0,,,,,,,,,,24,,0
1567,21980,76272,Fred Brown,SEA,Seattle SuperSonics,0028000191,1980-11-14,SEA vs. KCK,W,0,10,,,0.0,,,4,4,1.0,,,,,,,,,24,,0
1568,21980,78150,James Silas,SAN,San Antonio Spurs,0028000182,1980-11-12,SAN @ PHX,L,0,8,,,0.0,,,8,10,0.8,,,,,,,,,24,,0
1569,21980,78571,Ray Williams,NYK,New York Knicks,0028000179,1980-11-12,NYK @ PHL,W,0,9,,,0.0,,,6,8,0.75,,,,,,,,,24,,0
1570,21980,76362,Bill Cartwright,NYK,New York Knicks,0028000179,1980-11-12,NYK @ PHL,W,0,11,,,0.0,,,2,2,1.0,,,,,,,,,24,,0
1571,21980,76272,Fred Brown,SEA,Seattle SuperSonics,0028000186,1980-11-12,SEA vs. UTH,L,0,11,,,1.0,,,1,1,1.0,,,,,,,,,24,,0
1572,21980,78548,Freeman Williams,SDC,San Diego Clippers,0028000178,1980-11-11,SDC vs. PHX,L,0,10,,,2.0,,,2,3,0.667,,,,,,,,,24,,0
1573,21980,76011,Alvan Adams,PHX,Phoenix Suns,0028000178,1980-11-11,PHX @ SDC,W,0,10,,,0.0,,,4,6,0.667,,,,,,,,,24,,0
1574,21980,78482,Scott Wedman,KCK,Kansas City Kings,0028000173,1980-11-11,KCK @ POR,W,0,11,,,0.0,,,2,2,1.0,,,,,,,,6.0,24,,0
1575,21980,600014,Artis Gilmore,CHI,Chicago Bulls,0028000167,1980-11-09,CHI @ BOS,L,0,8,,,0.0,,,8,12,0.667,,,,,,,,,24,,0
1576,21980,78532,Jamaal Wilkes,LAL,Los Angeles Lakers,0028000164,1980-11-08,LAL @ SAN,L,0,11,,,0.0,,,2,2,1.0,,,,,,,,,24,,0
1577,21980,76736,Phil Ford,KCK,Kansas City Kings,0028000163,1980-11-08,KCK vs. CLE,W,0,7,,,0.0,,,10,12,0.833,,,,,,,,,24,,0
1578,21980,76753,World Free,GOS,Golden State Warriors,0028000162,1980-11-08,GOS vs. IND,W,0,10,,,0.0,,,4,5,0.8,,,,,,,,,24,,0
1579,21980,78310,Reggie Theus,CHI,Chicago Bulls,0028000161,1980-11-08,CHI vs. DEN,L,0,9,,,0.0,,,6,9,0.667,,,,,,,,,24,,0
1580,21980,77484,Wes Matthews,WAS,Washington Bullets,0028000148,1980-11-06,WAS vs. DAL,W,0,10,,,0.0,,,4,6,0.667,,,,,,,,,24,,0
1581,21980,78149,Jack Sikma,SEA,Seattle SuperSonics,0028000144,1980-11-05,SEA vs. DEN,L,0,9,,,0.0,,,6,7,0.857,,,,,,,,,24,,0
1582,21980,78199,Phil Smith,SDC,San Diego Clippers,0028000141,1980-11-05,SDC @ HOU,W,0,9,,,0.0,,,6,10,0.6,,,,,,,,,24,,0
1583,21980,78139,Purvis Short,GOS,Golden State Warriors,0028000140,1980-11-05,GOS vs. CLE,W,0,10,,,0.0,,,4,4,1.0,,,,,,,,,24,,0
1584,21980,76353,Joe Barry Carroll,GOS,Golden State Warriors,0028000140,1980-11-05,GOS vs. CLE,W,0,9,,,0.0,,,6,6,1.0,,,,,,,,,24,,0
1585,21980,76266,Michael Brooks,SDC,San Diego Clippers,0028000137,1980-11-04,SDC @ DAL,W,0,9,,,0.0,,,6,8,0.75,,,,,,,,,24,,0
1586,21980,76170,Otis Birdsong,KCK,Kansas City Kings,0028000135,1980-11-04,KCK @ UTH,L,0,8,,,0.0,,,8,8,1.0,,,,,,,,,24,,0
1587,21980,76091,Greg Ballard,WAS,Washington Bullets,0028000134,1980-11-04,WAS vs. ATL,W,0,9,,,0.0,,,6,8,0.75,,,,,,,,,24,,0
1588,21980,76272,Fred Brown,SEA,Seattle SuperSonics,0028000133,1980-11-03,SEA vs. CLE,W,0,11,,,0.0,,,2,2,1.0,,,,,,,,,24,,0
1589,21980,76170,Otis Birdsong,KCK,Kansas City Kings,0028000129,1980-11-01,KCK vs. PHX,L,0,8,,,2.0,,,6,9,0.667,,,,,,,,,24,,0
1590,21980,76539,Darryl Dawkins,PHL,Philadelphia 76ers,0028000127,1980-11-01,PHL vs. BOS,W,0,8,,,0.0,,,8,12,0.667,,,,,,,,,24,,0
1591,21980,78149,Jack Sikma,SEA,Seattle SuperSonics,0028000120,1980-10-31,SEA vs. SAN,L,0,11,,,0.0,,,2,2,1.0,,,,,,,,,24,,0
1592,21980,77087,Geoff Huston,DAL,Dallas Mavericks,0028000119,1980-10-31,DAL @ UTH,L,0,8,,,0.0,,,8,10,0.8,,,,,,,,,24,,0
1593,21980,77487,Cedric Maxwell,BOS,Boston Celtics,0028000114,1980-10-31,BOS vs. KCK,W,0,9,,,0.0,,,6,9,0.667,,,,,,,,,24,,0
1594,21980,76266,Michael Brooks,SDC,San Diego Clippers,0028000098,1980-10-28,SDC vs. LAL,L,0,8,,,0.0,,,8,11,0.727,,,,,,,,,24,,0
1595,21980,77691,Calvin Natt,POR,Portland Trail Blazers,0028000096,1980-10-28,POR @ SAN,L,0,11,,,0.0,,,2,5,0.4,,,,,,,,,24,,0
1596,21980,76170,Otis Birdsong,KCK,Kansas City Kings,0028000095,1980-10-28,KCK @ ATL,L,0,8,,,0.0,,,8,10,0.8,,,,,,,,,24,,0
1597,21980,77142,Magic Johnson,LAL,Los Angeles Lakers,0028000093,1980-10-26,LAL vs. SAN,L,0,10,,,0.0,,,4,5,0.8,,,,,,,,,24,,0
1598,21980,77097,Dan Issel,DEN,Denver Nuggets,0028000086,1980-10-25,DEN @ KCK,L,0,9,,,0.0,,,6,6,1.0,,,,,,,,,24,,0
1599,21980,77848,Roger Phegley,CLE,Cleveland Cavaliers,0028000083,1980-10-25,CLE vs. IND,W,0,12,,,0.0,,,0,0,,,,,,,,,,24,,0
1600,21980,77721,Norm Nixon,LAL,Los Angeles Lakers,0028000079,1980-10-24,LAL vs. SEA,W,0,11,,,0.0,,,2,2,1.0,,,,,,,,,24,,0
1601,21980,78199,Phil Smith,SDC,San Diego Clippers,0028000077,1980-10-24,SDC vs. UTH,W,0,10,,,0.0,,,4,6,0.667,,,,,,,,,24,,0
1602,21980,78571,Ray Williams,NYK,New York Knicks,0028000073,1980-10-23,NYK @ BOS,W,0,10,,,1.0,,,3,4,0.75,,,,,,,,,24,,0
1603,21980,78600,Brian Winters,MIL,Milwaukee Bucks,0028000068,1980-10-22,MIL @ IND,W,0,7,,,2.0,,,8,9,0.889,,,,,,,,,24,,0
1604,21980,78468,Richard Washington,DAL,Dallas Mavericks,0028000070,1980-10-22,DAL @ SEA,W,0,10,,,0.0,,,4,4,1.0,,,,,,,,,24,,0
1605,21980,76252,Junior Bridgeman,MIL,Milwaukee Bucks,0028000068,1980-10-22,MIL @ IND,W,0,11,,,0.0,,,2,2,1.0,,,,,,,,,24,,0
1606,21980,77615,Mike Mitchell,CLE,Cleveland Cavaliers,0028000065,1980-10-21,CLE @ MIL,L,0,11,,,0.0,,,2,3,0.667,,,,,,,,,24,,0
1607,21980,77582,Joe Meriweather,KCK,Kansas City Kings,0028000062,1980-10-21,KCK vs. GOS,L,0,8,,,0.0,,,8,13,0.615,,,,,,,,,24,,0
1608,21980,76681,Julius Erving,PHL,Philadelphia 76ers,0028000050,1980-10-18,PHL vs. WAS,W,0,9,,,0.0,,,6,6,1.0,,,,,,,,,24,,0
1609,21980,77142,Magic Johnson,LAL,Los Angeles Lakers,0028000040,1980-10-17,LAL vs. PHX,W,0,9,,,0.0,,,6,10,0.6,,,,,,,,,24,,0
1610,21980,78200,Randy Smith,CLE,Cleveland Cavaliers,0028000036,1980-10-16,CLE vs. WAS,W,0,10,,,0.0,,,4,5,0.8,,,,,,,,,24,,0
1611,21980,78500,Paul Westphal,SEA,Seattle SuperSonics,0028000024,1980-10-14,SEA @ DAL,W,0,9,,,1.0,,,5,6,0.833,,,,,,,,,24,,0
1612,21980,76526,Johnny Davis,IND,Indiana Pacers,0028000009,1980-10-10,IND @ NJN,W,0,9,,,0.0,,,6,6,1.0,,,,,,,,,24,,0
1613,21980,78500,Paul Westphal,SEA,Seattle SuperSonics,0028000006,1980-10-10,SEA vs. LAL,L,0,9,,,0.0,,,6,7,0.857,,,,,,,,,24,,0
1614,21980,77239,Greg Kelser,DET,Detroit Pistons,0028000005,1980-10-10,DET vs. WAS,L,0,10,,,0.0,,,4,9,0.444,,,,,,,,,24,,0
1615,21980,77936,Robert Reid,HOU,Houston Rockets,0028000935,1981-03-29,HOU @ SAN,L,0,11,,,0.0,,,1,1,1.0,,,,,,,,,23,,0
1616,21980,77160,Marques Johnson,MIL,Milwaukee Bucks,0028000934,1981-03-29,MIL @ ATL,W,0,10,,,0.0,,,3,6,0.5,,,,,,,,,23,,0
1617,21980,77710,Mike Newlin,NJN,New Jersey Nets,0028000940,1981-03-29,NJN @ NYK,L,0,11,,,0.0,,,1,2,0.5,,,,,,,,,23,,0
1618,21980,78195,Larry Smith,GOS,Golden State Warriors,0028000932,1981-03-28,GOS vs. DEN,L,0,10,,,0.0,,,3,8,0.375,,,,,,,,,23,,0
1619,21980,76003,Kareem Abdul-Jabbar,LAL,Los Angeles Lakers,0028000927,1981-03-27,LAL @ SEA,W,0,10,,,0.0,,,3,3,1.0,,,,,,,,,23,,0
1620,21980,77264,Bernard King,GOS,Golden State Warriors,0028000915,1981-03-25,GOS vs. SDC,W,0,9,,,0.0,,,5,6,0.833,,,,,,,,,23,,0
1621,21980,76966,Joey Hassett,GOS,Golden State Warriors,0028000901,1981-03-24,GOS @ LAL,L,0,9,,,3.0,,,2,2,1.0,,,,,,,,,23,,0
1622,21980,77669,Calvin Murphy,HOU,Houston Rockets,0028000906,1981-03-24,HOU @ DAL,W,0,9,,,0.0,,,5,6,0.833,,,,,,,,,23,,0
1623,21980,77819,Jim Paxson,POR,Portland Trail Blazers,0028000902,1981-03-24,POR vs. PHX,W,0,11,,,0.0,,,1,1,1.0,,,,,,,,,23,,0
1624,21980,76353,Joe Barry Carroll,GOS,Golden State Warriors,0028000901,1981-03-24,GOS @ LAL,L,0,9,,,0.0,,,5,5,1.0,,,,,,,,,23,,0
1625,21980,77626,Sidney Moncrief,MIL,Milwaukee Bucks,0028000898,1981-03-22,MIL @ NJN,W,0,10,,,0.0,,,3,4,0.75,,,,,,,,,23,,0
1626,21980,76353,Joe Barry Carroll,GOS,Golden State Warriors,0028000896,1981-03-22,GOS vs. LAL,L,0,11,,,0.0,,,1,1,1.0,,,,,,,,,23,,0
1627,21980,77324,Mitch Kupchak,WAS,Washington Bullets,0028000895,1981-03-22,WAS vs. ATL,W,0,9,,,0.0,,,5,9,0.556,,,,,,,,,23,,0
1628,21980,77097,Dan Issel,DEN,Denver Nuggets,0028000893,1981-03-22,DEN vs. UTH,W,0,9,,,0.0,,,5,5,1.0,,,,,,,,,23,,0
1629,21980,76881,David Greenwood,CHI,Chicago Bulls,0028000890,1981-03-22,CHI @ DET,W,0,10,,,0.0,,,3,3,1.0,,,,,,,,,23,,0
1630,21980,78199,Phil Smith,SDC,San Diego Clippers,0028000891,1981-03-22,SDC @ SAN,L,0,8,,,1.0,,,6,8,0.75,,,,,,,,,23,,0
1631,21980,77721,Norm Nixon,LAL,Los Angeles Lakers,0028000889,1981-03-21,LAL @ POR,W,0,11,,,0.0,,,1,1,1.0,,,,,,,,,23,,0
1632,21980,77324,Mitch Kupchak,WAS,Washington Bullets,0028000884,1981-03-20,WAS @ BOS,L,0,8,,,0.0,,,7,7,1.0,,,,,,,,,23,,0
1633,21980,76673,Alex English,DEN,Denver Nuggets,0028000877,1981-03-20,DEN @ DAL,L,0,11,,,0.0,,,1,2,0.5,,,,,,,,,23,,0
1634,21980,77993,Truck Robinson,PHX,Phoenix Suns,0028000869,1981-03-18,PHX vs. LAL,W,0,11,,,0.0,,,1,1,1.0,,,,,,,,,23,,0
1635,21980,77141,Dennis Johnson,PHX,Phoenix Suns,0028000869,1981-03-18,PHX vs. LAL,W,0,8,,,0.0,,,7,8,0.875,,,,,,,,,23,,0
1636,21980,1453,Walter Davis,PHX,Phoenix Suns,0028000869,1981-03-18,PHX vs. LAL,W,0,11,,,0.0,,,1,1,1.0,,,,,,,,,23,,0
1637,21980,78047,Campy Russell,NYK,New York Knicks,0028000868,1981-03-18,NYK @ MIL,W,0,9,,,0.0,,,5,6,0.833,,,,,,,,,23,,0
1638,21980,77911,Kelvin Ransey,POR,Portland Trail Blazers,0028000864,1981-03-17,POR vs. SDC,W,0,9,,,1.0,,,4,5,0.8,,,,,,,,,23,,0
1639,21980,78310,Reggie Theus,CHI,Chicago Bulls,0028000863,1981-03-17,CHI vs. MIL,W,0,8,,,0.0,,,7,11,0.636,,,,,,,,,23,,0
1640,21980,76804,George Gervin,SAN,San Antonio Spurs,0028000862,1981-03-17,SAN vs. UTH,W,0,6,,,0.0,,,11,12,0.917,,,,,,,,,23,,0
1641,21980,76681,Julius Erving,PHL,Philadelphia 76ers,0028000857,1981-03-17,PHL @ NJN,L,0,7,,,0.0,,,9,13,0.692,,,,,,,,,23,,0
1642,21980,78199,Phil Smith,SDC,San Diego Clippers,0028000856,1981-03-15,SDC @ LAL,W,0,10,,,0.0,,,3,5,0.6,,,,,,,,,23,,0
1643,21980,78149,Jack Sikma,SEA,Seattle SuperSonics,0028000849,1981-03-15,SEA @ MIL,L,0,6,,,0.0,,,11,11,1.0,,,,,,,,,23,,0
1644,21980,78139,Purvis Short,GOS,Golden State Warriors,0028000848,1981-03-15,GOS vs. SAN,L,0,10,,,0.0,,,3,7,0.429,,,,,,,,6.0,23,,0
1645,21980,78548,Freeman Williams,SDC,San Diego Clippers,0028000846,1981-03-14,SDC vs. SAN,W,0,9,,,1.0,,,4,5,0.8,,,,,,,,,23,,0
1646,21980,77986,Cliff T. Robinson,NJN,New Jersey Nets,0028000838,1981-03-13,NJN @ CLE,W,0,9,,,0.0,,,5,6,0.833,,,,,,,,6.0,23,,0
1647,21980,77710,Mike Newlin,NJN,New Jersey Nets,0028000838,1981-03-13,NJN @ CLE,W,0,10,,,0.0,,,3,3,1.0,,,,,,,,,23,,0
1648,21980,77626,Sidney Moncrief,MIL,Milwaukee Bucks,0028000836,1981-03-13,MIL vs. PHL,W,0,9,,,0.0,,,5,6,0.833,,,,,,,,,23,,0
1649,21980,78215,Ricky Sobers,CHI,Chicago Bulls,0028000837,1981-03-13,CHI @ NYK,L,0,9,,,2.0,,,3,3,1.0,,,,,,,,,23,,0
1650,21980,76979,Elvin Hayes,WAS,Washington Bullets,0028000834,1981-03-12,WAS vs. IND,L,0,11,,,0.0,,,1,5,0.2,,,,,,,,,23,,0
1651,21980,77168,Mickey Johnson,MIL,Milwaukee Bucks,0028000835,1981-03-12,MIL vs. DEN,W,0,10,,,1.0,,,2,2,1.0,,,,,,,,,23,,0
1652,21980,77669,Calvin Murphy,HOU,Houston Rockets,0028000828,1981-03-11,HOU vs. GOS,W,0,11,,,0.0,,,1,1,1.0,,,,,,,,,23,,0
1653,21980,76681,Julius Erving,PHL,Philadelphia 76ers,0028000827,1981-03-11,PHL vs. NYK,W,0,10,,,0.0,,,3,5,0.6,,,,,,,,,23,,0
1654,21980,78025,Dan Roundfield,ATL,Atlanta Hawks,0028000821,1981-03-10,ATL vs. CHI,L,0,10,,,0.0,,,3,5,0.6,,,,,,,,,23,,0
1655,21980,600014,Artis Gilmore,CHI,Chicago Bulls,0028000817,1981-03-08,CHI @ WAS,L,0,8,,,0.0,,,7,11,0.636,,,,,,,,,23,,0
1656,21980,1450,Kevin McHale,BOS,Boston Celtics,0028000816,1981-03-08,BOS vs. NYK,W,0,10,,,0.0,,,3,6,0.5,,,,,,,,,23,,0
1657,21980,1449,Larry Bird,BOS,Boston Celtics,0028000816,1981-03-08,BOS vs. NYK,W,0,11,,,0.0,,,1,1,1.0,,,,,,,,,23,,0
1658,21980,77264,Bernard King,GOS,Golden State Warriors,0028000812,1981-03-08,GOS @ POR,L,0,11,,,0.0,,,1,3,0.333,,,,,,,,,23,,0
1659,21980,78199,Phil Smith,SDC,San Diego Clippers,0028000805,1981-03-06,SDC vs. CLE,W,0,9,,,0.0,,,5,5,1.0,,,,,,,,,23,,0
1660,21980,77848,Roger Phegley,CLE,Cleveland Cavaliers,0028000805,1981-03-06,CLE @ SDC,L,0,8,,,0.0,,,7,7,1.0,,,,,,,,,23,,0
1661,21980,76054,Nate Archibald,BOS,Boston Celtics,0028000800,1981-03-06,BOS @ IND,L,0,9,,,0.0,,,5,6,0.833,,,,,,,,,23,,0
1662,21980,76673,Alex English,DEN,Denver Nuggets,0028000798,1981-03-06,DEN @ PHL,L,0,11,,,0.0,,,1,2,0.5,,,,,,,,,23,,0
1663,21980,77669,Calvin Murphy,HOU,Houston Rockets,0028000802,1981-03-06,HOU vs. WAS,L,0,10,,,1.0,,,2,2,1.0,,,,,,,,,23,,0
1664,21980,305,Robert Parish,BOS,Boston Celtics,0028000789,1981-03-04,BOS @ HOU,W,0,10,,,0.0,,,3,4,0.75,,,,,,,,,23,,0
1665,21980,77689,Swen Nater,SDC,San Diego Clippers,0028000787,1981-03-04,SDC vs. WAS,L,0,11,,,0.0,,,1,3,0.333,,,,,,,,,23,,0
1666,21980,78532,Jamaal Wilkes,LAL,Los Angeles Lakers,0028000784,1981-03-03,LAL @ KCK,W,0,8,,,0.0,,,7,10,0.7,,,,,,,,,23,,0
1667,21980,78222,Jim Spanarkel,DAL,Dallas Mavericks,0028000783,1981-03-03,DAL vs. BOS,L,0,10,,,0.0,,,3,3,1.0,,,,,,,,,23,,0
1668,21980,77160,Marques Johnson,MIL,Milwaukee Bucks,0028000781,1981-03-03,MIL vs. DET,W,0,9,,,0.0,,,5,7,0.714,,,,,,,,,23,,0
1669,21980,77876,Kevin Porter,WAS,Washington Bullets,0028000780,1981-03-03,WAS @ UTH,W,0,7,,,0.0,,,9,11,0.818,,,,,,,,,23,,0
1670,21980,77167,Vinnie Johnson,SEA,Seattle SuperSonics,0028000771,1981-03-01,SEA @ ATL,L,0,9,,,0.0,,,5,6,0.833,,,,,,,,,23,,0
1671,21980,77273,Reggie King,KCK,Kansas City Kings,0028000768,1981-02-28,KCK vs. GOS,L,0,11,,,0.0,,,1,2,0.5,,,,,,,,,23,,0
1672,21980,77848,Roger Phegley,CLE,Cleveland Cavaliers,0028000761,1981-02-27,CLE @ DET,L,0,9,,,0.0,,,5,5,1.0,,,,,,,,,23,,0
1673,21980,1381,John Long,DET,Detroit Pistons,0028000761,1981-02-27,DET vs. CLE,W,0,10,,,0.0,,,3,3,1.0,,,,,,,,,23,,0
1674,21980,78149,Jack Sikma,SEA,Seattle SuperSonics,0028000757,1981-02-26,SEA @ SAN,L,0,9,,,0.0,,,5,7,0.714,,,,,,,,,23,,0
1675,21980,77721,Norm Nixon,LAL,Los Angeles Lakers,0028000753,1981-02-25,LAL @ MIL,L,0,8,,,1.0,,,6,7,0.857,,,,,,,,,23,,0
1676,21980,78532,Jamaal Wilkes,LAL,Los Angeles Lakers,0028000748,1981-02-24,LAL @ CHI,W,0,11,,,0.0,,,1,1,1.0,,,,,,,,,23,,0
1677,21980,76003,Kareem Abdul-Jabbar,LAL,Los Angeles Lakers,0028000748,1981-02-24,LAL @ CHI,W,0,10,,,0.0,,,3,3,1.0,,,,,,,,,23,,0
1678,21980,78150,James Silas,SAN,San Antonio Spurs,0028000747,1981-02-24,SAN vs. GOS,W,0,6,,,0.0,,,11,12,0.917,,,,,,,,,23,,0
1679,21980,76121,Billyray Bates,POR,Portland Trail Blazers,0028000746,1981-02-24,POR vs. SDC,L,0,9,,,0.0,,,5,5,1.0,,,,,,,,,23,,0
1680,21980,76890,Darrell Griffith,UTH,Utah Jazz,0028000743,1981-02-23,UTH vs. HOU,L,0,10,,,0.0,,,3,3,1.0,,,,,,,,,23,,0
1681,21980,77691,Calvin Natt,POR,Portland Trail Blazers,0028000742,1981-02-22,POR @ IND,W,0,9,,,0.0,,,5,5,1.0,,,,,,,,,23,,0
1682,21980,76539,Darryl Dawkins,PHL,Philadelphia 76ers,0028000741,1981-02-22,PHL @ PHX,L,0,10,,,0.0,,,3,3,1.0,,,,,,,,,23,,0
1683,21980,78548,Freeman Williams,SDC,San Diego Clippers,0028000729,1981-02-20,SDC @ GOS,W,0,9,,,0.0,,,5,5,1.0,,,,,,,,,23,,0
1684,21980,77819,Jim Paxson,POR,Portland Trail Blazers,0028000727,1981-02-20,POR @ NJN,L,0,10,,,0.0,,,3,4,0.75,,,,,,,,,23,,0
1685,21980,77420,Maurice Lucas,NJN,New Jersey Nets,0028000727,1981-02-20,NJN vs. POR,W,0,9,,,0.0,,,5,6,0.833,,,,,,,,,23,,0
1686,21980,78532,Jamaal Wilkes,LAL,Los Angeles Lakers,0028000723,1981-02-20,LAL vs. HOU,L,0,10,,,0.0,,,3,5,0.6,,,,,,,,,23,,0
1687,21980,76979,Elvin Hayes,WAS,Washington Bullets,0028000721,1981-02-20,WAS @ NYK,L,0,8,,,0.0,,,7,9,0.778,,,,,,,,,23,,0
1688,21980,76887,Kevin Grevey,WAS,Washington Bullets,0028000721,1981-02-20,WAS @ NYK,L,0,10,,,1.0,,,2,2,1.0,,,,,,,,,23,,0
1689,21980,76091,Greg Ballard,WAS,Washington Bullets,0028000719,1981-02-19,WAS vs. PHL,W,0,9,,,0.0,,,5,5,1.0,,,,,,,,,23,,0
1690,21980,77141,Dennis Johnson,PHX,Phoenix Suns,0028000706,1981-02-17,PHX vs. GOS,W,0,8,,,0.0,,,7,7,1.0,,,,,,,,,23,,0
1691,21980,76736,Phil Ford,KCK,Kansas City Kings,0028000700,1981-02-15,KCK vs. SEA,W,0,8,,,1.0,,,6,7,0.857,,,,,,,,,23,,0
1692,21980,76753,World Free,GOS,Golden State Warriors,0028000702,1981-02-15,GOS @ NJN,L,0,8,,,0.0,,,7,7,1.0,,,,,,,,,23,,0
1693,21980,78532,Jamaal Wilkes,LAL,Los Angeles Lakers,0028000701,1981-02-15,LAL vs. DAL,W,0,10,,,0.0,,,3,3,1.0,,,,,,,,,23,,0
1694,21980,76673,Alex English,DEN,Denver Nuggets,0028000696,1981-02-15,DEN vs. BOS,L,0,11,,,0.0,,,1,1,1.0,,,,,,,,,23,,0
1695,21980,78390,Terry Tyler,DET,Detroit Pistons,0028000691,1981-02-14,DET vs. WAS,W,0,11,,,0.0,,,1,1,1.0,,,,,,,,,23,,0
1696,21980,78404,Kiki Vandeweghe,DEN,Denver Nuggets,0028000688,1981-02-13,DEN vs. POR,W,0,7,,,0.0,,,9,10,0.9,,,,,,,,,23,,0
1697,21980,76121,Billyray Bates,POR,Portland Trail Blazers,0028000688,1981-02-13,POR @ DEN,L,0,10,,,0.0,,,3,4,0.75,,,,,,,,,23,,0
1698,21980,77264,Bernard King,GOS,Golden State Warriors,0028000686,1981-02-13,GOS @ MIL,W,0,8,,,0.0,,,7,9,0.778,,,,,,,,,23,,0
1699,21980,76353,Joe Barry Carroll,GOS,Golden State Warriors,0028000686,1981-02-13,GOS @ MIL,W,0,10,,,0.0,,,3,5,0.6,,,,,,,,,23,,0
1700,21980,78025,Dan Roundfield,ATL,Atlanta Hawks,0028000682,1981-02-13,ATL @ KCK,L,0,7,,,0.0,,,9,13,0.692,,,,,,,,,23,,0
1701,21980,305,Robert Parish,BOS,Boston Celtics,0028000670,1981-02-11,BOS @ LAL,W,0,7,,,0.0,,,9,10,0.9,,,,,,,,,23,,0
1702,21980,76011,Alvan Adams,PHX,Phoenix Suns,0028000668,1981-02-10,PHX @ SDC,W,0,11,,,0.0,,,1,2,0.5,,,,,,,,,23,,0
1703,21980,78222,Jim Spanarkel,DAL,Dallas Mavericks,0028000667,1981-02-10,DAL vs. DET,L,0,9,,,0.0,,,5,7,0.714,,,,,,,,,23,,0
1704,21980,1449,Larry Bird,BOS,Boston Celtics,0028000665,1981-02-10,BOS @ SEA,L,0,11,,,0.0,,,1,1,1.0,,,,,,,,,23,,0
1705,21980,77264,Bernard King,GOS,Golden State Warriors,0028000661,1981-02-08,GOS vs. UTH,W,0,9,,,0.0,,,5,6,0.833,,,,,,,,,23,,0
1706,21980,76753,World Free,GOS,Golden State Warriors,0028000649,1981-02-07,GOS @ DEN,L,0,5,,,0.0,,,13,14,0.929,,,,,,,,,23,,0
1707,21980,76353,Joe Barry Carroll,GOS,Golden State Warriors,0028000639,1981-02-06,GOS vs. WAS,L,0,10,,,0.0,,,3,5,0.6,,,,,,,,,23,,0
1708,21980,77986,Cliff T. Robinson,NJN,New Jersey Nets,0028000631,1981-02-04,NJN vs. SDC,L,0,11,,,0.0,,,1,3,0.333,,,,,,,,,23,,0
1709,21980,77087,Geoff Huston,DAL,Dallas Mavericks,0028000621,1981-02-03,DAL vs. KCK,L,0,11,,,0.0,,,1,3,0.333,,,,,,,,,23,,0
1710,21980,78326,David Thompson,DEN,Denver Nuggets,0028000614,1981-01-29,DEN vs. MIL,W,0,8,,,0.0,,,7,8,0.875,,,,,,,,,23,,0
1711,21980,77710,Mike Newlin,NJN,New Jersey Nets,0028000612,1981-01-29,NJN @ SAN,L,0,9,,,0.0,,,5,7,0.714,,,,,,,,,23,,0
1712,21980,76971,Steve Hawes,ATL,Atlanta Hawks,0028000611,1981-01-29,ATL vs. NYK,L,0,8,,,0.0,,,7,9,0.778,,,,,,,,,23,,0
1713,21980,229,James Edwards,IND,Indiana Pacers,0028000605,1981-01-28,IND vs. GOS,W,0,11,,,0.0,,,1,2,0.5,,,,,,,,,23,,0
1714,21980,77010,Keith Herron,DET,Detroit Pistons,0028000599,1981-01-27,DET @ DEN,L,0,10,,,1.0,,,2,3,0.667,,,,,,,,,23,,0
1715,21980,76979,Elvin Hayes,WAS,Washington Bullets,0028000601,1981-01-27,WAS @ ATL,W,0,9,,,0.0,,,5,8,0.625,,,,,,,,,23,,0
1716,21980,76598,John Drew,ATL,Atlanta Hawks,0028000601,1981-01-27,ATL vs. WAS,L,0,7,,,0.0,,,9,14,0.643,,,,,,,,,23,,0
1717,21980,77721,Norm Nixon,LAL,Los Angeles Lakers,0028000596,1981-01-26,LAL vs. POR,W,0,11,,,0.0,,,1,2,0.5,,,,,,,,,23,,0
1718,21980,76085,James Bailey,SEA,Seattle SuperSonics,0028000593,1981-01-25,SEA @ BOS,L,0,9,,,0.0,,,5,7,0.714,,,,,,,,,23,,0
1719,21980,78150,James Silas,SAN,San Antonio Spurs,0028000583,1981-01-24,SAN @ DEN,L,0,10,,,0.0,,,3,3,1.0,,,,,,,,,23,,0
1720,21980,76085,James Bailey,SEA,Seattle SuperSonics,0028000577,1981-01-23,SEA @ WAS,L,0,11,,,0.0,,,1,2,0.5,,,,,,,,,23,,0
1721,21980,76753,World Free,GOS,Golden State Warriors,0028000578,1981-01-23,GOS @ UTH,W,0,8,,,0.0,,,7,10,0.7,,,,,,,,,23,,0
1722,21980,77819,Jim Paxson,POR,Portland Trail Blazers,0028000574,1981-01-23,POR vs. NYK,W,0,11,,,0.0,,,1,1,1.0,,,,,,,,,23,,0
1723,21980,76418,Don Collins,WAS,Washington Bullets,0028000573,1981-01-22,WAS vs. PHL,L,0,10,,,0.0,,,3,5,0.6,,,,,,,,,23,,0
1724,21980,78548,Freeman Williams,SDC,San Diego Clippers,0028000567,1981-01-21,SDC @ DEN,W,0,10,,,0.0,,,3,5,0.6,,,,,,,,,23,,0
1725,21980,78150,James Silas,SAN,San Antonio Spurs,0028000569,1981-01-21,SAN @ KCK,L,0,9,,,0.0,,,5,9,0.556,,,,,,,,,23,,0
1726,21980,76252,Junior Bridgeman,MIL,Milwaukee Bucks,0028000563,1981-01-21,MIL @ GOS,W,0,10,,,0.0,,,3,3,1.0,,,,,,,,,23,,0
1727,21980,78200,Randy Smith,CLE,Cleveland Cavaliers,0028000559,1981-01-20,CLE vs. POR,W,0,9,,,0.0,,,5,6,0.833,,,,,,,,,23,,0
1728,21980,78331,Mychal Thompson,POR,Portland Trail Blazers,0028000550,1981-01-18,POR @ MIL,L,0,8,,,0.0,,,7,8,0.875,,,,,,,,,23,,0
1729,21980,77043,Lionel Hollins,PHL,Philadelphia 76ers,0028000548,1981-01-18,PHL vs. SEA,W,0,10,,,0.0,,,3,4,0.75,,,,,,,,,23,,0
1730,21980,76504,Adrian Dantley,UTH,Utah Jazz,0028000535,1981-01-16,UTH vs. SDC,W,0,8,,,0.0,,,7,7,1.0,,,,,,,,,23,,0
1731,21980,77819,Jim Paxson,POR,Portland Trail Blazers,0028000527,1981-01-14,POR @ KCK,W,0,10,,,0.0,,,3,4,0.75,,,,,,,,,23,,0
1732,21980,78200,Randy Smith,CLE,Cleveland Cavaliers,0028000526,1981-01-14,CLE @ BOS,L,0,11,,,0.0,,,1,1,1.0,,,,,,,,,23,,0
1733,21980,76890,Darrell Griffith,UTH,Utah Jazz,0028000524,1981-01-14,UTH @ GOS,W,0,10,,,0.0,,,3,5,0.6,,,,,,,,,23,,0
1734,21980,77010,Keith Herron,DET,Detroit Pistons,0028000517,1981-01-13,DET vs. MIL,L,0,10,,,0.0,,,3,4,0.75,,,,,,,,,23,,0
1735,21980,77141,Dennis Johnson,PHX,Phoenix Suns,0028000509,1981-01-11,PHX @ MIL,L,0,9,,,1.0,,,4,5,0.8,,,,,,,,,23,,0
1736,21980,78326,David Thompson,DEN,Denver Nuggets,0028000500,1981-01-10,DEN @ SEA,L,0,7,,,0.0,,,9,10,0.9,,,,,,,,6.0,23,,0
1737,21980,76673,Alex English,DEN,Denver Nuggets,0028000498,1981-01-09,DEN @ SDC,W,0,11,,,0.0,,,1,1,1.0,,,,,,,,,23,,0
1738,21980,76681,Julius Erving,PHL,Philadelphia 76ers,0028000495,1981-01-09,PHL vs. HOU,W,0,9,,,0.0,,,5,7,0.714,,,,,,,,,23,,0
1739,21980,77246,Larry Kenon,CHI,Chicago Bulls,0028000494,1981-01-09,CHI @ BOS,L,0,9,,,0.0,,,5,7,0.714,,,,,,,,,23,,0
1740,21980,78150,James Silas,SAN,San Antonio Spurs,0028000492,1981-01-09,SAN vs. POR,W,0,9,,,0.0,,,5,6,0.833,,,,,,,,,23,,0
1741,21980,78149,Jack Sikma,SEA,Seattle SuperSonics,0028000486,1981-01-07,SEA vs. DET,W,0,9,,,0.0,,,5,6,0.833,,,,,,,,,23,,0
1742,21980,1453,Walter Davis,PHX,Phoenix Suns,0028000485,1981-01-07,PHX @ BOS,L,0,10,,,0.0,,,3,5,0.6,,,,,,,,,23,,0
1743,21980,77618,Steve Mix,PHL,Philadelphia 76ers,0028000483,1981-01-07,PHL vs. SAN,W,0,8,,,0.0,,,7,8,0.875,,,,,,,,,23,,0
1744,21980,78532,Jamaal Wilkes,LAL,Los Angeles Lakers,0028000480,1981-01-06,LAL vs. WAS,W,0,11,,,0.0,,,1,2,0.5,,,,,,,,,23,,0
1745,21980,78025,Dan Roundfield,ATL,Atlanta Hawks,0028000476,1981-01-06,ATL vs. PHX,L,0,9,,,0.0,,,5,9,0.556,,,,,,,,,23,,0
1746,21980,76054,Nate Archibald,BOS,Boston Celtics,0028000473,1981-01-04,BOS @ POR,W,0,10,,,0.0,,,3,3,1.0,,,,,,,,,23,,0
1747,21980,76290,Joe Bryant,SDC,San Diego Clippers,0028000467,1981-01-03,SDC @ IND,L,0,10,,,0.0,,,3,4,0.75,,,,,,,,,23,,0
1748,21980,78200,Randy Smith,CLE,Cleveland Cavaliers,0028000466,1981-01-03,CLE vs. WAS,W,0,10,,,0.0,,,3,4,0.75,,,,,,,,,23,,0
1749,21980,77290,Billy Knight,IND,Indiana Pacers,0028000467,1981-01-03,IND vs. SDC,W,0,9,,,1.0,,,4,4,1.0,,,,,,,,,23,,0
1750,21980,77097,Dan Issel,DEN,Denver Nuggets,0028000450,1980-12-30,DEN vs. IND,W,0,11,,,0.0,,,1,2,0.5,,,,,,,,,23,,0
1751,21980,76673,Alex English,DEN,Denver Nuggets,0028000450,1980-12-30,DEN vs. IND,W,0,8,,,0.0,,,7,9,0.778,,,,,,,,,23,,0
1752,21980,76979,Elvin Hayes,WAS,Washington Bullets,0028000441,1980-12-30,WAS vs. MIL,L,0,10,,,0.0,,,3,5,0.6,,,,,,,,,23,,0
1753,21980,77328,Tom LaGarde,DAL,Dallas Mavericks,0028000440,1980-12-30,DAL @ NYK,L,0,11,,,0.0,,,1,1,1.0,,,,,,,,,23,,0
1754,21980,77997,Bill Robinzine,DAL,Dallas Mavericks,0028000439,1980-12-29,DAL @ CLE,L,0,8,,,0.0,,,7,9,0.778,,,,,,,,,23,,0
1755,21980,78047,Campy Russell,NYK,New York Knicks,0028000435,1980-12-27,NYK vs. KCK,W,0,10,,,0.0,,,3,6,0.5,,,,,,,,,23,,0
1756,21980,78025,Dan Roundfield,ATL,Atlanta Hawks,0028000431,1980-12-27,ATL vs. BOS,L,0,10,,,0.0,,,3,5,0.6,,,,,,,,,23,,0
1757,21980,76753,World Free,GOS,Golden State Warriors,0028000430,1980-12-27,GOS vs. SEA,W,0,4,,,0.0,,,15,15,1.0,,,,,,,,,23,,0
1758,21980,76353,Joe Barry Carroll,GOS,Golden State Warriors,0028000425,1980-12-26,GOS @ UTH,W,0,8,,,0.0,,,7,11,0.636,,,,,,,,,23,,0
1759,21980,78200,Randy Smith,CLE,Cleveland Cavaliers,0028000423,1980-12-26,CLE vs. CHI,L,0,10,,,0.0,,,3,3,1.0,,,,,,,,,23,,0
1760,21980,77952,Micheal Ray Richardson,NYK,New York Knicks,0028000419,1980-12-25,NYK vs. BOS,L,0,9,,,0.0,,,5,8,0.625,,,,,,,,,23,,0
1761,21980,77786,Tom Owens,POR,Portland Trail Blazers,0028000417,1980-12-25,POR vs. GOS,W,0,9,,,0.0,,,5,6,0.833,,,,,,,,6.0,23,,0
1762,21980,77141,Dennis Johnson,PHX,Phoenix Suns,0028000418,1980-12-25,PHX vs. SAN,W,0,10,,,1.0,,,2,3,0.667,,,,,,,,,23,,0
1763,21980,77449,Moses Malone,HOU,Houston Rockets,0028000413,1980-12-23,HOU vs. GOS,L,0,9,,,0.0,,,5,5,1.0,,,,,,,,,23,,0
1764,21980,77097,Dan Issel,DEN,Denver Nuggets,0028000412,1980-12-23,DEN @ BOS,L,0,8,,,0.0,,,7,8,0.875,,,,,,,,,23,,0
1765,21980,78310,Reggie Theus,CHI,Chicago Bulls,0028000408,1980-12-23,CHI vs. NYK,W,0,10,,,0.0,,,3,4,0.75,,,,,,,,,23,,0
1766,21980,77997,Bill Robinzine,DAL,Dallas Mavericks,0028000407,1980-12-23,DAL vs. UTH,L,0,9,,,0.0,,,5,5,1.0,,,,,,,,,23,,0
1767,21980,76599,Larry Drew,DET,Detroit Pistons,0028000409,1980-12-23,DET @ PHX,L,0,11,,,1.0,,,0,0,,,,,,,,,,23,,0
1768,21980,76266,Michael Brooks,SDC,San Diego Clippers,0028000399,1980-12-20,SDC @ UTH,W,0,8,,,0.0,,,7,9,0.778,,,,,,,,,23,,0
1769,21980,78571,Ray Williams,NYK,New York Knicks,0028000398,1980-12-20,NYK vs. DEN,W,0,8,,,0.0,,,7,9,0.778,,,,,,,,,23,,0
1770,21980,77952,Micheal Ray Richardson,NYK,New York Knicks,0028000398,1980-12-20,NYK vs. DEN,W,0,10,,,0.0,,,3,5,0.6,,,,,,,,,23,,0
1771,21980,76362,Bill Cartwright,NYK,New York Knicks,0028000398,1980-12-20,NYK vs. DEN,W,0,9,,,0.0,,,5,5,1.0,,,,,,,,,23,,0
1772,21980,77246,Larry Kenon,CHI,Chicago Bulls,0028000395,1980-12-20,CHI vs. HOU,W,0,10,,,0.0,,,3,4,0.75,,,,,,,,,23,,0
1773,21980,1449,Larry Bird,BOS,Boston Celtics,0028000394,1980-12-19,BOS vs. HOU,W,0,9,,,0.0,,,5,6,0.833,,,,,,,,,23,,0
1774,21980,76979,Elvin Hayes,WAS,Washington Bullets,0028000388,1980-12-19,WAS vs. NYK,L,0,10,,,0.0,,,3,7,0.429,,,,,,,,,23,,0
1775,21980,76011,Alvan Adams,PHX,Phoenix Suns,0028000386,1980-12-19,PHX vs. UTH,W,0,10,,,0.0,,,3,3,1.0,,,,,,,,,23,,0
1776,21980,76733,Chris Ford,BOS,Boston Celtics,0028000394,1980-12-19,BOS vs. HOU,W,0,9,,,2.0,,,3,4,0.75,,,,,,,,,23,,0
1777,21980,77997,Bill Robinzine,DAL,Dallas Mavericks,0028000385,1980-12-18,DAL @ SDC,L,0,8,,,1.0,,,6,6,1.0,,,,,,,,,23,,0
1778,21980,77097,Dan Issel,DEN,Denver Nuggets,0028000383,1980-12-18,DEN @ CLE,L,0,7,,,0.0,,,9,11,0.818,,,,,,,,,23,,0
1779,21980,76242,Mike Bratz,CLE,Cleveland Cavaliers,0028000383,1980-12-18,CLE vs. DEN,W,0,8,,,0.0,,,7,7,1.0,,,,,,,,,23,,0
1780,21980,76170,Otis Birdsong,KCK,Kansas City Kings,0028000381,1980-12-17,KCK @ SEA,L,0,11,,,0.0,,,1,4,0.25,,,,,,,,,23,,0
1781,21980,78331,Mychal Thompson,POR,Portland Trail Blazers,0028000375,1980-12-17,POR @ GOS,W,0,10,,,0.0,,,3,7,0.429,,,,,,,,,23,,0
1782,21980,78310,Reggie Theus,CHI,Chicago Bulls,0028000367,1980-12-16,CHI @ WAS,W,0,9,,,1.0,,,4,4,1.0,,,,,,,,,23,,0
1783,21980,77184,Edgar Jones,NJN,New Jersey Nets,0028000373,1980-12-16,NJN @ ATL,L,0,8,,,0.0,,,7,9,0.778,,,,,,,,,23,,0
1784,21980,76826,Mike Gminski,NJN,New Jersey Nets,0028000373,1980-12-16,NJN @ ATL,L,0,9,,,0.0,,,5,7,0.714,,,,,,,,,23,,0
1785,21980,77290,Billy Knight,IND,Indiana Pacers,0028000359,1980-12-13,IND @ WAS,L,0,7,,,0.0,,,9,11,0.818,,,,,,,,,23,,0
1786,21980,78532,Jamaal Wilkes,LAL,Los Angeles Lakers,0028000352,1980-12-12,LAL @ SEA,W,0,8,,,0.0,,,7,9,0.778,,,,,,,,,23,,0
1787,21980,76085,James Bailey,SEA,Seattle SuperSonics,0028000352,1980-12-12,SEA vs. LAL,L,0,7,,,0.0,,,9,10,0.9,,,,,,,,,23,,0
1788,21980,78200,Randy Smith,CLE,Cleveland Cavaliers,0028000344,1980-12-11,CLE vs. IND,L,0,10,,,0.0,,,3,3,1.0,,,,,,,,,23,,0
1789,21980,76753,World Free,GOS,Golden State Warriors,0028000336,1980-12-10,GOS vs. SEA,L,0,5,,,0.0,,,13,15,0.867,,,,,,,,,23,,0
1790,21980,77952,Micheal Ray Richardson,NYK,New York Knicks,0028000335,1980-12-10,NYK @ NJN,W,0,8,,,0.0,,,7,7,1.0,,,,,,,,,23,,0
1791,21980,78025,Dan Roundfield,ATL,Atlanta Hawks,0028000331,1980-12-09,ATL vs. SDC,W,0,9,,,0.0,,,5,8,0.625,,,,,,,,,23,,0
1792,21980,77487,Cedric Maxwell,BOS,Boston Celtics,0028000330,1980-12-09,BOS vs. MIL,W,0,8,,,0.0,,,7,13,0.538,,,,,,,,,23,,0
1793,21980,1453,Walter Davis,PHX,Phoenix Suns,0028000327,1980-12-09,PHX @ CHI,W,0,9,,,0.0,,,5,6,0.833,,,,,,,,,23,,0
1794,21980,76804,George Gervin,SAN,San Antonio Spurs,0028000326,1980-12-08,SAN @ SEA,L,0,8,,,1.0,,,6,10,0.6,,,,,,,,,23,,0
1795,21980,76598,John Drew,ATL,Atlanta Hawks,0028000318,1980-12-06,ATL vs. DAL,W,0,7,,,0.0,,,9,9,1.0,,,,,,,,,23,,0
1796,21980,600014,Artis Gilmore,CHI,Chicago Bulls,0028000312,1980-12-05,CHI @ POR,L,0,8,,,0.0,,,7,9,0.778,,,,,,,,,23,,0
1797,21980,77097,Dan Issel,DEN,Denver Nuggets,0028000311,1980-12-05,DEN vs. GOS,L,0,5,,,0.0,,,13,17,0.765,,,,,,,,,23,,0
1798,21980,77618,Steve Mix,PHL,Philadelphia 76ers,0028000309,1980-12-05,PHL vs. ATL,W,0,10,,,0.0,,,3,3,1.0,,,,,,,,,23,,0
1799,21980,76418,Don Collins,ATL,Atlanta Hawks,0028000309,1980-12-05,ATL @ PHL,L,0,7,,,0.0,,,9,10,0.9,,,,,,,,,23,,0
1800,21980,77721,Norm Nixon,LAL,Los Angeles Lakers,0028000296,1980-12-03,LAL vs. SDC,L,0,9,,,0.0,,,5,7,0.714,,,,,,,,,23,,0
1801,21980,76392,Jim Chones,LAL,Los Angeles Lakers,0028000296,1980-12-03,LAL vs. SDC,L,0,11,,,0.0,,,1,2,0.5,,,,,,,,,23,,0
1802,21980,78571,Ray Williams,NYK,New York Knicks,0028000295,1980-12-03,NYK @ PHL,L,0,10,,,0.0,,,3,4,0.75,,,,,,,,,23,,0
1803,21980,78150,James Silas,SAN,San Antonio Spurs,0028000294,1980-12-02,SAN vs. PHX,L,0,8,,,0.0,,,7,8,0.875,,,,,,,,,23,,0
1804,21980,76804,George Gervin,SAN,San Antonio Spurs,0028000294,1980-12-02,SAN vs. PHX,L,0,9,,,0.0,,,5,5,1.0,,,,,,,,,23,,0
1805,21980,76266,Michael Brooks,SDC,San Diego Clippers,0028000281,1980-11-30,SDC vs. GOS,W,0,9,,,0.0,,,5,7,0.714,,,,,,,,,23,,0
1806,21980,77626,Sidney Moncrief,MIL,Milwaukee Bucks,0028000283,1980-11-30,MIL vs. BOS,W,0,6,,,0.0,,,11,12,0.917,,,,,,,,,23,,0
1807,21980,77710,Mike Newlin,NJN,New Jersey Nets,0028000282,1980-11-30,NJN @ SEA,L,0,10,,,0.0,,,3,3,1.0,,,,,,,,,23,,0
1808,21980,77239,Greg Kelser,DET,Detroit Pistons,0028000280,1980-11-29,DET @ ATL,W,0,10,,,0.0,,,3,4,0.75,,,,,,,,,23,,0
1809,21980,76453,Dave Corzine,SAN,San Antonio Spurs,0028000279,1980-11-29,SAN @ KCK,W,0,9,,,0.0,,,5,7,0.714,,,,,,,,,23,,0
1810,21980,1449,Larry Bird,BOS,Boston Celtics,0028000268,1980-11-28,BOS vs. NYK,W,0,9,,,0.0,,,5,5,1.0,,,,,,,,,23,,0
1811,21980,78390,Terry Tyler,DET,Detroit Pistons,0028000263,1980-11-28,DET vs. KCK,W,0,11,,,0.0,,,1,1,1.0,,,,,,,,,23,,0
1812,21980,77141,Dennis Johnson,PHX,Phoenix Suns,0028000262,1980-11-28,PHX vs. CHI,W,0,7,,,0.0,,,9,11,0.818,,,,,,,,,23,,0
1813,21980,76681,Julius Erving,PHL,Philadelphia 76ers,0028000256,1980-11-26,PHL @ HOU,W,0,10,,,0.0,,,3,4,0.75,,,,,,,,,23,,0
1814,21980,77141,Dennis Johnson,PHX,Phoenix Suns,0028000254,1980-11-26,PHX vs. SEA,W,0,7,,,1.0,,,8,13,0.615,,,,,,,,,23,,0
1815,21980,76170,Otis Birdsong,KCK,Kansas City Kings,0028000255,1980-11-26,KCK vs. NJN,W,0,8,,,0.0,,,7,9,0.778,,,,,,,,,23,,0
1816,21980,77290,Billy Knight,IND,Indiana Pacers,0028000252,1980-11-26,IND vs. ATL,W,0,10,,,0.0,,,3,3,1.0,,,,,,,,,23,,0
1817,21980,77087,Geoff Huston,DAL,Dallas Mavericks,0028000246,1980-11-23,DAL @ POR,L,0,9,,,0.0,,,5,6,0.833,,,,,,,,,23,,0
1818,21980,77689,Swen Nater,SDC,San Diego Clippers,0028000245,1980-11-23,SDC vs. SEA,W,0,10,,,0.0,,,3,4,0.75,,,,,,,,,23,,0
1819,21980,76736,Phil Ford,KCK,Kansas City Kings,0028000231,1980-11-21,KCK @ DEN,L,0,11,,,0.0,,,1,2,0.5,,,,,,,,,23,,0
1820,21980,77710,Mike Newlin,NJN,New Jersey Nets,0028000230,1980-11-21,NJN vs. HOU,L,0,10,,,0.0,,,3,3,1.0,,,,,,,,,23,,0
1821,21980,77353,Allen Leavell,HOU,Houston Rockets,0028000230,1980-11-21,HOU @ NJN,W,0,11,,,0.0,,,1,2,0.5,,,,,,,,,23,,0
1822,21980,76826,Mike Gminski,NJN,New Jersey Nets,0028000230,1980-11-21,NJN vs. HOU,L,0,10,,,0.0,,,3,5,0.6,,,,,,,,,23,,0
1823,21980,76539,Darryl Dawkins,PHL,Philadelphia 76ers,0028000229,1980-11-21,PHL vs. IND,W,0,10,,,0.0,,,3,6,0.5,,,,,,,,,23,,0
1824,21980,78548,Freeman Williams,SDC,San Diego Clippers,0028000224,1980-11-20,SDC @ DET,L,0,10,,,1.0,,,2,4,0.5,,,,,,,,,23,,0
1825,21980,76266,Michael Brooks,SDC,San Diego Clippers,0028000224,1980-11-20,SDC @ DET,L,0,9,,,0.0,,,5,5,1.0,,,,,,,,,23,,0
1826,21980,76753,World Free,GOS,Golden State Warriors,0028000221,1980-11-19,GOS @ PHL,L,0,8,,,0.0,,,7,9,0.778,,,,,,,,,23,,0
1827,21980,77144,Eddie Johnson,ATL,Atlanta Hawks,0028000220,1980-11-18,ATL vs. SAN,W,0,9,,,0.0,,,5,5,1.0,,,,,,,,,23,,0
1828,21980,77419,John Lucas,GOS,Golden State Warriors,0028000219,1980-11-18,GOS @ WAS,W,0,10,,,0.0,,,3,3,1.0,,,,,,,,,23,,0
1829,21980,77141,Dennis Johnson,PHX,Phoenix Suns,0028000218,1980-11-18,PHX @ DAL,W,0,9,,,0.0,,,5,8,0.625,,,,,,,,,23,,0
1830,21980,77615,Mike Mitchell,CLE,Cleveland Cavaliers,0028000215,1980-11-18,CLE vs. SDC,W,0,10,,,0.0,,,3,3,1.0,,,,,,,,,23,,0
1831,21980,78326,David Thompson,DEN,Denver Nuggets,0028000201,1980-11-15,DEN vs. POR,W,0,7,,,0.0,,,9,12,0.75,,,,,,,,,23,,0
1832,21980,76804,George Gervin,SAN,San Antonio Spurs,0028000199,1980-11-15,SAN vs. UTH,W,0,8,,,0.0,,,7,7,1.0,,,,,,,,,23,,0
1833,21980,78310,Reggie Theus,CHI,Chicago Bulls,0028000195,1980-11-14,CHI @ DET,L,0,8,,,1.0,,,6,7,0.857,,,,,,,,,23,,0
1834,21980,77160,Marques Johnson,MIL,Milwaukee Bucks,0028000197,1980-11-14,MIL vs. NYK,W,0,10,,,0.0,,,3,6,0.5,,,,,,,,,23,,0
1835,21980,77484,Wes Matthews,WAS,Washington Bullets,0028000184,1980-11-12,WAS @ BOS,L,0,10,,,0.0,,,3,4,0.75,,,,,,,,,23,,0
1836,21980,1381,John Long,DET,Detroit Pistons,0028000180,1980-11-12,DET vs. MIL,L,0,10,,,0.0,,,3,3,1.0,,,,,,,,,23,,0
1837,21980,77993,Truck Robinson,PHX,Phoenix Suns,0028000178,1980-11-11,PHX @ SDC,W,0,11,,,0.0,,,1,4,0.25,,,,,,,,,23,,0
1838,21980,78200,Randy Smith,CLE,Cleveland Cavaliers,0028000172,1980-11-11,CLE vs. MIL,L,0,10,,,0.0,,,3,3,1.0,,,,,,,,,23,,0
1839,21980,77669,Calvin Murphy,HOU,Houston Rockets,0028000170,1980-11-11,HOU @ DAL,W,0,9,,,0.0,,,5,5,1.0,,,,,,,,,23,,0
1840,21980,77689,Swen Nater,SDC,San Diego Clippers,0028000165,1980-11-08,SDC @ POR,W,0,6,,,0.0,,,11,11,1.0,,,,,,,,6.0,23,,0
1841,21980,76003,Kareem Abdul-Jabbar,LAL,Los Angeles Lakers,0028000164,1980-11-08,LAL @ SAN,L,0,9,,,0.0,,,5,7,0.714,,,,,,,,,23,,0
1842,21980,1381,John Long,DET,Detroit Pistons,0028000158,1980-11-08,DET vs. DAL,W,0,11,,,0.0,,,1,1,1.0,,,,,,,,,23,,0
1843,21980,76736,Phil Ford,KCK,Kansas City Kings,0028000157,1980-11-07,KCK @ PHL,L,0,9,,,1.0,,,4,6,0.667,,,,,,,,,23,,0
1844,21980,78571,Ray Williams,NYK,New York Knicks,0028000152,1980-11-07,NYK @ DEN,W,0,9,,,1.0,,,4,5,0.8,,,,,,,,,23,,0
1845,21980,77193,Bobby Jones,PHL,Philadelphia 76ers,0028000157,1980-11-07,PHL vs. KCK,W,0,10,,,0.0,,,3,4,0.75,,,,,,,,,23,,0
1846,21980,76170,Otis Birdsong,KCK,Kansas City Kings,0028000157,1980-11-07,KCK @ PHL,L,0,9,,,0.0,,,5,7,0.714,,,,,,,,,23,,0
1847,21980,77160,Marques Johnson,MIL,Milwaukee Bucks,0028000155,1980-11-07,MIL @ BOS,W,0,11,,,0.0,,,1,2,0.5,,,,,,,,,23,,0
1848,21980,77097,Dan Issel,DEN,Denver Nuggets,0028000144,1980-11-05,DEN @ SEA,W,0,10,,,0.0,,,3,3,1.0,,,,,,,,,23,,0
1849,21980,76673,Alex English,DEN,Denver Nuggets,0028000144,1980-11-05,DEN @ SEA,W,0,11,,,0.0,,,1,1,1.0,,,,,,,,,23,,0
1850,21980,76362,Bill Cartwright,NYK,New York Knicks,0028000142,1980-11-05,NYK @ KCK,L,0,7,,,0.0,,,9,10,0.9,,,,,,,,,23,,0
1851,21980,77615,Mike Mitchell,CLE,Cleveland Cavaliers,0028000140,1980-11-05,CLE @ GOS,L,0,10,,,0.0,,,3,4,0.75,,,,,,,,,23,,0
1852,21980,77328,Tom LaGarde,DAL,Dallas Mavericks,0028000137,1980-11-04,DAL vs. SDC,L,0,8,,,0.0,,,7,9,0.778,,,,,,,,,23,,0
1853,21980,78149,Jack Sikma,SEA,Seattle SuperSonics,0028000133,1980-11-03,SEA vs. CLE,W,0,11,,,0.0,,,1,1,1.0,,,13.0,,,,,,23,,0
1854,21980,229,James Edwards,IND,Indiana Pacers,0028000132,1980-11-02,IND @ MIL,L,0,7,,,0.0,,,9,10,0.9,,,,,,,,,23,,0
1855,21980,77721,Norm Nixon,LAL,Los Angeles Lakers,0028000131,1980-11-02,LAL vs. DEN,L,0,11,,,0.0,,,1,3,0.333,,,,,,,,,23,,0
1856,21980,77615,Mike Mitchell,CLE,Cleveland Cavaliers,0028000130,1980-11-02,CLE @ POR,L,0,10,,,0.0,,,3,3,1.0,,,,,,,,,23,,0
1857,21980,77710,Mike Newlin,NJN,New Jersey Nets,0028000121,1980-11-01,NJN @ IND,L,0,7,,,0.0,,,9,11,0.818,,,,,,,,,23,,0
1858,21980,78548,Freeman Williams,SDC,San Diego Clippers,0028000118,1980-10-31,SDC vs. GOS,W,0,8,,,1.0,,,6,6,1.0,,,,,,,,,23,,0
1859,21980,76272,Fred Brown,SEA,Seattle SuperSonics,0028000120,1980-10-31,SEA vs. SAN,L,0,9,,,0.0,,,5,6,0.833,,,,,,,,,23,,0
1860,21980,78532,Jamaal Wilkes,LAL,Los Angeles Lakers,0028000117,1980-10-31,LAL vs. CLE,W,0,9,,,0.0,,,5,6,0.833,,,,,,,,,23,,0
1861,21980,77615,Mike Mitchell,CLE,Cleveland Cavaliers,0028000117,1980-10-31,CLE @ LAL,L,0,10,,,0.0,,,3,4,0.75,,,,,,,,,23,,0
1862,21980,78571,Ray Williams,NYK,New York Knicks,0028000111,1980-10-30,NYK vs. ATL,W,0,9,,,0.0,,,5,5,1.0,,,,,,,,,23,,0
1863,21980,77993,Truck Robinson,PHX,Phoenix Suns,0028000107,1980-10-29,PHX vs. SDC,W,0,9,,,0.0,,,5,9,0.556,,,,,,,,,23,,0
1864,21980,305,Robert Parish,BOS,Boston Celtics,0028000105,1980-10-29,BOS @ DET,W,0,10,,,0.0,,,3,3,1.0,,,,,,,,,23,,0
1865,21980,77615,Mike Mitchell,CLE,Cleveland Cavaliers,0028000097,1980-10-28,CLE vs. PHL,L,0,11,,,0.0,,,1,1,1.0,,,,,,,,,23,,0
1866,21980,77756,Mark Olberding,SAN,San Antonio Spurs,0028000096,1980-10-28,SAN vs. POR,W,0,10,,,0.0,,,3,4,0.75,,,,,,,,,23,,0
1867,21980,77669,Calvin Murphy,HOU,Houston Rockets,0028000089,1980-10-25,HOU vs. DET,L,0,11,,,0.0,,,1,1,1.0,,,,,,,,,23,,0
1868,21980,76736,Phil Ford,KCK,Kansas City Kings,0028000086,1980-10-25,KCK vs. DEN,W,0,8,,,0.0,,,7,8,0.875,,,,,,,,,23,,0
1869,21980,76681,Julius Erving,PHL,Philadelphia 76ers,0028000082,1980-10-25,PHL @ ATL,W,0,8,,,0.0,,,7,9,0.778,,,,,,,,,23,,0
1870,21980,77290,Billy Knight,IND,Indiana Pacers,0028000083,1980-10-25,IND @ CLE,L,0,8,,,1.0,,,6,8,0.75,,,,,,,,,23,,0
1871,21980,77993,Truck Robinson,PHX,Phoenix Suns,0028000080,1980-10-24,PHX @ DEN,W,0,9,,,0.0,,,5,10,0.5,,,,,,,,,23,,0
1872,21980,77615,Mike Mitchell,CLE,Cleveland Cavaliers,0028000075,1980-10-24,CLE @ NJN,W,0,10,,,0.0,,,3,3,1.0,,,,,,,,,23,,0
1873,21980,77290,Billy Knight,IND,Indiana Pacers,0028000074,1980-10-24,IND vs. ATL,W,0,7,,,0.0,,,9,11,0.818,,,,,,,,,23,,0
1874,21980,77264,Bernard King,GOS,Golden State Warriors,0028000071,1980-10-23,GOS @ SAN,L,0,9,,,0.0,,,5,6,0.833,,,,,,,,,23,,0
1875,21980,78200,Randy Smith,CLE,Cleveland Cavaliers,0028000067,1980-10-22,CLE @ WAS,L,0,11,,,0.0,,,1,3,0.333,,,,,,,,,23,,0
1876,21980,77756,Mark Olberding,SAN,San Antonio Spurs,0028000061,1980-10-21,SAN vs. SDC,W,0,5,,,0.0,,,13,14,0.929,,,,,,,,,23,,0
1877,21980,77144,Eddie Johnson,ATL,Atlanta Hawks,0028000052,1980-10-18,ATL @ DET,W,0,9,,,0.0,,,5,5,1.0,,,,,,,,,23,,0
1878,21980,76418,Don Collins,ATL,Atlanta Hawks,0028000052,1980-10-18,ATL @ DET,W,0,8,,,0.0,,,7,11,0.636,,,,,,,,,23,,0
1879,21980,77618,Steve Mix,PHL,Philadelphia 76ers,0028000050,1980-10-18,PHL vs. WAS,W,0,9,,,0.0,,,5,5,1.0,,,,,,,,,23,,0
1880,21980,78500,Paul Westphal,SEA,Seattle SuperSonics,0028000049,1980-10-18,SEA @ KCK,W,0,8,,,0.0,,,7,11,0.636,,,,,,,,,23,,0
1881,21980,77487,Cedric Maxwell,BOS,Boston Celtics,0028000048,1980-10-18,BOS @ IND,L,0,8,,,0.0,,,7,9,0.778,,,,,,,,,23,,0
1882,21980,78200,Randy Smith,CLE,Cleveland Cavaliers,0028000046,1980-10-18,CLE vs. MIL,L,0,10,,,0.0,,,3,3,1.0,,,,,,,,,23,,0
1883,21980,77986,Cliff T. Robinson,NJN,New Jersey Nets,0028000043,1980-10-17,NJN @ WAS,W,0,9,,,0.0,,,5,5,1.0,,,,,,,,,23,,0
1884,21980,78150,James Silas,SAN,San Antonio Spurs,0028000037,1980-10-16,SAN @ DET,W,0,7,,,0.0,,,9,11,0.818,,,,,,,,,23,,0
1885,21980,76753,World Free,GOS,Golden State Warriors,0028000028,1980-10-15,GOS vs. POR,W,0,5,,,1.0,,,12,16,0.75,,,,,,,,,23,,0
1886,21980,77710,Mike Newlin,NJN,New Jersey Nets,0028000033,1980-10-15,NJN vs. PHL,L,0,9,,,0.0,,,5,6,0.833,,,,,,,,,23,,0
1887,21980,77449,Moses Malone,HOU,Houston Rockets,0028000030,1980-10-15,HOU vs. SEA,W,0,9,,,0.0,,,5,6,0.833,,,,,,,,,23,,0
1888,21980,305,Robert Parish,BOS,Boston Celtics,0028000025,1980-10-14,BOS @ ATL,L,0,9,,,0.0,,,5,7,0.714,,,,,,,,,23,,0
1889,21980,76881,David Greenwood,CHI,Chicago Bulls,0028000942,1981-03-29,CHI @ IND,W,0,9,,,0.0,,,4,4,1.0,,,,,,,,,22,,0
1890,21980,77715,Carl Nicks,UTH,Utah Jazz,0028000936,1981-03-29,UTH @ PHX,L,0,10,,,0.0,,,2,6,0.333,,,,,,,,,22,,0
1891,21980,76673,Alex English,DEN,Denver Nuggets,0028000932,1981-03-28,DEN @ GOS,W,0,11,,,0.0,,,0,0,,,,,,,,,,22,,0
1892,21980,77986,Cliff T. Robinson,NJN,New Jersey Nets,0028000931,1981-03-28,NJN vs. NYK,L,0,10,,,0.0,,,2,2,1.0,,,,,,,,,22,,0
1893,21980,77952,Micheal Ray Richardson,NYK,New York Knicks,0028000931,1981-03-28,NYK @ NJN,W,0,10,,,2.0,,,0,3,0.0,,,,,,,,,22,,0
1894,21980,1453,Walter Davis,PHX,Phoenix Suns,0028000924,1981-03-27,PHX vs. SDC,W,0,8,,,0.0,,,6,6,1.0,,,,,,,,,22,,0
1895,21980,76272,Fred Brown,SEA,Seattle SuperSonics,0028000927,1981-03-27,SEA vs. LAL,L,0,10,,,1.0,,,1,2,0.5,,,,,,,,,22,,0
1896,21980,78025,Dan Roundfield,ATL,Atlanta Hawks,0028000919,1981-03-26,ATL vs. IND,L,0,9,,,0.0,,,4,6,0.667,,,,,,,,,22,,0
1897,21980,76095,Mike Bantom,IND,Indiana Pacers,0028000919,1981-03-26,IND @ ATL,W,0,8,,,0.0,,,6,7,0.857,,,,,,,,,22,,0
1898,21980,77626,Sidney Moncrief,MIL,Milwaukee Bucks,0028000918,1981-03-26,MIL vs. CLE,W,0,8,,,0.0,,,6,8,0.75,,,,,,,,,22,,0
1899,21980,78199,Phil Smith,SDC,San Diego Clippers,0028000915,1981-03-25,SDC @ GOS,L,0,9,,,0.0,,,4,4,1.0,,,,,,,,,22,,0
1900,21980,76091,Greg Ballard,WAS,Washington Bullets,0028000910,1981-03-25,WAS vs. NYK,W,0,10,,,0.0,,,2,3,0.667,,,,,,,,,22,,0
1901,21980,76290,Joe Bryant,SDC,San Diego Clippers,0028000904,1981-03-24,SDC vs. SEA,W,0,10,,,0.0,,,2,3,0.667,,,,,,,,,22,,0
1902,21980,77264,Bernard King,GOS,Golden State Warriors,0028000901,1981-03-24,GOS @ LAL,L,0,8,,,0.0,,,6,7,0.857,,,,,,,,,22,,0
1903,21980,76242,Mike Bratz,CLE,Cleveland Cavaliers,0028000905,1981-03-24,CLE @ CHI,L,0,8,,,4.0,,,2,2,1.0,,,,,,,,,22,,0
1904,21980,77993,Truck Robinson,PHX,Phoenix Suns,0028000899,1981-03-22,PHX vs. SEA,W,0,8,,,0.0,,,6,7,0.857,,,,,,,,,22,,0
1905,21980,76971,Steve Hawes,ATL,Atlanta Hawks,0028000895,1981-03-22,ATL @ WAS,L,0,9,,,0.0,,,4,5,0.8,,,,,,,,,22,,0
1906,21980,78548,Freeman Williams,SDC,San Diego Clippers,0028000891,1981-03-22,SDC @ SAN,L,0,8,,,2.0,,,4,4,1.0,,,,,,,,,22,,0
1907,21980,76890,Darrell Griffith,UTH,Utah Jazz,0028000887,1981-03-21,UTH @ DAL,L,0,10,,,0.0,,,2,5,0.4,,,,,,,,,22,,0
1908,21980,76822,Mike Glenn,NYK,New York Knicks,0028000886,1981-03-21,NYK vs. CLE,W,0,9,,,0.0,,,4,4,1.0,,,,,,,,,22,,0
1909,21980,1453,Walter Davis,PHX,Phoenix Suns,0028000888,1981-03-21,PHX @ GOS,L,0,8,,,1.0,,,5,7,0.714,,,,,,,,,22,,0
1910,21980,305,Robert Parish,BOS,Boston Celtics,0028000884,1981-03-20,BOS vs. WAS,W,0,8,,,0.0,,,6,7,0.857,,,,,,,,,22,,0
1911,21980,77710,Mike Newlin,NJN,New Jersey Nets,0028000882,1981-03-20,NJN vs. ATL,W,0,5,,,0.0,,,12,12,1.0,,,,,,,,,22,,0
1912,21980,77144,Eddie Johnson,ATL,Atlanta Hawks,0028000882,1981-03-20,ATL @ NJN,L,0,9,,,0.0,,,4,6,0.667,,,,,,,,,22,,0
1913,21980,77721,Norm Nixon,LAL,Los Angeles Lakers,0028000879,1981-03-20,LAL vs. SEA,W,0,10,,,0.0,,,2,2,1.0,,,,,,,,,22,,0
1914,21980,78310,Reggie Theus,CHI,Chicago Bulls,0028000878,1981-03-20,CHI vs. PHL,W,0,6,,,0.0,,,10,11,0.909,,,,,,,,,22,,0
1915,21980,77997,Bill Robinzine,DAL,Dallas Mavericks,0028000877,1981-03-20,DAL vs. DEN,W,0,10,,,0.0,,,2,2,1.0,,,,,,,,6.0,22,,0
1916,21980,76321,Marty Byrnes,DAL,Dallas Mavericks,0028000877,1981-03-20,DAL vs. DEN,W,0,10,,,0.0,,,2,3,0.667,,,,,,,,,22,,0
1917,21980,78199,Phil Smith,SDC,San Diego Clippers,0028000876,1981-03-19,SDC vs. GOS,W,0,7,,,0.0,,,8,8,1.0,,,,,,,,,22,,0
1918,21980,100263,Bill Laimbeer,CLE,Cleveland Cavaliers,0028000874,1981-03-19,CLE vs. CHI,L,0,9,,,0.0,,,4,4,1.0,,,,,,,,,22,,0
1919,21980,77532,George McGinnis,IND,Indiana Pacers,0028000872,1981-03-18,IND @ PHL,L,0,9,,,0.0,,,4,5,0.8,,,,,,,,,22,,0
1920,21980,1449,Larry Bird,BOS,Boston Celtics,0028000867,1981-03-18,BOS vs. ATL,L,0,10,,,0.0,,,2,2,1.0,,,,,,,,,22,,0
1921,21980,305,Robert Parish,BOS,Boston Celtics,0028000867,1981-03-18,BOS vs. ATL,L,0,9,,,0.0,,,4,4,1.0,,,,,,,,,22,,0
1922,21980,77071,Phil Hubbard,DET,Detroit Pistons,0028000866,1981-03-18,DET vs. NJN,W,0,9,,,0.0,,,4,4,1.0,,,,,,,,,22,,0
1923,21980,77986,Cliff T. Robinson,NJN,New Jersey Nets,0028000850,1981-03-15,NJN @ BOS,L,0,9,,,1.0,,,3,3,1.0,,,,,,,,,22,,0
1924,21980,77952,Micheal Ray Richardson,NYK,New York Knicks,0028000851,1981-03-15,NYK vs. PHL,W,0,10,,,0.0,,,2,4,0.5,,,,,,,,,22,,0
1925,21980,76290,Joe Bryant,SDC,San Diego Clippers,0028000846,1981-03-14,SDC vs. SAN,W,0,10,,,0.0,,,2,2,1.0,,,,,,,,,22,,0
1926,21980,77848,Roger Phegley,CLE,Cleveland Cavaliers,0028000845,1981-03-14,CLE @ ATL,W,0,9,,,0.0,,,4,4,1.0,,,,,,,,,22,,0
1927,21980,1381,John Long,DET,Detroit Pistons,0028000843,1981-03-13,DET vs. SEA,L,0,8,,,1.0,,,5,8,0.625,,,,,,,,,22,,0
1928,21980,78149,Jack Sikma,SEA,Seattle SuperSonics,0028000843,1981-03-13,SEA @ DET,W,0,8,,,0.0,,,6,9,0.667,,,,,,,,6.0,22,,0
1929,21980,77936,Robert Reid,HOU,Houston Rockets,0028000842,1981-03-13,HOU vs. POR,W,0,11,,,0.0,,,0,0,,,,,,,,,,22,,0
1930,21980,229,James Edwards,IND,Indiana Pacers,0028000841,1981-03-13,IND @ BOS,W,0,11,,,0.0,,,0,0,,,,,,,,,,22,,0
1931,21980,77484,Wes Matthews,ATL,Atlanta Hawks,0028000839,1981-03-13,ATL vs. DEN,W,0,8,,,0.0,,,6,8,0.75,,,,,,,,,22,,0
1932,21980,76673,Alex English,DEN,Denver Nuggets,0028000839,1981-03-13,DEN @ ATL,L,0,10,,,0.0,,,2,2,1.0,,,,,,,,,22,,0
1933,21980,78570,Sly Williams,NYK,New York Knicks,0028000837,1981-03-13,NYK vs. CHI,W,0,9,,,0.0,,,4,4,1.0,,,,,,,,,22,,0
1934,21980,76526,Johnny Davis,IND,Indiana Pacers,0028000834,1981-03-12,IND @ WAS,W,0,7,,,0.0,,,8,9,0.889,,,,,,,,,22,,0
1935,21980,77997,Bill Robinzine,DAL,Dallas Mavericks,0028000833,1981-03-12,DAL vs. GOS,W,0,9,,,0.0,,,4,4,1.0,,,,,,,,,22,,0
1936,21980,78199,Phil Smith,SDC,San Diego Clippers,0028000832,1981-03-12,SDC vs. LAL,L,0,11,,,0.0,,,0,0,,,,,,,,,,22,,0
1937,21980,77324,Mitch Kupchak,WAS,Washington Bullets,0028000830,1981-03-11,WAS @ NJN,L,0,8,,,0.0,,,6,6,1.0,,,,,,,,,22,,0
1938,21980,78025,Dan Roundfield,ATL,Atlanta Hawks,0028000829,1981-03-11,ATL @ DET,L,0,9,,,0.0,,,4,5,0.8,,,,,,,,,22,,0
1939,21980,77290,Billy Knight,IND,Indiana Pacers,0028000825,1981-03-10,IND vs. PHL,L,0,7,,,0.0,,,8,8,1.0,,,,,,,,,22,,0
1940,21980,77229,Clarence Kea,DAL,Dallas Mavericks,0028000818,1981-03-08,DAL @ SAN,L,0,7,,,0.0,,,8,10,0.8,,,,,,,,,22,,0
1941,21980,77689,Swen Nater,SDC,San Diego Clippers,0028000814,1981-03-08,SDC @ SEA,W,0,11,,,0.0,,,0,0,,,,,,,,,,22,,0
1942,21980,77160,Marques Johnson,MIL,Milwaukee Bucks,0028000811,1981-03-08,MIL @ PHL,L,0,8,,,0.0,,,6,8,0.75,,,,,,,,,22,,0
1943,21980,78139,Purvis Short,GOS,Golden State Warriors,0028000807,1981-03-07,GOS vs. SEA,W,0,10,,,0.0,,,2,2,1.0,,,,,,,,,22,,0
1944,21980,77328,Tom LaGarde,DAL,Dallas Mavericks,0028000803,1981-03-06,DAL @ GOS,L,0,9,,,0.0,,,4,7,0.571,,,,,,,,,22,,0
1945,21980,77952,Micheal Ray Richardson,NYK,New York Knicks,0028000799,1981-03-06,NYK vs. MIL,L,0,10,,,0.0,,,2,4,0.5,,,,,,,,,22,,0
1946,21980,600005,Bob Lanier,MIL,Milwaukee Bucks,0028000797,1981-03-05,MIL vs. ATL,W,0,9,,,0.0,,,4,4,1.0,,,,,,,,,22,,0
1947,21980,77167,Vinnie Johnson,SEA,Seattle SuperSonics,0028000788,1981-03-04,SEA vs. IND,W,0,10,,,0.0,,,2,4,0.5,,,,,,,,,22,,0
1948,21980,77721,Norm Nixon,LAL,Los Angeles Lakers,0028000784,1981-03-03,LAL @ KCK,W,0,10,,,0.0,,,2,2,1.0,,,,,,,,,22,,0
1949,21980,1449,Larry Bird,BOS,Boston Celtics,0028000783,1981-03-03,BOS @ DAL,W,0,10,,,0.0,,,2,2,1.0,,,,12.0,,,,,22,,0
1950,21980,77097,Dan Issel,DEN,Denver Nuggets,0028000773,1981-03-01,DEN vs. CLE,W,0,8,,,0.0,,,6,7,0.857,,,,,,,,,22,,0
1951,21980,76598,John Drew,ATL,Atlanta Hawks,0028000771,1981-03-01,ATL vs. SEA,W,0,7,,,0.0,,,8,11,0.727,,,,,,,,,22,,0
1952,21980,77819,Jim Paxson,POR,Portland Trail Blazers,0028000770,1981-03-01,POR vs. UTH,W,0,9,,,0.0,,,4,4,1.0,,,,,,,,,22,,0
1953,21980,77689,Swen Nater,SDC,San Diego Clippers,0028000767,1981-02-28,SDC @ HOU,W,0,10,,,0.0,,,2,2,1.0,,,14.0,,,,,,22,,0
1954,21980,76516,Brad Davis,DAL,Dallas Mavericks,0028000765,1981-02-27,DAL vs. IND,L,0,10,,,0.0,,,2,3,0.667,,,,,,,,,22,,0
1955,21980,77721,Norm Nixon,LAL,Los Angeles Lakers,0028000764,1981-02-27,LAL vs. NJN,W,0,8,,,0.0,,,6,6,1.0,,,,,,,,,22,,0
1956,21980,77710,Mike Newlin,NJN,New Jersey Nets,0028000764,1981-02-27,NJN @ LAL,L,0,9,,,0.0,,,4,7,0.571,,,,,,,,,22,,0
1957,21980,76979,Elvin Hayes,WAS,Washington Bullets,0028000759,1981-02-27,WAS @ CHI,L,0,10,,,0.0,,,2,5,0.4,,,,,,,,,22,,0
1958,21980,76353,Joe Barry Carroll,GOS,Golden State Warriors,0028000758,1981-02-27,GOS @ DEN,L,0,9,,,0.0,,,4,4,1.0,,,,,,,,,22,,0
1959,21980,78548,Freeman Williams,SDC,San Diego Clippers,0028000750,1981-02-25,SDC vs. PHL,L,0,8,,,1.0,,,5,7,0.714,,,,,,,,,22,,0
1960,21980,76350,Kenny Carr,CLE,Cleveland Cavaliers,0028000751,1981-02-25,CLE @ BOS,L,0,10,,,0.0,,,2,4,0.5,,,,,,,,,22,,0
1961,21980,77689,Swen Nater,SDC,San Diego Clippers,0028000750,1981-02-25,SDC vs. PHL,L,0,7,,,0.0,,,8,9,0.889,,,,,,,,,22,,0
1962,21980,77952,Micheal Ray Richardson,NYK,New York Knicks,0028000749,1981-02-24,NYK @ ATL,W,0,9,,,1.0,,,3,9,0.333,,,,,,,,,22,,0
1963,21980,78025,Dan Roundfield,ATL,Atlanta Hawks,0028000749,1981-02-24,ATL vs. NYK,L,0,7,,,0.0,,,8,11,0.727,,,,,,,,,22,,0
1964,21980,76272,Fred Brown,SEA,Seattle SuperSonics,0028000745,1981-02-24,SEA @ DAL,W,0,10,,,0.0,,,2,2,1.0,,,,,,,,,22,,0
1965,21980,76435,Darwin Cook,NJN,New Jersey Nets,0028000744,1981-02-24,NJN @ DEN,L,0,8,,,0.0,,,6,7,0.857,,,,,,,,,22,,0
1966,21980,78199,Phil Smith,SDC,San Diego Clippers,0028000738,1981-02-22,SDC vs. UTH,W,0,9,,,0.0,,,4,5,0.8,,,,,,,,,22,,0
1967,21980,77420,Maurice Lucas,NJN,New Jersey Nets,0028000733,1981-02-22,NJN vs. DAL,L,0,9,,,0.0,,,4,4,1.0,,,,,,,,,22,,0
1968,21980,77010,Keith Herron,DET,Detroit Pistons,0028000731,1981-02-21,DET vs. BOS,L,0,9,,,0.0,,,4,5,0.8,,,,,,,,,22,,0
1969,21980,1449,Larry Bird,BOS,Boston Celtics,0028000731,1981-02-21,BOS @ DET,W,0,11,,,0.0,,,0,0,,,,,,,,,,22,,0
1970,21980,1381,John Long,DET,Detroit Pistons,0028000731,1981-02-21,DET vs. BOS,L,0,10,,,0.0,,,2,2,1.0,,,,,,,,,22,,0
1971,21980,77689,Swen Nater,SDC,San Diego Clippers,0028000729,1981-02-20,SDC @ GOS,W,0,7,,,0.0,,,8,8,1.0,,,,,,,,,22,,0
1972,21980,76736,Phil Ford,KCK,Kansas City Kings,0028000728,1981-02-20,KCK vs. MIL,W,0,8,,,0.0,,,6,6,1.0,,,,,,,,,22,,0
1973,21980,76011,Alvan Adams,PHX,Phoenix Suns,0028000726,1981-02-20,PHX @ SEA,L,0,9,,,0.0,,,4,4,1.0,,,,,,,,,22,,0
1974,21980,78537,Jeff Wilkins,UTH,Utah Jazz,0028000724,1981-02-20,UTH vs. CHI,L,0,10,,,0.0,,,2,3,0.667,,,,,,,,,22,,0
1975,21980,77876,Kevin Porter,WAS,Washington Bullets,0028000721,1981-02-20,WAS @ NYK,L,0,9,,,0.0,,,4,5,0.8,,,,,,,,,22,,0
1976,21980,78548,Freeman Williams,SDC,San Diego Clippers,0028000717,1981-02-19,SDC vs. HOU,W,0,7,,,1.0,,,7,8,0.875,,,,,,,,,22,,0
1977,21980,77710,Mike Newlin,NJN,New Jersey Nets,0028000716,1981-02-18,NJN vs. CLE,W,0,9,,,0.0,,,4,6,0.667,,,,,,,,,22,,0
1978,21980,78199,Phil Smith,SDC,San Diego Clippers,0028000708,1981-02-17,SDC vs. CHI,W,0,9,,,0.0,,,4,8,0.5,,,,,,,,,22,,0
1979,21980,76290,Joe Bryant,SDC,San Diego Clippers,0028000708,1981-02-17,SDC vs. CHI,W,0,7,,,0.0,,,8,9,0.889,,,,,,,,,22,,0
1980,21980,76011,Alvan Adams,PHX,Phoenix Suns,0028000706,1981-02-17,PHX vs. GOS,W,0,10,,,0.0,,,2,2,1.0,,,,,,,,,22,,0
1981,21980,77160,Marques Johnson,MIL,Milwaukee Bucks,0028000698,1981-02-15,MIL @ SAN,L,0,9,,,0.0,,,4,5,0.8,,,,,,,,,22,,0
1982,21980,78222,Jim Spanarkel,DAL,Dallas Mavericks,0028000692,1981-02-14,DAL vs. SAN,L,0,7,,,0.0,,,8,10,0.8,,,,,,,,,22,,0
1983,21980,76350,Kenny Carr,CLE,Cleveland Cavaliers,0028000690,1981-02-14,CLE vs. GOS,W,0,10,,,0.0,,,2,3,0.667,,,,,,,,,22,,0
1984,21980,77669,Calvin Murphy,HOU,Houston Rockets,0028000689,1981-02-14,HOU vs. MIL,L,0,8,,,0.0,,,6,6,1.0,,,,,,,,,22,,0
1985,21980,77290,Billy Knight,IND,Indiana Pacers,0028000683,1981-02-13,IND @ NJN,L,0,10,,,0.0,,,2,3,0.667,,,,,,,,,22,,0
1986,21980,78390,Terry Tyler,DET,Detroit Pistons,0028000681,1981-02-13,DET @ NYK,L,0,9,,,0.0,,,4,6,0.667,,,,,,,,,22,,0
1987,21980,77952,Micheal Ray Richardson,NYK,New York Knicks,0028000681,1981-02-13,NYK vs. DET,W,0,10,,,0.0,,,2,3,0.667,,,,,,,,,22,,0
1988,21980,76822,Mike Glenn,NYK,New York Knicks,0028000681,1981-02-13,NYK vs. DET,W,0,9,,,0.0,,,4,4,1.0,,,,,,,,,22,,0
1989,21980,77160,Marques Johnson,MIL,Milwaukee Bucks,0028000671,1981-02-11,MIL @ IND,W,0,9,,,0.0,,,4,6,0.667,,,,,,,,,22,,0
1990,21980,78215,Ricky Sobers,CHI,Chicago Bulls,0028000669,1981-02-10,CHI vs. KCK,W,0,5,,,0.0,,,12,12,1.0,,,,,,,,,22,,0
1991,21980,78025,Dan Roundfield,ATL,Atlanta Hawks,0028000664,1981-02-10,ATL vs. GOS,W,0,10,,,0.0,,,2,4,0.5,,,,,,,,,22,,0
1992,21980,77144,Eddie Johnson,ATL,Atlanta Hawks,0028000664,1981-02-10,ATL vs. GOS,W,0,8,,,0.0,,,6,6,1.0,,,,,,,,,22,,0
1993,21980,78570,Sly Williams,NYK,New York Knicks,0028000657,1981-02-08,NYK @ NJN,W,0,8,,,0.0,,,6,8,0.75,,,,,,,,,22,,0
1994,21980,76362,Bill Cartwright,NYK,New York Knicks,0028000657,1981-02-08,NYK @ NJN,W,0,8,,,0.0,,,6,8,0.75,,,,,,,,,22,,0
1995,21980,77615,Mike Mitchell,CLE,Cleveland Cavaliers,0028000652,1981-02-07,CLE @ IND,L,0,9,,,0.0,,,4,5,0.8,,,,,,,,,22,,0
1996,21980,78310,Reggie Theus,CHI,Chicago Bulls,0028000648,1981-02-07,CHI vs. DET,W,0,7,,,0.0,,,8,9,0.889,,,,,,,,,22,,0
1997,21980,78310,Reggie Theus,CHI,Chicago Bulls,0028000645,1981-02-06,CHI vs. NYK,L,0,9,,,0.0,,,4,6,0.667,,,,,,,,,22,,0
1998,21980,78390,Terry Tyler,DET,Detroit Pistons,0028000643,1981-02-06,DET vs. LAL,L,0,11,,,0.0,,,0,0,,,,,,,,,,22,,0
1999,21980,77449,Moses Malone,HOU,Houston Rockets,0028000642,1981-02-06,HOU @ PHX,L,0,7,,,0.0,,,8,11,0.727,,,,,,,,,22,,0
2000,21980,78532,Jamaal Wilkes,LAL,Los Angeles Lakers,0028000634,1981-02-04,LAL @ IND,W,0,9,,,0.0,,,4,6,0.667,,,,,,,,,22,,0
2001,21980,77273,Reggie King,KCK,Kansas City Kings,0028000633,1981-02-04,KCK vs. DET,W,0,9,,,0.0,,,4,5,0.8,,,,,,,,,22,,0
2002,21980,76054,Nate Archibald,BOS,Boston Celtics,0028000629,1981-02-04,BOS @ PHL,L,0,5,,,0.0,,,12,16,0.75,,,,,,,,,22,,0
2003,21980,76881,David Greenwood,CHI,Chicago Bulls,0028000627,1981-02-04,CHI @ CLE,W,0,10,,,0.0,,,2,3,0.667,,,,,,,,,22,,0
2004,21980,78150,James Silas,SAN,San Antonio Spurs,0028000626,1981-02-04,SAN @ DEN,W,0,7,,,0.0,,,8,8,1.0,,,,,,,,,22,,0
2005,21980,77273,Reggie King,KCK,Kansas City Kings,0028000621,1981-02-03,KCK @ DAL,W,0,8,,,0.0,,,6,8,0.75,,,,,,,,,22,,0
2006,21980,78310,Reggie Theus,CHI,Chicago Bulls,0028000616,1981-01-29,CHI vs. BOS,W,0,8,,,0.0,,,6,6,1.0,,,,,,,,,22,,0
2007,21980,78404,Kiki Vandeweghe,DEN,Denver Nuggets,0028000614,1981-01-29,DEN vs. MIL,W,0,9,,,0.0,,,4,5,0.8,,,,,,,,,22,,0
2008,21980,77986,Cliff T. Robinson,NJN,New Jersey Nets,0028000607,1981-01-28,NJN @ HOU,L,0,10,,,0.0,,,2,3,0.667,,,,,,,,,22,,0
2009,21980,76753,World Free,GOS,Golden State Warriors,0028000605,1981-01-28,GOS @ IND,L,0,6,,,0.0,,,10,10,1.0,,,,,,,,,22,,0
2010,21980,77328,Tom LaGarde,DAL,Dallas Mavericks,0028000597,1981-01-27,DAL vs. NJN,L,0,8,,,0.0,,,6,13,0.462,,,,,,,,,22,,0
2011,21980,1381,John Long,DET,Detroit Pistons,0028000599,1981-01-27,DET @ DEN,L,0,10,,,0.0,,,2,3,0.667,,,,,,,,,22,,0
2012,21980,76753,World Free,GOS,Golden State Warriors,0028000604,1981-01-27,GOS @ CHI,L,0,8,,,0.0,,,6,12,0.5,,,,,,,,,22,,0
2013,21980,76091,Greg Ballard,WAS,Washington Bullets,0028000601,1981-01-27,WAS @ ATL,W,0,8,,,0.0,,,6,6,1.0,,,,,,,,,22,,0
2014,21980,78404,Kiki Vandeweghe,DEN,Denver Nuggets,0028000599,1981-01-27,DEN vs. DET,W,0,8,,,0.0,,,6,8,0.75,,,,,,,,,22,,0
2015,21980,76890,Darrell Griffith,UTH,Utah Jazz,0028000598,1981-01-27,UTH @ LAL,L,0,11,,,0.0,,,0,0,,,,,,,,,,22,,0
2016,21980,76435,Darwin Cook,NJN,New Jersey Nets,0028000597,1981-01-27,NJN @ DAL,W,0,10,,,0.0,,,2,3,0.667,,,,,,,,,22,,0
2017,21980,77710,Mike Newlin,NJN,New Jersey Nets,0028000591,1981-01-25,NJN vs. WAS,L,0,9,,,0.0,,,4,4,1.0,,,,,,,,,22,,0
2018,21980,77626,Sidney Moncrief,MIL,Milwaukee Bucks,0028000588,1981-01-24,MIL @ SDC,W,0,9,,,0.0,,,4,4,1.0,,,,,,,,6.0,22,,0
2019,21980,77010,Keith Herron,DET,Detroit Pistons,0028000587,1981-01-24,DET vs. CLE,W,0,8,,,0.0,,,6,6,1.0,,,,,,,,,22,,0
2020,21980,600014,Artis Gilmore,CHI,Chicago Bulls,0028000584,1981-01-24,CHI @ ATL,W,0,7,,,0.0,,,8,12,0.667,,,,,,,,,22,,0
2021,21980,77432,Ollie Mack,DAL,Dallas Mavericks,0028000582,1981-01-23,DAL @ CHI,L,0,9,,,0.0,,,4,4,1.0,,,,,,,,,22,,0
2022,21980,78139,Purvis Short,GOS,Golden State Warriors,0028000578,1981-01-23,GOS @ UTH,W,0,11,,,0.0,,,0,0,,,,,,,,,,22,,0
2023,21980,77324,Mitch Kupchak,WAS,Washington Bullets,0028000577,1981-01-23,WAS vs. SEA,W,0,10,,,0.0,,,2,3,0.667,,,,,,,,,22,,0
2024,21980,78482,Scott Wedman,KCK,Kansas City Kings,0028000576,1981-01-23,KCK vs. HOU,W,0,9,,,0.0,,,4,4,1.0,,,,,,,,,22,,0
2025,21980,77141,Dennis Johnson,PHX,Phoenix Suns,0028000581,1981-01-23,PHX vs. MIL,W,0,5,,,0.0,,,12,14,0.857,,,,,,,,,22,,0
2026,21980,77152,John Johnson,SEA,Seattle SuperSonics,0028000577,1981-01-23,SEA @ WAS,L,0,7,,,0.0,,,8,8,1.0,,,,,,,,,22,,0
2027,21980,78296,Brian Taylor,SDC,San Diego Clippers,0028000567,1981-01-21,SDC @ DEN,W,0,8,,,4.0,,,2,2,1.0,,,,,,,,,22,,0
2028,21980,77273,Reggie King,KCK,Kansas City Kings,0028000569,1981-01-21,KCK vs. SAN,W,0,9,,,0.0,,,4,6,0.667,,,,,,,,,22,,0
2029,21980,78132,Craig Shelton,ATL,Atlanta Hawks,0028000566,1981-01-21,ATL @ LAL,L,0,9,,,0.0,,,4,6,0.667,,,,,,,,,22,,0
2030,21980,76971,Steve Hawes,ATL,Atlanta Hawks,0028000566,1981-01-21,ATL @ LAL,L,0,7,,,0.0,,,8,8,1.0,,,,,,,,,22,,0
2031,21980,77163,Reggie Johnson,SAN,San Antonio Spurs,0028000558,1981-01-20,SAN vs. PHX,W,0,9,,,0.0,,,4,4,1.0,,,,,,,,,22,,0
2032,21980,78199,Phil Smith,SDC,San Diego Clippers,0028000552,1981-01-18,SDC vs. DAL,W,0,8,,,0.0,,,6,7,0.857,,,,,,,,,22,,0
2033,21980,77487,Cedric Maxwell,BOS,Boston Celtics,0028000546,1981-01-18,BOS vs. LAL,W,0,8,,,0.0,,,6,6,1.0,,,,,,,,,22,,0
2034,21980,76054,Nate Archibald,BOS,Boston Celtics,0028000546,1981-01-18,BOS vs. LAL,W,0,10,,,0.0,,,2,4,0.5,,,,,,,,,22,,0
2035,21980,305,Robert Parish,BOS,Boston Celtics,0028000546,1981-01-18,BOS vs. LAL,W,0,9,,,0.0,,,4,7,0.571,,,,,,,,,22,,0
2036,21980,78468,Richard Washington,CLE,Cleveland Cavaliers,0028000545,1981-01-17,CLE @ CHI,W,0,8,,,0.0,,,6,6,1.0,,,,,,,,,22,,0
2037,21980,76899,Ernie Grunfeld,KCK,Kansas City Kings,0028000544,1981-01-17,KCK vs. DEN,L,0,11,,,0.0,,,0,0,,,,,,,,,,22,,0
2038,21980,77633,Johnny Moore,SAN,San Antonio Spurs,0028000540,1981-01-16,SAN @ BOS,L,0,8,,,0.0,,,6,7,0.857,,,,,,,,,22,,0
2039,21980,76296,Quinn Buckner,MIL,Milwaukee Bucks,0028000537,1981-01-16,MIL vs. KCK,W,0,11,,,0.0,,,0,0,,,,,,,,,,22,,0
2040,21980,77246,Larry Kenon,CHI,Chicago Bulls,0028000539,1981-01-16,CHI vs. POR,L,0,8,,,0.0,,,6,6,1.0,,,,,,,,,22,,0
2041,21980,76881,David Greenwood,CHI,Chicago Bulls,0028000539,1981-01-16,CHI vs. POR,L,0,11,,,0.0,,,0,1,0.0,,,,,,,,,22,,0
2042,21980,77626,Sidney Moncrief,MIL,Milwaukee Bucks,0028000529,1981-01-15,MIL vs. PHL,W,0,7,,,0.0,,,8,10,0.8,,,,,,,,,22,,0
2043,21980,78532,Jamaal Wilkes,LAL,Los Angeles Lakers,0028000528,1981-01-14,LAL @ WAS,L,0,8,,,0.0,,,6,7,0.857,,,,,,,,,22,,0
2044,21980,1449,Larry Bird,BOS,Boston Celtics,0028000526,1981-01-14,BOS vs. CLE,W,0,7,,,0.0,,,8,8,1.0,,,,,,,,,22,,0
2045,21980,78548,Freeman Williams,SDC,San Diego Clippers,0028000523,1981-01-14,SDC vs. ATL,W,0,9,,,0.0,,,4,4,1.0,,,,,,,,,22,,0
2046,21980,77993,Truck Robinson,PHX,Phoenix Suns,0028000518,1981-01-13,PHX vs. SEA,W,0,10,,,0.0,,,2,2,1.0,,,,,,,,,22,,0
2047,21980,76252,Junior Bridgeman,MIL,Milwaukee Bucks,0028000517,1981-01-13,MIL @ DET,W,0,9,,,0.0,,,4,4,1.0,,,,,,,,,22,,0
2048,21980,77324,Mitch Kupchak,WAS,Washington Bullets,0028000510,1981-01-11,WAS @ SAN,L,0,9,,,0.0,,,4,5,0.8,,,,,,,,,22,,0
2049,21980,76003,Kareem Abdul-Jabbar,LAL,Los Angeles Lakers,0028000511,1981-01-11,LAL vs. DET,W,0,9,,,0.0,,,4,5,0.8,,,,,,,,6.0,22,,0
2050,21980,76673,Alex English,DEN,Denver Nuggets,0028000500,1981-01-10,DEN @ SEA,L,0,7,,,1.0,,,7,8,0.875,,,,,,,,,22,,0
2051,21980,78500,Paul Westphal,SEA,Seattle SuperSonics,0028000500,1981-01-10,SEA vs. DEN,W,0,8,,,0.0,,,6,6,1.0,,,,,,,,,22,,0
2052,21980,600014,Artis Gilmore,CHI,Chicago Bulls,0028000499,1981-01-10,CHI vs. PHL,L,0,7,,,0.0,,,8,12,0.667,,,,,,,,,22,,0
2053,21980,76539,Darryl Dawkins,PHL,Philadelphia 76ers,0028000499,1981-01-10,PHL @ CHI,W,0,11,,,0.0,,,0,0,,,,,,,,,6.0,22,,0
2054,21980,77097,Dan Issel,DEN,Denver Nuggets,0028000498,1981-01-09,DEN @ SDC,W,0,7,,,0.0,,,8,10,0.8,,,,,,,,,22,,0
2055,21980,77848,Roger Phegley,CLE,Cleveland Cavaliers,0028000497,1981-01-09,CLE @ ATL,W,0,7,,,0.0,,,8,8,1.0,,,,,,,,,22,,0
2056,21980,76971,Steve Hawes,ATL,Atlanta Hawks,0028000497,1981-01-09,ATL vs. CLE,L,0,8,,,0.0,,,6,7,0.857,,,,,,,,,22,,0
2057,21980,77618,Steve Mix,PHL,Philadelphia 76ers,0028000495,1981-01-09,PHL vs. HOU,W,0,10,,,0.0,,,2,2,1.0,,,,,,,,,22,,0
2058,21980,600014,Artis Gilmore,CHI,Chicago Bulls,0028000494,1981-01-09,CHI @ BOS,L,0,10,,,0.0,,,2,2,1.0,,,,,,,,,22,,0
2059,21980,77324,Mitch Kupchak,WAS,Washington Bullets,0028000491,1981-01-08,WAS @ KCK,L,0,9,,,0.0,,,4,4,1.0,,,,,,,,,22,,0
2060,21980,77952,Micheal Ray Richardson,NYK,New York Knicks,0028000488,1981-01-08,NYK vs. IND,L,0,10,,,0.0,,,2,2,1.0,,,,,,,,,22,,0
2061,21980,77710,Mike Newlin,NJN,New Jersey Nets,0028000484,1981-01-07,NJN @ IND,L,0,8,,,0.0,,,6,7,0.857,,,,,,,,,22,,0
2062,21980,77144,Eddie Johnson,ATL,Atlanta Hawks,0028000476,1981-01-06,ATL vs. PHX,L,0,8,,,1.0,,,5,7,0.714,,,,,,,,,22,,0
2063,21980,76296,Quinn Buckner,MIL,Milwaukee Bucks,0028000478,1981-01-06,MIL vs. NJN,W,0,9,,,0.0,,,4,5,0.8,,,,,,,,,22,,0
2064,21980,78331,Mychal Thompson,POR,Portland Trail Blazers,0028000473,1981-01-04,POR vs. BOS,L,0,11,,,0.0,,,0,1,0.0,,,,,,,,,22,,0
2065,21980,77168,Mickey Johnson,MIL,Milwaukee Bucks,0028000472,1981-01-04,MIL vs. SDC,W,0,10,,,0.0,,,2,2,1.0,,,,,,,,,22,,0
2066,21980,76890,Darrell Griffith,UTH,Utah Jazz,0028000469,1981-01-03,UTH vs. POR,W,0,8,,,0.0,,,6,7,0.857,,,,,,,,,22,,0
2067,21980,76979,Elvin Hayes,WAS,Washington Bullets,0028000466,1981-01-03,WAS @ CLE,L,0,11,,,0.0,,,0,0,,,,,,,,,6.0,22,,0
2068,21980,76362,Bill Cartwright,NYK,New York Knicks,0028000464,1981-01-03,NYK vs. ATL,W,0,8,,,0.0,,,6,7,0.857,,,,,,,,,22,,0
2069,21980,78139,Purvis Short,GOS,Golden State Warriors,0028000463,1981-01-02,GOS vs. BOS,W,0,8,,,0.0,,,6,7,0.857,,,,,,,,,22,,0
2070,21980,76362,Bill Cartwright,NYK,New York Knicks,0028000461,1981-01-02,NYK @ DET,L,0,6,,,0.0,,,10,10,1.0,,,,,,,,,22,,0
2071,21980,77710,Mike Newlin,NJN,New Jersey Nets,0028000460,1981-01-02,NJN vs. CLE,L,0,10,,,0.0,,,2,2,1.0,,,,,,,,,22,,0
2072,21980,76736,Phil Ford,KCK,Kansas City Kings,0028000455,1981-01-02,KCK vs. UTH,W,0,6,,,0.0,,,10,12,0.833,,,,,,,,,22,,0
2073,21980,77936,Robert Reid,HOU,Houston Rockets,0028000453,1981-01-01,HOU vs. UTH,W,0,9,,,0.0,,,4,6,0.667,,,,,,,,,22,,0
2074,21980,77449,Moses Malone,HOU,Houston Rockets,0028000453,1981-01-01,HOU vs. UTH,W,0,6,,,0.0,,,10,11,0.909,,,,,,,,,22,,0
2075,21980,76290,Joe Bryant,SDC,San Diego Clippers,0028000452,1981-01-01,SDC vs. BOS,L,0,9,,,0.0,,,4,5,0.8,,,,,,,,,22,,0
2076,21980,76539,Darryl Dawkins,PHL,Philadelphia 76ers,0028000449,1980-12-30,PHL @ POR,L,0,9,,,0.0,,,4,4,1.0,,,,,,,,,22,,0
2077,21980,78139,Purvis Short,GOS,Golden State Warriors,0028000447,1980-12-30,GOS @ KCK,W,0,10,,,0.0,,,2,2,1.0,,,,,,,,,22,,0
2078,21980,77273,Reggie King,KCK,Kansas City Kings,0028000447,1980-12-30,KCK vs. GOS,L,0,5,,,0.0,,,12,18,0.667,,,,,,,,,22,,0
2079,21980,78149,Jack Sikma,SEA,Seattle SuperSonics,0028000445,1980-12-30,SEA @ SAN,L,0,8,,,0.0,,,6,8,0.75,,,,,,,,,22,,0
2080,21980,76656,Bob Elliott,NJN,New Jersey Nets,0028000444,1980-12-30,NJN @ CHI,L,0,8,,,0.0,,,6,8,0.75,,,,,,,,,22,,0
2081,21980,77328,Tom LaGarde,DAL,Dallas Mavericks,0028000439,1980-12-29,DAL @ CLE,L,0,10,,,0.0,,,2,2,1.0,,,,,,,,,22,,0
2082,21980,305,Robert Parish,BOS,Boston Celtics,0028000431,1980-12-27,BOS @ ATL,W,0,7,,,0.0,,,8,8,1.0,,,,,,,,,22,,0
2083,21980,78150,James Silas,SAN,San Antonio Spurs,0028000428,1980-12-27,SAN vs. UTH,W,0,10,,,0.0,,,2,2,1.0,,,,,,,,,22,,0
2084,21980,76504,Adrian Dantley,UTH,Utah Jazz,0028000425,1980-12-26,UTH vs. GOS,L,0,10,,,0.0,,,2,4,0.5,,,,,,,,,22,,0
2085,21980,77071,Phil Hubbard,DET,Detroit Pistons,0028000422,1980-12-26,DET vs. HOU,L,0,10,,,0.0,,,2,5,0.4,,,,,,,,,22,,0
2086,21980,77290,Billy Knight,IND,Indiana Pacers,0028000420,1980-12-26,IND @ LAL,L,0,7,,,0.0,,,8,9,0.889,,,,,,,,,22,,0
2087,21980,76362,Bill Cartwright,NYK,New York Knicks,0028000419,1980-12-25,NYK vs. BOS,L,0,10,,,0.0,,,2,5,0.4,,,,,,,,,22,,0
2088,21980,78139,Purvis Short,GOS,Golden State Warriors,0028000413,1980-12-23,GOS @ HOU,W,0,9,,,0.0,,,4,4,1.0,,,,,,,,,22,,0
2089,21980,77264,Bernard King,GOS,Golden State Warriors,0028000413,1980-12-23,GOS @ HOU,W,0,6,,,0.0,,,10,12,0.833,,,,,,,,,22,,0
2090,21980,77770,Louis Orr,IND,Indiana Pacers,0028000411,1980-12-23,IND vs. NJN,W,0,11,,,0.0,,,0,0,,,,,,,,,,22,,0
2091,21980,76979,Elvin Hayes,WAS,Washington Bullets,0028000410,1980-12-23,WAS @ ATL,L,0,8,,,0.0,,,6,10,0.6,,,,,,,,,22,,0
2092,21980,78047,Campy Russell,NYK,New York Knicks,0028000408,1980-12-23,NYK @ CHI,L,0,7,,,0.0,,,8,10,0.8,,,,,,,,,22,,0
2093,21980,77993,Truck Robinson,PHX,Phoenix Suns,0028000405,1980-12-21,PHX @ POR,W,0,10,,,0.0,,,2,4,0.5,,,,,,,,,22,,0
2094,21980,77141,Dennis Johnson,PHX,Phoenix Suns,0028000405,1980-12-21,PHX @ POR,W,0,8,,,0.0,,,6,9,0.667,,,,,,,,,22,,0
2095,21980,76121,Billyray Bates,POR,Portland Trail Blazers,0028000405,1980-12-21,POR vs. PHX,L,0,8,,,0.0,,,6,6,1.0,,,,,,,,,22,,0
2096,21980,76252,Junior Bridgeman,MIL,Milwaukee Bucks,0028000403,1980-12-21,MIL vs. HOU,W,0,9,,,0.0,,,4,5,0.8,,,,,,,,,22,,0
2097,21980,78532,Jamaal Wilkes,LAL,Los Angeles Lakers,0028000402,1980-12-21,LAL vs. SAN,W,0,10,,,0.0,,,2,2,1.0,,,,,,,,,22,,0
2098,21980,76350,Kenny Carr,CLE,Cleveland Cavaliers,0028000400,1980-12-20,CLE vs. BOS,L,0,8,,,0.0,,,6,7,0.857,,,,,,,,,22,,0
2099,21980,78047,Campy Russell,NYK,New York Knicks,0028000398,1980-12-20,NYK vs. DEN,W,0,10,,,0.0,,,2,2,1.0,,,,,,,,,22,,0
2100,21980,78310,Reggie Theus,CHI,Chicago Bulls,0028000393,1980-12-19,CHI vs. MIL,W,0,9,,,0.0,,,4,7,0.571,,,,,,,,,22,,0
2101,21980,78351,Andrew Toney,PHL,Philadelphia 76ers,0028000392,1980-12-19,PHL vs. NJN,W,0,10,,,0.0,,,2,4,0.5,,,,,,,,,22,,0
2102,21980,76598,John Drew,ATL,Atlanta Hawks,0028000391,1980-12-19,ATL @ SEA,L,0,8,,,0.0,,,6,7,0.857,,,,,,,,,22,,0
2103,21980,78390,Terry Tyler,DET,Detroit Pistons,0028000390,1980-12-19,DET vs. IND,W,0,9,,,0.0,,,4,7,0.571,,,,,,,,,22,,0
2104,21980,77952,Micheal Ray Richardson,NYK,New York Knicks,0028000388,1980-12-19,NYK @ WAS,W,0,9,,,0.0,,,4,5,0.8,,,,,,,,,22,,0
2105,21980,77071,Phil Hubbard,DET,Detroit Pistons,0028000384,1980-12-18,DET @ MIL,L,0,9,,,0.0,,,4,8,0.5,,,,,,,,,22,,0
2106,21980,76296,Quinn Buckner,MIL,Milwaukee Bucks,0028000384,1980-12-18,MIL vs. DET,W,0,8,,,0.0,,,6,6,1.0,,,,,,,,,22,,0
2107,21980,77633,Johnny Moore,SAN,San Antonio Spurs,0028000377,1980-12-17,SAN @ HOU,W,0,10,,,0.0,,,2,2,1.0,,,,,,,,,22,,0
2108,21980,76353,Joe Barry Carroll,GOS,Golden State Warriors,0028000375,1980-12-17,GOS vs. POR,L,0,7,,,0.0,,,8,10,0.8,,,,,,,,,22,,0
2109,21980,78025,Dan Roundfield,ATL,Atlanta Hawks,0028000373,1980-12-16,ATL vs. NJN,W,0,10,,,0.0,,,2,2,1.0,,,,,,,,,22,,0
2110,21980,78047,Campy Russell,NYK,New York Knicks,0028000372,1980-12-16,NYK vs. UTH,W,0,9,,,0.0,,,4,4,1.0,,,,,,,,,22,,0
2111,21980,76362,Bill Cartwright,NYK,New York Knicks,0028000372,1980-12-16,NYK vs. UTH,W,0,8,,,0.0,,,6,10,0.6,,,,,,,,,22,,0
2112,21980,77689,Swen Nater,SDC,San Diego Clippers,0028000369,1980-12-16,SDC vs. LAL,W,0,11,,,0.0,,,0,0,,,,,,,,,,22,,0
2113,21980,76887,Kevin Grevey,WAS,Washington Bullets,0028000367,1980-12-16,WAS vs. CHI,L,0,11,,,0.0,,,0,0,,,,,,,,,,22,,0
2114,21980,78139,Purvis Short,GOS,Golden State Warriors,0028000366,1980-12-14,GOS @ LAL,L,0,8,,,0.0,,,6,6,1.0,,,,,,,,,22,,0
2115,21980,77710,Mike Newlin,NJN,New Jersey Nets,0028000364,1980-12-14,NJN vs. PHL,L,0,6,,,0.0,,,10,10,1.0,,,,,,,,,22,,0
2116,21980,76887,Kevin Grevey,WAS,Washington Bullets,0028000359,1980-12-13,WAS vs. IND,W,0,8,,,3.0,,,3,3,1.0,,,,,,,,,22,,0
2117,21980,78392,Wes Unseld,WAS,Washington Bullets,0028000359,1980-12-13,WAS vs. IND,W,0,10,,,0.0,,,2,3,0.667,,,,,,,,,22,,0
2118,21980,77328,Tom LaGarde,DAL,Dallas Mavericks,0028000358,1980-12-13,DAL @ KCK,L,0,8,,,0.0,,,6,9,0.667,,,,,,,,,22,,0
2119,21980,77071,Phil Hubbard,DET,Detroit Pistons,0028000356,1980-12-13,DET @ NYK,L,0,8,,,0.0,,,6,9,0.667,,,,,,,,,22,,0
2120,21980,76881,David Greenwood,CHI,Chicago Bulls,0028000354,1980-12-13,CHI vs. BOS,L,0,9,,,0.0,,,4,5,0.8,,,,,,,,,22,,0
2121,21980,78222,Jim Spanarkel,DAL,Dallas Mavericks,0028000353,1980-12-12,DAL vs. SDC,W,0,9,,,0.0,,,4,4,1.0,,,,,,,,,22,,0
2122,21980,78614,Mike Woodson,NYK,New York Knicks,0028000346,1980-12-11,NYK @ MIL,L,0,11,,,0.0,,,0,0,,,,,,,,,,22,,0
2123,21980,77160,Marques Johnson,MIL,Milwaukee Bucks,0028000346,1980-12-11,MIL vs. NYK,W,0,10,,,0.0,,,2,5,0.4,,,,,,,,,22,,0
2124,21980,76296,Quinn Buckner,MIL,Milwaukee Bucks,0028000346,1980-12-11,MIL vs. NYK,W,0,9,,,0.0,,,4,5,0.8,,,,,,,,,22,,0
2125,21980,77290,Billy Knight,IND,Indiana Pacers,0028000344,1980-12-11,IND @ CLE,W,0,9,,,0.0,,,4,4,1.0,,,,,,,,,22,,0
2126,21980,77936,Robert Reid,HOU,Houston Rockets,0028000340,1980-12-10,HOU vs. LAL,L,0,10,,,0.0,,,2,2,1.0,,,,,,,,,22,,0
2127,21980,77721,Norm Nixon,LAL,Los Angeles Lakers,0028000340,1980-12-10,LAL @ HOU,W,0,9,,,0.0,,,4,4,1.0,,,,,,,,,22,,0
2128,21980,76003,Kareem Abdul-Jabbar,LAL,Los Angeles Lakers,0028000340,1980-12-10,LAL @ HOU,W,0,9,,,0.0,,,4,4,1.0,,,,,,,,,22,,0
2129,21980,77010,Keith Herron,DET,Detroit Pistons,0028000339,1980-12-10,DET vs. ATL,L,0,10,,,0.0,,,2,2,1.0,,,,,,,,,22,,0
2130,21980,78482,Scott Wedman,KCK,Kansas City Kings,0028000337,1980-12-10,KCK vs. SDC,W,0,11,,,0.0,,,0,1,0.0,,,,,,,,,22,,0
2131,21980,77710,Mike Newlin,NJN,New Jersey Nets,0028000324,1980-12-07,NJN @ SDC,L,0,7,,,0.0,,,8,8,1.0,,,,,,,,,22,,0
2132,21980,1449,Larry Bird,BOS,Boston Celtics,0028000323,1980-12-07,BOS vs. WAS,L,0,11,,,0.0,,,0,0,,,,,,,,,,22,,0
2133,21980,77264,Bernard King,GOS,Golden State Warriors,0028000311,1980-12-05,GOS @ DEN,W,0,10,,,0.0,,,2,4,0.5,,,,,,,,,22,,0
2134,21980,76526,Johnny Davis,IND,Indiana Pacers,0028000301,1980-12-03,IND vs. WAS,W,0,9,,,1.0,,,3,4,0.75,,,,,,,,,22,,0
2135,21980,76350,Kenny Carr,CLE,Cleveland Cavaliers,0028000302,1980-12-03,CLE @ HOU,L,0,8,,,0.0,,,6,9,0.667,,,,,,,,,22,,0
2136,21980,76091,Greg Ballard,WAS,Washington Bullets,0028000301,1980-12-03,WAS @ IND,L,0,11,,,0.0,,,0,2,0.0,,,,,,,,,22,,0
2137,21980,1449,Larry Bird,BOS,Boston Celtics,0028000300,1980-12-03,BOS vs. ATL,W,0,9,,,0.0,,,4,4,1.0,,,,,,,,,22,,0
2138,21980,77710,Mike Newlin,NJN,New Jersey Nets,0028000298,1980-12-03,NJN @ GOS,L,0,7,,,0.0,,,8,12,0.667,,,,,,,,,22,,0
2139,21980,78571,Ray Williams,NYK,New York Knicks,0028000291,1980-12-02,NYK vs. IND,L,0,10,,,1.0,,,1,1,1.0,,,,,,,,,22,,0
2140,21980,1453,Walter Davis,PHX,Phoenix Suns,0028000294,1980-12-02,PHX @ SAN,W,0,10,,,0.0,,,2,2,1.0,,,,,,,,,22,,0
2141,21980,76441,Wayne Cooper,UTH,Utah Jazz,0028000289,1980-12-02,UTH @ MIL,L,0,10,,,0.0,,,2,2,1.0,,,,,,,,6.0,22,,0
2142,21980,77618,Steve Mix,PHL,Philadelphia 76ers,0028000288,1980-12-02,PHL @ ATL,L,0,7,,,0.0,,,8,8,1.0,,,,,,,,,22,,0
2143,21980,77615,Mike Mitchell,CLE,Cleveland Cavaliers,0028000287,1980-12-02,CLE @ DAL,W,0,9,,,0.0,,,4,6,0.667,,,,,,,,,22,,0
2144,21980,76673,Alex English,DEN,Denver Nuggets,0028000286,1980-12-02,DEN vs. CHI,L,0,6,,,0.0,,,10,13,0.769,,,,,,,,,22,,0
2145,21980,77936,Robert Reid,HOU,Houston Rockets,0028000285,1980-11-30,HOU @ PHX,L,0,10,,,0.0,,,2,2,1.0,,,,,,,,,22,,0
2146,21980,78571,Ray Williams,NYK,New York Knicks,0028000274,1980-11-29,NYK vs. POR,W,0,9,,,0.0,,,4,6,0.667,,,,,,,,6.0,22,,0
2147,21980,77328,Tom LaGarde,DAL,Dallas Mavericks,0028000267,1980-11-28,DAL vs. DEN,L,0,8,,,0.0,,,6,7,0.857,,,,,,,,,22,,0
2148,21980,76418,Don Collins,ATL,Atlanta Hawks,0028000265,1980-11-28,ATL @ MIL,L,0,8,,,0.0,,,6,6,1.0,,,,,,,,,22,,0
2149,21980,229,James Edwards,IND,Indiana Pacers,0028000260,1980-11-27,IND @ WAS,L,0,10,,,0.0,,,2,4,0.5,,,,,,,,,22,,0
2150,21980,76890,Darrell Griffith,UTH,Utah Jazz,0028000257,1980-11-26,UTH @ DET,W,0,11,,,0.0,,,0,0,,,,,,,,,,22,,0
2151,21980,76616,Mike Dunleavy,HOU,Houston Rockets,0028000256,1980-11-26,HOU vs. PHL,L,0,9,,,0.0,,,4,4,1.0,,,,,,,,,22,,0
2152,21980,78149,Jack Sikma,SEA,Seattle SuperSonics,0028000245,1980-11-23,SEA @ SDC,L,0,9,,,0.0,,,4,6,0.667,,,,,,,,,22,,0
2153,21980,77952,Micheal Ray Richardson,NYK,New York Knicks,0028000240,1980-11-22,NYK vs. GOS,L,0,8,,,0.0,,,6,6,1.0,,,,,,,,6.0,22,,0
2154,21980,77290,Billy Knight,IND,Indiana Pacers,0028000237,1980-11-22,IND vs. HOU,W,0,10,,,0.0,,,2,3,0.667,,,,,,,,,22,,0
2155,21980,76350,Kenny Carr,CLE,Cleveland Cavaliers,0028000236,1980-11-22,CLE vs. BOS,W,0,8,,,0.0,,,6,6,1.0,,,,,,,,,22,,0
2156,21980,76085,James Bailey,SEA,Seattle SuperSonics,0028000233,1980-11-21,SEA @ DAL,W,0,8,,,0.0,,,6,6,1.0,,,,,,,,,22,,0
2157,21980,77168,Mickey Johnson,MIL,Milwaukee Bucks,0028000226,1980-11-20,MIL @ POR,W,0,8,,,0.0,,,6,6,1.0,,,,,,,,,22,,0
2158,21980,76979,Elvin Hayes,WAS,Washington Bullets,0028000219,1980-11-18,WAS vs. GOS,L,0,10,,,0.0,,,2,3,0.667,,,,,,,,,22,,0
2159,21980,305,Robert Parish,BOS,Boston Celtics,0028000217,1980-11-18,BOS @ CHI,W,0,10,,,0.0,,,2,3,0.667,,,,,,,,6.0,22,,0
2160,21980,76786,Calvin Garrett,HOU,Houston Rockets,0028000211,1980-11-18,HOU vs. SEA,W,0,9,,,0.0,,,4,7,0.571,,,,,,,,,22,,0
2161,21980,1449,Larry Bird,BOS,Boston Celtics,0028000190,1980-11-14,BOS vs. NJN,W,0,8,,,1.0,,,5,6,0.833,,,,,,,,,22,,0
2162,21980,77168,Mickey Johnson,MIL,Milwaukee Bucks,0028000197,1980-11-14,MIL vs. NYK,W,0,9,,,0.0,,,4,4,1.0,,,,,,,,,22,,0
2163,21980,77246,Larry Kenon,CHI,Chicago Bulls,0028000195,1980-11-14,CHI @ DET,L,0,8,,,0.0,,,6,8,0.75,,,,,,,,,22,,0
2164,21980,78532,Jamaal Wilkes,LAL,Los Angeles Lakers,0028000192,1980-11-14,LAL vs. SDC,W,0,9,,,0.0,,,4,5,0.8,,,,,,,,,22,,0
2165,21980,77163,Reggie Johnson,SAN,San Antonio Spurs,0028000187,1980-11-13,SAN @ SDC,W,0,7,,,0.0,,,8,11,0.727,,,,,,,,,22,,0
2166,21980,78482,Scott Wedman,KCK,Kansas City Kings,0028000185,1980-11-12,KCK @ GOS,L,0,8,,,0.0,,,6,11,0.545,,,,,,,,,22,,0
2167,21980,600005,Bob Lanier,MIL,Milwaukee Bucks,0028000180,1980-11-12,MIL @ DET,W,0,7,,,0.0,,,8,8,1.0,,,,,,,,,22,,0
2168,21980,78047,Campy Russell,NYK,New York Knicks,0028000179,1980-11-12,NYK @ PHL,W,0,8,,,0.0,,,6,8,0.75,,,,,,,,,22,,0
2169,21980,78571,Ray Williams,NYK,New York Knicks,0028000176,1980-11-11,NYK vs. DET,W,0,9,,,0.0,,,4,4,1.0,,,,,,,,,22,,0
2170,21980,78390,Terry Tyler,DET,Detroit Pistons,0028000176,1980-11-11,DET @ NYK,L,0,11,,,0.0,,,0,0,,,,,,,,,,22,,0
2171,21980,76887,Kevin Grevey,WAS,Washington Bullets,0028000175,1980-11-11,WAS vs. DEN,W,0,9,,,0.0,,,4,5,0.8,,,,,,,,,22,,0
2172,21980,78532,Jamaal Wilkes,LAL,Los Angeles Lakers,0028000174,1980-11-11,LAL @ ATL,W,0,8,,,0.0,,,6,6,1.0,,,,,,,,,22,,0
2173,21980,77449,Moses Malone,HOU,Houston Rockets,0028000170,1980-11-11,HOU @ DAL,W,0,7,,,0.0,,,8,9,0.889,,,,,,,,,22,,0
2174,21980,305,Robert Parish,BOS,Boston Celtics,0028000167,1980-11-09,BOS vs. CHI,W,0,8,,,0.0,,,6,7,0.857,,,,,,,,6.0,22,,0
2175,21980,78350,Rudy Tomjanovich,HOU,Houston Rockets,0028000166,1980-11-08,HOU vs. PHX,L,0,10,,,0.0,,,2,3,0.667,,,,,,,,,22,,0
2176,21980,229,James Edwards,IND,Indiana Pacers,0028000162,1980-11-08,IND @ GOS,L,0,9,,,0.0,,,4,9,0.444,,,,,,,,,22,,0
2177,21980,600014,Artis Gilmore,CHI,Chicago Bulls,0028000161,1980-11-08,CHI vs. DEN,L,0,8,,,0.0,,,6,6,1.0,,,,,,,,,22,,0
2178,21980,78570,Sly Williams,NYK,New York Knicks,0028000159,1980-11-08,NYK @ UTH,W,0,8,,,0.0,,,6,6,1.0,,,,,,,,,22,,0
2179,21980,78482,Scott Wedman,KCK,Kansas City Kings,0028000157,1980-11-07,KCK @ PHL,L,0,9,,,0.0,,,4,6,0.667,,,,,,,,,22,,0
2180,21980,76608,Terry Duerod,DAL,Dallas Mavericks,0028000148,1980-11-06,DAL @ WAS,L,0,11,,,0.0,,,0,0,,,,,,,,,,22,,0
2181,21980,1449,Larry Bird,BOS,Boston Celtics,0028000145,1980-11-05,BOS vs. ATL,W,0,9,,,1.0,,,3,4,0.75,,,,,,,,,22,,0
2182,21980,78571,Ray Williams,NYK,New York Knicks,0028000142,1980-11-05,NYK @ KCK,L,0,8,,,1.0,,,5,5,1.0,,,,,,,,,22,,0
2183,21980,76539,Darryl Dawkins,PHL,Philadelphia 76ers,0028000146,1980-11-05,PHL vs. DET,W,0,8,,,0.0,,,6,6,1.0,,,,,,,,,22,,0
2184,21980,76085,James Bailey,SEA,Seattle SuperSonics,0028000144,1980-11-05,SEA vs. DEN,L,0,10,,,0.0,,,2,4,0.5,,,,,,,,,22,,0
2185,21980,76979,Elvin Hayes,WAS,Washington Bullets,0028000134,1980-11-04,WAS vs. ATL,W,0,10,,,0.0,,,2,3,0.667,,,,,,,,,22,,0
2186,21980,76003,Kareem Abdul-Jabbar,LAL,Los Angeles Lakers,0028000131,1980-11-02,LAL vs. DEN,L,0,11,,,0.0,,,0,0,,,,,,,,,,22,,0
2187,21980,78482,Scott Wedman,KCK,Kansas City Kings,0028000129,1980-11-01,KCK vs. PHX,L,0,10,,,0.0,,,2,5,0.4,,,,,,,,,22,,0
2188,21980,77144,Eddie Johnson,ATL,Atlanta Hawks,0028000126,1980-11-01,ATL vs. MIL,L,0,10,,,0.0,,,2,3,0.667,,,,,,,,,22,,0
2189,21980,77152,John Johnson,SEA,Seattle SuperSonics,0028000124,1980-11-01,SEA @ DEN,L,0,11,,,0.0,,,0,0,,,,,,,,,,22,,0
2190,21980,77097,Dan Issel,DEN,Denver Nuggets,0028000124,1980-11-01,DEN vs. SEA,W,0,7,,,0.0,,,8,9,0.889,,,,,,,,,22,,0
2191,21980,78139,Purvis Short,GOS,Golden State Warriors,0028000122,1980-11-01,GOS vs. SAN,W,0,8,,,0.0,,,6,7,0.857,,,,,,,,,22,,0
2192,21980,77944,Kevin Restani,SAN,San Antonio Spurs,0028000122,1980-11-01,SAN @ GOS,L,0,9,,,0.0,,,4,5,0.8,,,,,,,,,22,,0
2193,21980,77264,Bernard King,GOS,Golden State Warriors,0028000122,1980-11-01,GOS vs. SAN,W,0,10,,,0.0,,,2,3,0.667,,,,,,,,,22,,0
2194,21980,78139,Purvis Short,GOS,Golden State Warriors,0028000118,1980-10-31,GOS @ SDC,L,0,9,,,0.0,,,4,4,1.0,,,,,,,,,22,,0
2195,21980,77264,Bernard King,GOS,Golden State Warriors,0028000118,1980-10-31,GOS @ SDC,L,0,10,,,0.0,,,2,2,1.0,,,,,,,,,22,,0
2196,21980,77142,Magic Johnson,LAL,Los Angeles Lakers,0028000117,1980-10-31,LAL vs. CLE,W,0,9,,,0.0,,,4,4,1.0,,,,,,,,,22,,0
2197,21980,78482,Scott Wedman,KCK,Kansas City Kings,0028000114,1980-10-31,KCK @ BOS,L,0,10,,,0.0,,,2,2,1.0,,,,,,,,,22,,0
2198,21980,1449,Larry Bird,BOS,Boston Celtics,0028000114,1980-10-31,BOS vs. KCK,W,0,9,,,0.0,,,4,4,1.0,,,,,,,,,22,,0
2199,21980,77290,Billy Knight,IND,Indiana Pacers,0028000112,1980-10-31,IND @ CHI,W,0,9,,,0.0,,,4,4,1.0,,,,,,,,,22,,0
2200,21980,77419,John Lucas,GOS,Golden State Warriors,0028000103,1980-10-29,GOS vs. DEN,W,0,8,,,1.0,,,5,7,0.714,,,,,,,,,22,,0
2201,21980,77710,Mike Newlin,NJN,New Jersey Nets,0028000108,1980-10-29,NJN vs. MIL,L,0,9,,,0.0,,,4,5,0.8,,,,,,,,,22,,0
2202,21980,78195,Larry Smith,GOS,Golden State Warriors,0028000103,1980-10-29,GOS vs. DEN,W,0,7,,,0.0,,,8,9,0.889,,,,,,,,,22,,0
2203,21980,76753,World Free,GOS,Golden State Warriors,0028000103,1980-10-29,GOS vs. DEN,W,0,7,,,0.0,,,8,14,0.571,,,,,,,,,22,,0
2204,21980,77152,John Johnson,SEA,Seattle SuperSonics,0028000101,1980-10-28,SEA vs. GOS,W,0,9,,,0.0,,,4,4,1.0,,,,,,,,,22,,0
2205,21980,77193,Bobby Jones,PHL,Philadelphia 76ers,0028000097,1980-10-28,PHL @ CLE,W,0,8,,,0.0,,,6,8,0.75,,,,,,,,,22,,0
2206,21980,78047,Campy Russell,NYK,New York Knicks,0028000090,1980-10-25,NYK vs. NJN,W,0,9,,,0.0,,,4,4,1.0,,,,,,,,,22,,0
2207,21980,76598,John Drew,ATL,Atlanta Hawks,0028000082,1980-10-25,ATL vs. PHL,L,0,8,,,0.0,,,6,6,1.0,,,,,,,,,22,,0
2208,21980,78149,Jack Sikma,SEA,Seattle SuperSonics,0028000081,1980-10-25,SEA vs. PHX,L,0,8,,,0.0,,,6,6,1.0,,,,,,,,,22,,0
2209,21980,78548,Freeman Williams,SDC,San Diego Clippers,0028000077,1980-10-24,SDC vs. UTH,W,0,10,,,0.0,,,2,2,1.0,,,,,,,,,22,,0
2210,21980,78331,Mychal Thompson,POR,Portland Trail Blazers,0028000076,1980-10-24,POR vs. DAL,W,0,10,,,0.0,,,2,6,0.333,,,,,,,,,22,,0
2211,21980,76225,Winford Boynes,DAL,Dallas Mavericks,0028000070,1980-10-22,DAL @ SEA,W,0,8,,,0.0,,,6,6,1.0,,,,,,,,,22,,0
2212,21980,77936,Robert Reid,HOU,Houston Rockets,0028000063,1980-10-21,HOU @ DEN,W,0,10,,,0.0,,,2,3,0.667,,,,,,,,,22,,0
2213,21980,77689,Swen Nater,SDC,San Diego Clippers,0028000061,1980-10-21,SDC @ SAN,L,0,9,,,0.0,,,4,4,1.0,,,,,,,,,22,,0
2214,21980,77532,George McGinnis,IND,Indiana Pacers,0028000060,1980-10-21,IND @ ATL,W,0,6,,,0.0,,,10,14,0.714,,,,,,,,,22,,0
2215,21980,78600,Brian Winters,MIL,Milwaukee Bucks,0028000054,1980-10-19,MIL vs. NJN,W,0,11,,,0.0,,,0,0,,,,,,,,,,22,,0
2216,21980,77710,Mike Newlin,NJN,New Jersey Nets,0028000051,1980-10-18,NJN @ CHI,W,0,10,,,0.0,,,2,2,1.0,,,,,,,,,22,,0
2217,21980,76890,Darrell Griffith,UTH,Utah Jazz,0028000045,1980-10-18,UTH vs. DEN,W,0,9,,,0.0,,,4,6,0.667,,,,,,,,,22,,0
2218,21980,76526,Johnny Davis,IND,Indiana Pacers,0028000034,1980-10-15,IND vs. CHI,L,0,8,,,1.0,,,5,7,0.714,,,,,,,,,22,,0
2219,21980,77246,Larry Kenon,CHI,Chicago Bulls,0028000034,1980-10-15,CHI @ IND,W,0,10,,,0.0,,,2,3,0.667,,,,,,,,,22,,0
2220,21980,77334,Mark Landsberger,LAL,Los Angeles Lakers,0028000032,1980-10-15,LAL @ KCK,W,0,10,,,0.0,,,2,3,0.667,,,,,,,,,22,,0
2221,21980,77239,Greg Kelser,DET,Detroit Pistons,0028000023,1980-10-14,DET @ CLE,L,0,9,,,0.0,,,4,8,0.5,,,,,,,,,22,,0
2222,21980,76362,Bill Cartwright,NYK,New York Knicks,0028000027,1980-10-14,NYK vs. PHL,W,0,8,,,0.0,,,6,8,0.75,,,,,,,,,22,,0
2223,21980,77721,Norm Nixon,LAL,Los Angeles Lakers,0028000019,1980-10-12,LAL vs. HOU,W,0,8,,,0.0,,,6,8,0.75,,,,,,,,,22,,0
2224,21980,76673,Alex English,DEN,Denver Nuggets,0028000018,1980-10-12,DEN vs. UTH,L,0,9,,,0.0,,,4,4,1.0,,,,,,,,,22,,0
2225,21980,77952,Micheal Ray Richardson,NYK,New York Knicks,0028000016,1980-10-11,NYK vs. MIL,W,0,7,,,0.0,,,8,11,0.727,,,,,,,,,22,,0
2226,21980,229,James Edwards,IND,Indiana Pacers,0028000009,1980-10-10,IND @ NJN,W,0,9,,,0.0,,,4,8,0.5,,,,,,,,6.0,22,,0
2227,21980,78532,Jamaal Wilkes,LAL,Los Angeles Lakers,0028000006,1980-10-10,LAL @ SEA,W,0,10,,,0.0,,,2,2,1.0,,,,,,,,,22,,0
2228,21980,76681,Julius Erving,PHL,Philadelphia 76ers,0028000003,1980-10-10,PHL vs. MIL,L,0,10,,,0.0,,,2,2,1.0,,,,,,,,,22,,0
2229,21980,77449,Moses Malone,HOU,Houston Rockets,0028000935,1981-03-29,HOU @ SAN,L,0,6,,,0.0,,,9,15,0.6,,,,,,,,,21,,0
2230,21980,76392,Jim Chones,LAL,Los Angeles Lakers,0028000933,1981-03-29,LAL vs. DEN,L,0,10,,,0.0,,,1,1,1.0,,,,,,,,,21,,0
2231,21980,76516,Brad Davis,DAL,Dallas Mavericks,0028000938,1981-03-29,DAL @ KCK,L,0,7,,,1.0,,,6,8,0.75,,,,,,,,,21,,0
2232,21980,76753,World Free,GOS,Golden State Warriors,0028000932,1981-03-28,GOS vs. DEN,L,0,5,,,0.0,,,11,12,0.917,,,,,,,,,21,,0
2233,21980,76003,Kareem Abdul-Jabbar,LAL,Los Angeles Lakers,0028000930,1981-03-28,LAL @ UTH,L,0,9,,,0.0,,,3,7,0.429,,,,,,,,6.0,21,,0
2234,21980,76418,Don Collins,WAS,Washington Bullets,0028000929,1981-03-28,WAS vs. DET,W,0,10,,,0.0,,,1,1,1.0,,,,,,,,,21,,0
2235,21980,76516,Brad Davis,DAL,Dallas Mavericks,0028000926,1981-03-27,DAL vs. POR,L,0,9,,,0.0,,,3,3,1.0,,,,,,,,,21,,0
2236,21980,76681,Julius Erving,PHL,Philadelphia 76ers,0028000925,1981-03-27,PHL @ CLE,W,0,8,,,0.0,,,5,5,1.0,,,,,,,,,21,,0
2237,21980,77449,Moses Malone,HOU,Houston Rockets,0028000923,1981-03-27,HOU vs. KCK,W,0,8,,,0.0,,,5,6,0.833,,,,,,,,,21,,0
2238,21980,76804,George Gervin,SAN,San Antonio Spurs,0028000920,1981-03-26,SAN @ UTH,W,0,9,,,0.0,,,3,7,0.429,,,,,,,,,21,,0
2239,21980,78468,Richard Washington,CLE,Cleveland Cavaliers,0028000918,1981-03-26,CLE @ MIL,L,0,9,,,0.0,,,3,4,0.75,,,,,,,,,21,,0
2240,21980,76944,Bill Hanzlik,SEA,Seattle SuperSonics,0028000911,1981-03-25,SEA vs. POR,L,0,8,,,0.0,,,5,6,0.833,,,,,,,,,21,,0
2241,21980,77097,Dan Issel,DEN,Denver Nuggets,0028000909,1981-03-24,DEN @ SAN,W,0,8,,,0.0,,,5,7,0.714,,,,,,,,,21,,0
2242,21980,77553,Tom McMillen,ATL,Atlanta Hawks,0028000908,1981-03-24,ATL vs. DET,W,0,10,,,0.0,,,1,2,0.5,,,,,,,,,21,,0
2243,21980,78199,Phil Smith,SDC,San Diego Clippers,0028000904,1981-03-24,SDC vs. SEA,W,0,9,,,0.0,,,3,7,0.429,,,,,,,,,21,,0
2244,21980,78149,Jack Sikma,SEA,Seattle SuperSonics,0028000904,1981-03-24,SEA @ SDC,L,0,7,,,0.0,,,7,7,1.0,,,,,,,,,21,,0
2245,21980,77615,Mike Mitchell,CLE,Cleveland Cavaliers,0028000905,1981-03-24,CLE @ CHI,L,0,7,,,1.0,,,6,6,1.0,,,,,,,,,21,,0
2246,21980,76890,Darrell Griffith,UTH,Utah Jazz,0028000893,1981-03-22,UTH @ DEN,L,0,8,,,0.0,,,5,5,1.0,,,,,,,,,21,,0
2247,21980,77142,Magic Johnson,LAL,Los Angeles Lakers,0028000889,1981-03-21,LAL @ POR,W,0,9,,,0.0,,,3,5,0.6,,,,,,,,,21,,0
2248,21980,77993,Truck Robinson,PHX,Phoenix Suns,0028000888,1981-03-21,PHX @ GOS,L,0,9,,,0.0,,,3,7,0.429,,,,,,,,,21,,0
2249,21980,76353,Joe Barry Carroll,GOS,Golden State Warriors,0028000888,1981-03-21,GOS vs. PHX,W,0,8,,,0.0,,,5,7,0.714,,,,,,,,,21,,0
2250,21980,76520,Monti Davis,DAL,Dallas Mavericks,0028000877,1981-03-20,DAL vs. DEN,W,0,8,,,,,,5,5,1.0,,,,,,,,,21,,0
2251,21980,77936,Robert Reid,HOU,Houston Rockets,0028000881,1981-03-20,HOU @ POR,L,0,9,,,0.0,,,3,4,0.75,,,,,,,,,21,,0
2252,21980,77819,Jim Paxson,POR,Portland Trail Blazers,0028000881,1981-03-20,POR vs. HOU,W,0,10,,,0.0,,,1,3,0.333,,,,,,,,,21,,0
2253,21980,76121,Billyray Bates,POR,Portland Trail Blazers,0028000881,1981-03-20,POR vs. HOU,W,0,8,,,0.0,,,5,6,0.833,,,,,,,,,21,,0
2254,21980,78150,James Silas,SAN,San Antonio Spurs,0028000880,1981-03-20,SAN @ KCK,W,0,8,,,0.0,,,5,5,1.0,,,,,,,,,21,,0
2255,21980,77547,Billy McKinney,DEN,Denver Nuggets,0028000877,1981-03-20,DEN @ DAL,L,0,9,,,0.0,,,3,3,1.0,,,,,,,,,21,,0
2256,21980,77097,Dan Issel,DEN,Denver Nuggets,0028000877,1981-03-20,DEN @ DAL,L,0,9,,,0.0,,,3,6,0.5,,,,,,,,,21,,0
2257,21980,600005,Bob Lanier,MIL,Milwaukee Bucks,0028000868,1981-03-18,MIL vs. NYK,L,0,10,,,0.0,,,1,1,1.0,,,,,,,,,21,,0
2258,21980,78150,James Silas,SAN,San Antonio Spurs,0028000862,1981-03-17,SAN vs. UTH,W,0,5,,,0.0,,,11,12,0.917,,,,,,,,,21,,0
2259,21980,76673,Alex English,DEN,Denver Nuggets,0028000861,1981-03-17,DEN vs. SEA,W,0,6,,,0.0,,,9,10,0.9,,,,,,,,,21,,0
2260,21980,76085,James Bailey,SEA,Seattle SuperSonics,0028000861,1981-03-17,SEA @ DEN,L,0,10,,,0.0,,,1,2,0.5,,,,,,,,,21,,0
2261,21980,77754,Mike O'Koren,NJN,New Jersey Nets,0028000857,1981-03-17,NJN vs. PHL,W,0,10,,,1.0,,,0,0,,,,,,,,,,21,,0
2262,21980,76979,Elvin Hayes,WAS,Washington Bullets,0028000853,1981-03-15,WAS vs. CLE,L,0,9,,,0.0,,,3,9,0.333,,,,,,,,,21,,0
2263,21980,76887,Kevin Grevey,WAS,Washington Bullets,0028000853,1981-03-15,WAS vs. CLE,L,0,8,,,0.0,,,5,5,1.0,,,,,,,,,21,,0
2264,21980,77998,Dave Robisch,DEN,Denver Nuggets,0028000852,1981-03-15,DEN vs. HOU,W,0,6,,,0.0,,,9,10,0.9,,,,,,,,,21,,0
2265,21980,77097,Dan Issel,DEN,Denver Nuggets,0028000852,1981-03-15,DEN vs. HOU,W,0,9,,,0.0,,,3,4,0.75,,,,,,,,,21,,0
2266,21980,77754,Mike O'Koren,NJN,New Jersey Nets,0028000850,1981-03-15,NJN @ BOS,L,0,9,,,0.0,,,3,4,0.75,,,,,,,,6.0,21,,0
2267,21980,77487,Cedric Maxwell,BOS,Boston Celtics,0028000850,1981-03-15,BOS vs. NJN,W,0,5,,,0.0,,,11,13,0.846,,,,,,,,,21,,0
2268,21980,76351,M.L. Carr,BOS,Boston Celtics,0028000850,1981-03-15,BOS vs. NJN,W,0,10,,,0.0,,,1,2,0.5,,,,,,,,,21,,0
2269,21980,1449,Larry Bird,BOS,Boston Celtics,0028000850,1981-03-15,BOS vs. NJN,W,0,7,,,0.0,,,7,7,1.0,,,,,,,,,21,,0
2270,21980,77264,Bernard King,GOS,Golden State Warriors,0028000848,1981-03-15,GOS vs. SAN,L,0,9,,,0.0,,,3,5,0.6,,,,,,,,,21,,0
2271,21980,77290,Billy Knight,IND,Indiana Pacers,0028000847,1981-03-14,IND vs. DET,L,0,7,,,0.0,,,7,9,0.778,,,,,,,,,21,,0
2272,21980,77071,Phil Hubbard,DET,Detroit Pistons,0028000847,1981-03-14,DET @ IND,W,0,8,,,0.0,,,5,6,0.833,,,,,,,,,21,,0
2273,21980,77756,Mark Olberding,SAN,San Antonio Spurs,0028000846,1981-03-14,SAN @ SDC,L,0,9,,,0.0,,,3,3,1.0,,,,,,,,,21,,0
2274,21980,77669,Calvin Murphy,HOU,Houston Rockets,0028000844,1981-03-14,HOU vs. UTH,W,0,9,,,0.0,,,3,3,1.0,,,,,,,,,21,,0
2275,21980,76085,James Bailey,SEA,Seattle SuperSonics,0028000843,1981-03-13,SEA @ DET,W,0,7,,,0.0,,,7,10,0.7,,,,,,,,,21,,0
2276,21980,77142,Magic Johnson,LAL,Los Angeles Lakers,0028000840,1981-03-13,LAL vs. KCK,W,0,8,,,0.0,,,5,7,0.714,,,,,,,,,21,,0
2277,21980,77144,Eddie Johnson,ATL,Atlanta Hawks,0028000839,1981-03-13,ATL vs. DEN,W,0,8,,,0.0,,,5,8,0.625,,,,,,,,,21,,0
2278,21980,77097,Dan Issel,DEN,Denver Nuggets,0028000839,1981-03-13,DEN @ ATL,L,0,5,,,0.0,,,11,12,0.917,,,,,,,,,21,,0
2279,21980,78310,Reggie Theus,CHI,Chicago Bulls,0028000837,1981-03-13,CHI @ NYK,L,0,6,,,2.0,,,7,10,0.7,,,,,,,,,21,,0
2280,21980,76091,Greg Ballard,WAS,Washington Bullets,0028000834,1981-03-12,WAS vs. IND,L,0,9,,,1.0,,,2,3,0.667,,,,,,,,,21,,0
2281,21980,76435,Darwin Cook,NJN,New Jersey Nets,0028000830,1981-03-11,NJN vs. WAS,W,0,10,,,0.0,,,1,3,0.333,,,,,,,,6.0,21,,0
2282,21980,76362,Bill Cartwright,NYK,New York Knicks,0028000827,1981-03-11,NYK @ PHL,L,0,8,,,0.0,,,5,6,0.833,,,,,,,,,21,,0
2283,21980,78351,Andrew Toney,PHL,Philadelphia 76ers,0028000825,1981-03-10,PHL @ IND,W,0,9,,,0.0,,,3,3,1.0,,,,,,,,,21,,0
2284,21980,77142,Magic Johnson,LAL,Los Angeles Lakers,0028000820,1981-03-10,LAL vs. SAN,W,0,9,,,0.0,,,3,3,1.0,,,,,,,,,21,,0
2285,21980,78200,Randy Smith,CLE,Cleveland Cavaliers,0028000819,1981-03-09,CLE @ MIL,L,0,9,,,0.0,,,3,3,1.0,,,,,,,,,21,,0
2286,21980,77848,Roger Phegley,CLE,Cleveland Cavaliers,0028000819,1981-03-09,CLE @ MIL,L,0,10,,,0.0,,,1,2,0.5,,,,,,,,,21,,0
2287,21980,77911,Kelvin Ransey,POR,Portland Trail Blazers,0028000812,1981-03-08,POR vs. GOS,W,0,7,,,0.0,,,7,9,0.778,,,,,,,,,21,,0
2288,21980,77419,John Lucas,GOS,Golden State Warriors,0028000812,1981-03-08,GOS @ POR,L,0,7,,,0.0,,,7,7,1.0,,,,,,,,,21,,0
2289,21980,76673,Alex English,DEN,Denver Nuggets,0028000810,1981-03-07,DEN @ DET,W,0,6,,,0.0,,,9,13,0.692,,,,,,,,,21,,0
2290,21980,76890,Darrell Griffith,UTH,Utah Jazz,0028000808,1981-03-07,UTH vs. SDC,W,0,9,,,0.0,,,3,5,0.6,,,,,,,,,21,,0
2291,21980,77689,Swen Nater,SDC,San Diego Clippers,0028000805,1981-03-06,SDC vs. CLE,W,0,8,,,0.0,,,5,8,0.625,,,,,,,,,21,,0
2292,21980,76362,Bill Cartwright,NYK,New York Knicks,0028000799,1981-03-06,NYK vs. MIL,L,0,5,,,0.0,,,11,12,0.917,,,,,,,,,21,,0
2293,21980,78331,Mychal Thompson,POR,Portland Trail Blazers,0028000796,1981-03-05,POR @ KCK,L,0,7,,,0.0,,,7,7,1.0,,,,,,,,,21,,0
2294,21980,77142,Magic Johnson,LAL,Los Angeles Lakers,0028000786,1981-03-04,LAL @ DEN,L,0,7,,,0.0,,,7,8,0.875,,,,,,,,,21,,0
2295,21980,76504,Adrian Dantley,UTH,Utah Jazz,0028000780,1981-03-03,UTH vs. WAS,L,0,9,,,0.0,,,3,9,0.333,,,12.0,,,,,,21,,0
2296,21980,600014,Artis Gilmore,CHI,Chicago Bulls,0028000785,1981-03-03,CHI vs. NJN,W,0,8,,,0.0,,,5,8,0.625,,,,,,,,,21,,0
2297,21980,78533,James Wilkes,CHI,Chicago Bulls,0028000785,1981-03-03,CHI vs. NJN,W,0,10,,,0.0,,,1,1,1.0,,,,,,,,,21,,0
2298,21980,77770,Louis Orr,IND,Indiana Pacers,0028000779,1981-03-03,IND @ POR,L,0,9,,,0.0,,,3,4,0.75,,,,,,,,,21,,0
2299,21980,78482,Scott Wedman,KCK,Kansas City Kings,0028000784,1981-03-03,KCK vs. LAL,L,0,8,,,1.0,,,4,4,1.0,,,,,,,,,21,,0
2300,21980,77710,Mike Newlin,NJN,New Jersey Nets,0028000777,1981-03-01,NJN vs. DET,L,0,6,,,0.0,,,9,9,1.0,,,,,,,,,21,,0
2301,21980,77160,Marques Johnson,MIL,Milwaukee Bucks,0028000774,1981-03-01,MIL vs. WAS,W,0,8,,,0.0,,,5,6,0.833,,,,,,,,,21,,0
2302,21980,76091,Greg Ballard,WAS,Washington Bullets,0028000774,1981-03-01,WAS @ MIL,L,0,8,,,0.0,,,5,7,0.714,,,,,,,,,21,,0
2303,21980,78222,Jim Spanarkel,DAL,Dallas Mavericks,0028000772,1981-03-01,DAL vs. SDC,W,0,6,,,0.0,,,9,10,0.9,,,,,,,,,21,,0
2304,21980,76085,James Bailey,SEA,Seattle SuperSonics,0028000771,1981-03-01,SEA @ ATL,L,0,9,,,0.0,,,3,3,1.0,,,,,,,,,21,,0
2305,21980,76353,Joe Barry Carroll,GOS,Golden State Warriors,0028000768,1981-02-28,GOS @ KCK,W,0,9,,,0.0,,,3,4,0.75,,,,,,,,,21,,0
2306,21980,77984,Rick Robey,BOS,Boston Celtics,0028000766,1981-02-27,BOS @ ATL,W,0,9,,,0.0,,,3,5,0.6,,,,,,,,,21,,0
2307,21980,76890,Darrell Griffith,UTH,Utah Jazz,0028000762,1981-02-27,UTH vs. PHL,L,0,10,,,0.0,,,1,6,0.167,,,,,,,,,21,,0
2308,21980,76887,Kevin Grevey,WAS,Washington Bullets,0028000759,1981-02-27,WAS @ CHI,L,0,7,,,1.0,,,6,6,1.0,,,,,,,,,21,,0
2309,21980,1453,Walter Davis,PHX,Phoenix Suns,0028000760,1981-02-27,PHX @ POR,L,0,9,,,1.0,,,2,3,0.667,,,,,,,,,21,,0
2310,21980,77626,Sidney Moncrief,MIL,Milwaukee Bucks,0028000753,1981-02-25,MIL vs. LAL,W,0,7,,,0.0,,,7,7,1.0,,,,,,,,,21,,0
2311,21980,77819,Jim Paxson,POR,Portland Trail Blazers,0028000746,1981-02-24,POR vs. SDC,L,0,9,,,0.0,,,3,7,0.429,,,,,,,,,21,,0
2312,21980,77167,Vinnie Johnson,SEA,Seattle SuperSonics,0028000740,1981-02-22,SEA vs. HOU,L,0,8,,,0.0,,,5,6,0.833,,,,,,,,,21,,0
2313,21980,77273,Reggie King,KCK,Kansas City Kings,0028000736,1981-02-22,KCK @ GOS,L,0,9,,,0.0,,,3,5,0.6,,,,,,,,,21,,0
2314,21980,77328,Tom LaGarde,DAL,Dallas Mavericks,0028000733,1981-02-22,DAL @ NJN,W,0,8,,,0.0,,,5,7,0.714,,,,,,,,,21,,0
2315,21980,77449,Moses Malone,HOU,Houston Rockets,0028000740,1981-02-22,HOU @ SEA,W,0,9,,,1.0,,,2,5,0.4,,,,,,,,,21,,0
2316,21980,77848,Roger Phegley,CLE,Cleveland Cavaliers,0028000730,1981-02-21,CLE vs. ATL,L,0,6,,,0.0,,,9,13,0.692,,,,,,,,,21,,0
2317,21980,76822,Mike Glenn,NYK,New York Knicks,0028000721,1981-02-20,NYK vs. WAS,W,0,8,,,1.0,,,4,4,1.0,,,,,,,,,21,,0
2318,21980,76121,Billyray Bates,POR,Portland Trail Blazers,0028000727,1981-02-20,POR @ NJN,L,0,9,,,0.0,,,3,3,1.0,,,,,,,,,21,,0
2319,21980,78215,Ricky Sobers,CHI,Chicago Bulls,0028000724,1981-02-20,CHI @ UTH,W,0,6,,,0.0,,,9,9,1.0,,,,,,,,,21,,0
2320,21980,78482,Scott Wedman,KCK,Kansas City Kings,0028000728,1981-02-20,KCK vs. MIL,W,0,8,,,1.0,,,4,5,0.8,,,,,,,,,21,,0
2321,21980,77911,Kelvin Ransey,POR,Portland Trail Blazers,0028000718,1981-02-19,POR @ DET,W,0,9,,,1.0,,,2,3,0.667,,,,,,,,,21,,0
2322,21980,1453,Walter Davis,PHX,Phoenix Suns,0028000875,1981-02-19,PHX @ DEN,L,0,9,,,0.0,,,3,4,0.75,,,,,,,,,21,,0
2323,21980,78390,Terry Tyler,DET,Detroit Pistons,0028000715,1981-02-18,DET @ PHL,L,0,8,,,0.0,,,5,6,0.833,,,,,,,,,21,,0
2324,21980,76362,Bill Cartwright,NYK,New York Knicks,0028000713,1981-02-18,NYK @ SEA,W,0,10,,,0.0,,,1,2,0.5,,,,,,,,,21,,0
2325,21980,78571,Ray Williams,NYK,New York Knicks,0028000710,1981-02-17,NYK @ LAL,L,0,9,,,0.0,,,3,4,0.75,,,,,,,,,21,,0
2326,21980,78149,Jack Sikma,SEA,Seattle SuperSonics,0028000709,1981-02-17,SEA @ UTH,W,0,7,,,0.0,,,7,9,0.778,,,,,,,,,21,,0
2327,21980,78331,Mychal Thompson,POR,Portland Trail Blazers,0028000707,1981-02-17,POR @ WAS,W,0,8,,,0.0,,,5,7,0.714,,,,,,,,,21,,0
2328,21980,76887,Kevin Grevey,WAS,Washington Bullets,0028000707,1981-02-17,WAS vs. POR,L,0,6,,,0.0,,,9,12,0.75,,,,,,,,,21,,0
2329,21980,76350,Kenny Carr,CLE,Cleveland Cavaliers,0028000703,1981-02-17,CLE vs. DET,W,0,9,,,0.0,,,3,4,0.75,,,,,,,,,21,,0
2330,21980,76753,World Free,GOS,Golden State Warriors,0028000690,1981-02-14,GOS @ CLE,L,0,7,,,0.0,,,7,9,0.778,,,,,,,,,21,,0
2331,21980,76616,Mike Dunleavy,HOU,Houston Rockets,0028000689,1981-02-14,HOU vs. MIL,L,0,7,,,0.0,,,7,10,0.7,,,,,,,,,21,,0
2332,21980,77021,Kenny Higgs,DEN,Denver Nuggets,0028000688,1981-02-13,DEN vs. POR,W,0,8,,,0.0,,,5,7,0.714,,,,,,,,,21,,0
2333,21980,76681,Julius Erving,PHL,Philadelphia 76ers,0028000680,1981-02-13,PHL vs. WAS,L,0,9,,,0.0,,,3,4,0.75,,,,,,,,,21,,0
2334,21980,78215,Ricky Sobers,CHI,Chicago Bulls,0028000674,1981-02-11,CHI @ NJN,L,0,8,,,0.0,,,5,6,0.833,,,,,,,,,21,,0
2335,21980,77936,Robert Reid,HOU,Houston Rockets,0028000673,1981-02-11,HOU vs. SAN,W,0,10,,,0.0,,,1,3,0.333,,,,,,,,,21,,0
2336,21980,77449,Moses Malone,HOU,Houston Rockets,0028000673,1981-02-11,HOU vs. SAN,W,0,7,,,0.0,,,7,9,0.778,,,,,,,,,21,,0
2337,21980,77770,Louis Orr,IND,Indiana Pacers,0028000671,1981-02-11,IND vs. MIL,L,0,5,,,0.0,,,11,12,0.917,,,,,,,,,21,,0
2338,21980,77021,Kenny Higgs,DEN,Denver Nuggets,0028000666,1981-02-10,DEN vs. WAS,L,0,9,,,0.0,,,3,3,1.0,,,,,,,,,21,,0
2339,21980,77770,Louis Orr,IND,Indiana Pacers,0028000663,1981-02-08,IND @ DET,W,0,8,,,0.0,,,5,5,1.0,,,,,,,,,21,,0
2340,21980,229,James Edwards,IND,Indiana Pacers,0028000663,1981-02-08,IND @ DET,W,0,8,,,0.0,,,5,11,0.455,,,,,,,,,21,,0
2341,21980,77786,Tom Owens,POR,Portland Trail Blazers,0028000658,1981-02-08,POR vs. KCK,W,0,6,,,0.0,,,9,12,0.75,,,,,,,,6.0,21,,0
2342,21980,76242,Mike Bratz,CLE,Cleveland Cavaliers,0028000652,1981-02-07,CLE @ IND,L,0,8,,,1.0,,,4,4,1.0,,,,,,,,,21,,0
2343,21980,76890,Darrell Griffith,UTH,Utah Jazz,0028000647,1981-02-06,UTH vs. DEN,L,0,9,,,0.0,,,3,3,1.0,,,,,,,,,21,,0
2344,21980,76539,Darryl Dawkins,PHL,Philadelphia 76ers,0028000646,1981-02-06,PHL vs. SDC,W,0,8,,,0.0,,,5,5,1.0,,,,,,,,,21,,0
2345,21980,78532,Jamaal Wilkes,LAL,Los Angeles Lakers,0028000643,1981-02-06,LAL @ DET,W,0,9,,,0.0,,,3,10,0.3,,,,,,,,,21,,0
2346,21980,305,Robert Parish,BOS,Boston Celtics,0028000640,1981-02-06,BOS vs. IND,W,0,9,,,0.0,,,3,5,0.6,,,,,,,,,21,,0
2347,21980,77273,Reggie King,KCK,Kansas City Kings,0028000638,1981-02-06,KCK @ SEA,W,0,7,,,0.0,,,7,10,0.7,,,,,,,,,21,,0
2348,21980,77626,Sidney Moncrief,MIL,Milwaukee Bucks,0028000637,1981-02-06,MIL @ CLE,W,0,9,,,0.0,,,3,4,0.75,,,,,,,,,21,,0
2349,21980,77911,Kelvin Ransey,POR,Portland Trail Blazers,0028000635,1981-02-04,POR @ GOS,L,0,8,,,0.0,,,5,6,0.833,,,,,,,,,21,,0
2350,21980,78577,Bill Willoughby,HOU,Houston Rockets,0028000632,1981-02-04,HOU vs. DAL,W,0,9,,,0.0,,,3,6,0.5,,,,,,,,,21,,0
2351,21980,77449,Moses Malone,HOU,Houston Rockets,0028000632,1981-02-04,HOU vs. DAL,W,0,9,,,0.0,,,3,3,1.0,,,,,,,,,21,,0
2352,21980,78199,Phil Smith,SDC,San Diego Clippers,0028000631,1981-02-04,SDC @ NJN,W,0,8,,,0.0,,,5,6,0.833,,,,,,,,,21,,0
2353,21980,77097,Dan Issel,DEN,Denver Nuggets,0028000626,1981-02-04,DEN vs. SAN,L,0,9,,,0.0,,,3,3,1.0,,,,,,,,,21,,0
2354,21980,78404,Kiki Vandeweghe,DEN,Denver Nuggets,0028000622,1981-02-03,DEN @ HOU,L,0,9,,,0.0,,,3,4,0.75,,,,,,,,,21,,0
2355,21980,77193,Bobby Jones,PHL,Philadelphia 76ers,0028000620,1981-02-03,PHL @ ATL,W,0,7,,,0.0,,,7,8,0.875,,,,,,,,,21,,0
2356,21980,78548,Freeman Williams,SDC,San Diego Clippers,0028000619,1981-02-03,SDC @ NYK,L,0,9,,,0.0,,,3,3,1.0,,,,,,,,,21,,0
2357,21980,77911,Kelvin Ransey,POR,Portland Trail Blazers,0028000617,1981-01-29,POR @ SDC,W,0,10,,,0.0,,,1,2,0.5,,,,,,,,,21,,0
2358,21980,77756,Mark Olberding,SAN,San Antonio Spurs,0028000612,1981-01-29,SAN vs. NJN,W,0,9,,,0.0,,,3,5,0.6,,,,,,,,,21,,0
2359,21980,78047,Campy Russell,NYK,New York Knicks,0028000611,1981-01-29,NYK @ ATL,W,0,9,,,0.0,,,3,3,1.0,,,,,,,,,21,,0
2360,21980,77876,Kevin Porter,WAS,Washington Bullets,0028000608,1981-01-28,WAS vs. PHX,W,0,10,,,0.0,,,1,1,1.0,,,,,,,,,21,,0
2361,21980,305,Robert Parish,BOS,Boston Celtics,0028000606,1981-01-28,BOS vs. PHL,W,0,9,,,0.0,,,3,4,0.75,,,,,,,,,21,,0
2362,21980,76170,Otis Birdsong,KCK,Kansas City Kings,0028000602,1981-01-27,KCK @ SDC,L,0,8,,,0.0,,,5,6,0.833,,,,,,,,,21,,0
2363,21980,77710,Mike Newlin,NJN,New Jersey Nets,0028000597,1981-01-27,NJN @ DAL,W,0,9,,,0.0,,,3,3,1.0,,,,,,,,,21,,0
2364,21980,76121,Billyray Bates,POR,Portland Trail Blazers,0028000596,1981-01-26,POR @ LAL,L,0,8,,,1.0,,,4,4,1.0,,,,,,,,,21,,0
2365,21980,76362,Bill Cartwright,NYK,New York Knicks,0028000595,1981-01-26,NYK vs. PHX,L,0,8,,,0.0,,,5,9,0.556,,,,,,,,,21,,0
2366,21980,77819,Jim Paxson,POR,Portland Trail Blazers,0028000592,1981-01-25,POR vs. SAN,W,0,8,,,0.0,,,5,8,0.625,,,,,,,,,21,,0
2367,21980,76350,Kenny Carr,CLE,Cleveland Cavaliers,0028000580,1981-01-23,CLE @ ATL,W,0,9,,,0.0,,,3,4,0.75,,,,,,,,,21,,0
2368,21980,77264,Bernard King,GOS,Golden State Warriors,0028000578,1981-01-23,GOS @ UTH,W,0,9,,,0.0,,,3,4,0.75,,,,,,,,,21,,0
2369,21980,77936,Robert Reid,HOU,Houston Rockets,0028000576,1981-01-23,HOU @ KCK,L,0,9,,,0.0,,,3,3,1.0,,,,,,,,6.0,21,,0
2370,21980,76011,Alvan Adams,PHX,Phoenix Suns,0028000581,1981-01-23,PHX vs. MIL,W,0,8,,,0.0,,,5,6,0.833,,,,,,,,,21,,0
2371,21980,77993,Truck Robinson,PHX,Phoenix Suns,0028000581,1981-01-23,PHX vs. MIL,W,0,9,,,0.0,,,3,6,0.5,,,,,,,,,21,,0
2372,21980,76979,Elvin Hayes,WAS,Washington Bullets,0028000573,1981-01-22,WAS vs. PHL,L,0,7,,,0.0,,,7,8,0.875,,,,,,,,,21,,0
2373,21980,76673,Alex English,DEN,Denver Nuggets,0028000567,1981-01-21,DEN vs. SDC,L,0,8,,,1.0,,,4,5,0.8,,,,,,,,,21,,0
2374,21980,77097,Dan Issel,DEN,Denver Nuggets,0028000567,1981-01-21,DEN vs. SDC,L,0,7,,,0.0,,,7,7,1.0,,,,,,,,,21,,0
2375,21980,77487,Cedric Maxwell,BOS,Boston Celtics,0028000554,1981-01-19,BOS vs. DET,W,0,8,,,0.0,,,5,5,1.0,,,,,,,,,21,,0
2376,21980,77626,Sidney Moncrief,MIL,Milwaukee Bucks,0028000550,1981-01-18,MIL vs. POR,W,0,8,,,0.0,,,5,6,0.833,,,,,,,,,21,,0
2377,21980,1453,Walter Davis,PHX,Phoenix Suns,0028000551,1981-01-18,PHX vs. ATL,W,0,7,,,0.0,,,7,7,1.0,,,,,,,,,21,,0
2378,21980,78047,Campy Russell,NYK,New York Knicks,0028000541,1981-01-17,NYK @ HOU,W,0,9,,,0.0,,,3,5,0.6,,,,,,,,,21,,0
2379,21980,77819,Jim Paxson,POR,Portland Trail Blazers,0028000539,1981-01-16,POR @ CHI,W,0,10,,,0.0,,,1,2,0.5,,,,,,,,,21,,0
2380,21980,77273,Reggie King,KCK,Kansas City Kings,0028000537,1981-01-16,KCK @ MIL,L,0,9,,,0.0,,,3,5,0.6,,,,,,,,,21,,0
2381,21980,77141,Dennis Johnson,PHX,Phoenix Suns,0028000536,1981-01-16,PHX vs. HOU,W,0,7,,,0.0,,,7,7,1.0,,,,,,,,,21,,0
2382,21980,77290,Billy Knight,IND,Indiana Pacers,0028000534,1981-01-16,IND vs. SEA,L,0,9,,,0.0,,,3,3,1.0,,,,,,,,,21,,0
2383,21980,78047,Campy Russell,NYK,New York Knicks,0028000532,1981-01-16,NYK @ DAL,L,0,9,,,0.0,,,3,3,1.0,,,,,,,,,21,,0
2384,21980,77126,Abdul Jeelani,DAL,Dallas Mavericks,0028000532,1981-01-16,DAL vs. NYK,W,0,8,,,0.0,,,5,8,0.625,,,,,,,,,21,,0
2385,21980,77986,Cliff T. Robinson,NJN,New Jersey Nets,0028000531,1981-01-16,NJN vs. LAL,L,0,9,,,0.0,,,3,4,0.75,,,,,,,,,21,,0
2386,21980,76979,Elvin Hayes,WAS,Washington Bullets,0028000528,1981-01-14,WAS vs. LAL,W,0,7,,,0.0,,,7,12,0.583,,,,,,,,,21,,0
2387,21980,76736,Phil Ford,KCK,Kansas City Kings,0028000527,1981-01-14,KCK vs. POR,L,0,10,,,0.0,,,1,3,0.333,,,,,,,,,21,,0
2388,21980,77986,Cliff T. Robinson,NJN,New Jersey Nets,0028000525,1981-01-14,NJN @ PHL,L,0,8,,,0.0,,,5,6,0.833,,,,,,,,,21,,0
2389,21980,76353,Joe Barry Carroll,GOS,Golden State Warriors,0028000524,1981-01-14,GOS vs. UTH,L,0,9,,,0.0,,,3,6,0.5,,,,,,,,,21,,0
2390,21980,78199,Phil Smith,SDC,San Diego Clippers,0028000523,1981-01-14,SDC vs. ATL,W,0,8,,,0.0,,,5,6,0.833,,,,,,,,,21,,0
2391,21980,77936,Robert Reid,HOU,Houston Rockets,0028000520,1981-01-14,HOU vs. CHI,W,0,9,,,0.0,,,3,3,1.0,,,,,,,,,21,,0
2392,21980,1449,Larry Bird,BOS,Boston Celtics,0028000515,1981-01-13,BOS @ NYK,W,0,9,,,0.0,,,3,4,0.75,,,11.0,8.0,,,,,21,,0
2393,21980,76170,Otis Birdsong,KCK,Kansas City Kings,0028000508,1981-01-11,KCK vs. SDC,L,0,10,,,1.0,,,0,0,,,,,,,,,6.0,21,,0
2394,21980,78442,Wally Walker,SEA,Seattle SuperSonics,0028000512,1981-01-11,SEA vs. GOS,L,0,9,,,0.0,,,3,4,0.75,,,,,,,,,21,,0
2395,21980,76252,Junior Bridgeman,MIL,Milwaukee Bucks,0028000509,1981-01-11,MIL vs. PHX,W,0,10,,,0.0,,,1,1,1.0,,,,,,,,,21,,0
2396,21980,77290,Billy Knight,IND,Indiana Pacers,0028000507,1981-01-10,IND vs. MIL,W,0,7,,,0.0,,,7,9,0.778,,,,,,,,,21,,0
2397,21980,77160,Marques Johnson,MIL,Milwaukee Bucks,0028000507,1981-01-10,MIL @ IND,L,0,9,,,0.0,,,3,3,1.0,,,,,,,,,21,,0
2398,21980,76979,Elvin Hayes,WAS,Washington Bullets,0028000506,1981-01-10,WAS @ DAL,W,0,7,,,0.0,,,7,12,0.583,,,,,,,,,21,,0
2399,21980,78351,Andrew Toney,PHL,Philadelphia 76ers,0028000499,1981-01-10,PHL @ CHI,W,0,10,,,0.0,,,1,2,0.5,,,,,,,,,21,,0
2400,21980,78199,Phil Smith,SDC,San Diego Clippers,0028000498,1981-01-09,SDC vs. DEN,L,0,7,,,0.0,,,7,8,0.875,,,,,,,,,21,,0
2401,21980,78200,Randy Smith,CLE,Cleveland Cavaliers,0028000497,1981-01-09,CLE @ ATL,W,0,8,,,0.0,,,5,6,0.833,,,,,,,,,21,,0
2402,21980,76085,James Bailey,SEA,Seattle SuperSonics,0028000496,1981-01-09,SEA @ LAL,L,0,8,,,0.0,,,5,8,0.625,,,,,,,,,21,,0
2403,21980,78310,Reggie Theus,CHI,Chicago Bulls,0028000494,1981-01-09,CHI @ BOS,L,0,9,,,0.0,,,3,3,1.0,,,,,,,,,21,,0
2404,21980,77487,Cedric Maxwell,BOS,Boston Celtics,0028000494,1981-01-09,BOS vs. CHI,W,0,7,,,0.0,,,7,10,0.7,,,,,,,,,21,,0
2405,21980,76890,Darrell Griffith,UTH,Utah Jazz,0028000490,1981-01-08,UTH vs. DAL,W,0,10,,,0.0,,,1,2,0.5,,,,,,,,,21,,0
2406,21980,78047,Campy Russell,NYK,New York Knicks,0028000488,1981-01-08,NYK vs. IND,L,0,8,,,0.0,,,5,5,1.0,,,,,,,,,21,,0
2407,21980,76154,Kent Benson,DET,Detroit Pistons,0028000486,1981-01-07,DET @ SEA,L,0,8,,,0.0,,,5,9,0.556,,,,,,,,,21,,0
2408,21980,305,Robert Parish,BOS,Boston Celtics,0028000485,1981-01-07,BOS vs. PHX,W,0,9,,,0.0,,,3,7,0.429,,,,,,,,,21,,0
2409,21980,77290,Billy Knight,IND,Indiana Pacers,0028000484,1981-01-07,IND vs. NJN,W,0,9,,,0.0,,,3,3,1.0,,,,,,,,,21,,0
2410,21980,77997,Bill Robinzine,DAL,Dallas Mavericks,0028000481,1981-01-07,DAL @ GOS,W,0,6,,,0.0,,,9,10,0.9,,,,,,,,,21,,0
2411,21980,77819,Jim Paxson,POR,Portland Trail Blazers,0028000479,1981-01-06,POR vs. DET,W,0,9,,,0.0,,,3,4,0.75,,,,,,,,,21,,0
2412,21980,77087,Geoff Huston,DAL,Dallas Mavericks,0028000474,1981-01-05,DAL @ SEA,L,0,9,,,0.0,,,3,5,0.6,,,,,,,,,21,,0
2413,21980,77786,Tom Owens,POR,Portland Trail Blazers,0028000473,1981-01-04,POR vs. BOS,L,0,7,,,0.0,,,7,7,1.0,,,,,,,,,21,,0
2414,21980,77290,Billy Knight,IND,Indiana Pacers,0028000471,1981-01-04,IND @ NJN,W,0,9,,,0.0,,,3,3,1.0,,,,,,,,,21,,0
2415,21980,78331,Mychal Thompson,POR,Portland Trail Blazers,0028000469,1981-01-03,POR @ UTH,L,0,6,,,0.0,,,9,12,0.75,,,,,,,,,21,,0
2416,21980,76681,Julius Erving,PHL,Philadelphia 76ers,0028000468,1981-01-03,PHL @ GOS,W,0,9,,,0.0,,,3,4,0.75,,,,,,,,,21,,0
2417,21980,76471,Charlie Criss,ATL,Atlanta Hawks,0028000464,1981-01-03,ATL @ NYK,L,0,8,,,0.0,,,5,5,1.0,,,,,,,,,21,,0
2418,21980,77952,Micheal Ray Richardson,NYK,New York Knicks,0028000461,1981-01-02,NYK @ DET,L,0,8,,,1.0,,,4,9,0.444,,,,,,,,,21,,0
2419,21980,77487,Cedric Maxwell,BOS,Boston Celtics,0028000463,1981-01-02,BOS @ GOS,L,0,6,,,0.0,,,9,10,0.9,,,,,,,,,21,,0
2420,21980,77420,Maurice Lucas,NJN,New Jersey Nets,0028000460,1981-01-02,NJN vs. CLE,L,0,7,,,0.0,,,7,12,0.583,,,,,,,,,21,,0
2421,21980,77770,Louis Orr,IND,Indiana Pacers,0028000459,1981-01-02,IND @ ATL,W,0,9,,,0.0,,,3,3,1.0,,,,,,,,,21,,0
2422,21980,77532,George McGinnis,IND,Indiana Pacers,0028000450,1980-12-30,IND @ DEN,L,0,6,,,0.0,,,9,13,0.692,,,,,,,,,21,,0
2423,21980,76362,Bill Cartwright,NYK,New York Knicks,0028000440,1980-12-30,NYK vs. DAL,W,0,8,,,0.0,,,5,5,1.0,,,,,,,,,21,,0
2424,21980,77273,Reggie King,KCK,Kansas City Kings,0028000437,1980-12-28,KCK @ NJN,W,0,9,,,0.0,,,3,4,0.75,,,,,,,,,21,,0
2425,21980,1450,Kevin McHale,BOS,Boston Celtics,0028000431,1980-12-27,BOS @ ATL,W,0,9,,,0.0,,,3,4,0.75,,,,,,,,,21,,0
2426,21980,77184,Edgar Jones,NJN,New Jersey Nets,0028000427,1980-12-26,NJN vs. ATL,L,0,9,,,0.0,,,3,5,0.6,,,,,,,,,21,,0
2427,21980,76598,John Drew,ATL,Atlanta Hawks,0028000427,1980-12-26,ATL @ NJN,W,0,6,,,0.0,,,9,11,0.818,,,,,,,,,21,,0
2428,21980,78500,Paul Westphal,SEA,Seattle SuperSonics,0028000426,1980-12-26,SEA vs. POR,L,0,7,,,0.0,,,7,8,0.875,,,,,,,,,21,,0
2429,21980,76673,Alex English,DEN,Denver Nuggets,0028000421,1980-12-26,DEN @ DAL,L,0,8,,,0.0,,,5,7,0.714,,,,,,,,,21,,0
2430,21980,77819,Jim Paxson,POR,Portland Trail Blazers,0028000417,1980-12-25,POR vs. GOS,W,0,8,,,0.0,,,5,6,0.833,,,,,,,,,21,,0
2431,21980,77264,Bernard King,GOS,Golden State Warriors,0028000417,1980-12-25,GOS @ POR,L,0,9,,,0.0,,,3,5,0.6,,,,,,,,,21,,0
2432,21980,76362,Bill Cartwright,NYK,New York Knicks,0028000408,1980-12-23,NYK @ CHI,L,0,5,,,0.0,,,11,15,0.733,,,,,,,,,21,,0
2433,21980,1449,Larry Bird,BOS,Boston Celtics,0028000400,1980-12-20,BOS @ CLE,W,0,9,,,1.0,,,2,2,1.0,,,,,,,,,21,,0
2434,21980,78331,Mychal Thompson,POR,Portland Trail Blazers,0028000401,1980-12-20,POR vs. ATL,W,0,10,,,0.0,,,1,3,0.333,,,,,,,,,21,,0
2435,21980,76353,Joe Barry Carroll,GOS,Golden State Warriors,0028000389,1980-12-19,GOS @ SAN,L,0,8,,,0.0,,,5,9,0.556,,,,,,,,,21,,0
2436,21980,78331,Mychal Thompson,POR,Portland Trail Blazers,0028000387,1980-12-19,POR @ LAL,W,0,8,,,0.0,,,5,7,0.714,,,,,,,,,21,,0
2437,21980,77160,Marques Johnson,MIL,Milwaukee Bucks,0028000384,1980-12-18,MIL vs. DET,W,0,10,,,0.0,,,1,2,0.5,,,,,,,,,21,,0
2438,21980,76830,Glen Gondrezick,DEN,Denver Nuggets,0028000383,1980-12-18,DEN @ CLE,L,0,9,,,0.0,,,3,5,0.6,,,,,,,,,21,,0
2439,21980,76826,Mike Gminski,NJN,New Jersey Nets,0028000376,1980-12-17,NJN vs. MIL,W,0,6,,,0.0,,,9,13,0.692,,,13.0,,,,,,21,,0
2440,21980,76471,Charlie Criss,ATL,Atlanta Hawks,0028000373,1980-12-16,ATL vs. NJN,W,0,7,,,0.0,,,7,8,0.875,,,,,,,,,21,,0
2441,21980,76296,Quinn Buckner,MIL,Milwaukee Bucks,0028000365,1980-12-14,MIL vs. SAN,W,0,10,,,0.0,,,1,2,0.5,,,,,,,,,21,,0
2442,21980,76598,John Drew,ATL,Atlanta Hawks,0028000361,1980-12-13,ATL vs. MIL,W,0,7,,,0.0,,,7,8,0.875,,,,,,,,,21,,0
2443,21980,76362,Bill Cartwright,NYK,New York Knicks,0028000356,1980-12-13,NYK vs. DET,W,0,8,,,0.0,,,5,6,0.833,,,,,,,,,21,,0
2444,21980,77848,Roger Phegley,CLE,Cleveland Cavaliers,0028000355,1980-12-13,CLE vs. UTH,W,0,8,,,0.0,,,5,6,0.833,,,,,,,,,21,,0
2445,21980,77168,Mickey Johnson,MIL,Milwaukee Bucks,0028000361,1980-12-13,MIL @ ATL,L,0,7,,,1.0,,,6,11,0.545,,,,,,,,,21,,0
2446,21980,77010,Keith Herron,DET,Detroit Pistons,0028000349,1980-12-12,DET vs. CLE,W,0,9,,,0.0,,,3,3,1.0,,,,,,,,,21,,0
2447,21980,1449,Larry Bird,BOS,Boston Celtics,0028000338,1980-12-10,BOS @ WAS,W,0,9,,,1.0,,,2,2,1.0,,,,,,,,,21,,0
2448,21980,76539,Darryl Dawkins,PHL,Philadelphia 76ers,0028000342,1980-12-10,PHL vs. CHI,W,0,8,,,0.0,,,5,5,1.0,,,,,,,,,21,,0
2449,21980,76085,James Bailey,SEA,Seattle SuperSonics,0028000336,1980-12-10,SEA @ GOS,W,0,7,,,0.0,,,7,10,0.7,,,,,,,,,21,,0
2450,21980,76826,Mike Gminski,NJN,New Jersey Nets,0028000335,1980-12-10,NJN vs. NYK,L,0,9,,,0.0,,,3,5,0.6,,,,,,,,,21,,0
2451,21980,76890,Darrell Griffith,UTH,Utah Jazz,0028000334,1980-12-09,UTH vs. SAN,L,0,9,,,0.0,,,3,4,0.75,,,,,,,,,21,,0
2452,21980,76681,Julius Erving,PHL,Philadelphia 76ers,0028000333,1980-12-09,PHL @ CLE,W,0,8,,,0.0,,,5,7,0.714,,,,,,,,,21,,0
2453,21980,76091,Greg Ballard,WAS,Washington Bullets,0028000332,1980-12-09,WAS @ NYK,L,0,9,,,0.0,,,3,3,1.0,,,,,,,,,21,,0
2454,21980,77163,Reggie Johnson,SAN,San Antonio Spurs,0028000326,1980-12-08,SAN @ SEA,L,0,7,,,0.0,,,7,10,0.7,,,,,,,,,21,,0
2455,21980,76121,Billyray Bates,POR,Portland Trail Blazers,0028000325,1980-12-07,POR vs. SAN,W,0,8,,,0.0,,,5,6,0.833,,,,,,,,,21,,0
2456,21980,78532,Jamaal Wilkes,LAL,Los Angeles Lakers,0028000321,1980-12-07,LAL vs. UTH,W,0,10,,,0.0,,,1,1,1.0,,,,,,,,,21,,0
2457,21980,76822,Mike Glenn,NYK,New York Knicks,0028000317,1980-12-06,NYK vs. MIL,W,0,10,,,0.0,,,1,1,1.0,,,,,,,,,21,,0
2458,21980,77097,Dan Issel,DEN,Denver Nuggets,0028000315,1980-12-06,DEN @ HOU,L,0,8,,,0.0,,,5,8,0.625,,,,,,,,,21,,0
2459,21980,76252,Junior Bridgeman,MIL,Milwaukee Bucks,0028000317,1980-12-06,MIL @ NYK,L,0,10,,,1.0,,,0,0,,,,,,,,,,21,,0
2460,21980,77911,Kelvin Ransey,POR,Portland Trail Blazers,0028000312,1980-12-05,POR vs. CHI,W,0,9,,,0.0,,,3,4,0.75,,,,,,,,,21,,0
2461,21980,76091,Greg Ballard,WAS,Washington Bullets,0028000307,1980-12-05,WAS vs. DET,W,0,10,,,0.0,,,1,2,0.5,,,,,,,,,21,,0
2462,21980,78331,Mychal Thompson,POR,Portland Trail Blazers,0028000303,1980-12-04,POR @ SDC,W,0,9,,,0.0,,,3,4,0.75,,,,,,,,,21,,0
2463,21980,77819,Jim Paxson,POR,Portland Trail Blazers,0028000303,1980-12-04,POR @ SDC,W,0,9,,,0.0,,,3,4,0.75,,,,,,,,,21,,0
2464,21980,77144,Eddie Johnson,ATL,Atlanta Hawks,0028000300,1980-12-03,ATL @ BOS,L,0,9,,,0.0,,,3,5,0.6,,,,,,,,,21,,0
2465,21980,78139,Purvis Short,GOS,Golden State Warriors,0028000298,1980-12-03,GOS vs. NJN,W,0,8,,,0.0,,,5,6,0.833,,,,,,,,,21,,0
2466,21980,78482,Scott Wedman,KCK,Kansas City Kings,0028000297,1980-12-03,KCK vs. PHX,W,0,9,,,0.0,,,3,3,1.0,,,,,,,,6.0,21,,0
2467,21980,78296,Brian Taylor,SDC,San Diego Clippers,0028000296,1980-12-03,SDC @ LAL,W,0,9,,,3.0,,,0,0,,,,,,,,,,21,,0
2468,21980,76887,Kevin Grevey,WAS,Washington Bullets,0028000293,1980-12-02,WAS vs. KCK,W,0,8,,,0.0,,,5,5,1.0,,,,,,,,,21,,0
2469,21980,1450,Kevin McHale,BOS,Boston Celtics,0028000292,1980-12-02,BOS @ DET,W,0,10,,,0.0,,,1,3,0.333,,,,,,,,,21,,0
2470,21980,77160,Marques Johnson,MIL,Milwaukee Bucks,0028000289,1980-12-02,MIL vs. UTH,W,0,10,,,0.0,,,1,2,0.5,,,,,,,,,21,,0
2471,21980,78200,Randy Smith,CLE,Cleveland Cavaliers,0028000287,1980-12-02,CLE @ DAL,W,0,8,,,0.0,,,5,6,0.833,,,,,,,,,21,,0
2472,21980,77848,Roger Phegley,CLE,Cleveland Cavaliers,0028000287,1980-12-02,CLE @ DAL,W,0,10,,,0.0,,,1,4,0.25,,,,,,,,,21,,0
2473,21980,77438,Kyle Macy,PHX,Phoenix Suns,0028000285,1980-11-30,PHX vs. HOU,W,0,9,,,0.0,,,3,3,1.0,,,,,,,,,21,,0
2474,21980,600014,Artis Gilmore,CHI,Chicago Bulls,0028000284,1980-11-30,CHI @ LAL,W,0,9,,,0.0,,,3,6,0.5,,,,,,,,,21,,0
2475,21980,1453,Walter Davis,PHX,Phoenix Suns,0028000275,1980-11-29,PHX @ GOS,W,0,9,,,1.0,,,2,3,0.667,,,,,,,,,21,,0
2476,21980,77097,Dan Issel,DEN,Denver Nuggets,0028000277,1980-11-29,DEN vs. LAL,L,0,9,,,0.0,,,3,5,0.6,,,,,,,,,21,,0
2477,21980,77615,Mike Mitchell,CLE,Cleveland Cavaliers,0028000272,1980-11-29,CLE @ IND,L,0,7,,,0.0,,,7,9,0.778,,,,,,,,,21,,0
2478,21980,78150,James Silas,SAN,San Antonio Spurs,0028000270,1980-11-28,SAN vs. HOU,L,0,8,,,0.0,,,5,5,1.0,,,,,,,,,21,,0
2479,21980,76681,Julius Erving,PHL,Philadelphia 76ers,0028000269,1980-11-28,PHL vs. POR,W,0,9,,,0.0,,,3,6,0.5,,,,,,,,,21,,0
2480,21980,78222,Jim Spanarkel,DAL,Dallas Mavericks,0028000267,1980-11-28,DAL vs. DEN,L,0,9,,,0.0,,,3,3,1.0,,,,,,,,6.0,21,,0
2481,21980,76252,Junior Bridgeman,MIL,Milwaukee Bucks,0028000265,1980-11-28,MIL vs. ATL,W,0,7,,,0.0,,,7,7,1.0,,,,,,,,,21,,0
2482,21980,76170,Otis Birdsong,KCK,Kansas City Kings,0028000263,1980-11-28,KCK @ DET,L,0,6,,,0.0,,,9,10,0.9,,,,,,,,,21,,0
2483,21980,77264,Bernard King,GOS,Golden State Warriors,0028000261,1980-11-27,GOS vs. LAL,L,0,9,,,0.0,,,3,6,0.5,,,,,,,,,21,,0
2484,21980,76091,Greg Ballard,WAS,Washington Bullets,0028000260,1980-11-27,WAS vs. IND,W,0,10,,,0.0,,,1,2,0.5,,,,,,,,,21,,0
2485,21980,78482,Scott Wedman,KCK,Kansas City Kings,0028000255,1980-11-26,KCK vs. NJN,W,0,10,,,0.0,,,1,2,0.5,,,,,,,,,21,,0
2486,21980,305,Robert Parish,BOS,Boston Celtics,0028000251,1980-11-26,BOS vs. POR,W,0,9,,,0.0,,,3,4,0.75,,,,,,,,,21,,0
2487,21980,77936,Robert Reid,HOU,Houston Rockets,0028000250,1980-11-24,HOU @ NYK,L,0,9,,,0.0,,,3,5,0.6,,,,,,,,,21,,0
2488,21980,76225,Winford Boynes,DAL,Dallas Mavericks,0028000246,1980-11-23,DAL @ POR,L,0,10,,,0.0,,,1,2,0.5,,,,,,,,,21,,0
2489,21980,76266,Michael Brooks,SDC,San Diego Clippers,0028000245,1980-11-23,SDC vs. SEA,W,0,8,,,0.0,,,5,7,0.714,,,,,,,,,21,,0
2490,21980,600014,Artis Gilmore,CHI,Chicago Bulls,0028000242,1980-11-22,CHI vs. WAS,W,0,8,,,0.0,,,5,7,0.714,,,,,,,,,21,,0
2491,21980,76890,Darrell Griffith,UTH,Utah Jazz,0028000241,1980-11-22,UTH @ ATL,L,0,9,,,0.0,,,3,3,1.0,,,,,,,,,21,,0
2492,21980,77071,Phil Hubbard,DET,Detroit Pistons,0028000239,1980-11-22,DET vs. NJN,W,0,6,,,0.0,,,9,11,0.818,,,,,,,,,21,,0
2493,21980,77148,George Johnson,IND,Indiana Pacers,0028000237,1980-11-22,IND vs. HOU,W,0,8,,,0.0,,,5,6,0.833,,,,,,,,,21,,0
2494,21980,77615,Mike Mitchell,CLE,Cleveland Cavaliers,0028000236,1980-11-22,CLE vs. BOS,W,0,10,,,0.0,,,1,2,0.5,,,,,,,,,21,,0
2495,21980,305,Robert Parish,BOS,Boston Celtics,0028000236,1980-11-22,BOS @ CLE,L,0,9,,,0.0,,,3,3,1.0,,,,,,,,,21,,0
2496,21980,76979,Elvin Hayes,WAS,Washington Bullets,0028000235,1980-11-21,WAS vs. SDC,W,0,10,,,0.0,,,1,1,1.0,,,,,,,,,21,,0
2497,21980,76887,Kevin Grevey,WAS,Washington Bullets,0028000235,1980-11-21,WAS vs. SDC,W,0,7,,,0.0,,,7,10,0.7,,,,,,,,,21,,0
2498,21980,76011,Alvan Adams,PHX,Phoenix Suns,0028000232,1980-11-21,PHX @ LAL,L,0,9,,,0.0,,,3,4,0.75,,,,,,,,,21,,0
2499,21980,77056,Cedrick Hordges,DEN,Denver Nuggets,0028000231,1980-11-21,DEN vs. KCK,W,0,7,,,0.0,,,7,8,0.875,,,,,,,,,21,,0
2500,21980,78570,Sly Williams,NYK,New York Knicks,0028000228,1980-11-21,NYK @ CHI,L,0,10,,,0.0,,,1,2,0.5,,,,,,,,,21,,0
2501,21980,77141,Dennis Johnson,PHX,Phoenix Suns,0028000225,1980-11-20,PHX vs. LAL,W,0,9,,,0.0,,,3,3,1.0,,,,,,,,,21,,0
2502,21980,77010,Keith Herron,DET,Detroit Pistons,0028000224,1980-11-20,DET vs. SDC,W,0,8,,,0.0,,,5,6,0.833,,,,,,,,,21,,0
2503,21980,78200,Randy Smith,CLE,Cleveland Cavaliers,0028000227,1980-11-20,CLE vs. HOU,L,0,9,,,1.0,,,2,2,1.0,,,,,,,,,21,,0
2504,21980,76681,Julius Erving,PHL,Philadelphia 76ers,0028000221,1980-11-19,PHL vs. GOS,W,0,10,,,0.0,,,1,1,1.0,,,,,,,,,21,,0
2505,21980,77626,Sidney Moncrief,MIL,Milwaukee Bucks,0028000214,1980-11-18,MIL @ UTH,W,0,6,,,0.0,,,9,12,0.75,,,,,,,,,21,,0
2506,21980,76890,Darrell Griffith,UTH,Utah Jazz,0028000214,1980-11-18,UTH vs. MIL,L,0,10,,,0.0,,,1,1,1.0,,,,,,,,,21,,0
2507,21980,78570,Sly Williams,NYK,New York Knicks,0028000212,1980-11-18,NYK vs. PHL,L,0,8,,,0.0,,,5,6,0.833,,,,,,,,,21,,0
2508,21980,77691,Calvin Natt,POR,Portland Trail Blazers,0028000209,1980-11-16,POR @ PHX,L,0,7,,,0.0,,,7,10,0.7,,,,,,,,,21,,0
2509,21980,77710,Mike Newlin,NJN,New Jersey Nets,0028000205,1980-11-15,NJN @ PHL,L,0,10,,,0.0,,,1,1,1.0,,,,,,,,,21,,0
2510,21980,76170,Otis Birdsong,KCK,Kansas City Kings,0028000203,1980-11-15,KCK @ SDC,W,0,9,,,0.0,,,3,4,0.75,,,,,,,,,21,,0
2511,21980,77936,Robert Reid,HOU,Houston Rockets,0028000196,1980-11-14,HOU @ UTH,L,0,8,,,0.0,,,5,5,1.0,,,,,,,,,21,,0
2512,21980,76003,Kareem Abdul-Jabbar,LAL,Los Angeles Lakers,0028000192,1980-11-14,LAL vs. SDC,W,0,9,,,0.0,,,3,3,1.0,,,,,,,,,21,,0
2513,21980,76011,Alvan Adams,PHX,Phoenix Suns,0028000182,1980-11-12,PHX vs. SAN,W,0,6,,,0.0,,,9,10,0.9,,,,,,,,,21,,0
2514,21980,76681,Julius Erving,PHL,Philadelphia 76ers,0028000177,1980-11-11,PHL @ CHI,W,0,7,,,0.0,,,7,8,0.875,,,,,,,,,21,,0
2515,21980,77618,Steve Mix,PHL,Philadelphia 76ers,0028000168,1980-11-09,PHL @ MIL,W,0,6,,,0.0,,,9,11,0.818,,,,,,,,,21,,0
2516,21980,77952,Micheal Ray Richardson,NYK,New York Knicks,0028000159,1980-11-08,NYK @ UTH,W,0,9,,,0.0,,,3,5,0.6,,,,,,,,,21,,0
2517,21980,76362,Bill Cartwright,NYK,New York Knicks,0028000159,1980-11-08,NYK @ UTH,W,0,5,,,0.0,,,11,12,0.917,,,,,,,,,21,,0
2518,21980,77952,Micheal Ray Richardson,NYK,New York Knicks,0028000152,1980-11-07,NYK @ DEN,W,0,9,,,0.0,,,3,4,0.75,,,,,,,,,21,,0
2519,21980,77754,Mike O'Koren,NJN,New Jersey Nets,0028000147,1980-11-05,NJN vs. CHI,L,0,5,,,0.0,,,11,14,0.786,,,,,,,,,21,,0
2520,21980,77273,Reggie King,KCK,Kansas City Kings,0028000142,1980-11-05,KCK vs. NYK,W,0,9,,,0.0,,,3,5,0.6,,,,,,,,,21,,0
2521,21980,77290,Billy Knight,IND,Indiana Pacers,0028000132,1980-11-02,IND @ MIL,L,0,7,,,0.0,,,7,7,1.0,,,,,,,,,21,,0
2522,21980,78331,Mychal Thompson,POR,Portland Trail Blazers,0028000128,1980-11-01,POR vs. UTH,L,0,10,,,0.0,,,1,3,0.333,,,,,,,,,21,,0
2523,21980,77167,Vinnie Johnson,SEA,Seattle SuperSonics,0028000124,1980-11-01,SEA @ DEN,L,0,9,,,0.0,,,3,3,1.0,,,,,,,,,21,,0
2524,21980,76673,Alex English,DEN,Denver Nuggets,0028000124,1980-11-01,DEN vs. SEA,W,0,7,,,0.0,,,7,7,1.0,,,,,,,,,21,,0
2525,21980,76526,Johnny Davis,IND,Indiana Pacers,0028000121,1980-11-01,IND vs. NJN,W,0,7,,,0.0,,,7,10,0.7,,,,,,,,,21,,0
2526,21980,78310,Reggie Theus,CHI,Chicago Bulls,0028000112,1980-10-31,CHI vs. IND,L,0,6,,,1.0,,,8,9,0.889,,,,,,,,,21,,0
2527,21980,77689,Swen Nater,SDC,San Diego Clippers,0028000118,1980-10-31,SDC vs. GOS,W,0,7,,,0.0,,,7,9,0.778,,,,,,,,,21,,0
2528,21980,78200,Randy Smith,CLE,Cleveland Cavaliers,0028000117,1980-10-31,CLE @ LAL,L,0,9,,,0.0,,,3,4,0.75,,,,,,,,,21,,0
2529,21980,77952,Micheal Ray Richardson,NYK,New York Knicks,0028000111,1980-10-30,NYK vs. ATL,W,0,9,,,0.0,,,3,4,0.75,,,,,,,,,21,,0
2530,21980,78199,Phil Smith,SDC,San Diego Clippers,0028000107,1980-10-29,SDC @ PHX,L,0,10,,,0.0,,,1,2,0.5,,,,,,,,,21,,0
2531,21980,77141,Dennis Johnson,PHX,Phoenix Suns,0028000107,1980-10-29,PHX vs. SDC,W,0,7,,,0.0,,,7,7,1.0,,,,,,,,,21,,0
2532,21980,77246,Larry Kenon,CHI,Chicago Bulls,0028000104,1980-10-29,CHI @ PHL,L,0,8,,,0.0,,,5,7,0.714,,,,,,,,,21,,0
2533,21980,77160,Marques Johnson,MIL,Milwaukee Bucks,0028000092,1980-10-26,MIL vs. WAS,W,0,8,,,0.0,,,5,5,1.0,,,,,,,,,21,,0
2534,21980,76266,Michael Brooks,SDC,San Diego Clippers,0028000091,1980-10-25,SDC vs. SAN,L,0,7,,,0.0,,,7,9,0.778,,,,,,,,,21,,0
2535,21980,77420,Maurice Lucas,NJN,New Jersey Nets,0028000090,1980-10-25,NJN @ NYK,L,0,9,,,0.0,,,3,5,0.6,,,,,,,,,21,,0
2536,21980,76353,Joe Barry Carroll,GOS,Golden State Warriors,0028000085,1980-10-25,GOS vs. DAL,W,0,9,,,0.0,,,3,8,0.375,,,,,,,,,21,,0
2537,21980,77160,Marques Johnson,MIL,Milwaukee Bucks,0028000084,1980-10-25,MIL vs. CHI,W,0,9,,,0.0,,,3,5,0.6,,,,,,,,,21,,0
2538,21980,76881,David Greenwood,CHI,Chicago Bulls,0028000084,1980-10-25,CHI @ MIL,L,0,8,,,0.0,,,5,8,0.625,,,,,,,,,21,,0
2539,21980,76350,Kenny Carr,CLE,Cleveland Cavaliers,0028000083,1980-10-25,CLE vs. IND,W,0,8,,,0.0,,,5,5,1.0,,,,,,,,,21,,0
2540,21980,78025,Dan Roundfield,ATL,Atlanta Hawks,0028000082,1980-10-25,ATL vs. PHL,L,0,8,,,0.0,,,5,7,0.714,,,,,,,,,21,,0
2541,21980,76539,Darryl Dawkins,PHL,Philadelphia 76ers,0028000082,1980-10-25,PHL @ ATL,W,0,5,,,0.0,,,11,12,0.917,,,,,,,,,21,,0
2542,21980,76673,Alex English,DEN,Denver Nuggets,0028000080,1980-10-24,DEN vs. PHX,L,0,9,,,0.0,,,3,3,1.0,,,,,,,,,21,,0
2543,21980,77689,Swen Nater,SDC,San Diego Clippers,0028000077,1980-10-24,SDC vs. UTH,W,0,7,,,0.0,,,7,12,0.583,,,,,,,,,21,,0
2544,21980,77691,Calvin Natt,POR,Portland Trail Blazers,0028000076,1980-10-24,POR vs. DAL,W,0,10,,,0.0,,,1,1,1.0,,,,,,,,,21,,0
2545,21980,78436,Foots Walker,NJN,New Jersey Nets,0028000075,1980-10-24,NJN vs. CLE,L,0,9,,,0.0,,,3,4,0.75,,,,,,,,,21,,0
2546,21980,77848,Roger Phegley,CLE,Cleveland Cavaliers,0028000075,1980-10-24,CLE @ NJN,W,0,10,,,0.0,,,1,2,0.5,,,,,,,,,21,,0
2547,21980,77487,Cedric Maxwell,BOS,Boston Celtics,0028000073,1980-10-23,BOS vs. NYK,L,0,8,,,0.0,,,5,6,0.833,,,,,,,,,21,,0
2548,21980,600005,Bob Lanier,MIL,Milwaukee Bucks,0028000068,1980-10-22,MIL @ IND,W,0,7,,,0.0,,,7,9,0.778,,,,,,,,,21,,0
2549,21980,77710,Mike Newlin,NJN,New Jersey Nets,0028000066,1980-10-22,NJN vs. BOS,L,0,7,,,0.0,,,7,8,0.875,,,,,,,,,21,,0
2550,21980,78025,Dan Roundfield,ATL,Atlanta Hawks,0028000060,1980-10-21,ATL vs. IND,L,0,10,,,0.0,,,1,3,0.333,,,,,,,,,21,,0
2551,21980,77141,Dennis Johnson,PHX,Phoenix Suns,0028000059,1980-10-21,PHX vs. DAL,W,0,6,,,0.0,,,9,10,0.9,,,,,,,,,21,,0
2552,21980,77547,Billy McKinney,UTH,Utah Jazz,0028000057,1980-10-20,UTH vs. SEA,L,0,10,,,0.0,,,1,2,0.5,,,,,,,,,21,,0
2553,21980,76753,World Free,GOS,Golden State Warriors,0028000055,1980-10-19,GOS @ LAL,L,0,8,,,0.0,,,5,5,1.0,,,,,,,,,21,,0
2554,21980,76272,Fred Brown,SEA,Seattle SuperSonics,0028000049,1980-10-18,SEA @ KCK,W,0,8,,,0.0,,,5,5,1.0,,,,,,,,,21,,0
2555,21980,78222,Jim Spanarkel,DAL,Dallas Mavericks,0028000041,1980-10-17,DAL vs. KCK,L,0,7,,,0.0,,,7,7,1.0,,,,,,,,,21,,0
2556,21980,76170,Otis Birdsong,KCK,Kansas City Kings,0028000041,1980-10-17,KCK @ DAL,W,0,9,,,0.0,,,3,6,0.5,,,,,,,,,21,,0
2557,21980,78600,Brian Winters,MIL,Milwaukee Bucks,0028000035,1980-10-16,MIL vs. BOS,L,0,10,,,1.0,,,0,0,,,,,,,,,,21,,0
2558,21980,78000,John Roche,DEN,Denver Nuggets,0028000029,1980-10-15,DEN vs. DAL,W,0,7,,,1.0,,,6,6,1.0,,,,,,,,,21,,0
2559,21980,76826,Mike Gminski,NJN,New Jersey Nets,0028000033,1980-10-15,NJN vs. PHL,L,0,7,,,0.0,,,7,8,0.875,,,,,,,,,21,,0
2560,21980,1453,Walter Davis,PHX,Phoenix Suns,0028000020,1980-10-12,PHX vs. KCK,W,0,9,,,0.0,,,3,3,1.0,,,,,,,,,21,,0
2561,21980,76225,Winford Boynes,DAL,Dallas Mavericks,0028000010,1980-10-11,DAL vs. SAN,W,0,9,,,0.0,,,3,4,0.75,,,,,,,,,21,,0
2562,21980,78571,Ray Williams,NYK,New York Knicks,0028000016,1980-10-11,NYK vs. MIL,W,0,9,,,1.0,,,2,3,0.667,,,,,,,,,21,,0
2563,21980,76362,Bill Cartwright,NYK,New York Knicks,0028000016,1980-10-11,NYK vs. MIL,W,0,5,,,0.0,,,11,13,0.846,,,,,,,,,21,,0
2564,21980,600014,Artis Gilmore,CHI,Chicago Bulls,0028000013,1980-10-11,CHI @ ATL,L,0,6,,,0.0,,,9,10,0.9,,,,,,,,6.0,21,,0
2565,21980,77532,George McGinnis,IND,Indiana Pacers,0028000011,1980-10-11,IND vs. DET,W,0,10,,,0.0,,,1,4,0.25,,,,,,,,6.0,21,,0
2566,21980,77876,Kevin Porter,WAS,Washington Bullets,0028000005,1980-10-10,WAS @ DET,W,0,10,,,0.0,,,1,2,0.5,,,,,,,,,21,,0
2567,21980,76252,Junior Bridgeman,MIL,Milwaukee Bucks,0028000003,1980-10-10,MIL @ PHL,W,0,7,,,0.0,,,7,7,1.0,,,,,,,,,21,,0
2568,21980,76673,Alex English,DEN,Denver Nuggets,0028000002,1980-10-10,DEN vs. SAN,L,0,9,,,0.0,,,3,3,1.0,,,,,,,,,21,,0
2569,21980,76753,World Free,GOS,Golden State Warriors,0028000001,1980-10-10,GOS @ PHX,L,0,8,,,0.0,,,5,9,0.556,,,,,,,,,21,,0
2570,21980,77615,Mike Mitchell,CLE,Cleveland Cavaliers,0028000943,1981-03-29,CLE @ WAS,L,0,9,,,0.0,,,2,4,0.5,,,,,,,,,20,,0
2571,21980,78310,Reggie Theus,CHI,Chicago Bulls,0028000942,1981-03-29,CHI @ IND,W,0,10,,,0.0,,,0,0,,,,,,,,,,20,,0
2572,21980,229,James Edwards,IND,Indiana Pacers,0028000942,1981-03-29,IND vs. CHI,L,0,9,,,0.0,,,2,2,1.0,,,,,,,,,20,,0
2573,21980,77432,Ollie Mack,DAL,Dallas Mavericks,0028000938,1981-03-29,DAL @ KCK,L,0,10,,,0.0,,,0,0,,,,,,,,,,20,,0
2574,21980,76249,Ron Brewer,SAN,San Antonio Spurs,0028000935,1981-03-29,SAN vs. HOU,W,0,10,,,0.0,,,0,0,,,,,,,,,,20,,0
2575,21980,77484,Wes Matthews,ATL,Atlanta Hawks,0028000934,1981-03-29,ATL vs. MIL,L,0,4,,,0.0,,,12,13,0.923,,,,,,,,,20,,0
2576,21980,77710,Mike Newlin,NJN,New Jersey Nets,0028000931,1981-03-28,NJN vs. NYK,L,0,6,,,0.0,,,8,8,1.0,,,,,,,,,20,,0
2577,21980,76874,Rickey Green,UTH,Utah Jazz,0028000930,1981-03-28,UTH vs. LAL,W,0,7,,,0.0,,,6,8,0.75,,,,,,,,,20,,0
2578,21980,1381,John Long,DET,Detroit Pistons,0028000929,1981-03-28,DET @ WAS,L,0,8,,,0.0,,,4,4,1.0,,,,,,,,,20,,0
2579,21980,1381,John Long,DET,Detroit Pistons,0028000928,1981-03-27,DET @ BOS,W,0,9,,,0.0,,,2,2,1.0,,,,,,,,,20,,0
2580,21980,76539,Darryl Dawkins,PHL,Philadelphia 76ers,0028000925,1981-03-27,PHL @ CLE,W,0,8,,,0.0,,,4,7,0.571,,,,,,,,,20,,0
2581,21980,76095,Mike Bantom,IND,Indiana Pacers,0028000922,1981-03-27,IND vs. WAS,W,0,9,,,0.0,,,2,5,0.4,,,,,,,,,20,,0
2582,21980,78025,Dan Roundfield,ATL,Atlanta Hawks,0028000921,1981-03-27,ATL @ CHI,L,0,10,,,0.0,,,0,0,,,,,,,,,,20,,0
2583,21980,77829,Sam Pellom,ATL,Atlanta Hawks,0028000921,1981-03-27,ATL @ CHI,L,0,10,,,0.0,,,0,2,0.0,,,,,,,,,20,,0
2584,21980,77876,Kevin Porter,WAS,Washington Bullets,0028000922,1981-03-27,WAS @ IND,L,0,7,,,1.0,,,5,6,0.833,,,,,,,,,20,,0
2585,21980,77273,Reggie King,KCK,Kansas City Kings,0028000913,1981-03-25,KCK @ PHX,W,0,7,,,0.0,,,6,7,0.857,,,,,,,,,20,,0
2586,21980,77817,Billy Paultz,HOU,Houston Rockets,0028000912,1981-03-25,HOU vs. SAN,W,0,6,,,0.0,,,8,13,0.615,,,,,,,,,20,,0
2587,21980,77273,Reggie King,KCK,Kansas City Kings,0028000907,1981-03-24,KCK @ UTH,W,0,9,,,0.0,,,2,3,0.667,,,,,,,,,20,,0
2588,21980,77160,Marques Johnson,MIL,Milwaukee Bucks,0028000903,1981-03-24,MIL vs. NJN,W,0,9,,,0.0,,,2,4,0.5,,,,,,,,,20,,0
2589,21980,78331,Mychal Thompson,POR,Portland Trail Blazers,0028000902,1981-03-24,POR vs. PHX,W,0,7,,,0.0,,,6,6,1.0,,,,,,,,,20,,0
2590,21980,78532,Jamaal Wilkes,LAL,Los Angeles Lakers,0028000901,1981-03-24,LAL vs. GOS,W,0,9,,,0.0,,,2,2,1.0,,,,,,,,,20,,0
2591,21980,76583,James Donaldson,SEA,Seattle SuperSonics,0028000899,1981-03-22,SEA @ PHX,L,0,8,,,0.0,,,4,8,0.5,,,,,,,,,20,,0
2592,21980,77986,Cliff T. Robinson,NJN,New Jersey Nets,0028000898,1981-03-22,NJN vs. MIL,L,0,7,,,0.0,,,6,8,0.75,,,,,,,,,20,,0
2593,21980,77144,Eddie Johnson,ATL,Atlanta Hawks,0028000895,1981-03-22,ATL @ WAS,L,0,9,,,0.0,,,2,2,1.0,,,,,,,,,20,,0
2594,21980,78390,Terry Tyler,DET,Detroit Pistons,0028000890,1981-03-22,DET vs. CHI,L,0,9,,,0.0,,,2,5,0.4,,,,,,,,,20,,0
2595,21980,78310,Reggie Theus,CHI,Chicago Bulls,0028000890,1981-03-22,CHI @ DET,W,0,5,,,0.0,,,10,12,0.833,,,,,,,,,20,,0
2596,21980,78482,Scott Wedman,KCK,Kansas City Kings,0028000894,1981-03-22,KCK vs. HOU,L,0,8,,,2.0,,,2,3,0.667,,,,,,,,,20,,0
2597,21980,76753,World Free,GOS,Golden State Warriors,0028000888,1981-03-21,GOS vs. PHX,W,0,4,,,0.0,,,12,14,0.857,,,,,,,,,20,,0
2598,21980,76011,Alvan Adams,PHX,Phoenix Suns,0028000888,1981-03-21,PHX @ GOS,L,0,9,,,0.0,,,2,2,1.0,,,,,,,,,20,,0
2599,21980,77997,Bill Robinzine,DAL,Dallas Mavericks,0028000887,1981-03-21,DAL vs. UTH,W,0,10,,,0.0,,,0,0,,,,,,,,,,20,,0
2600,21980,76516,Brad Davis,DAL,Dallas Mavericks,0028000887,1981-03-21,DAL vs. UTH,W,0,7,,,0.0,,,6,6,1.0,,,,,,,,,20,,0
2601,21980,76435,Darwin Cook,NJN,New Jersey Nets,0028000882,1981-03-20,NJN vs. ATL,W,0,9,,,1.0,,,1,4,0.25,,,,,,,,,20,,0
2602,21980,77420,Maurice Lucas,NJN,New Jersey Nets,0028000882,1981-03-20,NJN vs. ATL,W,0,10,,,0.0,,,0,0,,,,,,,,,,20,,0
2603,21980,76804,George Gervin,SAN,San Antonio Spurs,0028000880,1981-03-20,SAN @ KCK,W,0,7,,,0.0,,,6,8,0.75,,,,,,,,,20,,0
2604,21980,76881,David Greenwood,CHI,Chicago Bulls,0028000874,1981-03-19,CHI @ CLE,W,0,8,,,0.0,,,4,6,0.667,,,,,,,,,20,,0
2605,21980,77582,Joe Meriweather,KCK,Kansas City Kings,0028000870,1981-03-18,KCK vs. DEN,L,0,8,,,0.0,,,4,6,0.667,,,,,,,,6.0,20,,0
2606,21980,77547,Billy McKinney,DEN,Denver Nuggets,0028000870,1981-03-18,DEN @ KCK,W,0,7,,,0.0,,,6,6,1.0,,,,,,,,,20,,0
2607,21980,77952,Micheal Ray Richardson,NYK,New York Knicks,0028000859,1981-03-17,NYK vs. IND,W,0,8,,,2.0,,,2,3,0.667,,,,,,,,,20,,0
2608,21980,78331,Mychal Thompson,POR,Portland Trail Blazers,0028000864,1981-03-17,POR vs. SDC,W,0,10,,,0.0,,,0,0,,,,,,,,,,20,,0
2609,21980,78215,Ricky Sobers,CHI,Chicago Bulls,0028000863,1981-03-17,CHI vs. MIL,W,0,8,,,0.0,,,4,5,0.8,,,,,,,,,20,,0
2610,21980,77160,Marques Johnson,MIL,Milwaukee Bucks,0028000863,1981-03-17,MIL @ CHI,L,0,8,,,0.0,,,4,5,0.8,,,,,,,,,20,,0
2611,21980,77167,Vinnie Johnson,SEA,Seattle SuperSonics,0028000861,1981-03-17,SEA @ DEN,L,0,8,,,0.0,,,4,5,0.8,,,,,,,,,20,,0
2612,21980,78571,Ray Williams,NYK,New York Knicks,0028000859,1981-03-17,NYK vs. IND,W,0,9,,,0.0,,,2,2,1.0,,,,,,,,,20,,0
2613,21980,77193,Bobby Jones,PHL,Philadelphia 76ers,0028000857,1981-03-17,PHL @ NJN,L,0,9,,,0.0,,,2,4,0.5,,,,,,,,,20,,0
2614,21980,77142,Magic Johnson,LAL,Los Angeles Lakers,0028000856,1981-03-15,LAL vs. SDC,L,0,4,,,0.0,,,12,13,0.923,,,,,,,,,20,,0
2615,21980,600014,Artis Gilmore,CHI,Chicago Bulls,0028000854,1981-03-15,CHI @ KCK,W,0,8,,,0.0,,,4,8,0.5,,,,,,,,,20,,0
2616,21980,77615,Mike Mitchell,CLE,Cleveland Cavaliers,0028000853,1981-03-15,CLE @ WAS,W,0,9,,,1.0,,,1,2,0.5,,,,,,,,,20,,0
2617,21980,76890,Darrell Griffith,UTH,Utah Jazz,0028000844,1981-03-14,UTH @ HOU,L,0,9,,,0.0,,,2,2,1.0,,,,,,,,,20,,0
2618,21980,76154,Kent Benson,DET,Detroit Pistons,0028000843,1981-03-13,DET vs. SEA,L,0,7,,,0.0,,,6,11,0.545,,,,,,,,,20,,0
2619,21980,77911,Kelvin Ransey,POR,Portland Trail Blazers,0028000842,1981-03-13,POR @ HOU,L,0,9,,,0.0,,,2,2,1.0,,,,,,,,,20,,0
2620,21980,77754,Mike O'Koren,NJN,New Jersey Nets,0028000838,1981-03-13,NJN @ CLE,W,0,9,,,0.0,,,2,2,1.0,,,,,,,,,20,,0
2621,21980,78047,Campy Russell,NYK,New York Knicks,0028000837,1981-03-13,NYK vs. CHI,W,0,7,,,0.0,,,6,9,0.667,,,,,,,,,20,,0
2622,21980,76296,Quinn Buckner,MIL,Milwaukee Bucks,0028000836,1981-03-13,MIL vs. PHL,W,0,8,,,0.0,,,4,4,1.0,,,,,,,,,20,,0
2623,21980,76252,Junior Bridgeman,MIL,Milwaukee Bucks,0028000835,1981-03-12,MIL vs. DEN,W,0,10,,,0.0,,,0,0,,,,,,,,,,20,,0
2624,21980,229,James Edwards,IND,Indiana Pacers,0028000834,1981-03-12,IND @ WAS,W,0,7,,,0.0,,,6,7,0.857,,,,,,,,,20,,0
2625,21980,77770,Louis Orr,IND,Indiana Pacers,0028000825,1981-03-10,IND vs. PHL,L,0,7,,,0.0,,,6,9,0.667,,,,,,,,,20,,0
2626,21980,77273,Reggie King,KCK,Kansas City Kings,0028000823,1981-03-10,KCK @ SDC,W,0,7,,,0.0,,,6,6,1.0,,,,,,,,,20,,0
2627,21980,78532,Jamaal Wilkes,LAL,Los Angeles Lakers,0028000820,1981-03-10,LAL vs. SAN,W,0,10,,,0.0,,,0,1,0.0,,,,,,,,,20,,0
2628,21980,78150,James Silas,SAN,San Antonio Spurs,0028000820,1981-03-10,SAN @ LAL,L,0,5,,,0.0,,,10,11,0.909,,,,,,,,,20,,0
2629,21980,77770,Louis Orr,IND,Indiana Pacers,0028000813,1981-03-08,IND vs. DEN,W,0,8,,,0.0,,,4,4,1.0,,,,,,,,,20,,0
2630,21980,78326,David Thompson,DEN,Denver Nuggets,0028000810,1981-03-07,DEN @ DET,W,0,9,,,0.0,,,2,2,1.0,,,,,,,,,20,,0
2631,21980,77144,Eddie Johnson,ATL,Atlanta Hawks,0028000809,1981-03-07,ATL vs. HOU,W,0,7,,,0.0,,,6,6,1.0,,,,,,,,,20,,0
2632,21980,77264,Bernard King,GOS,Golden State Warriors,0028000807,1981-03-07,GOS vs. SEA,W,0,9,,,0.0,,,2,4,0.5,,,,,,,,,20,,0
2633,21980,77152,John Johnson,SEA,Seattle SuperSonics,0028000807,1981-03-07,SEA @ GOS,L,0,8,,,0.0,,,4,4,1.0,,,,,,,,,20,,0
2634,21980,78468,Richard Washington,CLE,Cleveland Cavaliers,0028000805,1981-03-06,CLE @ SDC,L,0,8,,,1.0,,,3,4,0.75,,,,,,,,,20,,0
2635,21980,78331,Mychal Thompson,POR,Portland Trail Blazers,0028000806,1981-03-06,POR @ PHX,L,0,8,,,0.0,,,4,6,0.667,,,,,,,,,20,,0
2636,21980,77911,Kelvin Ransey,POR,Portland Trail Blazers,0028000806,1981-03-06,POR @ PHX,L,0,9,,,0.0,,,2,2,1.0,,,,,,,,,20,,0
2637,21980,76350,Kenny Carr,CLE,Cleveland Cavaliers,0028000805,1981-03-06,CLE @ SDC,L,0,7,,,0.0,,,6,6,1.0,,,,,,,,,20,,0
2638,21980,76979,Elvin Hayes,WAS,Washington Bullets,0028000802,1981-03-06,WAS @ HOU,W,0,9,,,0.0,,,2,2,1.0,,,,,,,,,20,,0
2639,21980,77420,Maurice Lucas,NJN,New Jersey Nets,0028000801,1981-03-06,NJN @ ATL,L,0,10,,,0.0,,,0,0,,,,,,,,,,20,,0
2640,21980,77144,Eddie Johnson,ATL,Atlanta Hawks,0028000801,1981-03-06,ATL vs. NJN,W,0,9,,,0.0,,,2,2,1.0,,,,,,,,,20,,0
2641,21980,77097,Dan Issel,DEN,Denver Nuggets,0028000798,1981-03-06,DEN @ PHL,L,0,9,,,0.0,,,2,2,1.0,,,,,,,,,20,,0
2642,21980,77043,Lionel Hollins,PHL,Philadelphia 76ers,0028000798,1981-03-06,PHL vs. DEN,W,0,10,,,0.0,,,0,2,0.0,,,,,,,,,20,,0
2643,21980,78390,Terry Tyler,DET,Detroit Pistons,0028000795,1981-03-05,DET vs. NYK,L,0,7,,,0.0,,,6,7,0.857,,,,,,,,,20,,0
2644,21980,77993,Truck Robinson,PHX,Phoenix Suns,0028000791,1981-03-04,PHX vs. CLE,W,0,9,,,0.0,,,2,5,0.4,,,,,,,,,20,,0
2645,21980,77669,Calvin Murphy,HOU,Houston Rockets,0028000789,1981-03-04,HOU vs. BOS,L,0,8,,,0.0,,,4,4,1.0,,,,,,,,,20,,0
2646,21980,77710,Mike Newlin,NJN,New Jersey Nets,0028000785,1981-03-03,NJN @ CHI,L,0,7,,,0.0,,,6,6,1.0,,,,,,,,,20,,0
2647,21980,77396,Scott Lloyd,DAL,Dallas Mavericks,0028000783,1981-03-03,DAL vs. BOS,L,0,9,,,0.0,,,2,2,1.0,,,,,,,,,20,,0
2648,21980,77141,Dennis Johnson,PHX,Phoenix Suns,0028000778,1981-03-01,PHX @ LAL,W,0,7,,,0.0,,,6,6,1.0,,,,,,,,,20,,0
2649,21980,77071,Phil Hubbard,DET,Detroit Pistons,0028000777,1981-03-01,DET @ NJN,W,0,8,,,0.0,,,4,4,1.0,,,,,,,,,20,,0
2650,21980,77936,Robert Reid,HOU,Houston Rockets,0028000775,1981-03-01,HOU @ SAN,L,0,10,,,0.0,,,0,0,,,,,,,,,,20,,0
2651,21980,77952,Micheal Ray Richardson,NYK,New York Knicks,0028000769,1981-02-28,NYK vs. CHI,L,0,8,,,0.0,,,4,8,0.5,,,,,,,,,20,,0
2652,21980,77246,Larry Kenon,CHI,Chicago Bulls,0028000769,1981-02-28,CHI @ NYK,W,0,10,,,0.0,,,0,0,,,,,,,,,,20,,0
2653,21980,78532,Jamaal Wilkes,LAL,Los Angeles Lakers,0028000764,1981-02-27,LAL vs. NJN,W,0,7,,,0.0,,,6,7,0.857,,,,,,,,,20,,0
2654,21980,77986,Cliff T. Robinson,NJN,New Jersey Nets,0028000764,1981-02-27,NJN @ LAL,L,0,7,,,0.0,,,6,8,0.75,,,,,,,,,20,,0
2655,21980,77193,Bobby Jones,PHL,Philadelphia 76ers,0028000762,1981-02-27,PHL @ UTH,W,0,9,,,0.0,,,2,5,0.4,,,,,,,,,20,,0
2656,21980,77876,Kevin Porter,WAS,Washington Bullets,0028000759,1981-02-27,WAS @ CHI,L,0,9,,,0.0,,,2,2,1.0,,,,,,,,,20,,0
2657,21980,77756,Mark Olberding,SAN,San Antonio Spurs,0028000757,1981-02-26,SAN vs. SEA,W,0,5,,,0.0,,,10,12,0.833,,,,,,,,,20,,0
2658,21980,76887,Kevin Grevey,WAS,Washington Bullets,0028000754,1981-02-25,WAS vs. NYK,W,0,8,,,0.0,,,4,4,1.0,,,,,,,,,20,,0
2659,21980,77986,Cliff T. Robinson,NJN,New Jersey Nets,0028000752,1981-02-25,NJN @ UTH,L,0,8,,,0.0,,,4,4,1.0,,,,,,,,,20,,0
2660,21980,78199,Phil Smith,SDC,San Diego Clippers,0028000746,1981-02-24,SDC @ POR,W,0,7,,,0.0,,,6,7,0.857,,,,,,,,,20,,0
2661,21980,78150,James Silas,SAN,San Antonio Spurs,0028000737,1981-02-22,SAN vs. DEN,W,0,5,,,0.0,,,10,14,0.714,,,,,,,,,20,,0
2662,21980,76091,Greg Ballard,WAS,Washington Bullets,0028000734,1981-02-22,WAS vs. MIL,L,0,9,,,0.0,,,2,3,0.667,,,,,,,,,20,,0
2663,21980,76736,Phil Ford,KCK,Kansas City Kings,0028000732,1981-02-21,KCK @ DEN,L,0,8,,,0.0,,,4,6,0.667,,,,,,,,,20,,0
2664,21980,77756,Mark Olberding,SAN,San Antonio Spurs,0028000725,1981-02-20,SAN @ IND,L,0,5,,,0.0,,,10,10,1.0,,,,,,,,,20,,0
2665,21980,77848,Roger Phegley,CLE,Cleveland Cavaliers,0028000720,1981-02-19,CLE vs. SAN,W,0,10,,,0.0,,,0,3,0.0,,,,,,,,,20,,0
2666,21980,78351,Andrew Toney,PHL,Philadelphia 76ers,0028000719,1981-02-19,PHL @ WAS,L,0,9,,,0.0,,,2,2,1.0,,,,,,,,,20,,0
2667,21980,76272,Fred Brown,SEA,Seattle SuperSonics,0028000713,1981-02-18,SEA vs. NYK,L,0,9,,,1.0,,,1,2,0.5,,,,,,,,,20,,0
2668,21980,77848,Roger Phegley,CLE,Cleveland Cavaliers,0028000716,1981-02-18,CLE @ NJN,L,0,9,,,0.0,,,2,2,1.0,,,,,,,,,20,,0
2669,21980,1381,John Long,DET,Detroit Pistons,0028000715,1981-02-18,DET @ PHL,L,0,9,,,0.0,,,2,4,0.5,,,,,,,,,20,,0
2670,21980,76598,John Drew,ATL,Atlanta Hawks,0028000711,1981-02-18,ATL @ IND,W,0,8,,,0.0,,,4,5,0.8,,,,,,,,,20,,0
2671,21980,77721,Norm Nixon,LAL,Los Angeles Lakers,0028000710,1981-02-17,LAL vs. NYK,W,0,9,,,0.0,,,2,3,0.667,,,,,,,,,20,,0
2672,21980,77819,Jim Paxson,POR,Portland Trail Blazers,0028000707,1981-02-17,POR @ WAS,W,0,8,,,0.0,,,4,4,1.0,,,,,,,,,20,,0
2673,21980,76353,Joe Barry Carroll,GOS,Golden State Warriors,0028000706,1981-02-17,GOS @ PHX,L,0,8,,,0.0,,,4,4,1.0,,,,,,,,,20,,0
2674,21980,77160,Marques Johnson,MIL,Milwaukee Bucks,0028000705,1981-02-17,MIL @ DAL,W,0,8,,,0.0,,,4,7,0.571,,,,,,,,,20,,0
2675,21980,77848,Roger Phegley,CLE,Cleveland Cavaliers,0028000703,1981-02-17,CLE vs. DET,W,0,9,,,0.0,,,2,2,1.0,,,,,,,,,20,,0
2676,21980,77721,Norm Nixon,LAL,Los Angeles Lakers,0028000701,1981-02-15,LAL vs. DAL,W,0,7,,,0.0,,,6,6,1.0,,,,,,,,,20,,0
2677,21980,78500,Paul Westphal,SEA,Seattle SuperSonics,0028000700,1981-02-15,SEA @ KCK,L,0,10,,,0.0,,,0,0,,,,,,,,,,20,,0
2678,21980,77273,Reggie King,KCK,Kansas City Kings,0028000700,1981-02-15,KCK vs. SEA,W,0,8,,,0.0,,,4,8,0.5,,,,,,,,,20,,0
2679,21980,76011,Alvan Adams,PHX,Phoenix Suns,0028000695,1981-02-15,PHX vs. NYK,L,0,9,,,0.0,,,2,3,0.667,,,,,,,,,20,,0
2680,21980,78149,Jack Sikma,SEA,Seattle SuperSonics,0028000693,1981-02-14,SEA @ CHI,L,0,6,,,0.0,,,8,9,0.889,,,,,,,,,20,,0
2681,21980,76881,David Greenwood,CHI,Chicago Bulls,0028000693,1981-02-14,CHI vs. SEA,W,0,9,,,0.0,,,2,2,1.0,,,,,,,,,20,,0
2682,21980,77997,Bill Robinzine,DAL,Dallas Mavericks,0028000692,1981-02-14,DAL vs. SAN,L,0,8,,,0.0,,,4,5,0.8,,,,,,,,,20,,0
2683,21980,77615,Mike Mitchell,CLE,Cleveland Cavaliers,0028000690,1981-02-14,CLE vs. GOS,W,0,9,,,0.0,,,2,4,0.5,,,,,,,,,20,,0
2684,21980,77626,Sidney Moncrief,MIL,Milwaukee Bucks,0028000689,1981-02-14,MIL @ HOU,W,0,5,,,0.0,,,10,12,0.833,,,,,,,,,20,,0
2685,21980,77160,Marques Johnson,MIL,Milwaukee Bucks,0028000689,1981-02-14,MIL @ HOU,W,0,10,,,0.0,,,0,2,0.0,,,,,,,,,20,,0
2686,21980,76673,Alex English,DEN,Denver Nuggets,0028000688,1981-02-13,DEN vs. POR,W,0,8,,,0.0,,,4,4,1.0,,,,,,,,,20,,0
2687,21980,77071,Phil Hubbard,DET,Detroit Pistons,0028000681,1981-02-13,DET @ NYK,L,0,10,,,0.0,,,0,1,0.0,,,,,,,,,20,,0
2688,21980,78047,Campy Russell,NYK,New York Knicks,0028000677,1981-02-12,NYK @ CLE,W,0,9,,,1.0,,,1,1,1.0,,,,,,,,,20,,0
2689,21980,77328,Tom LaGarde,DAL,Dallas Mavericks,0028000675,1981-02-11,DAL @ PHX,L,0,7,,,0.0,,,6,7,0.857,,,,,,,,,20,,0
2690,21980,77141,Dennis Johnson,PHX,Phoenix Suns,0028000675,1981-02-11,PHX vs. DAL,W,0,9,,,0.0,,,2,2,1.0,,,,,,,,,20,,0
2691,21980,76290,Joe Bryant,SDC,San Diego Clippers,0028000668,1981-02-10,SDC vs. PHX,L,0,6,,,0.0,,,8,8,1.0,,,,,,,,,20,,0
2692,21980,1453,Walter Davis,PHX,Phoenix Suns,0028000668,1981-02-10,PHX @ SDC,W,0,10,,,0.0,,,0,0,,,,,,,,,,20,,0
2693,21980,78390,Terry Tyler,DET,Detroit Pistons,0028000667,1981-02-10,DET @ DAL,W,0,9,,,0.0,,,2,4,0.5,,,,,,,,,20,,0
2694,21980,78149,Jack Sikma,SEA,Seattle SuperSonics,0028000665,1981-02-10,SEA vs. BOS,W,0,8,,,0.0,,,4,4,1.0,,,,,,,,,20,,0
2695,21980,77419,John Lucas,GOS,Golden State Warriors,0028000664,1981-02-10,GOS @ ATL,L,0,8,,,0.0,,,4,4,1.0,,,,,,,,,20,,0
2696,21980,76881,David Greenwood,CHI,Chicago Bulls,0028000660,1981-02-08,CHI @ MIL,L,0,9,,,0.0,,,2,2,1.0,,,,,,,,,20,,0
2697,21980,77952,Micheal Ray Richardson,NYK,New York Knicks,0028000657,1981-02-08,NYK @ NJN,W,0,7,,,0.0,,,6,8,0.75,,,,,,,,,20,,0
2698,21980,77420,Maurice Lucas,NJN,New Jersey Nets,0028000657,1981-02-08,NJN vs. NYK,L,0,10,,,0.0,,,0,0,,,,,,,,,,20,,0
2699,21980,77721,Norm Nixon,LAL,Los Angeles Lakers,0028000655,1981-02-08,LAL @ PHL,L,0,8,,,0.0,,,4,4,1.0,,,,,,,,,20,,0
2700,21980,78531,Bob Wilkerson,CHI,Chicago Bulls,0028000648,1981-02-07,CHI vs. DET,W,0,9,,,0.0,,,2,3,0.667,,,,,,,,,20,,0
2701,21980,77071,Phil Hubbard,DET,Detroit Pistons,0028000648,1981-02-07,DET @ CHI,L,0,6,,,0.0,,,8,9,0.889,,,,,,,,,20,,0
2702,21980,78351,Andrew Toney,PHL,Philadelphia 76ers,0028000646,1981-02-06,PHL vs. SDC,W,0,3,,,0.0,,,14,17,0.824,,,,,,,,,20,,0
2703,21980,78047,Campy Russell,NYK,New York Knicks,0028000645,1981-02-06,NYK @ CHI,W,0,8,,,0.0,,,4,4,1.0,,,,,,,,,20,,0
2704,21980,77848,Roger Phegley,CLE,Cleveland Cavaliers,0028000637,1981-02-06,CLE vs. MIL,L,0,7,,,0.0,,,6,8,0.75,,,,,,,,6.0,20,,0
2705,21980,78199,Phil Smith,SDC,San Diego Clippers,0028000646,1981-02-06,SDC @ PHL,L,0,9,,,2.0,,,0,0,,,,,,,,,,20,,0
2706,21980,77160,Marques Johnson,MIL,Milwaukee Bucks,0028000636,1981-02-05,MIL vs. BOS,W,0,9,,,0.0,,,2,2,1.0,,,,,,,,,20,,0
2707,21980,76054,Nate Archibald,BOS,Boston Celtics,0028000636,1981-02-05,BOS @ MIL,L,0,6,,,0.0,,,8,10,0.8,,,,,,,,,20,,0
2708,21980,76444,Michael Cooper,LAL,Los Angeles Lakers,0028000634,1981-02-04,LAL @ IND,W,0,9,,,0.0,,,2,3,0.667,,,,,,,,,20,,0
2709,21980,76095,Mike Bantom,IND,Indiana Pacers,0028000634,1981-02-04,IND vs. LAL,L,0,8,,,0.0,,,4,5,0.8,,,,,,,,,20,,0
2710,21980,78310,Reggie Theus,CHI,Chicago Bulls,0028000627,1981-02-04,CHI @ CLE,W,0,6,,,0.0,,,8,9,0.889,,,,,,,,,20,,0
2711,21980,78326,David Thompson,DEN,Denver Nuggets,0028000622,1981-02-03,DEN @ HOU,L,0,7,,,1.0,,,5,6,0.833,,,,,,,,6.0,20,,0
2712,21980,77936,Robert Reid,HOU,Houston Rockets,0028000622,1981-02-03,HOU vs. DEN,W,0,8,,,0.0,,,4,4,1.0,,,,,,,,,20,,0
2713,21980,77952,Micheal Ray Richardson,NYK,New York Knicks,0028000619,1981-02-03,NYK vs. SDC,W,0,9,,,0.0,,,2,2,1.0,,,,,,,,,20,,0
2714,21980,76170,Otis Birdsong,KCK,Kansas City Kings,0028000613,1981-01-29,KCK @ LAL,L,0,9,,,1.0,,,1,2,0.5,,,,,,,,,20,,0
2715,21980,78199,Phil Smith,SDC,San Diego Clippers,0028000617,1981-01-29,SDC vs. POR,L,0,10,,,0.0,,,0,0,,,,,,,,,,20,,0
2716,21980,78068,Dewayne Scales,NYK,New York Knicks,0028000611,1981-01-29,NYK @ ATL,W,0,9,,,0.0,,,2,2,1.0,,,,,,,,,20,,0
2717,21980,76296,Quinn Buckner,MIL,Milwaukee Bucks,0028000609,1981-01-28,MIL @ SEA,W,0,8,,,0.0,,,4,5,0.8,,,,,,,,,20,,0
2718,21980,77710,Mike Newlin,NJN,New Jersey Nets,0028000607,1981-01-28,NJN @ HOU,L,0,9,,,0.0,,,2,4,0.5,,,,,,,,,20,,0
2719,21980,77532,George McGinnis,IND,Indiana Pacers,0028000605,1981-01-28,IND vs. GOS,W,0,7,,,0.0,,,6,7,0.857,,,,,,,,,20,,0
2720,21980,77873,Ben Poquette,UTH,Utah Jazz,0028000598,1981-01-27,UTH @ LAL,L,0,8,,,1.0,,,3,5,0.6,,,,,,,,,20,,0
2721,21980,77273,Reggie King,KCK,Kansas City Kings,0028000602,1981-01-27,KCK @ SDC,L,0,8,,,0.0,,,4,5,0.8,,,,,,,,,20,,0
2722,21980,77848,Roger Phegley,CLE,Cleveland Cavaliers,0028000600,1981-01-27,CLE vs. IND,W,0,8,,,0.0,,,4,5,0.8,,,,,,,,,20,,0
2723,21980,77721,Norm Nixon,LAL,Los Angeles Lakers,0028000598,1981-01-27,LAL vs. UTH,W,0,10,,,0.0,,,0,0,,,,,12.0,,,,,20,,0
2724,21980,77087,Geoff Huston,DAL,Dallas Mavericks,0028000597,1981-01-27,DAL vs. NJN,L,0,6,,,0.0,,,8,11,0.727,,,,,,,,,20,,0
2725,21980,76887,Kevin Grevey,WAS,Washington Bullets,0028000601,1981-01-27,WAS @ ATL,W,0,8,,,1.0,,,3,4,0.75,,,,,,,,,20,,0
2726,21980,77010,Keith Herron,DET,Detroit Pistons,0028000594,1981-01-26,DET @ UTH,L,0,9,,,1.0,,,1,1,1.0,,,,,,,,,20,,0
2727,21980,78331,Mychal Thompson,POR,Portland Trail Blazers,0028000596,1981-01-26,POR @ LAL,L,0,8,,,0.0,,,4,6,0.667,,,,,,,,,20,,0
2728,21980,78571,Ray Williams,NYK,New York Knicks,0028000595,1981-01-26,NYK vs. PHX,L,0,7,,,0.0,,,6,6,1.0,,,,,,,,6.0,20,,0
2729,21980,77141,Dennis Johnson,PHX,Phoenix Suns,0028000595,1981-01-26,PHX @ NYK,W,0,6,,,0.0,,,8,11,0.727,,,,,,,,,20,,0
2730,21980,78150,James Silas,SAN,San Antonio Spurs,0028000592,1981-01-25,SAN @ POR,L,0,8,,,0.0,,,4,4,1.0,,,,,,,,,20,,0
2731,21980,77876,Kevin Porter,WAS,Washington Bullets,0028000591,1981-01-25,WAS @ NJN,W,0,6,,,0.0,,,8,11,0.727,,,,,,,,,20,,0
2732,21980,76890,Darrell Griffith,UTH,Utah Jazz,0028000589,1981-01-24,UTH @ HOU,L,0,9,,,0.0,,,2,2,1.0,,,,,,,,,20,,0
2733,21980,78149,Jack Sikma,SEA,Seattle SuperSonics,0028000577,1981-01-23,SEA @ WAS,L,0,10,,,0.0,,,0,1,0.0,,,,,,,,,20,,0
2734,21980,77193,Bobby Jones,PHL,Philadelphia 76ers,0028000573,1981-01-22,PHL @ WAS,W,0,9,,,0.0,,,2,2,1.0,,,,,,,,,20,,0
2735,21980,76362,Bill Cartwright,NYK,New York Knicks,0028000572,1981-01-22,NYK @ SDC,W,0,9,,,0.0,,,2,5,0.4,,,,,,,,,20,,0
2736,21980,77710,Mike Newlin,NJN,New Jersey Nets,0028000571,1981-01-22,NJN @ CLE,L,0,8,,,0.0,,,4,4,1.0,,,,,,,,,20,,0
2737,21980,77182,Dwight Jones,CHI,Chicago Bulls,0028000570,1981-01-22,CHI @ DET,W,0,7,,,0.0,,,6,6,1.0,,,,,,,,,20,,0
2738,21980,77010,Keith Herron,DET,Detroit Pistons,0028000570,1981-01-22,DET vs. CHI,L,0,6,,,0.0,,,8,8,1.0,,,,,,,,,20,,0
2739,21980,78199,Phil Smith,SDC,San Diego Clippers,0028000572,1981-01-22,SDC vs. NYK,L,0,8,,,0.0,,,4,5,0.8,,,,,,,,,20,,0
2740,21980,1449,Larry Bird,BOS,Boston Celtics,0028000565,1981-01-21,BOS vs. UTH,W,0,9,,,1.0,,,1,1,1.0,,,,,,,,,20,,0
2741,21980,77721,Norm Nixon,LAL,Los Angeles Lakers,0028000566,1981-01-21,LAL vs. ATL,W,0,10,,,0.0,,,0,0,,,,,,,,,,20,,0
2742,21980,77786,Tom Owens,POR,Portland Trail Blazers,0028000559,1981-01-20,POR @ CLE,L,0,8,,,0.0,,,4,4,1.0,,,,,,,,,20,,0
2743,21980,77010,Keith Herron,DET,Detroit Pistons,0028000554,1981-01-19,DET @ BOS,L,0,10,,,0.0,,,0,0,,,,,,,,,,20,,0
2744,21980,77710,Mike Newlin,NJN,New Jersey Nets,0028000553,1981-01-18,NJN @ WAS,L,0,8,,,0.0,,,4,4,1.0,,,,,,,,,20,,0
2745,21980,77993,Truck Robinson,PHX,Phoenix Suns,0028000551,1981-01-18,PHX vs. ATL,W,0,8,,,0.0,,,4,10,0.4,,,,,,,,,20,,0
2746,21980,77420,Maurice Lucas,NJN,New Jersey Nets,0028000543,1981-01-17,NJN @ DET,W,0,8,,,0.0,,,4,7,0.571,,,,,,,,,20,,0
2747,21980,76154,Kent Benson,DET,Detroit Pistons,0028000543,1981-01-17,DET vs. NJN,L,0,6,,,0.0,,,8,8,1.0,,,,,,,,,20,,0
2748,21980,76736,Phil Ford,KCK,Kansas City Kings,0028000537,1981-01-16,KCK @ MIL,L,0,6,,,1.0,,,7,9,0.778,,,,,,,,,20,,0
2749,21980,77911,Kelvin Ransey,POR,Portland Trail Blazers,0028000539,1981-01-16,POR @ CHI,W,0,9,,,0.0,,,2,3,0.667,,,,,,,,,20,,0
2750,21980,77162,Ollie Johnson,PHL,Philadelphia 76ers,0028000538,1981-01-16,PHL vs. CLE,W,0,7,,,0.0,,,6,8,0.75,,,,,,,,,20,,0
2751,21980,77582,Joe Meriweather,KCK,Kansas City Kings,0028000537,1981-01-16,KCK @ MIL,L,0,9,,,0.0,,,2,6,0.333,,,,,,,,,20,,0
2752,21980,229,James Edwards,IND,Indiana Pacers,0028000534,1981-01-16,IND vs. SEA,L,0,10,,,0.0,,,0,0,,,,,,,,,,20,,0
2753,21980,78025,Dan Roundfield,ATL,Atlanta Hawks,0028000533,1981-01-16,ATL @ GOS,W,0,4,,,0.0,,,12,13,0.923,,,,,,,,,20,,0
2754,21980,77324,Mitch Kupchak,WAS,Washington Bullets,0028000528,1981-01-14,WAS vs. LAL,W,0,7,,,0.0,,,6,9,0.667,,,,,,,,,20,,0
2755,21980,76170,Otis Birdsong,KCK,Kansas City Kings,0028000527,1981-01-14,KCK vs. POR,L,0,9,,,0.0,,,2,2,1.0,,,,,,,,,20,,0
2756,21980,77246,Larry Kenon,CHI,Chicago Bulls,0028000520,1981-01-14,CHI @ HOU,L,0,9,,,0.0,,,2,3,0.667,,,,,,,,,20,,0
2757,21980,78200,Randy Smith,CLE,Cleveland Cavaliers,0028000516,1981-01-13,CLE vs. LAL,L,0,9,,,0.0,,,2,2,1.0,,,,,,,,,20,,0
2758,21980,78326,David Thompson,DEN,Denver Nuggets,0028000514,1981-01-13,DEN vs. ATL,W,0,7,,,0.0,,,6,8,0.75,,,,,,,,,20,,0
2759,21980,76736,Phil Ford,KCK,Kansas City Kings,0028000508,1981-01-11,KCK vs. SDC,L,0,5,,,1.0,,,9,9,1.0,,,,,,,,,20,,0
2760,21980,77419,John Lucas,GOS,Golden State Warriors,0028000512,1981-01-11,GOS @ SEA,W,0,9,,,0.0,,,2,2,1.0,,,,,,,,,20,,0
2761,21980,77264,Bernard King,GOS,Golden State Warriors,0028000512,1981-01-11,GOS @ SEA,W,0,8,,,0.0,,,4,5,0.8,,,,,,,,,20,,0
2762,21980,76753,World Free,GOS,Golden State Warriors,0028000512,1981-01-11,GOS @ SEA,W,0,6,,,0.0,,,8,11,0.727,,,,,,,,,20,,0
2763,21980,77721,Norm Nixon,LAL,Los Angeles Lakers,0028000511,1981-01-11,LAL vs. DET,W,0,8,,,0.0,,,4,6,0.667,,,,,,,,,20,,0
2764,21980,77689,Swen Nater,SDC,San Diego Clippers,0028000508,1981-01-11,SDC @ KCK,W,0,8,,,0.0,,,4,4,1.0,,,,,,,,,20,,0
2765,21980,78600,Brian Winters,MIL,Milwaukee Bucks,0028000507,1981-01-10,MIL @ IND,L,0,10,,,0.0,,,0,0,,,,,,,,,,20,,0
2766,21980,78222,Jim Spanarkel,DAL,Dallas Mavericks,0028000506,1981-01-10,DAL vs. WAS,L,0,8,,,0.0,,,4,6,0.667,,,,,,,,,20,,0
2767,21980,77087,Geoff Huston,DAL,Dallas Mavericks,0028000506,1981-01-10,DAL vs. WAS,L,0,9,,,0.0,,,2,4,0.5,,,,,,,,,20,,0
2768,21980,76736,Phil Ford,KCK,Kansas City Kings,0028000504,1981-01-10,KCK @ UTH,W,0,6,,,0.0,,,8,8,1.0,,,,,,,,,20,,0
2769,21980,78215,Ricky Sobers,CHI,Chicago Bulls,0028000499,1981-01-10,CHI vs. PHL,L,0,8,,,0.0,,,4,4,1.0,,,,,,,,,20,,0
2770,21980,78468,Richard Washington,CLE,Cleveland Cavaliers,0028000497,1981-01-09,CLE @ ATL,W,0,8,,,0.0,,,4,4,1.0,,,,,,,,,20,,0
2771,21980,78519,Charles Whitney,KCK,Kansas City Kings,0028000491,1981-01-08,KCK vs. WAS,W,0,9,,,0.0,,,2,2,1.0,,,,,,,,,20,,0
2772,21980,77273,Reggie King,KCK,Kansas City Kings,0028000491,1981-01-08,KCK vs. WAS,W,0,9,,,0.0,,,2,4,0.5,,,,,,,,,20,,0
2773,21980,77997,Bill Robinzine,DAL,Dallas Mavericks,0028000490,1981-01-08,DAL @ UTH,L,0,9,,,0.0,,,2,5,0.4,,,,,,,,,20,,0
2774,21980,77160,Marques Johnson,MIL,Milwaukee Bucks,0028000489,1981-01-08,MIL vs. ATL,W,0,7,,,0.0,,,6,8,0.75,,,,,,,,,20,,0
2775,21980,76598,John Drew,ATL,Atlanta Hawks,0028000489,1981-01-08,ATL @ MIL,L,0,9,,,0.0,,,2,2,1.0,,,,,,,,,20,,0
2776,21980,76887,Kevin Grevey,WAS,Washington Bullets,0028000491,1981-01-08,WAS @ KCK,L,0,8,,,2.0,,,2,2,1.0,,,,,,,,,20,,0
2777,21980,77273,Reggie King,KCK,Kansas City Kings,0028000487,1981-01-07,KCK @ HOU,W,0,7,,,0.0,,,6,8,0.75,,,,,,,,,20,,0
2778,21980,76085,James Bailey,SEA,Seattle SuperSonics,0028000486,1981-01-07,SEA vs. DET,W,0,8,,,0.0,,,4,5,0.8,,,,,,,,,20,,0
2779,21980,76526,Johnny Davis,IND,Indiana Pacers,0028000484,1981-01-07,IND vs. NJN,W,0,8,,,0.0,,,4,5,0.8,,,,,,,,,20,,0
2780,21980,78150,James Silas,SAN,San Antonio Spurs,0028000483,1981-01-07,SAN @ PHL,L,0,7,,,0.0,,,6,7,0.857,,,,,,,,,20,,0
2781,21980,76681,Julius Erving,PHL,Philadelphia 76ers,0028000483,1981-01-07,PHL vs. SAN,W,0,8,,,0.0,,,4,5,0.8,,,,,,,,,20,,0
2782,21980,76353,Joe Barry Carroll,GOS,Golden State Warriors,0028000481,1981-01-07,GOS vs. DAL,L,0,8,,,0.0,,,4,6,0.667,,,,,,,,6.0,20,,0
2783,21980,78331,Mychal Thompson,POR,Portland Trail Blazers,0028000479,1981-01-06,POR vs. DET,W,0,7,,,0.0,,,6,6,1.0,,,,,,,,,20,,0
2784,21980,77986,Cliff T. Robinson,NJN,New Jersey Nets,0028000478,1981-01-06,NJN @ MIL,L,0,9,,,0.0,,,2,6,0.333,,,,,,,,,20,,0
2785,21980,77710,Mike Newlin,NJN,New Jersey Nets,0028000478,1981-01-06,NJN @ MIL,L,0,7,,,0.0,,,6,8,0.75,,,,,,,,,20,,0
2786,21980,77952,Micheal Ray Richardson,NYK,New York Knicks,0028000477,1981-01-06,NYK vs. SAN,L,0,7,,,0.0,,,6,9,0.667,,,,,,,,,20,,0
2787,21980,78548,Freeman Williams,SDC,San Diego Clippers,0028000475,1981-01-06,SDC @ CHI,L,0,10,,,0.0,,,0,0,,,,,,,,,,20,,0
2788,21980,78548,Freeman Williams,SDC,San Diego Clippers,0028000472,1981-01-04,SDC @ MIL,L,0,7,,,1.0,,,5,8,0.625,,,,,,,,,20,,0
2789,21980,77160,Marques Johnson,MIL,Milwaukee Bucks,0028000472,1981-01-04,MIL vs. SDC,W,0,8,,,0.0,,,4,5,0.8,,,,,,,,,20,,0
2790,21980,78404,Kiki Vandeweghe,DEN,Denver Nuggets,0028000470,1981-01-03,DEN @ HOU,W,0,8,,,0.0,,,4,4,1.0,,,,,,,,,20,,0
2791,21980,76874,Rickey Green,UTH,Utah Jazz,0028000469,1981-01-03,UTH vs. POR,W,0,8,,,0.0,,,4,5,0.8,,,,,,,,,20,,0
2792,21980,76353,Joe Barry Carroll,GOS,Golden State Warriors,0028000463,1981-01-02,GOS vs. BOS,W,0,7,,,0.0,,,6,7,0.857,,,,,,,,,20,,0
2793,21980,78571,Ray Williams,NYK,New York Knicks,0028000461,1981-01-02,NYK @ DET,L,0,7,,,0.0,,,6,8,0.75,,,,,,,,,20,,0
2794,21980,77010,Keith Herron,DET,Detroit Pistons,0028000461,1981-01-02,DET vs. NYK,W,0,9,,,0.0,,,2,2,1.0,,,,,,,,,20,,0
2795,21980,77141,Dennis Johnson,PHX,Phoenix Suns,0028000458,1981-01-02,PHX @ DEN,W,0,8,,,0.0,,,4,4,1.0,,,,,,,,,20,,0
2796,21980,77936,Robert Reid,HOU,Houston Rockets,0028000456,1981-01-02,HOU @ DAL,W,0,8,,,0.0,,,4,4,1.0,,,,,,,,,20,,0
2797,21980,77873,Ben Poquette,UTH,Utah Jazz,0028000453,1981-01-01,UTH @ HOU,L,0,9,,,0.0,,,2,3,0.667,,,,,,,,,20,,0
2798,21980,77669,Calvin Murphy,HOU,Houston Rockets,0028000453,1981-01-01,HOU vs. UTH,W,0,9,,,0.0,,,2,2,1.0,,,,,,,,,20,,0
2799,21980,77689,Swen Nater,SDC,San Diego Clippers,0028000452,1981-01-01,SDC vs. BOS,L,0,8,,,0.0,,,4,4,1.0,,,,,,,,,20,,0
2800,21980,76353,Joe Barry Carroll,GOS,Golden State Warriors,0028000447,1980-12-30,GOS @ KCK,W,0,7,,,0.0,,,6,9,0.667,,,,,,,,,20,,0
2801,21980,78310,Reggie Theus,CHI,Chicago Bulls,0028000444,1980-12-30,CHI vs. NJN,W,0,7,,,0.0,,,6,7,0.857,,,,,,,,,20,,0
2802,21980,76822,Mike Glenn,NYK,New York Knicks,0028000440,1980-12-30,NYK vs. DAL,W,0,10,,,0.0,,,0,0,,,,,,,,,,20,,0
2803,21980,76887,Kevin Grevey,WAS,Washington Bullets,0028000441,1980-12-30,WAS vs. MIL,L,0,7,,,2.0,,,4,4,1.0,,,,,,,,,20,,0
2804,21980,76095,Mike Bantom,IND,Indiana Pacers,0028000603,1980-12-27,IND @ SDC,L,0,7,,,0.0,,,6,12,0.5,,,,,,,,,20,,0
2805,21980,77273,Reggie King,KCK,Kansas City Kings,0028000435,1980-12-27,KCK @ NYK,L,0,8,,,0.0,,,4,8,0.5,,,,,,,,,20,,0
2806,21980,76681,Julius Erving,PHL,Philadelphia 76ers,0028000434,1980-12-27,PHL @ DEN,L,0,5,,,0.0,,,10,11,0.909,,,,,,,,,20,,0
2807,21980,77487,Cedric Maxwell,BOS,Boston Celtics,0028000431,1980-12-27,BOS @ ATL,W,0,8,,,0.0,,,4,5,0.8,,,,,,,,,20,,0
2808,21980,1449,Larry Bird,BOS,Boston Celtics,0028000431,1980-12-27,BOS @ ATL,W,0,10,,,0.0,,,0,0,,,,,,,,,,20,,0
2809,21980,78149,Jack Sikma,SEA,Seattle SuperSonics,0028000430,1980-12-27,SEA @ GOS,L,0,8,,,0.0,,,4,5,0.8,,,,,,,,,20,,0
2810,21980,76154,Kent Benson,DET,Detroit Pistons,0028000429,1980-12-27,DET @ CHI,L,0,8,,,0.0,,,4,7,0.571,,,,,,,,,20,,0
2811,21980,78310,Reggie Theus,CHI,Chicago Bulls,0028000423,1980-12-26,CHI @ CLE,W,0,7,,,1.0,,,5,6,0.833,,,,,,,,,20,,0
2812,21980,78351,Andrew Toney,PHL,Philadelphia 76ers,0028000424,1980-12-26,PHL @ KCK,W,0,7,,,0.0,,,6,8,0.75,,,,,,,,,20,,0
2813,21980,76154,Kent Benson,DET,Detroit Pistons,0028000422,1980-12-26,DET vs. HOU,L,0,10,,,0.0,,,0,0,,,,,,,,,,20,,0
2814,21980,77126,Abdul Jeelani,DAL,Dallas Mavericks,0028000421,1980-12-26,DAL vs. DEN,W,0,6,,,0.0,,,8,9,0.889,,,,,,,,,20,,0
2815,21980,77993,Truck Robinson,PHX,Phoenix Suns,0028000418,1980-12-25,PHX vs. SAN,W,0,8,,,0.0,,,4,5,0.8,,,,,,,,,20,,0
2816,21980,1453,Walter Davis,PHX,Phoenix Suns,0028000418,1980-12-25,PHX vs. SAN,W,0,9,,,0.0,,,2,3,0.667,,,,,,,,,20,,0
2817,21980,76353,Joe Barry Carroll,GOS,Golden State Warriors,0028000417,1980-12-25,GOS @ POR,L,0,6,,,0.0,,,8,11,0.727,,,,,,,,,20,,0
2818,21980,76011,Alvan Adams,PHX,Phoenix Suns,0028000409,1980-12-23,PHX vs. DET,W,0,6,,,0.0,,,8,8,1.0,,,,,,,,,20,,0
2819,21980,600014,Artis Gilmore,CHI,Chicago Bulls,0028000408,1980-12-23,CHI vs. NYK,W,0,7,,,0.0,,,6,6,1.0,,,,,,,,,20,,0
2820,21980,76011,Alvan Adams,PHX,Phoenix Suns,0028000406,1980-12-22,PHX @ SEA,W,0,7,,,0.0,,,6,6,1.0,,,,,,,,,20,,0
2821,21980,76483,Pat Cummings,MIL,Milwaukee Bucks,0028000403,1980-12-21,MIL vs. HOU,W,0,9,,,0.0,,,2,3,0.667,,,,,,,,,20,,0
2822,21980,76804,George Gervin,SAN,San Antonio Spurs,0028000402,1980-12-21,SAN @ LAL,L,0,10,,,0.0,,,0,0,,,,,,,,,,20,,0
2823,21980,78139,Purvis Short,GOS,Golden State Warriors,0028000396,1980-12-20,GOS @ DAL,W,0,10,,,0.0,,,0,0,,,,,,,,,,20,,0
2824,21980,77087,Geoff Huston,DAL,Dallas Mavericks,0028000396,1980-12-20,DAL vs. GOS,L,0,8,,,0.0,,,4,6,0.667,,,,,,,,,20,,0
2825,21980,78215,Ricky Sobers,CHI,Chicago Bulls,0028000395,1980-12-20,CHI vs. HOU,W,0,7,,,0.0,,,6,6,1.0,,,,,,,,,20,,0
2826,21980,77246,Larry Kenon,CHI,Chicago Bulls,0028000393,1980-12-19,CHI vs. MIL,W,0,7,,,0.0,,,6,7,0.857,,,,,,,,,20,,0
2827,21980,77710,Mike Newlin,NJN,New Jersey Nets,0028000392,1980-12-19,NJN @ PHL,L,0,8,,,0.0,,,4,4,1.0,,,,,,,,,20,,0
2828,21980,77618,Steve Mix,PHL,Philadelphia 76ers,0028000392,1980-12-19,PHL vs. NJN,W,0,7,,,0.0,,,6,7,0.857,,,,,,,,,20,,0
2829,21980,77420,Maurice Lucas,NJN,New Jersey Nets,0028000392,1980-12-19,NJN @ PHL,L,0,7,,,0.0,,,6,6,1.0,,,,,,,,,20,,0
2830,21980,78149,Jack Sikma,SEA,Seattle SuperSonics,0028000391,1980-12-19,SEA vs. ATL,W,0,7,,,0.0,,,6,7,0.857,,,,,,,,,20,,0
2831,21980,78571,Ray Williams,NYK,New York Knicks,0028000388,1980-12-19,NYK @ WAS,W,0,6,,,0.0,,,8,11,0.727,,,,,,,,,20,,0
2832,21980,76362,Bill Cartwright,NYK,New York Knicks,0028000388,1980-12-19,NYK @ WAS,W,0,8,,,0.0,,,4,4,1.0,,,,,,,,,20,,0
2833,21980,76091,Greg Ballard,WAS,Washington Bullets,0028000388,1980-12-19,WAS vs. NYK,L,0,8,,,0.0,,,4,5,0.8,,,,,,,,,20,,0
2834,21980,77911,Kelvin Ransey,POR,Portland Trail Blazers,0028000387,1980-12-19,POR @ LAL,W,0,8,,,0.0,,,4,4,1.0,,,,,,,,,20,,0
2835,21980,76673,Alex English,DEN,Denver Nuggets,0028000383,1980-12-18,DEN @ CLE,L,0,10,,,0.0,,,0,0,,,,,,,,,,20,,0
2836,21980,78025,Dan Roundfield,ATL,Atlanta Hawks,0028000382,1980-12-18,ATL @ UTH,W,0,8,,,0.0,,,4,6,0.667,,,,,,,,,20,,0
2837,21980,78326,David Thompson,DEN,Denver Nuggets,0028000383,1980-12-18,DEN @ CLE,L,0,8,,,1.0,,,3,5,0.6,,,,,,,,,20,,0
2838,21980,77615,Mike Mitchell,CLE,Cleveland Cavaliers,0028000378,1980-12-17,CLE @ PHL,L,0,9,,,0.0,,,2,3,0.667,,,,,,,,,20,,0
2839,21980,78548,Freeman Williams,SDC,San Diego Clippers,0028000369,1980-12-16,SDC vs. LAL,W,0,9,,,1.0,,,1,2,0.5,,,,,,,,,20,,0
2840,21980,76266,Michael Brooks,SDC,San Diego Clippers,0028000362,1980-12-14,SDC vs. SEA,W,0,10,,,0.0,,,0,0,,,,,,,,,,20,,0
2841,21980,78025,Dan Roundfield,ATL,Atlanta Hawks,0028000361,1980-12-13,ATL vs. MIL,W,0,9,,,0.0,,,2,4,0.5,,,,,,,,,20,,0
2842,21980,229,James Edwards,IND,Indiana Pacers,0028000359,1980-12-13,IND @ WAS,L,0,9,,,0.0,,,2,3,0.667,,,,,,,,,20,,0
2843,21980,78482,Scott Wedman,KCK,Kansas City Kings,0028000358,1980-12-13,KCK vs. DAL,W,0,9,,,0.0,,,2,4,0.5,,,,,,,,,20,,0
2844,21980,77997,Bill Robinzine,DAL,Dallas Mavericks,0028000358,1980-12-13,DAL @ KCK,L,0,7,,,0.0,,,6,8,0.75,,,,,,,,,20,,0
2845,21980,76736,Phil Ford,KCK,Kansas City Kings,0028000358,1980-12-13,KCK vs. DAL,W,0,5,,,0.0,,,10,13,0.769,,,,,,,,,20,,0
2846,21980,78296,Brian Taylor,SDC,San Diego Clippers,0028000353,1980-12-12,SDC @ DAL,L,0,9,,,1.0,,,1,2,0.5,,,,,,,,,20,,0
2847,21980,77087,Geoff Huston,DAL,Dallas Mavericks,0028000353,1980-12-12,DAL vs. SDC,W,0,9,,,0.0,,,2,2,1.0,,,,,,,,,20,,0
2848,21980,77848,Roger Phegley,CLE,Cleveland Cavaliers,0028000349,1980-12-12,CLE @ DET,L,0,9,,,0.0,,,2,3,0.667,,,,,,,,,20,,0
2849,21980,77626,Sidney Moncrief,MIL,Milwaukee Bucks,0028000346,1980-12-11,MIL vs. NYK,W,0,8,,,0.0,,,4,5,0.8,,,,,,,,,20,,0
2850,21980,76822,Mike Glenn,NYK,New York Knicks,0028000346,1980-12-11,NYK @ MIL,L,0,9,,,0.0,,,2,2,1.0,,,,,,,,,20,,0
2851,21980,78310,Reggie Theus,CHI,Chicago Bulls,0028000342,1980-12-10,CHI @ PHL,L,0,6,,,0.0,,,8,11,0.727,,,,,,,,,20,,0
2852,21980,77097,Dan Issel,DEN,Denver Nuggets,0028000341,1980-12-10,DEN vs. DAL,W,0,6,,,0.0,,,8,8,1.0,,,,,,,,,20,,0
2853,21980,76887,Kevin Grevey,WAS,Washington Bullets,0028000338,1980-12-10,WAS vs. BOS,L,0,10,,,0.0,,,0,1,0.0,,,,,,,,,20,,0
2854,21980,76170,Otis Birdsong,KCK,Kansas City Kings,0028000337,1980-12-10,KCK vs. SDC,W,0,8,,,0.0,,,4,4,1.0,,,,,,,,,20,,0
2855,21980,78150,James Silas,SAN,San Antonio Spurs,0028000334,1980-12-09,SAN @ UTH,W,0,8,,,0.0,,,4,4,1.0,,,,,,,,,20,,0
2856,21980,1449,Larry Bird,BOS,Boston Celtics,0028000330,1980-12-09,BOS vs. MIL,W,0,10,,,0.0,,,0,0,,,,,,,,,,20,,0
2857,21980,78532,Jamaal Wilkes,LAL,Los Angeles Lakers,0028000329,1980-12-09,LAL @ DAL,W,0,9,,,0.0,,,2,2,1.0,,,,,,,,,20,,0
2858,21980,77911,Kelvin Ransey,POR,Portland Trail Blazers,0028000325,1980-12-07,POR vs. SAN,W,0,10,,,0.0,,,0,2,0.0,,,,,,,,,20,,0
2859,21980,76526,Johnny Davis,IND,Indiana Pacers,0028000319,1980-12-06,IND vs. KCK,W,0,9,,,0.0,,,2,2,1.0,,,,,,,,,20,,0
2860,21980,305,Robert Parish,BOS,Boston Celtics,0028000310,1980-12-05,BOS vs. DAL,W,0,10,,,0.0,,,0,0,,,,,,,,,,20,,0
2861,21980,77669,Calvin Murphy,HOU,Houston Rockets,0028000308,1980-12-05,HOU @ KCK,L,0,6,,,0.0,,,8,8,1.0,,,,,,,,,20,,0
2862,21980,78326,David Thompson,DEN,Denver Nuggets,0028000305,1980-12-04,DEN @ UTH,L,0,8,,,0.0,,,4,5,0.8,,,,,,,,,20,,0
2863,21980,77633,Johnny Moore,SAN,San Antonio Spurs,0028000304,1980-12-04,SAN vs. CLE,W,0,8,,,0.0,,,4,4,1.0,,,,,,,,,20,,0
2864,21980,77324,Mitch Kupchak,WAS,Washington Bullets,0028000301,1980-12-03,WAS @ IND,L,0,6,,,0.0,,,8,9,0.889,,,,,,,,,20,,0
2865,21980,76095,Mike Bantom,IND,Indiana Pacers,0028000301,1980-12-03,IND vs. WAS,W,0,9,,,0.0,,,2,2,1.0,,,,,,,,,20,,0
2866,21980,76085,James Bailey,SEA,Seattle SuperSonics,0028000299,1980-12-03,SEA vs. CHI,W,0,8,,,0.0,,,4,4,1.0,,,,,,,,,20,,0
2867,21980,77264,Bernard King,GOS,Golden State Warriors,0028000298,1980-12-03,GOS vs. NJN,W,0,9,,,0.0,,,2,3,0.667,,,,,,,,,20,,0
2868,21980,77689,Swen Nater,SDC,San Diego Clippers,0028000296,1980-12-03,SDC @ LAL,W,0,10,,,0.0,,,0,0,,,,,,,,,,20,,0
2869,21980,78350,Rudy Tomjanovich,HOU,Houston Rockets,0028000302,1980-12-03,HOU vs. CLE,W,0,9,,,1.0,,,1,2,0.5,,,,,,,,,20,,0
2870,21980,77010,Keith Herron,DET,Detroit Pistons,0028000292,1980-12-02,DET vs. BOS,L,0,8,,,0.0,,,4,4,1.0,,,,,,,,,20,,0
2871,21980,77148,George Johnson,IND,Indiana Pacers,0028000291,1980-12-02,IND @ NYK,W,0,10,,,0.0,,,0,0,,,,,,,,,,20,,0
2872,21980,77911,Kelvin Ransey,POR,Portland Trail Blazers,0028000290,1980-12-02,POR vs. NJN,L,0,9,,,0.0,,,2,2,1.0,,,,,,,,,20,,0
2873,21980,77420,Maurice Lucas,NJN,New Jersey Nets,0028000290,1980-12-02,NJN @ POR,W,0,9,,,0.0,,,2,4,0.5,,,,,,,,,20,,0
2874,21980,76296,Quinn Buckner,MIL,Milwaukee Bucks,0028000289,1980-12-02,MIL vs. UTH,W,0,6,,,0.0,,,8,8,1.0,,,,,,,,,20,,0
2875,21980,78215,Ricky Sobers,CHI,Chicago Bulls,0028000286,1980-12-02,CHI @ DEN,W,0,7,,,0.0,,,6,7,0.857,,,,,,,,,20,,0
2876,21980,77097,Dan Issel,DEN,Denver Nuggets,0028000286,1980-12-02,DEN vs. CHI,L,0,7,,,0.0,,,6,7,0.857,,,,,,,,,20,,0
2877,21980,76881,David Greenwood,CHI,Chicago Bulls,0028000286,1980-12-02,CHI @ DEN,W,0,8,,,0.0,,,4,6,0.667,,,,,,,,6.0,20,,0
2878,21980,76296,Quinn Buckner,MIL,Milwaukee Bucks,0028000283,1980-11-30,MIL vs. BOS,W,0,8,,,0.0,,,4,8,0.5,,,,,,,,,20,,0
2879,21980,77167,Vinnie Johnson,SEA,Seattle SuperSonics,0028000282,1980-11-30,SEA vs. NJN,W,0,8,,,0.0,,,4,6,0.667,,,,,,,,,20,,0
2880,21980,77152,John Johnson,SEA,Seattle SuperSonics,0028000282,1980-11-30,SEA vs. NJN,W,0,8,,,0.0,,,4,4,1.0,,,,,,,,,20,,0
2881,21980,77419,John Lucas,GOS,Golden State Warriors,0028000281,1980-11-30,GOS @ SDC,L,0,9,,,0.0,,,2,2,1.0,,,,,,,,,20,,0
2882,21980,77952,Micheal Ray Richardson,NYK,New York Knicks,0028000274,1980-11-29,NYK vs. POR,W,0,7,,,1.0,,,5,6,0.833,,,,,,,,,20,,0
2883,21980,78392,Wes Unseld,WAS,Washington Bullets,0028000278,1980-11-29,WAS vs. MIL,W,0,8,,,0.0,,,4,4,1.0,,,,,,,,,20,,0
2884,21980,77449,Moses Malone,HOU,Houston Rockets,0028000276,1980-11-29,HOU vs. DAL,W,0,10,,,0.0,,,0,2,0.0,,,,,,,,,20,,0
2885,21980,76353,Joe Barry Carroll,GOS,Golden State Warriors,0028000275,1980-11-29,GOS vs. PHX,L,0,8,,,0.0,,,4,6,0.667,,,,,,,,,20,,0
2886,21980,78351,Andrew Toney,PHL,Philadelphia 76ers,0028000273,1980-11-29,PHL vs. UTH,W,0,9,,,0.0,,,2,2,1.0,,,,,,,,,20,,0
2887,21980,1450,Kevin McHale,BOS,Boston Celtics,0028000268,1980-11-28,BOS vs. NYK,W,0,9,,,0.0,,,2,2,1.0,,,,,,,,,20,,0
2888,21980,78331,Mychal Thompson,POR,Portland Trail Blazers,0028000269,1980-11-28,POR @ PHL,L,0,7,,,0.0,,,6,11,0.545,,,,,,,,6.0,20,,0
2889,21980,77420,Maurice Lucas,NJN,New Jersey Nets,0028000266,1980-11-28,NJN vs. UTH,W,0,6,,,0.0,,,8,9,0.889,,,,,,,,,20,,0
2890,21980,76598,John Drew,ATL,Atlanta Hawks,0028000265,1980-11-28,ATL @ MIL,L,0,6,,,0.0,,,8,14,0.571,,,,,,,,,20,,0
2891,21980,77071,Phil Hubbard,DET,Detroit Pistons,0028000263,1980-11-28,DET vs. KCK,W,0,8,,,0.0,,,4,7,0.571,,,,,,,,,20,,0
2892,21980,78310,Reggie Theus,CHI,Chicago Bulls,0028000262,1980-11-28,CHI @ PHX,L,0,5,,,0.0,,,10,12,0.833,,,,,,,,6.0,20,,0
2893,21980,78310,Reggie Theus,CHI,Chicago Bulls,0028000259,1980-11-26,CHI @ SAN,L,0,6,,,1.0,,,7,8,0.875,,,,,,,,,20,,0
2894,21980,77097,Dan Issel,DEN,Denver Nuggets,0028000258,1980-11-26,DEN vs. SDC,W,0,7,,,0.0,,,6,7,0.857,,,,,,,,,20,,0
2895,21980,76350,Kenny Carr,CLE,Cleveland Cavaliers,0028000253,1980-11-26,CLE vs. NYK,L,0,9,,,0.0,,,2,2,1.0,,,,,,,,,20,,0
2896,21980,78222,Jim Spanarkel,DAL,Dallas Mavericks,0028000248,1980-11-25,DAL vs. PHL,L,0,8,,,0.0,,,4,5,0.8,,,,,,,,,20,,0
2897,21980,78326,David Thompson,DEN,Denver Nuggets,0028000247,1980-11-25,DEN @ SDC,L,0,8,,,0.0,,,4,7,0.571,,,,,,,,,20,,0
2898,21980,77097,Dan Issel,DEN,Denver Nuggets,0028000247,1980-11-25,DEN @ SDC,L,0,7,,,0.0,,,6,11,0.545,,,,,,,,,20,,0
2899,21980,77819,Jim Paxson,POR,Portland Trail Blazers,0028000246,1980-11-23,POR vs. DAL,W,0,8,,,0.0,,,4,4,1.0,,,,,,,,,20,,0
2900,21980,77786,Tom Owens,POR,Portland Trail Blazers,0028000246,1980-11-23,POR vs. DAL,W,0,7,,,0.0,,,6,8,0.75,,,,,,,,,20,,0
2901,21980,76881,David Greenwood,CHI,Chicago Bulls,0028000242,1980-11-22,CHI vs. WAS,W,0,8,,,0.0,,,4,5,0.8,,,,,,,,,20,,0
2902,21980,76598,John Drew,ATL,Atlanta Hawks,0028000241,1980-11-22,ATL vs. UTH,W,0,9,,,0.0,,,2,2,1.0,,,,,,,,,20,,0
2903,21980,76362,Bill Cartwright,NYK,New York Knicks,0028000240,1980-11-22,NYK vs. GOS,L,0,5,,,0.0,,,10,14,0.714,,,,,,,,,20,,0
2904,21980,76353,Joe Barry Carroll,GOS,Golden State Warriors,0028000240,1980-11-22,GOS @ NYK,W,0,9,,,0.0,,,2,3,0.667,,,,,,,,,20,,0
2905,21980,77689,Swen Nater,SDC,San Diego Clippers,0028000235,1980-11-21,SDC @ WAS,L,0,8,,,0.0,,,4,5,0.8,,,,,,,,,20,,0
2906,21980,77264,Bernard King,GOS,Golden State Warriors,0028000234,1980-11-21,GOS @ BOS,L,0,8,,,0.0,,,4,4,1.0,,,,,,,,,20,,0
2907,21980,78149,Jack Sikma,SEA,Seattle SuperSonics,0028000233,1980-11-21,SEA @ DAL,W,0,9,,,0.0,,,2,4,0.5,,,,,,,,,20,,0
2908,21980,77087,Geoff Huston,DAL,Dallas Mavericks,0028000233,1980-11-21,DAL vs. SEA,L,0,9,,,0.0,,,2,7,0.286,,,,,,,,,20,,0
2909,21980,77097,Dan Issel,DEN,Denver Nuggets,0028000231,1980-11-21,DEN vs. KCK,W,0,8,,,0.0,,,4,5,0.8,,,,,,,,,20,,0
2910,21980,77721,Norm Nixon,LAL,Los Angeles Lakers,0028000225,1980-11-20,LAL @ PHX,L,0,9,,,0.0,,,2,2,1.0,,,,,,,,,20,,0
2911,21980,1453,Walter Davis,PHX,Phoenix Suns,0028000225,1980-11-20,PHX vs. LAL,W,0,9,,,0.0,,,2,2,1.0,,,,,,,,,20,,0
2912,21980,76881,David Greenwood,CHI,Chicago Bulls,0028000217,1980-11-18,CHI vs. BOS,L,0,8,,,0.0,,,4,5,0.8,,,,,,,,,20,,0
2913,21980,76266,Michael Brooks,SDC,San Diego Clippers,0028000215,1980-11-18,SDC @ CLE,L,0,8,,,0.0,,,4,5,0.8,,,,,,,,,20,,0
2914,21980,78149,Jack Sikma,SEA,Seattle SuperSonics,0028000211,1980-11-18,SEA @ HOU,L,0,8,,,0.0,,,4,4,1.0,,,,,,,,,20,,0
2915,21980,77669,Calvin Murphy,HOU,Houston Rockets,0028000211,1980-11-18,HOU vs. SEA,W,0,10,,,0.0,,,0,0,,,,,,,,,,20,,0
2916,21980,76673,Alex English,DEN,Denver Nuggets,0028000210,1980-11-18,DEN @ POR,L,0,9,,,0.0,,,2,3,0.667,,,,,,,,,20,,0
2917,21980,78331,Mychal Thompson,POR,Portland Trail Blazers,0028000209,1980-11-16,POR @ PHX,L,0,8,,,0.0,,,4,8,0.5,,,,,,,,,20,,0
2918,21980,77246,Larry Kenon,CHI,Chicago Bulls,0028000208,1980-11-16,CHI @ MIL,W,0,10,,,0.0,,,0,2,0.0,,,,,,,,,20,,0
2919,21980,77160,Marques Johnson,MIL,Milwaukee Bucks,0028000208,1980-11-16,MIL vs. CHI,L,0,8,,,0.0,,,4,4,1.0,,,,,,,,,20,,0
2920,21980,76416,Art Collins,ATL,Atlanta Hawks,0028000198,1980-11-15,ATL vs. WAS,L,0,8,,,,,,4,4,1.0,,,,,,,,,20,,0
2921,21980,78519,Charles Whitney,KCK,Kansas City Kings,0028000203,1980-11-15,KCK @ SDC,W,0,9,,,0.0,,,2,2,1.0,,,,,,,,,20,,0
2922,21980,78199,Phil Smith,SDC,San Diego Clippers,0028000203,1980-11-15,SDC vs. KCK,L,0,9,,,0.0,,,2,3,0.667,,,,,,,,,20,,0
2923,21980,78350,Rudy Tomjanovich,HOU,Houston Rockets,0028000200,1980-11-15,HOU @ SEA,L,0,10,,,0.0,,,0,1,0.0,,,,,,,,,20,,0
2924,21980,76272,Fred Brown,SEA,Seattle SuperSonics,0028000200,1980-11-15,SEA vs. HOU,W,0,7,,,0.0,,,6,7,0.857,,,,,,,,,20,,0
2925,21980,76154,Kent Benson,DET,Detroit Pistons,0028000195,1980-11-14,DET vs. CHI,W,0,8,,,0.0,,,4,5,0.8,,,,,,,,,20,,0
2926,21980,77770,Louis Orr,IND,Indiana Pacers,0028000189,1980-11-13,IND vs. PHL,L,0,7,,,0.0,,,6,9,0.667,,,,,,,,,20,,0
2927,21980,78200,Randy Smith,CLE,Cleveland Cavaliers,0028000188,1980-11-13,CLE vs. ATL,W,0,10,,,0.0,,,0,0,,,,,,,,,,20,,0
2928,21980,77689,Swen Nater,SDC,San Diego Clippers,0028000187,1980-11-13,SDC vs. SAN,L,0,8,,,0.0,,,4,5,0.8,,,,,,,,,20,,0
2929,21980,77022,Johnny High,PHX,Phoenix Suns,0028000182,1980-11-12,PHX vs. SAN,W,0,9,,,0.0,,,2,4,0.5,,,,,,,,,20,,0
2930,21980,78000,John Roche,DEN,Denver Nuggets,0028000181,1980-11-12,DEN @ NJN,L,0,7,,,0.0,,,6,6,1.0,,,,,,,,,20,,0
2931,21980,78326,David Thompson,DEN,Denver Nuggets,0028000175,1980-11-11,DEN @ WAS,L,0,7,,,1.0,,,5,6,0.833,,,,,,,,,20,,0
2932,21980,76539,Darryl Dawkins,PHL,Philadelphia 76ers,0028000177,1980-11-11,PHL @ CHI,W,0,10,,,0.0,,,0,0,,,,,,,,,,20,,0
2933,21980,77691,Calvin Natt,POR,Portland Trail Blazers,0028000173,1980-11-11,POR vs. KCK,L,0,9,,,0.0,,,2,2,1.0,,,,,,,,,20,,0
2934,21980,78350,Rudy Tomjanovich,HOU,Houston Rockets,0028000170,1980-11-11,HOU @ DAL,W,0,10,,,0.0,,,0,0,,,,,,,,,,20,,0
2935,21980,77168,Mickey Johnson,MIL,Milwaukee Bucks,0028000168,1980-11-09,MIL vs. PHL,L,0,7,,,0.0,,,6,6,1.0,,,,,,,,,20,,0
2936,21980,77487,Cedric Maxwell,BOS,Boston Celtics,0028000167,1980-11-09,BOS vs. CHI,W,0,9,,,0.0,,,2,2,1.0,,,,,,,,,20,,0
2937,21980,77691,Calvin Natt,POR,Portland Trail Blazers,0028000165,1980-11-08,POR vs. SDC,L,0,8,,,0.0,,,4,6,0.667,,,,,,,,6.0,20,,0
2938,21980,77010,Keith Herron,DET,Detroit Pistons,0028000158,1980-11-08,DET vs. DAL,W,0,9,,,0.0,,,2,3,0.667,,,,,,,,,20,,0
2939,21980,77273,Reggie King,KCK,Kansas City Kings,0028000157,1980-11-07,KCK @ PHL,L,0,10,,,0.0,,,0,0,,,,,,,,,,20,,0
2940,21980,76252,Junior Bridgeman,MIL,Milwaukee Bucks,0028000155,1980-11-07,MIL @ BOS,W,0,9,,,0.0,,,2,2,1.0,,,,,,,,,20,,0
2941,21980,77167,Vinnie Johnson,SEA,Seattle SuperSonics,0028000154,1980-11-07,SEA vs. SDC,W,0,9,,,0.0,,,2,2,1.0,,,,,,,,,20,,0
2942,21980,76418,Don Collins,ATL,Atlanta Hawks,0028000153,1980-11-07,ATL @ CHI,L,0,8,,,0.0,,,4,5,0.8,,,,,,,,6.0,20,,0
2943,21980,77239,Greg Kelser,DET,Detroit Pistons,0028000151,1980-11-07,DET @ WAS,L,0,8,,,0.0,,,4,4,1.0,,,,,,,,,20,,0
2944,21980,76733,Chris Ford,BOS,Boston Celtics,0028000145,1980-11-05,BOS vs. ATL,W,0,9,,,1.0,,,1,2,0.5,,,,,,,,,20,,0
2945,21980,77490,Scott May,CHI,Chicago Bulls,0028000147,1980-11-05,CHI @ NJN,W,0,7,,,0.0,,,6,10,0.6,,,,,,,,,20,,0
2946,21980,77936,Robert Reid,HOU,Houston Rockets,0028000141,1980-11-05,HOU vs. SDC,L,0,8,,,0.0,,,4,6,0.667,,,,,,,,6.0,20,,0
2947,21980,76252,Junior Bridgeman,MIL,Milwaukee Bucks,0028000139,1980-11-04,MIL vs. DET,L,0,9,,,0.0,,,2,2,1.0,,,,,,,,,20,,0
2948,21980,77142,Magic Johnson,LAL,Los Angeles Lakers,0028000138,1980-11-04,LAL vs. POR,W,0,9,,,0.0,,,2,3,0.667,,,,,,,,,20,,0
2949,21980,76890,Darrell Griffith,UTH,Utah Jazz,0028000135,1980-11-04,UTH vs. KCK,W,0,10,,,0.0,,,0,0,,,,,,,,,,20,,0
2950,21980,76526,Johnny Davis,IND,Indiana Pacers,0028000132,1980-11-02,IND @ MIL,L,0,8,,,0.0,,,4,8,0.5,,,,,,,,,20,,0
2951,21980,76296,Quinn Buckner,MIL,Milwaukee Bucks,0028000132,1980-11-02,MIL vs. IND,W,0,9,,,0.0,,,2,2,1.0,,,,,,,,,20,,0
2952,21980,600014,Artis Gilmore,CHI,Chicago Bulls,0028000125,1980-11-01,CHI vs. DET,W,0,9,,,0.0,,,2,2,1.0,,,,,,,,,20,,0
2953,21980,78133,Lonnie Shelton,SEA,Seattle SuperSonics,0028000124,1980-11-01,SEA @ DEN,L,0,8,,,0.0,,,4,8,0.5,,,,,,,,,20,,0
2954,21980,77952,Micheal Ray Richardson,NYK,New York Knicks,0028000123,1980-11-01,NYK vs. WAS,W,0,6,,,0.0,,,8,8,1.0,,,,,,,,,20,,0
2955,21980,76231,Dudley Bradley,IND,Indiana Pacers,0028000121,1980-11-01,IND vs. NJN,W,0,8,,,0.0,,,4,6,0.667,,,,,,,,,20,,0
2956,21980,76598,John Drew,ATL,Atlanta Hawks,0028000111,1980-10-30,ATL @ NYK,L,0,8,,,0.0,,,4,6,0.667,,,,,,,,,20,,0
2957,21980,76539,Darryl Dawkins,PHL,Philadelphia 76ers,0028000104,1980-10-29,PHL vs. CHI,W,0,8,,,0.0,,,4,6,0.667,,,,,,,,6.0,20,,0
2958,21980,78047,Campy Russell,NYK,New York Knicks,0028000102,1980-10-29,NYK @ IND,L,0,9,,,0.0,,,2,3,0.667,,,,,,,,,20,,0
2959,21980,76362,Bill Cartwright,NYK,New York Knicks,0028000102,1980-10-29,NYK @ IND,L,0,10,,,0.0,,,0,3,0.0,,,,,,,,,20,,0
2960,21980,76753,World Free,GOS,Golden State Warriors,0028000101,1980-10-28,GOS @ SEA,L,0,6,,,0.0,,,8,10,0.8,,,,,,,,6.0,20,,0
2961,21980,77710,Mike Newlin,NJN,New Jersey Nets,0028000090,1980-10-25,NJN @ NYK,L,0,8,,,0.0,,,4,4,1.0,,,,,,,,,20,,0
2962,21980,77010,Keith Herron,DET,Detroit Pistons,0028000089,1980-10-25,DET @ HOU,W,0,9,,,0.0,,,2,3,0.667,,,,,,,,,20,,0
2963,21980,76154,Kent Benson,DET,Detroit Pistons,0028000089,1980-10-25,DET @ HOU,W,0,8,,,0.0,,,4,5,0.8,,,,,,,,,20,,0
2964,21980,76890,Darrell Griffith,UTH,Utah Jazz,0028000088,1980-10-25,UTH vs. LAL,L,0,10,,,0.0,,,0,2,0.0,,,,,,,,,20,,0
2965,21980,76500,Bob Dandridge,WAS,Washington Bullets,0028000087,1980-10-25,WAS vs. BOS,L,0,10,,,0.0,,,0,0,,,,,,,,,,20,,0
2966,21980,76753,World Free,GOS,Golden State Warriors,0028000085,1980-10-25,GOS vs. DAL,W,0,6,,,0.0,,,8,11,0.727,,,,,,,,,20,,0
2967,21980,76890,Darrell Griffith,UTH,Utah Jazz,0028000077,1980-10-24,UTH @ SDC,L,0,10,,,0.0,,,0,0,,,,,,,,,,20,,0
2968,21980,76266,Michael Brooks,SDC,San Diego Clippers,0028000077,1980-10-24,SDC vs. UTH,W,0,8,,,0.0,,,4,4,1.0,,,,,,,,,20,,0
2969,21980,76095,Mike Bantom,IND,Indiana Pacers,0028000068,1980-10-22,IND vs. MIL,L,0,5,,,0.0,,,10,12,0.833,,,,,,,,,20,,0
2970,21980,77484,Wes Matthews,WAS,Washington Bullets,0028000067,1980-10-22,WAS vs. CLE,W,0,9,,,0.0,,,2,2,1.0,,,,,,,,,20,,0
2971,21980,76500,Bob Dandridge,WAS,Washington Bullets,0028000067,1980-10-22,WAS vs. CLE,W,0,8,,,0.0,,,4,4,1.0,,,,,,,,,20,,0
2972,21980,77419,John Lucas,GOS,Golden State Warriors,0028000062,1980-10-21,GOS @ KCK,W,0,8,,,0.0,,,4,5,0.8,,,,,,,,,20,,0
2973,21980,76598,John Drew,ATL,Atlanta Hawks,0028000060,1980-10-21,ATL vs. IND,L,0,8,,,0.0,,,4,4,1.0,,,,,,,,,20,,0
2974,21980,78222,Jim Spanarkel,DAL,Dallas Mavericks,0028000059,1980-10-21,DAL @ PHX,L,0,6,,,0.0,,,8,10,0.8,,,,,,,,,20,,0
2975,21980,77141,Dennis Johnson,PHX,Phoenix Suns,0028000056,1980-10-19,PHX @ SDC,W,0,5,,,0.0,,,10,13,0.769,,,,,,,,,20,,0
2976,21980,76979,Elvin Hayes,WAS,Washington Bullets,0028000050,1980-10-18,WAS @ PHL,L,0,6,,,0.0,,,8,11,0.727,,,,,,,,,20,,0
2977,21980,78482,Scott Wedman,KCK,Kansas City Kings,0028000049,1980-10-18,KCK vs. SEA,L,0,10,,,0.0,,,0,0,,,,,,,,,6.0,20,,0
2978,21980,76804,George Gervin,SAN,San Antonio Spurs,0028000047,1980-10-18,SAN vs. DAL,W,0,9,,,0.0,,,2,2,1.0,,,,,,,,,20,,0
2979,21980,77710,Mike Newlin,NJN,New Jersey Nets,0028000043,1980-10-17,NJN @ WAS,W,0,8,,,0.0,,,4,4,1.0,,,,,,,,,20,,0
2980,21980,78467,Kermit Washington,POR,Portland Trail Blazers,0028000042,1980-10-17,POR vs. HOU,L,0,9,,,0.0,,,2,3,0.667,,,,,,,,,20,,0
2981,21980,77142,Magic Johnson,LAL,Los Angeles Lakers,0028000032,1980-10-15,LAL @ KCK,W,0,8,,,0.0,,,4,8,0.5,,,,,,,,,20,,0
2982,21980,76736,Phil Ford,KCK,Kansas City Kings,0028000032,1980-10-15,KCK vs. LAL,L,0,5,,,0.0,,,10,11,0.909,,,,,,,,,20,,0
2983,21980,77952,Micheal Ray Richardson,NYK,New York Knicks,0028000027,1980-10-14,NYK vs. PHL,W,0,10,,,0.0,,,0,0,,,,,,,,,,20,,0
2984,21980,78532,Jamaal Wilkes,LAL,Los Angeles Lakers,0028000019,1980-10-12,LAL vs. HOU,W,0,9,,,0.0,,,2,2,1.0,,,,,,,,,20,,0
2985,21980,77264,Bernard King,GOS,Golden State Warriors,0028000015,1980-10-11,GOS vs. SDC,W,0,8,,,0.0,,,4,10,0.4,,,,,,,,,20,,0
2986,21980,76170,Otis Birdsong,KCK,Kansas City Kings,0028000017,1980-10-11,KCK vs. UTH,W,0,7,,,0.0,,,6,10,0.6,,,,,,,,,20,,0
2987,21980,78025,Dan Roundfield,ATL,Atlanta Hawks,0028000013,1980-10-11,ATL vs. CHI,W,0,8,,,0.0,,,4,6,0.667,,,,,,,,,20,,0
2988,21980,77615,Mike Mitchell,CLE,Cleveland Cavaliers,0028000012,1980-10-11,CLE vs. NJN,L,0,9,,,0.0,,,2,4,0.5,,,,,,,,,20,,0
2989,21980,77193,Bobby Jones,PHL,Philadelphia 76ers,0028000003,1980-10-10,PHL vs. MIL,L,0,5,,,0.0,,,10,12,0.833,,,,,,,,,20,,0
2990,21980,77097,Dan Issel,DEN,Denver Nuggets,0028000002,1980-10-10,DEN vs. SAN,L,0,6,,,0.0,,,8,12,0.667,,,,,,,,,20,,0
2991,21980,78149,Jack Sikma,SEA,Seattle SuperSonics,0028000939,1981-03-29,SEA vs. GOS,W,0,8,,,0.0,,,3,4,0.75,,,,,,,,,19,,0
2992,21980,77998,Dave Robisch,DEN,Denver Nuggets,0028000933,1981-03-29,DEN @ LAL,W,0,7,,,0.0,,,5,6,0.833,,,,,,,,,19,,0
2993,21980,77689,Swen Nater,SDC,San Diego Clippers,0028000941,1981-03-29,SDC vs. POR,L,0,6,,,0.0,,,7,8,0.875,,,,,,,,,19,,0
2994,21980,76771,Mike Gale,POR,Portland Trail Blazers,0028000941,1981-03-29,POR @ SDC,W,0,8,,,0.0,,,3,3,1.0,,,,,,,,,19,,0
2995,21980,78331,Mychal Thompson,POR,Portland Trail Blazers,0028000941,1981-03-29,POR @ SDC,W,0,8,,,0.0,,,3,6,0.5,,,,,,,,,19,,0
2996,21980,76681,Julius Erving,PHL,Philadelphia 76ers,0028000937,1981-03-29,PHL @ BOS,L,0,9,,,0.0,,,1,1,1.0,,,,,,,,,19,,0
2997,21980,78571,Ray Williams,NYK,New York Knicks,0028000940,1981-03-29,NYK vs. NJN,W,0,7,,,0.0,,,5,5,1.0,,,,,,,,,19,,0
2998,21980,76353,Joe Barry Carroll,GOS,Golden State Warriors,0028000932,1981-03-28,GOS vs. DEN,L,0,9,,,0.0,,,1,3,0.333,,,,,,,,,19,,0
2999,21980,78532,Jamaal Wilkes,LAL,Los Angeles Lakers,0028000930,1981-03-28,LAL @ UTH,L,0,9,,,0.0,,,1,2,0.5,,,,,,,,,19,,0
3000,21980,76154,Kent Benson,DET,Detroit Pistons,0028000928,1981-03-27,DET @ BOS,W,0,9,,,0.0,,,1,2,0.5,,,,,,,,,19,,0
3001,21980,78468,Richard Washington,CLE,Cleveland Cavaliers,0028000925,1981-03-27,CLE vs. PHL,L,0,9,,,0.0,,,1,2,0.5,,,,,,,,,19,,0
3002,21980,77936,Robert Reid,HOU,Houston Rockets,0028000923,1981-03-27,HOU vs. KCK,W,0,8,,,0.0,,,3,4,0.75,,,,,,,,,19,,0
3003,21980,78310,Reggie Theus,CHI,Chicago Bulls,0028000921,1981-03-27,CHI vs. ATL,W,0,7,,,0.0,,,5,6,0.833,,,,,,,,,19,,0
3004,21980,600005,Bob Lanier,MIL,Milwaukee Bucks,0028000918,1981-03-26,MIL vs. CLE,W,0,9,,,0.0,,,1,2,0.5,,,,,,,,,19,,0
3005,21980,77710,Mike Newlin,NJN,New Jersey Nets,0028000916,1981-03-25,NJN vs. BOS,L,0,8,,,0.0,,,3,4,0.75,,,,,,,,,19,,0
3006,21980,77141,Dennis Johnson,PHX,Phoenix Suns,0028000913,1981-03-25,PHX vs. KCK,L,0,8,,,0.0,,,3,4,0.75,,,,,,,,,19,,0
3007,21980,78326,David Thompson,DEN,Denver Nuggets,0028000909,1981-03-24,DEN @ SAN,W,0,7,,,0.0,,,5,6,0.833,,,,,,,,,19,,0
3008,21980,77163,Reggie Johnson,SAN,San Antonio Spurs,0028000909,1981-03-24,SAN vs. DEN,L,0,9,,,0.0,,,1,2,0.5,,,,,,,,6.0,19,,0
3009,21980,77328,Tom LaGarde,DAL,Dallas Mavericks,0028000906,1981-03-24,DAL vs. HOU,L,0,7,,,0.0,,,5,10,0.5,,,,,,,,,19,,0
3010,21980,76516,Brad Davis,DAL,Dallas Mavericks,0028000906,1981-03-24,DAL vs. HOU,L,0,6,,,0.0,,,7,8,0.875,,,,,,,,,19,,0
3011,21980,76583,James Donaldson,SEA,Seattle SuperSonics,0028000904,1981-03-24,SEA @ SDC,L,0,7,,,0.0,,,5,6,0.833,,,,,,,,,19,,0
3012,21980,77710,Mike Newlin,NJN,New Jersey Nets,0028000903,1981-03-24,NJN @ MIL,L,0,8,,,0.0,,,3,4,0.75,,,,,,,,,19,,0
3013,21980,77993,Truck Robinson,PHX,Phoenix Suns,0028000902,1981-03-24,PHX @ POR,L,0,8,,,0.0,,,3,5,0.6,,,,,,,,,19,,0
3014,21980,76686,Mike Evans,MIL,Milwaukee Bucks,0028000898,1981-03-22,MIL @ NJN,W,0,9,,,0.0,,,1,2,0.5,,,,,,,,,19,,0
3015,21980,77669,Calvin Murphy,HOU,Houston Rockets,0028000894,1981-03-22,HOU @ KCK,W,0,6,,,0.0,,,7,7,1.0,,,,,,,,,19,,0
3016,21980,77998,Dave Robisch,DEN,Denver Nuggets,0028000893,1981-03-22,DEN vs. UTH,W,0,8,,,0.0,,,3,3,1.0,,,,,,,,,19,,0
3017,21980,76874,Rickey Green,UTH,Utah Jazz,0028000893,1981-03-22,UTH @ DEN,L,0,9,,,0.0,,,1,1,1.0,,,,,,,,6.0,19,,0
3018,21980,76504,Adrian Dantley,UTH,Utah Jazz,0028000893,1981-03-22,UTH @ DEN,L,0,7,,,0.0,,,5,5,1.0,,,,,,,,,19,,0
3019,21980,1449,Larry Bird,BOS,Boston Celtics,0028000892,1981-03-22,BOS @ PHL,L,0,8,,,0.0,,,3,4,0.75,,,,,,,,,19,,0
3020,21980,1381,John Long,DET,Detroit Pistons,0028000890,1981-03-22,DET vs. CHI,L,0,8,,,0.0,,,3,4,0.75,,,,,,,,,19,,0
3021,21980,76154,Kent Benson,DET,Detroit Pistons,0028000885,1981-03-20,DET vs. MIL,L,0,8,,,0.0,,,3,4,0.75,,,,,,,,,19,,0
3022,21980,77484,Wes Matthews,ATL,Atlanta Hawks,0028000882,1981-03-20,ATL @ NJN,L,0,8,,,0.0,,,3,4,0.75,,,,,,,,,19,,0
3023,21980,77273,Reggie King,KCK,Kansas City Kings,0028000880,1981-03-20,KCK vs. SAN,L,0,7,,,0.0,,,5,6,0.833,,,,,,,,,19,,0
3024,21980,77152,John Johnson,SEA,Seattle SuperSonics,0028000879,1981-03-20,SEA @ LAL,L,0,9,,,0.0,,,1,2,0.5,,,,,,,,,19,,0
3025,21980,229,James Edwards,IND,Indiana Pacers,0028000872,1981-03-18,IND @ PHL,L,0,4,,,0.0,,,11,12,0.917,,,,,,,,,19,,0
3026,21980,77328,Tom LaGarde,DAL,Dallas Mavericks,0028000871,1981-03-18,DAL @ UTH,L,0,7,,,0.0,,,5,8,0.625,,,,,,,,,19,,0
3027,21980,76971,Steve Hawes,ATL,Atlanta Hawks,0028000867,1981-03-18,ATL @ BOS,W,0,7,,,0.0,,,5,5,1.0,,,,,,,,,19,,0
3028,21980,76979,Elvin Hayes,WAS,Washington Bullets,0028000865,1981-03-17,WAS vs. BOS,L,0,9,,,0.0,,,1,4,0.25,,,,,,,,,19,,0
3029,21980,77484,Wes Matthews,ATL,Atlanta Hawks,0028000860,1981-03-17,ATL @ CLE,L,0,7,,,0.0,,,5,6,0.833,,,,,,,,,19,,0
3030,21980,76881,David Greenwood,CHI,Chicago Bulls,0028000854,1981-03-15,CHI @ KCK,W,0,7,,,0.0,,,5,7,0.714,,,,,,,,,19,,0
3031,21980,78150,James Silas,SAN,San Antonio Spurs,0028000848,1981-03-15,SAN @ GOS,W,0,6,,,0.0,,,7,8,0.875,,,,,,,,,19,,0
3032,21980,78600,Brian Winters,MIL,Milwaukee Bucks,0028000849,1981-03-15,MIL vs. SEA,W,0,9,,,1.0,,,0,0,,,,,,,,,,19,,0
3033,21980,77770,Louis Orr,IND,Indiana Pacers,0028000841,1981-03-13,IND @ BOS,W,0,7,,,0.0,,,5,6,0.833,,,,,,,,,19,,0
3034,21980,78025,Dan Roundfield,ATL,Atlanta Hawks,0028000839,1981-03-13,ATL vs. DEN,W,0,7,,,0.0,,,5,9,0.556,,,,,,,,,19,,0
3035,21980,77290,Billy Knight,IND,Indiana Pacers,0028000834,1981-03-12,IND @ WAS,W,0,5,,,0.0,,,9,10,0.9,,,,,,,,,19,,0
3036,21980,76887,Kevin Grevey,WAS,Washington Bullets,0028000834,1981-03-12,WAS vs. IND,L,0,7,,,0.0,,,5,7,0.714,,,,,,,,,19,,0
3037,21980,77264,Bernard King,GOS,Golden State Warriors,0028000833,1981-03-12,GOS @ DAL,L,0,7,,,0.0,,,5,9,0.556,,,,,,,,,19,,0
3038,21980,77144,Eddie Johnson,ATL,Atlanta Hawks,0028000829,1981-03-11,ATL @ DET,L,0,7,,,0.0,,,5,7,0.714,,,,,,,,,19,,0
3039,21980,77626,Sidney Moncrief,MIL,Milwaukee Bucks,0028000826,1981-03-11,MIL @ BOS,L,0,6,,,0.0,,,7,8,0.875,,,,,,,,,19,,0
3040,21980,77328,Tom LaGarde,DAL,Dallas Mavericks,0028000824,1981-03-10,DAL vs. PHX,W,0,6,,,0.0,,,7,11,0.636,,,,,,,,,19,,0
3041,21980,77626,Sidney Moncrief,MIL,Milwaukee Bucks,0028000819,1981-03-09,MIL vs. CLE,W,0,7,,,0.0,,,5,7,0.714,,,,,,,,,19,,0
3042,21980,78222,Jim Spanarkel,DAL,Dallas Mavericks,0028000818,1981-03-08,DAL @ SAN,L,0,7,,,0.0,,,5,6,0.833,,,,,,,,,19,,0
3043,21980,78150,James Silas,SAN,San Antonio Spurs,0028000818,1981-03-08,SAN vs. DAL,W,0,8,,,0.0,,,3,3,1.0,,,,,,,,,19,,0
3044,21980,78531,Bob Wilkerson,CHI,Chicago Bulls,0028000817,1981-03-08,CHI @ WAS,L,0,7,,,0.0,,,5,6,0.833,,,,,,,,,19,,0
3045,21980,76881,David Greenwood,CHI,Chicago Bulls,0028000817,1981-03-08,CHI @ WAS,L,0,9,,,0.0,,,1,2,0.5,,,,,,,,,19,,0
3046,21980,77582,Joe Meriweather,KCK,Kansas City Kings,0028000815,1981-03-08,KCK vs. PHX,W,0,7,,,0.0,,,5,7,0.714,,,,,,,,,19,,0
3047,21980,76272,Fred Brown,SEA,Seattle SuperSonics,0028000814,1981-03-08,SEA vs. SDC,L,0,7,,,0.0,,,5,5,1.0,,,,,,,,,19,,0
3048,21980,78390,Terry Tyler,DET,Detroit Pistons,0028000810,1981-03-07,DET vs. DEN,L,0,9,,,0.0,,,1,4,0.25,,,,,,,,,19,,0
3049,21980,77167,Vinnie Johnson,SEA,Seattle SuperSonics,0028000807,1981-03-07,SEA @ GOS,L,0,9,,,0.0,,,1,3,0.333,,,,,,,,,19,,0
3050,21980,77691,Calvin Natt,POR,Portland Trail Blazers,0028000796,1981-03-05,POR @ KCK,L,0,7,,,1.0,,,4,4,1.0,,,,,,,,,19,,0
3051,21980,76471,Charlie Criss,ATL,Atlanta Hawks,0028000797,1981-03-05,ATL @ MIL,L,0,4,,,0.0,,,11,12,0.917,,,,,,,,,19,,0
3052,21980,78047,Campy Russell,NYK,New York Knicks,0028000795,1981-03-05,NYK @ DET,W,0,7,,,0.0,,,5,7,0.714,,,,,,,,,19,,0
3053,21980,76441,Wayne Cooper,UTH,Utah Jazz,0028000790,1981-03-04,UTH @ GOS,L,0,6,,,0.0,,,7,9,0.778,,,,,,,,6.0,19,,0
3054,21980,76353,Joe Barry Carroll,GOS,Golden State Warriors,0028000790,1981-03-04,GOS vs. UTH,W,0,6,,,0.0,,,7,9,0.778,,,,,,,,,19,,0
3055,21980,77817,Billy Paultz,HOU,Houston Rockets,0028000789,1981-03-04,HOU vs. BOS,L,0,9,,,0.0,,,1,3,0.333,,,,,,,,,19,,0
3056,21980,78548,Freeman Williams,SDC,San Diego Clippers,0028000787,1981-03-04,SDC vs. WAS,L,0,7,,,0.0,,,5,5,1.0,,,,,,,,,19,,0
3057,21980,76979,Elvin Hayes,WAS,Washington Bullets,0028000787,1981-03-04,WAS @ SDC,W,0,7,,,0.0,,,5,6,0.833,,,,,,,,6.0,19,,0
3058,21980,78532,Jamaal Wilkes,LAL,Los Angeles Lakers,0028000786,1981-03-04,LAL @ DEN,L,0,8,,,0.0,,,3,4,0.75,,,,,,,,,19,,0
3059,21980,305,Robert Parish,BOS,Boston Celtics,0028000783,1981-03-03,BOS @ DAL,W,0,9,,,0.0,,,1,2,0.5,,,,,,,,,19,,0
3060,21980,76095,Mike Bantom,IND,Indiana Pacers,0028000779,1981-03-03,IND @ POR,L,0,8,,,0.0,,,3,4,0.75,,,,,,,,,19,,0
3061,21980,1453,Walter Davis,PHX,Phoenix Suns,0028000778,1981-03-01,PHX @ LAL,W,0,9,,,0.0,,,1,1,1.0,,,,,,,,,19,,0
3062,21980,77184,Edgar Jones,NJN,New Jersey Nets,0028000777,1981-03-01,NJN vs. DET,L,0,8,,,0.0,,,3,4,0.75,,,,,,,,6.0,19,,0
3063,21980,76681,Julius Erving,PHL,Philadelphia 76ers,0028000776,1981-03-01,PHL @ BOS,L,0,6,,,0.0,,,7,8,0.875,,,,,,,,,19,,0
3064,21980,77626,Sidney Moncrief,MIL,Milwaukee Bucks,0028000774,1981-03-01,MIL vs. WAS,W,0,8,,,0.0,,,3,5,0.6,,,,,,,,,19,,0
3065,21980,78139,Purvis Short,GOS,Golden State Warriors,0028000768,1981-02-28,GOS @ KCK,W,0,5,,,0.0,,,9,12,0.75,,,,,,,,,19,,0
3066,21980,78482,Scott Wedman,KCK,Kansas City Kings,0028000768,1981-02-28,KCK vs. GOS,L,0,9,,,1.0,,,0,0,,,,,,,,,,19,,0
3067,21980,1450,Kevin McHale,BOS,Boston Celtics,0028000766,1981-02-27,BOS @ ATL,W,0,9,,,0.0,,,1,1,1.0,,,,,,,,,19,,0
3068,21980,76526,Johnny Davis,IND,Indiana Pacers,0028000765,1981-02-27,IND @ DAL,W,0,8,,,0.0,,,3,10,0.3,,,,,,,,,19,,0
3069,21980,77229,Clarence Kea,DAL,Dallas Mavericks,0028000756,1981-02-26,DAL @ KCK,L,0,4,,,0.0,,,11,15,0.733,,,,,,,,,19,,0
3070,21980,77324,Mitch Kupchak,WAS,Washington Bullets,0028000754,1981-02-25,WAS vs. NYK,W,0,8,,,0.0,,,3,4,0.75,,,,,,,,,19,,0
3071,21980,76881,David Greenwood,CHI,Chicago Bulls,0028000748,1981-02-24,CHI vs. LAL,L,0,7,,,0.0,,,5,6,0.833,,,,,,,,,19,,0
3072,21980,78467,Kermit Washington,POR,Portland Trail Blazers,0028000746,1981-02-24,POR vs. SDC,L,0,9,,,0.0,,,1,4,0.25,,,,,,,,,19,,0
3073,21980,77141,Dennis Johnson,PHX,Phoenix Suns,0028000741,1981-02-22,PHX vs. PHL,W,0,7,,,1.0,,,4,10,0.4,,,,,,,,,19,,0
3074,21980,78331,Mychal Thompson,POR,Portland Trail Blazers,0028000742,1981-02-22,POR @ IND,W,0,9,,,0.0,,,1,5,0.2,,,,,,,,,19,,0
3075,21980,78532,Jamaal Wilkes,LAL,Los Angeles Lakers,0028000739,1981-02-22,LAL @ NYK,W,0,7,,,0.0,,,5,5,1.0,,,,,,,,,19,,0
3076,21980,77721,Norm Nixon,LAL,Los Angeles Lakers,0028000739,1981-02-22,LAL @ NYK,W,0,8,,,0.0,,,3,4,0.75,,,,,,,,,19,,0
3077,21980,76890,Darrell Griffith,UTH,Utah Jazz,0028000738,1981-02-22,UTH @ SDC,L,0,9,,,0.0,,,1,2,0.5,,,,,,,,,19,,0
3078,21980,78139,Purvis Short,GOS,Golden State Warriors,0028000736,1981-02-22,GOS vs. KCK,W,0,9,,,0.0,,,1,1,1.0,,,,,,,,,19,,0
3079,21980,77484,Wes Matthews,ATL,Atlanta Hawks,0028000735,1981-02-22,ATL @ CHI,W,0,9,,,0.0,,,1,2,0.5,,,,,,,,,19,,0
3080,21980,76598,John Drew,ATL,Atlanta Hawks,0028000735,1981-02-22,ATL @ CHI,W,0,4,,,0.0,,,11,13,0.846,,,,,,,,,19,,0
3081,21980,77160,Marques Johnson,MIL,Milwaukee Bucks,0028000734,1981-02-22,MIL @ WAS,W,0,9,,,0.0,,,1,1,1.0,,,,,,,,,19,,0
3082,21980,76296,Quinn Buckner,MIL,Milwaukee Bucks,0028000734,1981-02-22,MIL @ WAS,W,0,8,,,0.0,,,3,4,0.75,,,,,,,,,19,,0
3083,21980,76822,Mike Glenn,NYK,New York Knicks,0028000739,1981-02-22,NYK vs. LAL,L,0,9,,,1.0,,,0,1,0.0,,,,,,,,,19,,0
3084,21980,76170,Otis Birdsong,KCK,Kansas City Kings,0028000732,1981-02-21,KCK @ DEN,L,0,7,,,0.0,,,5,9,0.556,,,,,,,,,19,,0
3085,21980,76054,Nate Archibald,BOS,Boston Celtics,0028000731,1981-02-21,BOS @ DET,W,0,8,,,0.0,,,3,4,0.75,,,,,,,,,19,,0
3086,21980,100263,Bill Laimbeer,CLE,Cleveland Cavaliers,0028000730,1981-02-21,CLE vs. ATL,L,0,8,,,0.0,,,3,4,0.75,,,,,,,,,19,,0
3087,21980,78025,Dan Roundfield,ATL,Atlanta Hawks,0028000730,1981-02-21,ATL @ CLE,W,0,8,,,0.0,,,3,4,0.75,,,,,,,,,19,,0
3088,21980,76290,Joe Bryant,SDC,San Diego Clippers,0028000729,1981-02-20,SDC @ GOS,W,0,7,,,0.0,,,5,7,0.714,,,,,,,,,19,,0
3089,21980,78149,Jack Sikma,SEA,Seattle SuperSonics,0028000726,1981-02-20,SEA vs. PHX,W,0,9,,,0.0,,,1,2,0.5,,,,,,,,,19,,0
3090,21980,77432,Ollie Mack,DAL,Dallas Mavericks,0028000722,1981-02-20,DAL @ PHL,L,0,8,,,0.0,,,3,5,0.6,,,,,,,,,19,,0
3091,21980,77324,Mitch Kupchak,WAS,Washington Bullets,0028000721,1981-02-20,WAS @ NYK,L,0,9,,,0.0,,,1,4,0.25,,,,,,,,,19,,0
3092,21980,76362,Bill Cartwright,NYK,New York Knicks,0028000721,1981-02-20,NYK vs. WAS,W,0,8,,,0.0,,,3,5,0.6,,,,,,,,,19,,0
3093,21980,100263,Bill Laimbeer,CLE,Cleveland Cavaliers,0028000720,1981-02-19,CLE vs. SAN,W,0,7,,,0.0,,,5,5,1.0,,,,,,,,,19,,0
3094,21980,77087,Geoff Huston,CLE,Cleveland Cavaliers,0028000720,1981-02-19,CLE vs. SAN,W,0,9,,,0.0,,,1,2,0.5,,,,,,,,,19,,0
3095,21980,1381,John Long,DET,Detroit Pistons,0028000718,1981-02-19,DET vs. POR,L,0,7,,,0.0,,,5,5,1.0,,,,,,,,,19,,0
3096,21980,78623,Larry Wright,DET,Detroit Pistons,0028000718,1981-02-19,DET vs. POR,L,0,9,,,1.0,,,0,0,,,,,,,,,,19,,0
3097,21980,78310,Reggie Theus,CHI,Chicago Bulls,0028000714,1981-02-18,CHI @ GOS,L,0,8,,,0.0,,,3,4,0.75,,,,,,,,,19,,0
3098,21980,77952,Micheal Ray Richardson,NYK,New York Knicks,0028000713,1981-02-18,NYK @ SEA,W,0,5,,,0.0,,,9,13,0.692,,,,,,,,,19,,0
3099,21980,78482,Scott Wedman,KCK,Kansas City Kings,0028000712,1981-02-18,KCK vs. BOS,W,0,9,,,0.0,,,1,4,0.25,,,,,,,,,19,,0
3100,21980,76321,Marty Byrnes,DAL,Dallas Mavericks,0028000705,1981-02-17,DAL vs. MIL,L,0,7,,,0.0,,,5,6,0.833,,,,,,,,,19,,0
3101,21980,77432,Ollie Mack,DAL,Dallas Mavericks,0028000701,1981-02-15,DAL @ LAL,L,0,8,,,0.0,,,3,4,0.75,,,,,,,,,19,,0
3102,21980,77911,Kelvin Ransey,POR,Portland Trail Blazers,0028000699,1981-02-15,POR vs. UTH,W,0,9,,,0.0,,,1,1,1.0,,,,,,,,,19,,0
3103,21980,76095,Mike Bantom,IND,Indiana Pacers,0028000697,1981-02-15,IND vs. CHI,W,0,9,,,0.0,,,1,2,0.5,,,,,,,,,19,,0
3104,21980,78132,Craig Shelton,ATL,Atlanta Hawks,0028000694,1981-02-15,ATL @ PHL,L,0,8,,,0.0,,,3,5,0.6,,,,,,,,,19,,0
3105,21980,77193,Bobby Jones,PHL,Philadelphia 76ers,0028000694,1981-02-15,PHL vs. ATL,W,0,8,,,0.0,,,3,4,0.75,,,,,,,,,19,,0
3106,21980,76979,Elvin Hayes,WAS,Washington Bullets,0028000691,1981-02-14,WAS @ DET,L,0,9,,,0.0,,,1,3,0.333,,,,,,,,,19,,0
3107,21980,78200,Randy Smith,CLE,Cleveland Cavaliers,0028000690,1981-02-14,CLE vs. GOS,W,0,9,,,0.0,,,1,2,0.5,,,,,,,,,19,,0
3108,21980,76290,Joe Bryant,SDC,San Diego Clippers,0028000687,1981-02-13,SDC @ PHX,L,0,8,,,0.0,,,3,5,0.6,,,,,,,,,19,,0
3109,21980,1453,Walter Davis,PHX,Phoenix Suns,0028000687,1981-02-13,PHX vs. SDC,W,0,8,,,0.0,,,3,3,1.0,,,,,,,,,19,,0
3110,21980,76526,Johnny Davis,IND,Indiana Pacers,0028000683,1981-02-13,IND @ NJN,L,0,7,,,0.0,,,5,6,0.833,,,,,,,,,19,,0
3111,21980,76598,John Drew,ATL,Atlanta Hawks,0028000682,1981-02-13,ATL @ KCK,L,0,7,,,0.0,,,5,5,1.0,,,,,,,,,19,,0
3112,21980,78150,James Silas,SAN,San Antonio Spurs,0028000679,1981-02-12,SAN vs. ATL,W,0,7,,,0.0,,,5,7,0.714,,,,,,,,,19,,0
3113,21980,77756,Mark Olberding,SAN,San Antonio Spurs,0028000679,1981-02-12,SAN vs. ATL,W,0,4,,,0.0,,,11,12,0.917,,,,,,,,,19,,0
3114,21980,77484,Wes Matthews,ATL,Atlanta Hawks,0028000679,1981-02-12,ATL @ SAN,L,0,7,,,0.0,,,5,7,0.714,,,,,,,,,19,,0
3115,21980,78149,Jack Sikma,SEA,Seattle SuperSonics,0028000678,1981-02-12,SEA @ POR,W,0,7,,,0.0,,,5,7,0.714,,,,,,,,,19,,0
3116,21980,76362,Bill Cartwright,NYK,New York Knicks,0028000677,1981-02-12,NYK @ CLE,W,0,6,,,0.0,,,7,7,1.0,,,,,,,,,19,,0
3117,21980,76804,George Gervin,SAN,San Antonio Spurs,0028000673,1981-02-11,SAN @ HOU,L,0,6,,,0.0,,,7,10,0.7,,,,,,,,,19,,0
3118,21980,78482,Scott Wedman,KCK,Kansas City Kings,0028000672,1981-02-11,KCK vs. UTH,W,0,9,,,0.0,,,1,1,1.0,,,,,,,,,19,,0
3119,21980,76526,Johnny Davis,IND,Indiana Pacers,0028000671,1981-02-11,IND vs. MIL,L,0,7,,,0.0,,,5,5,1.0,,,,,,,,,19,,0
3120,21980,77984,Rick Robey,BOS,Boston Celtics,0028000670,1981-02-11,BOS @ LAL,W,0,9,,,0.0,,,1,5,0.2,,,,,,,,,19,,0
3121,21980,78548,Freeman Williams,SDC,San Diego Clippers,0028000668,1981-02-10,SDC vs. PHX,L,0,6,,,1.0,,,6,8,0.75,,,,,,,,,19,,0
3122,21980,77490,Scott May,CHI,Chicago Bulls,0028000669,1981-02-10,CHI vs. KCK,W,0,8,,,0.0,,,3,3,1.0,,,,,,,,,19,,0
3123,21980,1449,Larry Bird,BOS,Boston Celtics,0028000662,1981-02-08,BOS vs. SDC,W,0,6,,,0.0,,,7,7,1.0,,,,,,,,,19,,0
3124,21980,77097,Dan Issel,DEN,Denver Nuggets,0028000659,1981-02-08,DEN @ SEA,L,0,7,,,0.0,,,5,5,1.0,,,,,,,,,19,,0
3125,21980,76673,Alex English,DEN,Denver Nuggets,0028000659,1981-02-08,DEN @ SEA,L,0,6,,,0.0,,,7,7,1.0,,,,,,,,,19,,0
3126,21980,77911,Kelvin Ransey,POR,Portland Trail Blazers,0028000658,1981-02-08,POR vs. KCK,W,0,7,,,0.0,,,5,7,0.714,,,,,,,,,19,,0
3127,21980,77710,Mike Newlin,NJN,New Jersey Nets,0028000657,1981-02-08,NJN vs. NYK,L,0,7,,,0.0,,,5,5,1.0,,,,,,,,,19,,0
3128,21980,76003,Kareem Abdul-Jabbar,LAL,Los Angeles Lakers,0028000655,1981-02-08,LAL @ PHL,L,0,7,,,0.0,,,5,6,0.833,,,,,,,,,19,,0
3129,21980,77770,Louis Orr,IND,Indiana Pacers,0028000652,1981-02-07,IND vs. CLE,W,0,8,,,0.0,,,3,4,0.75,,,,,,,,,19,,0
3130,21980,76362,Bill Cartwright,NYK,New York Knicks,0028000650,1981-02-07,NYK vs. NJN,W,0,8,,,0.0,,,3,3,1.0,,,,,,,,,19,,0
3131,21980,76673,Alex English,DEN,Denver Nuggets,0028000647,1981-02-06,DEN @ UTH,W,0,9,,,0.0,,,1,1,1.0,,,,,,,,,19,,0
3132,21980,76266,Michael Brooks,SDC,San Diego Clippers,0028000646,1981-02-06,SDC @ PHL,L,0,8,,,0.0,,,3,3,1.0,,,,,,,,,19,,0
3133,21980,76392,Jim Chones,LAL,Los Angeles Lakers,0028000643,1981-02-06,LAL @ DET,W,0,8,,,0.0,,,3,4,0.75,,,,,,,,,19,,0
3134,21980,77993,Truck Robinson,PHX,Phoenix Suns,0028000642,1981-02-06,PHX vs. HOU,W,0,8,,,0.0,,,3,7,0.429,,,,,,,,,19,,0
3135,21980,76471,Charlie Criss,ATL,Atlanta Hawks,0028000641,1981-02-06,ATL @ DAL,W,0,7,,,0.0,,,5,5,1.0,,,,,,,,,19,,0
3136,21980,76418,Don Collins,WAS,Washington Bullets,0028000639,1981-02-06,WAS @ GOS,W,0,7,,,0.0,,,5,6,0.833,,,,,,,,,19,,0
3137,21980,77487,Cedric Maxwell,BOS,Boston Celtics,0028000636,1981-02-05,BOS @ MIL,L,0,4,,,0.0,,,11,13,0.846,,,,,,,,,19,,0
3138,21980,76504,Adrian Dantley,UTH,Utah Jazz,0028000630,1981-02-04,UTH @ PHX,L,0,6,,,0.0,,,7,10,0.7,,,,,,,,,19,,0
3139,21980,77324,Mitch Kupchak,WAS,Washington Bullets,0028000628,1981-02-04,WAS @ SEA,L,0,8,,,0.0,,,3,4,0.75,,,,,,,,,19,,0
3140,21980,77848,Roger Phegley,CLE,Cleveland Cavaliers,0028000627,1981-02-04,CLE vs. CHI,L,0,7,,,1.0,,,4,5,0.8,,,,,,,,,19,,0
3141,21980,77998,Dave Robisch,DEN,Denver Nuggets,0028000622,1981-02-03,DEN @ HOU,L,0,6,,,0.0,,,7,8,0.875,,,,,,,,,19,,0
3142,21980,78222,Jim Spanarkel,DAL,Dallas Mavericks,0028000621,1981-02-03,DAL vs. KCK,L,0,7,,,0.0,,,5,8,0.625,,,,,,,,,19,,0
3143,21980,77144,Eddie Johnson,ATL,Atlanta Hawks,0028000620,1981-02-03,ATL vs. PHL,L,0,8,,,0.0,,,3,3,1.0,,,,,,,,,19,,0
3144,21980,77010,Keith Herron,DET,Detroit Pistons,0028000615,1981-01-29,DET vs. GOS,L,0,8,,,0.0,,,3,3,1.0,,,,,,,,,19,,0
3145,21980,78149,Jack Sikma,SEA,Seattle SuperSonics,0028000609,1981-01-28,SEA vs. MIL,L,0,8,,,0.0,,,3,3,1.0,,,,,,,,,19,,0
3146,21980,76616,Mike Dunleavy,HOU,Houston Rockets,0028000607,1981-01-28,HOU vs. NJN,W,0,9,,,0.0,,,1,1,1.0,,,,,,,,,19,,0
3147,21980,77264,Bernard King,GOS,Golden State Warriors,0028000605,1981-01-28,GOS @ IND,L,0,5,,,0.0,,,9,11,0.818,,,,,,,,6.0,19,,0
3148,21980,76353,Joe Barry Carroll,GOS,Golden State Warriors,0028000605,1981-01-28,GOS @ IND,L,0,6,,,0.0,,,7,8,0.875,,,,,,,,,19,,0
3149,21980,77876,Kevin Porter,WAS,Washington Bullets,0028000601,1981-01-27,WAS @ ATL,W,0,6,,,0.0,,,7,10,0.7,,,,,,,,,19,,0
3150,21980,78532,Jamaal Wilkes,LAL,Los Angeles Lakers,0028000596,1981-01-26,LAL vs. POR,W,0,9,,,0.0,,,1,4,0.25,,,,,,,,,19,,0
3151,21980,77152,John Johnson,SEA,Seattle SuperSonics,0028000593,1981-01-25,SEA @ BOS,L,0,8,,,0.0,,,3,4,0.75,,,,,,,,,19,,0
3152,21980,76054,Nate Archibald,BOS,Boston Celtics,0028000593,1981-01-25,BOS vs. SEA,W,0,6,,,0.0,,,7,8,0.875,,,,,,,,,19,,0
3153,21980,76435,Darwin Cook,NJN,New Jersey Nets,0028000591,1981-01-25,NJN vs. WAS,L,0,7,,,0.0,,,5,5,1.0,,,,,,,,,19,,0
3154,21980,77689,Swen Nater,SDC,San Diego Clippers,0028000588,1981-01-24,SDC vs. MIL,L,0,8,,,0.0,,,3,4,0.75,,,,,,,,6.0,19,,0
3155,21980,77532,George McGinnis,IND,Indiana Pacers,0028000586,1981-01-24,IND vs. DAL,W,0,8,,,0.0,,,3,4,0.75,,,,,,,,,19,,0
3156,21980,77952,Micheal Ray Richardson,NYK,New York Knicks,0028000585,1981-01-24,NYK @ GOS,L,0,7,,,0.0,,,5,7,0.714,,,,,,,,,19,,0
3157,21980,77246,Larry Kenon,CHI,Chicago Bulls,0028000584,1981-01-24,CHI @ ATL,W,0,7,,,0.0,,,5,7,0.714,,,,,,,,,19,,0
3158,21980,229,James Edwards,IND,Indiana Pacers,0028000575,1981-01-23,IND @ BOS,L,0,7,,,0.0,,,5,5,1.0,,,,,,,,,19,,0
3159,21980,77689,Swen Nater,SDC,San Diego Clippers,0028000572,1981-01-22,SDC vs. NYK,L,0,9,,,0.0,,,1,1,1.0,,,,,,,,,19,,0
3160,21980,77876,Kevin Porter,WAS,Washington Bullets,0028000573,1981-01-22,WAS vs. PHL,L,0,7,,,0.0,,,5,6,0.833,,,,10.0,,,,,19,,0
3161,21980,76290,Joe Bryant,SDC,San Diego Clippers,0028000567,1981-01-21,SDC @ DEN,W,0,6,,,0.0,,,7,11,0.636,,,,,,,,,19,,0
3162,21980,76504,Adrian Dantley,UTH,Utah Jazz,0028000565,1981-01-21,UTH @ BOS,L,0,8,,,0.0,,,3,5,0.6,,,,,,,,,19,,0
3163,21980,78331,Mychal Thompson,POR,Portland Trail Blazers,0028000559,1981-01-20,POR @ CLE,L,0,8,,,0.0,,,3,6,0.5,,,,,,,,,19,,0
3164,21980,76899,Ernie Grunfeld,KCK,Kansas City Kings,0028000557,1981-01-20,KCK @ DAL,W,0,9,,,0.0,,,1,2,0.5,,,,,,,,,19,,0
3165,21980,76272,Fred Brown,SEA,Seattle SuperSonics,0028000555,1981-01-20,SEA @ NYK,L,0,9,,,1.0,,,0,0,,,,,,,,,,19,,0
3166,21980,1449,Larry Bird,BOS,Boston Celtics,0028000554,1981-01-19,BOS vs. DET,W,0,7,,,0.0,,,5,6,0.833,,,,,,,,,19,,0
3167,21980,229,James Edwards,IND,Indiana Pacers,0028000547,1981-01-18,IND vs. UTH,W,0,7,,,0.0,,,5,7,0.714,,,,,,,,,19,,0
3168,21980,77819,Jim Paxson,POR,Portland Trail Blazers,0028000550,1981-01-18,POR @ MIL,L,0,8,,,0.0,,,3,5,0.6,,,,,,,,,19,,0
3169,21980,76673,Alex English,DEN,Denver Nuggets,0028000549,1981-01-18,DEN vs. HOU,L,0,8,,,0.0,,,3,3,1.0,,,,,,,,,19,,0
3170,21980,77721,Norm Nixon,LAL,Los Angeles Lakers,0028000546,1981-01-18,LAL @ BOS,L,0,9,,,0.0,,,1,2,0.5,,,,,,,,6.0,19,,0
3171,21980,77532,George McGinnis,IND,Indiana Pacers,0028000547,1981-01-18,IND vs. UTH,W,0,7,,,0.0,,,5,9,0.556,,,,,,,,,19,,0
3172,21980,77141,Dennis Johnson,PHX,Phoenix Suns,0028000551,1981-01-18,PHX vs. ATL,W,0,6,,,0.0,,,7,9,0.778,,,,,,,,,19,,0
3173,21980,76736,Phil Ford,KCK,Kansas City Kings,0028000544,1981-01-17,KCK vs. DEN,L,0,8,,,0.0,,,3,4,0.75,,,,,,,,,19,,0
3174,21980,77786,Tom Owens,POR,Portland Trail Blazers,0028000539,1981-01-16,POR @ CHI,W,0,5,,,0.0,,,9,10,0.9,,,,,,,,,19,,0
3175,21980,76971,Steve Hawes,ATL,Atlanta Hawks,0028000533,1981-01-16,ATL @ GOS,W,0,7,,,0.0,,,5,10,0.5,,,,,,,,,19,,0
3176,21980,76353,Joe Barry Carroll,GOS,Golden State Warriors,0028000533,1981-01-16,GOS vs. ATL,L,0,7,,,0.0,,,5,8,0.625,,,,,,,,6.0,19,,0
3177,21980,77328,Tom LaGarde,DAL,Dallas Mavericks,0028000532,1981-01-16,DAL vs. NYK,W,0,6,,,0.0,,,7,10,0.7,,,,,,,,,19,,0
3178,21980,78351,Andrew Toney,PHL,Philadelphia 76ers,0028000529,1981-01-15,PHL @ MIL,L,0,8,,,0.0,,,3,4,0.75,,,,,,,,,19,,0
3179,21980,77848,Roger Phegley,CLE,Cleveland Cavaliers,0028000526,1981-01-14,CLE @ BOS,L,0,7,,,1.0,,,4,4,1.0,,,,,,,,,19,,0
3180,21980,76971,Steve Hawes,ATL,Atlanta Hawks,0028000523,1981-01-14,ATL @ SDC,L,0,7,,,0.0,,,5,7,0.714,,,,,,,,6.0,19,,0
3181,21980,76673,Alex English,DEN,Denver Nuggets,0028000521,1981-01-14,DEN @ PHX,L,0,5,,,0.0,,,9,11,0.818,,,,,,,,,19,,0
3182,21980,78500,Paul Westphal,SEA,Seattle SuperSonics,0028000518,1981-01-13,SEA @ PHX,L,0,6,,,0.0,,,7,11,0.636,,,,,,,,,19,,0
3183,21980,77097,Dan Issel,DEN,Denver Nuggets,0028000514,1981-01-13,DEN vs. ATL,W,0,4,,,0.0,,,11,14,0.786,,,,,,,,6.0,19,,0
3184,21980,77997,Bill Robinzine,DAL,Dallas Mavericks,0028000506,1981-01-10,DAL vs. WAS,L,0,7,,,0.0,,,5,5,1.0,,,,,,,,,19,,0
3185,21980,77484,Wes Matthews,WAS,Washington Bullets,0028000506,1981-01-10,WAS @ DAL,W,0,9,,,0.0,,,1,2,0.5,,,,,,,,,19,,0
3186,21980,76170,Otis Birdsong,KCK,Kansas City Kings,0028000504,1981-01-10,KCK @ UTH,W,0,9,,,0.0,,,1,2,0.5,,,,,,,,,19,,0
3187,21980,77071,Phil Hubbard,DET,Detroit Pistons,0028000502,1981-01-10,DET @ GOS,L,0,8,,,0.0,,,3,5,0.6,,,,,,,,,19,,0
3188,21980,76266,Michael Brooks,SDC,San Diego Clippers,0028000498,1981-01-09,SDC vs. DEN,L,0,8,,,0.0,,,3,4,0.75,,,,,,,,,19,,0
3189,21980,78215,Ricky Sobers,CHI,Chicago Bulls,0028000494,1981-01-09,CHI @ BOS,L,0,6,,,0.0,,,7,7,1.0,,,,,,,,6.0,19,,0
3190,21980,76899,Ernie Grunfeld,KCK,Kansas City Kings,0028000491,1981-01-08,KCK vs. WAS,W,0,9,,,0.0,,,1,5,0.2,,,,,,,,,19,,0
3191,21980,78025,Dan Roundfield,ATL,Atlanta Hawks,0028000489,1981-01-08,ATL @ MIL,L,0,8,,,0.0,,,3,4,0.75,,,,,,,,,19,,0
3192,21980,78482,Scott Wedman,KCK,Kansas City Kings,0028000487,1981-01-07,KCK @ HOU,W,0,8,,,0.0,,,3,3,1.0,,,,,,,,,19,,0
3193,21980,77010,Keith Herron,DET,Detroit Pistons,0028000479,1981-01-06,DET @ POR,L,0,8,,,0.0,,,3,3,1.0,,,,,,,,,19,,0
3194,21980,1450,Kevin McHale,BOS,Boston Celtics,0028000473,1981-01-04,BOS @ POR,W,0,8,,,0.0,,,3,3,1.0,,,,,,,,,19,,0
3195,21980,76418,Don Collins,ATL,Atlanta Hawks,0028000464,1981-01-03,ATL @ NYK,L,0,8,,,0.0,,,3,3,1.0,,,,,,,,6.0,19,,0
3196,21980,77997,Bill Robinzine,DAL,Dallas Mavericks,0028000456,1981-01-02,DAL vs. HOU,L,0,7,,,0.0,,,5,6,0.833,,,,,,,,6.0,19,,0
3197,21980,78150,James Silas,SAN,San Antonio Spurs,0028000454,1981-01-02,SAN vs. LAL,W,0,7,,,0.0,,,5,6,0.833,,,,,,,,,19,,0
3198,21980,78532,Jamaal Wilkes,LAL,Los Angeles Lakers,0028000446,1980-12-30,LAL @ UTH,L,0,7,,,0.0,,,5,7,0.714,,,,,,,,,19,,0
3199,21980,77721,Norm Nixon,LAL,Los Angeles Lakers,0028000446,1980-12-30,LAL @ UTH,L,0,9,,,0.0,,,1,3,0.333,,,,,,,,,19,,0
3200,21980,77689,Swen Nater,SDC,San Diego Clippers,0028000443,1980-12-30,SDC @ HOU,L,0,8,,,0.0,,,3,3,1.0,,,,,,,,6.0,19,,0
3201,21980,77848,Roger Phegley,CLE,Cleveland Cavaliers,0028000439,1980-12-29,CLE vs. DAL,W,0,8,,,0.0,,,3,3,1.0,,,,,,,,,19,,0
3202,21980,77952,Micheal Ray Richardson,NYK,New York Knicks,0028000435,1980-12-27,NYK vs. KCK,W,0,8,,,0.0,,,3,6,0.5,,,,,,,,,19,,0
3203,21980,77141,Dennis Johnson,PHX,Phoenix Suns,0028000432,1980-12-27,PHX vs. LAL,W,0,6,,,0.0,,,7,13,0.538,,,,,,,,,19,,0
3204,21980,76353,Joe Barry Carroll,GOS,Golden State Warriors,0028000430,1980-12-27,GOS vs. SEA,W,0,9,,,0.0,,,1,2,0.5,,,,,,,,,19,,0
3205,21980,78149,Jack Sikma,SEA,Seattle SuperSonics,0028000426,1980-12-26,SEA vs. POR,L,0,9,,,0.0,,,1,2,0.5,,,,,,,,,19,,0
3206,21980,76736,Phil Ford,KCK,Kansas City Kings,0028000424,1980-12-26,KCK vs. PHL,L,0,5,,,0.0,,,9,9,1.0,,,,,,,,,19,,0
3207,21980,78222,Jim Spanarkel,DAL,Dallas Mavericks,0028000421,1980-12-26,DAL vs. DEN,W,0,6,,,0.0,,,7,7,1.0,,,,,,,,,19,,0
3208,21980,77097,Dan Issel,DEN,Denver Nuggets,0028000421,1980-12-26,DEN @ DAL,L,0,7,,,0.0,,,5,6,0.833,,,,,,,,,19,,0
3209,21980,78047,Campy Russell,NYK,New York Knicks,0028000419,1980-12-25,NYK vs. BOS,L,0,8,,,0.0,,,3,4,0.75,,,,,,,,,19,,0
3210,21980,77911,Kelvin Ransey,POR,Portland Trail Blazers,0028000417,1980-12-25,POR vs. GOS,W,0,8,,,0.0,,,3,4,0.75,,,,,,,,,19,,0
3211,21980,76826,Mike Gminski,NJN,New Jersey Nets,0028000416,1980-12-25,NJN @ WAS,L,0,7,,,0.0,,,5,5,1.0,,,,,,,,,19,,0
3212,21980,77819,Jim Paxson,POR,Portland Trail Blazers,0028000415,1980-12-23,POR vs. LAL,W,0,7,,,0.0,,,5,7,0.714,,,,,,,,,19,,0
3213,21980,77323,Kevin Kunnert,POR,Portland Trail Blazers,0028000415,1980-12-23,POR vs. LAL,W,0,9,,,0.0,,,1,2,0.5,,,,,,,,,19,,0
3214,21980,78482,Scott Wedman,KCK,Kansas City Kings,0028000414,1980-12-23,KCK @ CLE,W,0,9,,,0.0,,,1,1,1.0,,,,,,,,,19,,0
3215,21980,76826,Mike Gminski,NJN,New Jersey Nets,0028000411,1980-12-23,NJN @ IND,L,0,8,,,0.0,,,3,3,1.0,,,,,,,,,19,,0
3216,21980,77952,Micheal Ray Richardson,NYK,New York Knicks,0028000408,1980-12-23,NYK @ CHI,L,0,7,,,0.0,,,5,7,0.714,,,,,,,,,19,,0
3217,21980,78150,James Silas,SAN,San Antonio Spurs,0028000402,1980-12-21,SAN @ LAL,L,0,8,,,0.0,,,3,3,1.0,,,,,,,,,19,,0
3218,21980,76471,Charlie Criss,ATL,Atlanta Hawks,0028000401,1980-12-20,ATL @ POR,L,0,6,,,0.0,,,7,8,0.875,,,,,,,,,19,,0
3219,21980,78326,David Thompson,DEN,Denver Nuggets,0028000398,1980-12-20,DEN @ NYK,L,0,9,,,0.0,,,1,2,0.5,,,,,,,,,19,,0
3220,21980,76526,Johnny Davis,IND,Indiana Pacers,0028000397,1980-12-20,IND @ KCK,W,0,7,,,0.0,,,5,5,1.0,,,,,,,,,19,,0
3221,21980,77490,Scott May,CHI,Chicago Bulls,0028000395,1980-12-20,CHI vs. HOU,W,0,6,,,0.0,,,7,8,0.875,,,,,,,,,19,,0
3222,21980,76121,Billyray Bates,POR,Portland Trail Blazers,0028000375,1980-12-17,POR @ GOS,W,0,8,,,1.0,,,2,2,1.0,,,,,,,,,19,,0
3223,21980,77152,John Johnson,SEA,Seattle SuperSonics,0028000381,1980-12-17,SEA vs. KCK,W,0,8,,,0.0,,,3,4,0.75,,,,,,,,,19,,0
3224,21980,76539,Darryl Dawkins,PHL,Philadelphia 76ers,0028000378,1980-12-17,PHL vs. CLE,W,0,8,,,0.0,,,3,5,0.6,,,,,,,,,19,,0
3225,21980,78571,Ray Williams,NYK,New York Knicks,0028000374,1980-12-17,NYK @ DET,W,0,7,,,0.0,,,5,6,0.833,,,,,,,,,19,,0
3226,21980,76733,Chris Ford,BOS,Boston Celtics,0028000380,1980-12-17,BOS vs. CHI,W,0,9,,,1.0,,,0,0,,,,,,,,,,19,,0
3227,21980,76526,Johnny Davis,IND,Indiana Pacers,0028000371,1980-12-16,IND vs. PHL,L,0,7,,,0.0,,,5,6,0.833,,,,,,,,,19,,0
3228,21980,76804,George Gervin,SAN,San Antonio Spurs,0028000365,1980-12-14,SAN @ MIL,L,0,6,,,0.0,,,7,8,0.875,,,,,,,,,19,,0
3229,21980,77633,Johnny Moore,SAN,San Antonio Spurs,0028000360,1980-12-13,SAN vs. DEN,W,0,9,,,0.0,,,1,1,1.0,,,,,,,,,19,,0
3230,21980,76091,Greg Ballard,WAS,Washington Bullets,0028000359,1980-12-13,WAS vs. IND,W,0,7,,,0.0,,,5,6,0.833,,,,,,,,,19,,0
3231,21980,76353,Joe Barry Carroll,GOS,Golden State Warriors,0028000357,1980-12-13,GOS vs. HOU,L,0,7,,,0.0,,,5,8,0.625,,,,,,,,,19,,0
3232,21980,77996,Wayne Robinson,DET,Detroit Pistons,0028000356,1980-12-13,DET @ NYK,L,0,8,,,0.0,,,3,6,0.5,,,,,,,,,19,,0
3233,21980,77952,Micheal Ray Richardson,NYK,New York Knicks,0028000356,1980-12-13,NYK vs. DET,W,0,8,,,0.0,,,3,4,0.75,,,,,,,,,19,,0
3234,21980,77721,Norm Nixon,LAL,Los Angeles Lakers,0028000352,1980-12-12,LAL @ SEA,W,0,9,,,0.0,,,1,2,0.5,,,,,,,,,19,,0
3235,21980,77615,Mike Mitchell,CLE,Cleveland Cavaliers,0028000349,1980-12-12,CLE @ DET,L,0,9,,,0.0,,,1,1,1.0,,,,,,,,,19,,0
3236,21980,76362,Bill Cartwright,NYK,New York Knicks,0028000346,1980-12-11,NYK @ MIL,L,0,8,,,0.0,,,3,3,1.0,,,,,,,,,19,,0
3237,21980,76804,George Gervin,SAN,San Antonio Spurs,0028000345,1980-12-11,SAN vs. KCK,W,0,5,,,1.0,,,8,8,1.0,,,,,,,,,19,,0
3238,21980,77997,Bill Robinzine,DAL,Dallas Mavericks,0028000341,1980-12-10,DAL @ DEN,L,0,7,,,0.0,,,5,5,1.0,,,,,,,,,19,,0
3239,21980,76616,Mike Dunleavy,HOU,Houston Rockets,0028000340,1980-12-10,HOU vs. LAL,L,0,7,,,0.0,,,5,6,0.833,,,,,,,,,19,,0
3240,21980,78310,Reggie Theus,CHI,Chicago Bulls,0028000327,1980-12-09,CHI vs. PHX,L,0,7,,,2.0,,,3,4,0.75,,,,,,,,,19,,0
3241,21980,76504,Adrian Dantley,UTH,Utah Jazz,0028000334,1980-12-09,UTH vs. SAN,L,0,8,,,0.0,,,3,4,0.75,,,,,,,,,19,,0
3242,21980,77615,Mike Mitchell,CLE,Cleveland Cavaliers,0028000333,1980-12-09,CLE vs. PHL,L,0,8,,,0.0,,,3,3,1.0,,,,,,,,,19,,0
3243,21980,76598,John Drew,ATL,Atlanta Hawks,0028000331,1980-12-09,ATL vs. SDC,W,0,7,,,0.0,,,5,9,0.556,,,,,,,,,19,,0
3244,21980,77087,Geoff Huston,DAL,Dallas Mavericks,0028000329,1980-12-09,DAL vs. LAL,L,0,9,,,0.0,,,1,1,1.0,,,,,,,,,19,,0
3245,21980,600014,Artis Gilmore,CHI,Chicago Bulls,0028000327,1980-12-09,CHI vs. PHX,L,0,9,,,0.0,,,1,4,0.25,,,,,,,,,19,,0
3246,21980,77141,Dennis Johnson,PHX,Phoenix Suns,0028000327,1980-12-09,PHX @ CHI,W,0,8,,,0.0,,,3,4,0.75,,,,,,,,,19,,0
3247,21980,76272,Fred Brown,SEA,Seattle SuperSonics,0028000328,1980-12-09,SEA @ POR,L,0,6,,,2.0,,,5,5,1.0,,,,,,,,,19,,0
3248,21980,78150,James Silas,SAN,San Antonio Spurs,0028000325,1980-12-07,SAN @ POR,L,0,8,,,0.0,,,3,3,1.0,,,,,,,,,19,,0
3249,21980,77691,Calvin Natt,POR,Portland Trail Blazers,0028000325,1980-12-07,POR vs. SAN,W,0,6,,,0.0,,,7,10,0.7,,,,,,,,,19,,0
3250,21980,77087,Geoff Huston,DAL,Dallas Mavericks,0028000318,1980-12-06,DAL @ ATL,L,0,8,,,0.0,,,3,4,0.75,,,,,,,,,19,,0
3251,21980,77952,Micheal Ray Richardson,NYK,New York Knicks,0028000317,1980-12-06,NYK vs. MIL,W,0,8,,,0.0,,,3,6,0.5,,,,,,,,,19,,0
3252,21980,78623,Larry Wright,DET,Detroit Pistons,0028000314,1980-12-06,DET @ CLE,L,0,9,,,0.0,,,1,1,1.0,,,,,,,,,19,,0
3253,21980,77071,Phil Hubbard,DET,Detroit Pistons,0028000314,1980-12-06,DET @ CLE,L,0,9,,,0.0,,,1,2,0.5,,,,,,,,6.0,19,,0
3254,21980,77754,Mike O'Koren,NJN,New Jersey Nets,0028000306,1980-12-05,NJN @ PHX,W,0,8,,,1.0,,,2,2,1.0,,,,,,,,,19,,0
3255,21980,1449,Larry Bird,BOS,Boston Celtics,0028000310,1980-12-05,BOS vs. DAL,W,0,8,,,1.0,,,2,2,1.0,,,,,,,,,19,,0
3256,21980,77160,Marques Johnson,MIL,Milwaukee Bucks,0028000313,1980-12-05,MIL vs. IND,W,0,7,,,0.0,,,5,7,0.714,,,,,,,,,19,,0
3257,21980,76881,David Greenwood,CHI,Chicago Bulls,0028000312,1980-12-05,CHI @ POR,L,0,6,,,0.0,,,7,9,0.778,,,,,,,,,19,,0
3258,21980,77328,Tom LaGarde,DAL,Dallas Mavericks,0028000310,1980-12-05,DAL @ BOS,L,0,7,,,0.0,,,5,11,0.455,,,,,,,,,19,,0
3259,21980,77071,Phil Hubbard,DET,Detroit Pistons,0028000307,1980-12-05,DET @ WAS,L,0,9,,,0.0,,,1,5,0.2,,,,,,,,,19,,0
3260,21980,76830,Glen Gondrezick,DEN,Denver Nuggets,0028000305,1980-12-04,DEN @ UTH,L,0,6,,,0.0,,,7,8,0.875,,,,,,,,,19,,0
3261,21980,77449,Moses Malone,HOU,Houston Rockets,0028000302,1980-12-03,HOU vs. CLE,W,0,6,,,0.0,,,7,9,0.778,,,,,,,,,19,,0
3262,21980,76231,Dudley Bradley,IND,Indiana Pacers,0028000301,1980-12-03,IND vs. WAS,W,0,6,,,0.0,,,7,7,1.0,,,,,,,,,19,,0
3263,21980,77487,Cedric Maxwell,BOS,Boston Celtics,0028000300,1980-12-03,BOS vs. ATL,W,0,3,,,0.0,,,13,14,0.929,,,,,,,,,19,,0
3264,21980,76753,World Free,GOS,Golden State Warriors,0028000298,1980-12-03,GOS vs. NJN,W,0,8,,,0.0,,,3,4,0.75,,,,,,,,,19,,0
3265,21980,600005,Bob Lanier,MIL,Milwaukee Bucks,0028000289,1980-12-02,MIL vs. UTH,W,0,8,,,0.0,,,3,5,0.6,,,,,,,,,19,,0
3266,21980,100263,Bill Laimbeer,CLE,Cleveland Cavaliers,0028000287,1980-12-02,CLE @ DAL,W,0,7,,,0.0,,,5,5,1.0,,,,,,,,,19,,0
3267,21980,78310,Reggie Theus,CHI,Chicago Bulls,0028000284,1980-11-30,CHI @ LAL,W,0,5,,,0.0,,,9,9,1.0,,,,,,,,,19,,0
3268,21980,77273,Reggie King,KCK,Kansas City Kings,0028000279,1980-11-29,KCK vs. SAN,L,0,7,,,0.0,,,5,9,0.556,,,,,,,,6.0,19,,0
3269,21980,77160,Marques Johnson,MIL,Milwaukee Bucks,0028000278,1980-11-29,MIL @ WAS,L,0,8,,,0.0,,,3,5,0.6,,,,,,,,,19,,0
3270,21980,76681,Julius Erving,PHL,Philadelphia 76ers,0028000273,1980-11-29,PHL vs. UTH,W,0,7,,,0.0,,,5,6,0.833,,,,,,,,,19,,0
3271,21980,76350,Kenny Carr,CLE,Cleveland Cavaliers,0028000264,1980-11-28,CLE vs. WAS,W,0,6,,,0.0,,,7,7,1.0,,,20.0,,,,,,19,,0
3272,21980,77848,Roger Phegley,CLE,Cleveland Cavaliers,0028000264,1980-11-28,CLE vs. WAS,W,0,7,,,1.0,,,4,4,1.0,,,,,,,,,19,,0
3273,21980,77936,Robert Reid,HOU,Houston Rockets,0028000270,1980-11-28,HOU @ SAN,W,0,8,,,0.0,,,3,4,0.75,,,,,,,,,19,,0
3274,21980,78047,Campy Russell,NYK,New York Knicks,0028000268,1980-11-28,NYK @ BOS,L,0,7,,,0.0,,,5,5,1.0,,,,,,,,,19,,0
3275,21980,77997,Bill Robinzine,DAL,Dallas Mavericks,0028000267,1980-11-28,DAL vs. DEN,L,0,6,,,0.0,,,7,8,0.875,,,,,,,,,19,,0
3276,21980,77097,Dan Issel,DEN,Denver Nuggets,0028000267,1980-11-28,DEN @ DAL,W,0,8,,,0.0,,,3,4,0.75,,,,,,,,,19,,0
3277,21980,77087,Geoff Huston,DAL,Dallas Mavericks,0028000267,1980-11-28,DAL vs. DEN,L,0,9,,,0.0,,,1,1,1.0,,,,,,,,,19,,0
3278,21980,76673,Alex English,DEN,Denver Nuggets,0028000267,1980-11-28,DEN @ DAL,W,0,7,,,0.0,,,5,6,0.833,,,,,,,,6.0,19,,0
3279,21980,77160,Marques Johnson,MIL,Milwaukee Bucks,0028000265,1980-11-28,MIL vs. ATL,W,0,7,,,0.0,,,5,7,0.714,,,,,,,,,19,,0
3280,21980,76971,Steve Hawes,ATL,Atlanta Hawks,0028000265,1980-11-28,ATL @ MIL,L,0,6,,,0.0,,,7,7,1.0,,,,,,,,6.0,19,,0
3281,21980,77010,Keith Herron,DET,Detroit Pistons,0028000263,1980-11-28,DET vs. KCK,W,0,6,,,0.0,,,7,7,1.0,,,,,,,,,19,,0
3282,21980,77324,Mitch Kupchak,WAS,Washington Bullets,0028000260,1980-11-27,WAS vs. IND,W,0,8,,,0.0,,,3,6,0.5,,,,,,,,,19,,0
3283,21980,77635,Lowes Moore,NJN,New Jersey Nets,0028000255,1980-11-26,NJN @ KCK,L,0,9,,,0.0,,,1,2,0.5,,,,,,,,,19,,0
3284,21980,76095,Mike Bantom,IND,Indiana Pacers,0028000252,1980-11-26,IND vs. ATL,W,0,8,,,0.0,,,3,4,0.75,,,,,,,,,19,,0
3285,21980,77126,Abdul Jeelani,DAL,Dallas Mavericks,0028000246,1980-11-23,DAL @ POR,L,0,8,,,0.0,,,3,4,0.75,,,,,,,,,19,,0
3286,21980,76085,James Bailey,SEA,Seattle SuperSonics,0028000245,1980-11-23,SEA @ SDC,L,0,7,,,0.0,,,5,8,0.625,,,,,,,,,19,,0
3287,21980,76887,Kevin Grevey,WAS,Washington Bullets,0028000242,1980-11-22,WAS @ CHI,L,0,6,,,1.0,,,6,6,1.0,,,,,,,,,19,,0
3288,21980,77144,Eddie Johnson,ATL,Atlanta Hawks,0028000241,1980-11-22,ATL vs. UTH,W,0,8,,,0.0,,,3,4,0.75,,,,,,,,,19,,0
3289,21980,78571,Ray Williams,NYK,New York Knicks,0028000240,1980-11-22,NYK vs. GOS,L,0,7,,,0.0,,,5,7,0.714,,,,,,,,6.0,19,,0
3290,21980,78570,Sly Williams,NYK,New York Knicks,0028000240,1980-11-22,NYK vs. GOS,L,0,8,,,0.0,,,3,9,0.333,,,,,,,,,19,,0
3291,21980,77010,Keith Herron,DET,Detroit Pistons,0028000239,1980-11-22,DET vs. NJN,W,0,8,,,0.0,,,3,3,1.0,,,,,,,,,19,,0
3292,21980,78482,Scott Wedman,KCK,Kansas City Kings,0028000231,1980-11-21,KCK @ DEN,L,0,8,,,1.0,,,2,3,0.667,,,,,,,,,19,,0
3293,21980,77148,George Johnson,IND,Indiana Pacers,0028000229,1980-11-21,IND @ PHL,L,0,8,,,0.0,,,3,5,0.6,,,,,,,,,19,,0
3294,21980,78390,Terry Tyler,DET,Detroit Pistons,0028000224,1980-11-20,DET vs. SDC,W,0,7,,,0.0,,,5,8,0.625,,,,,,,,,19,,0
3295,21980,77071,Phil Hubbard,DET,Detroit Pistons,0028000224,1980-11-20,DET vs. SDC,W,0,7,,,0.0,,,5,7,0.714,,,,,,,,,19,,0
3296,21980,1449,Larry Bird,BOS,Boston Celtics,0028000223,1980-11-19,BOS @ IND,W,0,8,,,1.0,,,2,2,1.0,,,,,,,,,19,,0
3297,21980,76453,Dave Corzine,SAN,San Antonio Spurs,0028000222,1980-11-19,SAN @ NJN,W,0,9,,,0.0,,,1,2,0.5,,,,,,,,,19,,0
3298,21980,77087,Geoff Huston,DAL,Dallas Mavericks,0028000218,1980-11-18,DAL vs. PHX,L,0,9,,,0.0,,,1,2,0.5,,,,,,,,6.0,19,,0
3299,21980,1449,Larry Bird,BOS,Boston Celtics,0028000217,1980-11-18,BOS @ CHI,W,0,8,,,0.0,,,3,5,0.6,,,,,,,,,19,,0
3300,21980,76154,Kent Benson,DET,Detroit Pistons,0028000216,1980-11-18,DET vs. IND,L,0,9,,,0.0,,,1,1,1.0,,,,,,,,,19,,0
3301,21980,77160,Marques Johnson,MIL,Milwaukee Bucks,0028000214,1980-11-18,MIL @ UTH,W,0,8,,,0.0,,,3,4,0.75,,,,,,,,,19,,0
3302,21980,76252,Junior Bridgeman,MIL,Milwaukee Bucks,0028000214,1980-11-18,MIL @ UTH,W,0,5,,,0.0,,,9,10,0.9,,,,,,,,,19,,0
3303,21980,77691,Calvin Natt,POR,Portland Trail Blazers,0028000210,1980-11-18,POR vs. DEN,W,0,8,,,0.0,,,3,6,0.5,,,,,,,,,19,,0
3304,21980,77193,Bobby Jones,PHL,Philadelphia 76ers,0028000205,1980-11-15,PHL vs. NJN,W,0,7,,,0.0,,,5,5,1.0,,,,,,,,,19,,0
3305,21980,1453,Walter Davis,PHX,Phoenix Suns,0028000202,1980-11-15,PHX @ GOS,L,0,9,,,0.0,,,1,1,1.0,,,,,,,,,19,,0
3306,21980,77669,Calvin Murphy,HOU,Houston Rockets,0028000196,1980-11-14,HOU @ UTH,L,0,8,,,0.0,,,3,3,1.0,,,,,,,,,19,,0
3307,21980,77997,Bill Robinzine,DAL,Dallas Mavericks,0028000193,1980-11-14,DAL vs. POR,W,0,7,,,0.0,,,5,6,0.833,,,,,,,,,19,,0
3308,21980,77691,Calvin Natt,POR,Portland Trail Blazers,0028000193,1980-11-14,POR @ DAL,L,0,8,,,0.0,,,3,10,0.3,,,,,,,,,19,,0
3309,21980,77328,Tom LaGarde,DAL,Dallas Mavericks,0028000193,1980-11-14,DAL vs. POR,W,0,8,,,0.0,,,3,6,0.5,,,,,,,,,19,,0
3310,21980,77087,Geoff Huston,DAL,Dallas Mavericks,0028000193,1980-11-14,DAL vs. POR,W,0,8,,,0.0,,,3,6,0.5,,,,,,,,,19,,0
3311,21980,76608,Terry Duerod,DAL,Dallas Mavericks,0028000193,1980-11-14,DAL vs. POR,W,0,9,,,0.0,,,1,1,1.0,,,,,,,,,19,,0
3312,21980,76681,Julius Erving,PHL,Philadelphia 76ers,0028000189,1980-11-13,PHL @ IND,W,0,9,,,0.0,,,1,1,1.0,,,,,,,,,19,,0
3313,21980,77635,Lowes Moore,NJN,New Jersey Nets,0028000181,1980-11-12,NJN vs. DEN,W,0,9,,,0.0,,,1,2,0.5,,,,,,,,6.0,19,,0
3314,21980,76673,Alex English,DEN,Denver Nuggets,0028000181,1980-11-12,DEN @ NJN,L,0,4,,,0.0,,,11,13,0.846,,,,,,,,,19,,0
3315,21980,1453,Walter Davis,PHX,Phoenix Suns,0028000178,1980-11-11,PHX @ SDC,W,0,7,,,0.0,,,5,5,1.0,,,,,,,,,19,,0
3316,21980,77950,Clint Richardson,PHL,Philadelphia 76ers,0028000177,1980-11-11,PHL @ CHI,W,0,9,,,0.0,,,1,1,1.0,,,,,,,,,19,,0
3317,21980,1381,John Long,DET,Detroit Pistons,0028000176,1980-11-11,DET @ NYK,L,0,7,,,0.0,,,5,5,1.0,,,,,,,,,19,,0
3318,21980,76003,Kareem Abdul-Jabbar,LAL,Los Angeles Lakers,0028000174,1980-11-11,LAL @ ATL,W,0,8,,,0.0,,,3,4,0.75,,,,,,,,,19,,0
3319,21980,78467,Kermit Washington,POR,Portland Trail Blazers,0028000173,1980-11-11,POR vs. KCK,L,0,5,,,0.0,,,9,13,0.692,,,,,,,,,19,,0
3320,21980,77160,Marques Johnson,MIL,Milwaukee Bucks,0028000172,1980-11-11,MIL @ CLE,W,0,8,,,0.0,,,3,4,0.75,,,,,,,,,19,,0
3321,21980,229,James Edwards,IND,Indiana Pacers,0028000169,1980-11-10,IND @ UTH,L,0,7,,,0.0,,,5,8,0.625,,,,,,,,,19,,0
3322,21980,1449,Larry Bird,BOS,Boston Celtics,0028000167,1980-11-09,BOS vs. CHI,W,0,6,,,0.0,,,7,7,1.0,,,,,,,,,19,,0
3323,21980,77148,George Johnson,IND,Indiana Pacers,0028000162,1980-11-08,IND @ GOS,L,0,8,,,0.0,,,3,3,1.0,,,,,,,,6.0,19,,0
3324,21980,1381,John Long,DET,Detroit Pistons,0028000151,1980-11-07,DET @ WAS,L,0,6,,,0.0,,,7,8,0.875,,,,,,,,,19,,0
3325,21980,76887,Kevin Grevey,WAS,Washington Bullets,0028000148,1980-11-06,WAS vs. DAL,W,0,9,,,1.0,,,0,1,0.0,,,,,,,,,19,,0
3326,21980,78570,Sly Williams,NYK,New York Knicks,0028000142,1980-11-05,NYK @ KCK,L,0,5,,,1.0,,,8,10,0.8,,,,,,,,,19,,0
3327,21980,76421,Doug Collins,PHL,Philadelphia 76ers,0028000146,1980-11-05,PHL vs. DET,W,0,8,,,0.0,,,3,3,1.0,,,,,,,,,19,,0
3328,21980,77691,Calvin Natt,POR,Portland Trail Blazers,0028000138,1980-11-04,POR @ LAL,L,0,8,,,0.0,,,3,3,1.0,,,,,,,,,19,,0
3329,21980,78199,Phil Smith,SDC,San Diego Clippers,0028000137,1980-11-04,SDC @ DAL,W,0,9,,,0.0,,,1,2,0.5,,,,,,,,,19,,0
3330,21980,77484,Wes Matthews,WAS,Washington Bullets,0028000134,1980-11-04,WAS vs. ATL,W,0,8,,,0.0,,,3,4,0.75,,,,,,,,,19,,0
3331,21980,78600,Brian Winters,MIL,Milwaukee Bucks,0028000132,1980-11-02,MIL vs. IND,W,0,9,,,0.0,,,1,1,1.0,,,,,,,,,19,,0
3332,21980,77848,Roger Phegley,CLE,Cleveland Cavaliers,0028000130,1980-11-02,CLE @ POR,L,0,4,,,0.0,,,11,11,1.0,,,,,,,,,19,,0
3333,21980,76054,Nate Archibald,BOS,Boston Celtics,0028000127,1980-11-01,BOS @ PHL,L,0,8,,,0.0,,,3,4,0.75,,,,,,,,6.0,19,,0
3334,21980,78025,Dan Roundfield,ATL,Atlanta Hawks,0028000116,1980-10-31,ATL @ PHL,L,0,6,,,0.0,,,7,7,1.0,,,,,,,,6.0,19,,0
3335,21980,76598,John Drew,ATL,Atlanta Hawks,0028000116,1980-10-31,ATL @ PHL,L,0,8,,,0.0,,,3,5,0.6,,,,,,,,,19,,0
3336,21980,76539,Darryl Dawkins,PHL,Philadelphia 76ers,0028000116,1980-10-31,PHL vs. ATL,W,0,6,,,0.0,,,7,8,0.875,,,,,,,,,19,,0
3337,21980,77148,George Johnson,IND,Indiana Pacers,0028000112,1980-10-31,IND @ CHI,W,0,8,,,0.0,,,3,4,0.75,,,,,,,,,19,,0
3338,21980,76881,David Greenwood,CHI,Chicago Bulls,0028000112,1980-10-31,CHI vs. IND,L,0,7,,,0.0,,,5,5,1.0,,,,,,,,,19,,0
3339,21980,76526,Johnny Davis,IND,Indiana Pacers,0028000112,1980-10-31,IND @ CHI,W,0,6,,,0.0,,,7,7,1.0,,,,,,,,,19,,0
3340,21980,78025,Dan Roundfield,ATL,Atlanta Hawks,0028000111,1980-10-30,ATL @ NYK,L,0,8,,,0.0,,,3,7,0.429,,,,,,,,,19,,0
3341,21980,76418,Don Collins,ATL,Atlanta Hawks,0028000111,1980-10-30,ATL @ NYK,L,0,6,,,0.0,,,7,9,0.778,,,,,,,,,19,,0
3342,21980,77691,Calvin Natt,POR,Portland Trail Blazers,0028000110,1980-10-29,POR @ KCK,L,0,8,,,0.0,,,3,5,0.6,,,,,,,,,19,,0
3343,21980,78222,Jim Spanarkel,DAL,Dallas Mavericks,0028000106,1980-10-29,DAL @ HOU,L,0,4,,,0.0,,,11,13,0.846,,,,,,,,,19,,0
3344,21980,78310,Reggie Theus,CHI,Chicago Bulls,0028000104,1980-10-29,CHI @ PHL,L,0,7,,,0.0,,,5,6,0.833,,,,,,,,,19,,0
3345,21980,77618,Steve Mix,PHL,Philadelphia 76ers,0028000104,1980-10-29,PHL vs. CHI,W,0,6,,,0.0,,,7,9,0.778,,,,,,,,,19,,0
3346,21980,76385,Maurice Cheeks,PHL,Philadelphia 76ers,0028000104,1980-10-29,PHL vs. CHI,W,0,7,,,0.0,,,5,5,1.0,,,,,,,,,19,,0
3347,21980,76673,Alex English,DEN,Denver Nuggets,0028000103,1980-10-29,DEN @ GOS,L,0,7,,,0.0,,,5,6,0.833,,,,,,,,,19,,0
3348,21980,76095,Mike Bantom,IND,Indiana Pacers,0028000102,1980-10-29,IND vs. NYK,W,0,8,,,0.0,,,3,4,0.75,,,,,,,,,19,,0
3349,21980,600014,Artis Gilmore,CHI,Chicago Bulls,0028000099,1980-10-28,CHI vs. MIL,L,0,7,,,0.0,,,5,9,0.556,,,,,,,,,19,,0
3350,21980,77721,Norm Nixon,LAL,Los Angeles Lakers,0028000093,1980-10-26,LAL vs. SAN,L,0,8,,,0.0,,,3,3,1.0,,,,,,,,,19,,0
3351,21980,76385,Maurice Cheeks,PHL,Philadelphia 76ers,0028000082,1980-10-25,PHL @ ATL,W,0,7,,,0.0,,,5,6,0.833,,,,,,,,,19,,0
3352,21980,76887,Kevin Grevey,WAS,Washington Bullets,0028000078,1980-10-24,WAS @ CHI,L,0,7,,,1.0,,,4,5,0.8,,,,,,,,,19,,0
3353,21980,76272,Fred Brown,SEA,Seattle SuperSonics,0028000079,1980-10-24,SEA @ LAL,L,0,8,,,0.0,,,3,4,0.75,,,,,,,,,19,,0
3354,21980,77160,Marques Johnson,MIL,Milwaukee Bucks,0028000068,1980-10-22,MIL @ IND,W,0,5,,,0.0,,,9,10,0.9,,,,,,,,,19,,0
3355,21980,77148,George Johnson,IND,Indiana Pacers,0028000068,1980-10-22,IND vs. MIL,L,0,6,,,0.0,,,7,12,0.583,,,,,,,,,19,,0
3356,21980,77986,Cliff T. Robinson,NJN,New Jersey Nets,0028000066,1980-10-22,NJN vs. BOS,L,0,7,,,0.0,,,5,6,0.833,,,,,,,,,19,,0
3357,21980,78199,Phil Smith,SDC,San Diego Clippers,0028000061,1980-10-21,SDC @ SAN,L,0,7,,,0.0,,,5,7,0.714,,,,,,,,,19,,0
3358,21980,78310,Reggie Theus,CHI,Chicago Bulls,0028000058,1980-10-21,CHI @ NYK,L,0,8,,,0.0,,,3,4,0.75,,,,,,,,,19,,0
3359,21980,78047,Campy Russell,NYK,New York Knicks,0028000058,1980-10-21,NYK vs. CHI,W,0,7,,,0.0,,,5,6,0.833,,,,,,,,,19,,0
3360,21980,78350,Rudy Tomjanovich,HOU,Houston Rockets,0028000063,1980-10-21,HOU @ DEN,W,0,9,,,1.0,,,0,0,,,,,,,,,,19,,0
3361,21980,77167,Vinnie Johnson,SEA,Seattle SuperSonics,0028000057,1980-10-20,SEA @ UTH,W,0,8,,,0.0,,,3,5,0.6,,,,,,,,,19,,0
3362,21980,76890,Darrell Griffith,UTH,Utah Jazz,0028000057,1980-10-20,UTH vs. SEA,L,0,9,,,0.0,,,1,2,0.5,,,,,,,,,19,,0
3363,21980,76435,Darwin Cook,NJN,New Jersey Nets,0028000054,1980-10-19,NJN @ MIL,L,0,8,,,1.0,,,2,2,1.0,,,,,,,,,19,,0
3364,21980,77264,Bernard King,GOS,Golden State Warriors,0028000055,1980-10-19,GOS @ LAL,L,0,8,,,0.0,,,3,4,0.75,,,,,,,,,19,,0
3365,21980,76392,Jim Chones,LAL,Los Angeles Lakers,0028000055,1980-10-19,LAL vs. GOS,W,0,9,,,0.0,,,1,1,1.0,,,,,,,,,19,,0
3366,21980,77986,Cliff T. Robinson,NJN,New Jersey Nets,0028000054,1980-10-19,NJN @ MIL,L,0,8,,,0.0,,,3,4,0.75,,,,,,,,,19,,0
3367,21980,1449,Larry Bird,BOS,Boston Celtics,0028000048,1980-10-18,BOS @ IND,L,0,7,,,1.0,,,4,4,1.0,,,,,,,,,19,,0
3368,21980,77936,Robert Reid,HOU,Houston Rockets,0028000053,1980-10-18,HOU @ GOS,L,0,7,,,0.0,,,5,7,0.714,,,,,,,,,19,,0
3369,21980,77264,Bernard King,GOS,Golden State Warriors,0028000053,1980-10-18,GOS vs. HOU,W,0,9,,,0.0,,,1,2,0.5,,,,,,,,,19,,0
3370,21980,76826,Mike Gminski,NJN,New Jersey Nets,0028000051,1980-10-18,NJN @ CHI,W,0,6,,,0.0,,,7,7,1.0,,,,,,,,,19,,0
3371,21980,76753,World Free,GOS,Golden State Warriors,0028000053,1980-10-18,GOS vs. HOU,W,0,9,,,1.0,,,0,0,,,,,,,,,,19,,0
3372,21980,78571,Ray Williams,NYK,New York Knicks,0028000044,1980-10-17,NYK @ ATL,L,0,8,,,0.0,,,3,3,1.0,,,,,,,,,19,,0
3373,21980,78331,Mychal Thompson,POR,Portland Trail Blazers,0028000042,1980-10-17,POR vs. HOU,L,0,9,,,0.0,,,1,1,1.0,,,,,,,,,19,,0
3374,21980,77328,Tom LaGarde,DAL,Dallas Mavericks,0028000041,1980-10-17,DAL vs. KCK,L,0,8,,,0.0,,,3,5,0.6,,,,,,,,,19,,0
3375,21980,77438,Kyle Macy,PHX,Phoenix Suns,0028000040,1980-10-17,PHX @ LAL,L,0,7,,,0.0,,,5,5,1.0,,,,,,,,,19,,0
3376,21980,76011,Alvan Adams,PHX,Phoenix Suns,0028000040,1980-10-17,PHX @ LAL,L,0,8,,,0.0,,,3,3,1.0,,,,,,,,,19,,0
3377,21980,78310,Reggie Theus,CHI,Chicago Bulls,0028000038,1980-10-17,CHI vs. CLE,W,0,8,,,0.0,,,3,5,0.6,,,,,,,,,19,,0
3378,21980,78390,Terry Tyler,DET,Detroit Pistons,0028000037,1980-10-16,DET vs. SAN,L,0,8,,,0.0,,,3,5,0.6,,,,,,,,,19,,0
3379,21980,77168,Mickey Johnson,MIL,Milwaukee Bucks,0028000035,1980-10-16,MIL vs. BOS,L,0,5,,,0.0,,,9,10,0.9,,,,,,,,,19,,0
3380,21980,77819,Jim Paxson,POR,Portland Trail Blazers,0028000028,1980-10-15,POR @ GOS,L,0,6,,,0.0,,,7,9,0.778,,,,,,,,,19,,0
3381,21980,78310,Reggie Theus,CHI,Chicago Bulls,0028000034,1980-10-15,CHI @ IND,W,0,4,,,0.0,,,11,13,0.846,,,,,,,,,19,,0
3382,21980,77532,George McGinnis,IND,Indiana Pacers,0028000034,1980-10-15,IND vs. CHI,L,0,8,,,0.0,,,3,11,0.273,,,,,,,,6.0,19,,0
3383,21980,77193,Bobby Jones,PHL,Philadelphia 76ers,0028000033,1980-10-15,PHL @ NJN,W,0,8,,,0.0,,,3,6,0.5,,,,,,,,,19,,0
3384,21980,77936,Robert Reid,HOU,Houston Rockets,0028000030,1980-10-15,HOU vs. SEA,W,0,6,,,0.0,,,7,11,0.636,,,,,,,,,19,,0
3385,21980,1449,Larry Bird,BOS,Boston Celtics,0028000025,1980-10-14,BOS @ ATL,L,0,5,,,0.0,,,9,11,0.818,,,,,,,,6.0,19,,0
3386,21980,78025,Dan Roundfield,ATL,Atlanta Hawks,0028000025,1980-10-14,ATL vs. BOS,W,0,6,,,0.0,,,7,11,0.636,,,,,,,,,19,,0
3387,21980,77087,Geoff Huston,DAL,Dallas Mavericks,0028000024,1980-10-14,DAL vs. SEA,L,0,8,,,0.0,,,3,5,0.6,,,,,,,,,19,,0
3388,21980,76170,Otis Birdsong,KCK,Kansas City Kings,0028000020,1980-10-12,KCK @ PHX,L,0,7,,,1.0,,,4,4,1.0,,,,,,,,,19,,0
3389,21980,77328,Tom LaGarde,DAL,Dallas Mavericks,0028000010,1980-10-11,DAL vs. SAN,W,0,7,,,0.0,,,5,7,0.714,,,,,,,,,19,,0
3390,21980,76753,World Free,GOS,Golden State Warriors,0028000015,1980-10-11,GOS vs. SDC,W,0,6,,,1.0,,,6,6,1.0,,,,,,,,,19,,0
3391,21980,78570,Sly Williams,NYK,New York Knicks,0028000016,1980-10-11,NYK vs. MIL,W,0,7,,,0.0,,,5,7,0.714,,,,,,,,,19,,0
3392,21980,77160,Marques Johnson,MIL,Milwaukee Bucks,0028000016,1980-10-11,MIL @ NYK,L,0,7,,,0.0,,,5,8,0.625,,,,,,,,,19,,0
3393,21980,77043,Lionel Hollins,PHL,Philadelphia 76ers,0028000014,1980-10-11,PHL @ WAS,W,0,7,,,0.0,,,5,5,1.0,,,,,,,,,19,,0
3394,21980,78310,Reggie Theus,CHI,Chicago Bulls,0028000013,1980-10-11,CHI @ ATL,L,0,7,,,0.0,,,5,6,0.833,,,,,,,,,19,,0
3395,21980,78133,Lonnie Shelton,SEA,Seattle SuperSonics,0028000006,1980-10-10,SEA vs. LAL,L,0,7,,,0.0,,,5,6,0.833,,,,,,,,,19,,0
3396,21980,77449,Moses Malone,HOU,Houston Rockets,0028000004,1980-10-10,HOU @ SDC,L,0,8,,,0.0,,,3,5,0.6,,,,,,,,,19,,0
3397,21980,77160,Marques Johnson,MIL,Milwaukee Bucks,0028000003,1980-10-10,MIL @ PHL,W,0,8,,,0.0,,,3,4,0.75,,,,,,,,,19,,0
3398,21980,76804,George Gervin,SAN,San Antonio Spurs,0028000002,1980-10-10,SAN @ DEN,W,0,7,,,0.0,,,5,6,0.833,,,,,,,,,19,,0
3399,21980,78215,Ricky Sobers,CHI,Chicago Bulls,0028000942,1981-03-29,CHI @ IND,W,0,7,,,0.0,,,4,4,1.0,,,,,,,,,18,,0
3400,21980,76526,Johnny Davis,IND,Indiana Pacers,0028000942,1981-03-29,IND vs. CHI,L,0,9,,,0.0,,,0,0,,,,,,,,,,18,,0
3401,21980,76272,Fred Brown,SEA,Seattle SuperSonics,0028000939,1981-03-29,SEA vs. GOS,W,0,8,,,0.0,,,2,2,1.0,,,,,,,,,18,,0
3402,21980,77273,Reggie King,KCK,Kansas City Kings,0028000938,1981-03-29,KCK vs. DAL,W,0,5,,,0.0,,,8,10,0.8,,,,,,,,,18,,0
3403,21980,77163,Reggie Johnson,SAN,San Antonio Spurs,0028000935,1981-03-29,SAN vs. HOU,W,0,9,,,0.0,,,0,0,,,,,,,,,,18,,0
3404,21980,76453,Dave Corzine,SAN,San Antonio Spurs,0028000935,1981-03-29,SAN vs. HOU,W,0,5,,,0.0,,,8,8,1.0,,,,,,,,,18,,0
3405,21980,77097,Dan Issel,DEN,Denver Nuggets,0028000933,1981-03-29,DEN @ LAL,W,0,8,,,0.0,,,2,3,0.667,,,,,,,,,18,,0
3406,21980,76444,Michael Cooper,LAL,Los Angeles Lakers,0028000933,1981-03-29,LAL vs. DEN,L,0,8,,,0.0,,,2,2,1.0,,,,,,,,,18,,0
3407,21980,78199,Phil Smith,SDC,San Diego Clippers,0028000941,1981-03-29,SDC vs. POR,L,0,8,,,1.0,,,1,1,1.0,,,,,,,,,18,,0
3408,21980,77754,Mike O'Koren,NJN,New Jersey Nets,0028000940,1981-03-29,NJN @ NYK,L,0,7,,,0.0,,,4,4,1.0,,,,,,,,,18,,0
3409,21980,77997,Bill Robinzine,DAL,Dallas Mavericks,0028000926,1981-03-27,DAL vs. POR,L,0,7,,,0.0,,,4,4,1.0,,,,,,,,,18,,0
3410,21980,76534,Ron Davis,SDC,San Diego Clippers,0028000924,1981-03-27,SDC @ PHX,L,0,7,,,0.0,,,4,5,0.8,,,,,,,,,18,,0
3411,21980,78577,Bill Willoughby,HOU,Houston Rockets,0028000923,1981-03-27,HOU vs. KCK,W,0,7,,,0.0,,,4,4,1.0,,,,,,,,,18,,0
3412,21980,77290,Billy Knight,IND,Indiana Pacers,0028000922,1981-03-27,IND vs. WAS,W,0,8,,,0.0,,,2,2,1.0,,,,,,,,,18,,0
3413,21980,76231,Dudley Bradley,IND,Indiana Pacers,0028000919,1981-03-26,IND @ ATL,W,0,8,,,0.0,,,2,2,1.0,,,,,,,,,18,,0
3414,21980,77998,Dave Robisch,DEN,Denver Nuggets,0028000914,1981-03-25,DEN vs. DAL,L,0,7,,,0.0,,,4,6,0.667,,,,,,,,,18,,0
3415,21980,77997,Bill Robinzine,DAL,Dallas Mavericks,0028000914,1981-03-25,DAL @ DEN,W,0,7,,,0.0,,,4,5,0.8,,,,,,,,,18,,0
3416,21980,77126,Abdul Jeelani,DAL,Dallas Mavericks,0028000914,1981-03-25,DAL @ DEN,W,0,3,,,0.0,,,12,12,1.0,,,,,,,,,18,,0
3417,21980,76887,Kevin Grevey,WAS,Washington Bullets,0028000910,1981-03-25,WAS vs. NYK,W,0,7,,,0.0,,,4,4,1.0,,,,,,,,,18,,0
3418,21980,77071,Phil Hubbard,DET,Detroit Pistons,0028000908,1981-03-24,DET @ ATL,L,0,8,,,0.0,,,2,3,0.667,,,,,,,,,18,,0
3419,21980,600014,Artis Gilmore,CHI,Chicago Bulls,0028000905,1981-03-24,CHI vs. CLE,W,0,7,,,0.0,,,4,9,0.444,,,,,,,,,18,,0
3420,21980,77182,Dwight Jones,CHI,Chicago Bulls,0028000905,1981-03-24,CHI vs. CLE,W,0,7,,,0.0,,,4,4,1.0,,,,,,,,,18,,0
3421,21980,77756,Mark Olberding,SAN,San Antonio Spurs,0028000909,1981-03-24,SAN vs. DEN,L,0,6,,,1.0,,,5,6,0.833,,,,,,,,,18,,0
3422,21980,77168,Mickey Johnson,MIL,Milwaukee Bucks,0028000903,1981-03-24,MIL vs. NJN,W,0,7,,,1.0,,,3,4,0.75,,,,,,,,,18,,0
3423,21980,77141,Dennis Johnson,PHX,Phoenix Suns,0028000899,1981-03-22,PHX vs. SEA,W,0,7,,,0.0,,,4,5,0.8,,,,,,,,,18,,0
3424,21980,76483,Pat Cummings,MIL,Milwaukee Bucks,0028000898,1981-03-22,MIL @ NJN,W,0,8,,,0.0,,,2,3,0.667,,,,,,,,,18,,0
3425,21980,78139,Purvis Short,GOS,Golden State Warriors,0028000896,1981-03-22,GOS vs. LAL,L,0,8,,,0.0,,,2,2,1.0,,,,,,,,,18,,0
3426,21980,77721,Norm Nixon,LAL,Los Angeles Lakers,0028000896,1981-03-22,LAL @ GOS,W,0,7,,,0.0,,,4,4,1.0,,,,,,,,,18,,0
3427,21980,77273,Reggie King,KCK,Kansas City Kings,0028000894,1981-03-22,KCK vs. HOU,L,0,6,,,0.0,,,6,11,0.545,,,,,,,,,18,,0
3428,21980,76385,Maurice Cheeks,PHL,Philadelphia 76ers,0028000892,1981-03-22,PHL vs. BOS,W,0,7,,,0.0,,,4,4,1.0,,,,,,,,,18,,0
3429,21980,600014,Artis Gilmore,CHI,Chicago Bulls,0028000890,1981-03-22,CHI @ DET,W,0,7,,,0.0,,,4,5,0.8,,,,,,,,,18,,0
3430,21980,76154,Kent Benson,DET,Detroit Pistons,0028000890,1981-03-22,DET vs. CHI,L,0,8,,,0.0,,,2,2,1.0,,,,,,,,,18,,0
3431,21980,77819,Jim Paxson,POR,Portland Trail Blazers,0028000889,1981-03-21,POR vs. LAL,L,0,8,,,0.0,,,2,2,1.0,,,,,,,,,18,,0
3432,21980,77141,Dennis Johnson,PHX,Phoenix Suns,0028000888,1981-03-21,PHX @ GOS,L,0,9,,,0.0,,,0,0,,,,,,,,,,18,,0
3433,21980,1381,John Long,DET,Detroit Pistons,0028000885,1981-03-20,DET vs. MIL,L,0,5,,,0.0,,,8,8,1.0,,,,,,,,,18,,0
3434,21980,78570,Sly Williams,NYK,New York Knicks,0028000883,1981-03-20,NYK @ IND,W,0,8,,,0.0,,,2,2,1.0,,,,,,,,,18,,0
3435,21980,78222,Jim Spanarkel,DAL,Dallas Mavericks,0028000877,1981-03-20,DAL vs. DEN,W,0,8,,,0.0,,,2,2,1.0,,,,,,,,,18,,0
3436,21980,77432,Ollie Mack,DAL,Dallas Mavericks,0028000877,1981-03-20,DAL vs. DEN,W,0,8,,,0.0,,,2,2,1.0,,,,,,,,,18,,0
3437,21980,78195,Larry Smith,GOS,Golden State Warriors,0028000876,1981-03-19,GOS @ SDC,L,0,8,,,0.0,,,2,2,1.0,,,,,,,,,18,,0
3438,21980,76266,Michael Brooks,SDC,San Diego Clippers,0028000876,1981-03-19,SDC vs. GOS,W,0,9,,,0.0,,,0,0,,,,,,,,,,18,,0
3439,21980,77449,Moses Malone,HOU,Houston Rockets,0028000873,1981-03-18,HOU @ GOS,L,0,5,,,0.0,,,8,9,0.889,,,,,,,,,18,,0
3440,21980,77193,Bobby Jones,PHL,Philadelphia 76ers,0028000872,1981-03-18,PHL vs. IND,W,0,6,,,0.0,,,6,8,0.75,,,,,,,,,18,,0
3441,21980,77043,Lionel Hollins,PHL,Philadelphia 76ers,0028000872,1981-03-18,PHL vs. IND,W,0,8,,,0.0,,,2,2,1.0,,,,,,,,,18,,0
3442,21980,76526,Johnny Davis,IND,Indiana Pacers,0028000872,1981-03-18,IND @ PHL,L,0,8,,,0.0,,,2,2,1.0,,,,,,,,,18,,0
3443,21980,77484,Wes Matthews,ATL,Atlanta Hawks,0028000867,1981-03-18,ATL @ BOS,W,0,6,,,0.0,,,6,6,1.0,,,,,,,,,18,,0
3444,21980,76435,Darwin Cook,NJN,New Jersey Nets,0028000866,1981-03-18,NJN @ DET,L,0,9,,,0.0,,,0,2,0.0,,,,,,,,,18,,0
3445,21980,305,Robert Parish,BOS,Boston Celtics,0028000865,1981-03-17,BOS @ WAS,W,0,8,,,0.0,,,2,4,0.5,,,,,,,,,18,,0
3446,21980,76296,Quinn Buckner,MIL,Milwaukee Bucks,0028000863,1981-03-17,MIL @ CHI,L,0,8,,,0.0,,,2,4,0.5,,,,,,,,,18,,0
3447,21980,76890,Darrell Griffith,UTH,Utah Jazz,0028000862,1981-03-17,UTH @ SAN,L,0,8,,,0.0,,,2,2,1.0,,,,,,,,,18,,0
3448,21980,78149,Jack Sikma,SEA,Seattle SuperSonics,0028000861,1981-03-17,SEA @ DEN,L,0,8,,,0.0,,,2,3,0.667,,,,,,,,,18,,0
3449,21980,77142,Magic Johnson,LAL,Los Angeles Lakers,0028000858,1981-03-17,LAL @ DAL,W,0,8,,,0.0,,,2,4,0.5,,,,,,,,,18,,0
3450,21980,76435,Darwin Cook,NJN,New Jersey Nets,0028000857,1981-03-17,NJN vs. PHL,W,0,8,,,0.0,,,2,2,1.0,,,,,,,,,18,,0
3451,21980,77721,Norm Nixon,LAL,Los Angeles Lakers,0028000856,1981-03-15,LAL vs. SDC,L,0,6,,,0.0,,,6,7,0.857,,,,,,,,,18,,0
3452,21980,76673,Alex English,DEN,Denver Nuggets,0028000852,1981-03-15,DEN vs. HOU,W,0,6,,,0.0,,,6,6,1.0,,,,,,,,,18,,0
3453,21980,600005,Bob Lanier,MIL,Milwaukee Bucks,0028000849,1981-03-15,MIL vs. SEA,W,0,9,,,0.0,,,0,0,,,,,,,,,,18,,0
3454,21980,76483,Pat Cummings,MIL,Milwaukee Bucks,0028000849,1981-03-15,MIL vs. SEA,W,0,4,,,0.0,,,10,11,0.909,,,,,,,,6.0,18,,0
3455,21980,78390,Terry Tyler,DET,Detroit Pistons,0028000847,1981-03-14,DET @ IND,W,0,7,,,0.0,,,4,4,1.0,,,,,,,,,18,,0
3456,21980,76526,Johnny Davis,IND,Indiana Pacers,0028000847,1981-03-14,IND vs. DET,L,0,8,,,0.0,,,2,4,0.5,,,,,,,,,18,,0
3457,21980,229,James Edwards,IND,Indiana Pacers,0028000847,1981-03-14,IND vs. DET,L,0,9,,,0.0,,,0,3,0.0,,,,,,,,,18,,0
3458,21980,305,Robert Parish,BOS,Boston Celtics,0028000841,1981-03-13,BOS vs. IND,L,0,9,,,0.0,,,0,0,,,,,,,,,,18,,0
3459,21980,77182,Dwight Jones,CHI,Chicago Bulls,0028000837,1981-03-13,CHI @ NYK,L,0,8,,,0.0,,,2,2,1.0,,,,,,,,,18,,0
3460,21980,76881,David Greenwood,CHI,Chicago Bulls,0028000837,1981-03-13,CHI @ NYK,L,0,6,,,0.0,,,6,10,0.6,,,,,,,,,18,,0
3461,21980,76516,Brad Davis,DAL,Dallas Mavericks,0028000833,1981-03-12,DAL vs. GOS,W,0,7,,,0.0,,,4,4,1.0,,,,,,,,,18,,0
3462,21980,77553,Tom McMillen,ATL,Atlanta Hawks,0028000829,1981-03-11,ATL @ DET,L,0,7,,,0.0,,,4,4,1.0,,,,,,,,,18,,0
3463,21980,77160,Marques Johnson,MIL,Milwaukee Bucks,0028000826,1981-03-11,MIL @ BOS,L,0,8,,,0.0,,,2,2,1.0,,,,,,,,,18,,0
3464,21980,76966,Joey Hassett,GOS,Golden State Warriors,0028000828,1981-03-11,GOS @ HOU,L,0,7,,,4.0,,,0,0,,,,,,,,,,18,,0
3465,21980,1453,Walter Davis,PHX,Phoenix Suns,0028000824,1981-03-10,PHX @ DAL,L,0,9,,,0.0,,,0,0,,,,,,,,,,18,,0
3466,21980,78215,Ricky Sobers,CHI,Chicago Bulls,0028000821,1981-03-10,CHI @ ATL,W,0,7,,,0.0,,,4,4,1.0,,,,,,,,,18,,0
3467,21980,76979,Elvin Hayes,WAS,Washington Bullets,0028000817,1981-03-08,WAS vs. CHI,W,0,6,,,0.0,,,6,8,0.75,,,,,,,,,18,,0
3468,21980,76887,Kevin Grevey,WAS,Washington Bullets,0028000817,1981-03-08,WAS vs. CHI,W,0,7,,,0.0,,,4,5,0.8,,,,,,,,,18,,0
3469,21980,77819,Jim Paxson,POR,Portland Trail Blazers,0028000812,1981-03-08,POR vs. GOS,W,0,8,,,0.0,,,2,3,0.667,,,,,,,,,18,,0
3470,21980,76353,Joe Barry Carroll,GOS,Golden State Warriors,0028000812,1981-03-08,GOS @ POR,L,0,8,,,0.0,,,2,2,1.0,,,,,,,,,18,,0
3471,21980,77998,Dave Robisch,DEN,Denver Nuggets,0028000810,1981-03-07,DEN @ DET,W,0,7,,,0.0,,,4,5,0.8,,,,,,,,,18,,0
3472,21980,1381,John Long,DET,Detroit Pistons,0028000810,1981-03-07,DET vs. DEN,L,0,7,,,0.0,,,4,5,0.8,,,,,,,,,18,,0
3473,21980,76516,Brad Davis,DAL,Dallas Mavericks,0028000803,1981-03-06,DAL @ GOS,L,0,6,,,0.0,,,6,7,0.857,,,,,,,,,18,,0
3474,21980,77876,Kevin Porter,WAS,Washington Bullets,0028000802,1981-03-06,WAS @ HOU,W,0,8,,,0.0,,,2,2,1.0,,,,,,,,,18,,0
3475,21980,77553,Tom McMillen,ATL,Atlanta Hawks,0028000801,1981-03-06,ATL vs. NJN,W,0,8,,,0.0,,,2,3,0.667,,,,,,,,,18,,0
3476,21980,77770,Louis Orr,IND,Indiana Pacers,0028000800,1981-03-06,IND vs. BOS,W,0,9,,,0.0,,,0,0,,,,,,,,,,18,,0
3477,21980,76526,Johnny Davis,IND,Indiana Pacers,0028000800,1981-03-06,IND vs. BOS,W,0,7,,,0.0,,,4,5,0.8,,,,,,,,,18,,0
3478,21980,78570,Sly Williams,NYK,New York Knicks,0028000799,1981-03-06,NYK vs. MIL,L,0,7,,,0.0,,,4,5,0.8,,,,,,,,,18,,0
3479,21980,77273,Reggie King,KCK,Kansas City Kings,0028000796,1981-03-05,KCK vs. POR,W,0,7,,,0.0,,,4,5,0.8,,,,,,,,,18,,0
3480,21980,78351,Andrew Toney,PHL,Philadelphia 76ers,0028000792,1981-03-04,PHL vs. CHI,L,0,7,,,1.0,,,3,3,1.0,,,,,,,,,18,,0
3481,21980,78482,Scott Wedman,KCK,Kansas City Kings,0028000793,1981-03-04,KCK @ SAN,W,0,9,,,0.0,,,0,3,0.0,,,,,,,,,18,,0
3482,21980,78215,Ricky Sobers,CHI,Chicago Bulls,0028000792,1981-03-04,CHI @ PHL,W,0,7,,,0.0,,,4,4,1.0,,,,,,,,6.0,18,,0
3483,21980,77141,Dennis Johnson,PHX,Phoenix Suns,0028000791,1981-03-04,PHX vs. CLE,W,0,7,,,0.0,,,4,4,1.0,,,,,,,,,18,,0
3484,21980,77324,Mitch Kupchak,WAS,Washington Bullets,0028000787,1981-03-04,WAS @ SDC,W,0,5,,,0.0,,,8,15,0.533,,,,,,,,,18,,0
3485,21980,76170,Otis Birdsong,KCK,Kansas City Kings,0028000784,1981-03-03,KCK vs. LAL,L,0,9,,,0.0,,,0,1,0.0,,,,,,,,,18,,0
3486,21980,78390,Terry Tyler,DET,Detroit Pistons,0028000781,1981-03-03,DET @ MIL,L,0,6,,,0.0,,,6,10,0.6,,,,,,,,,18,,0
3487,21980,77626,Sidney Moncrief,MIL,Milwaukee Bucks,0028000781,1981-03-03,MIL vs. DET,W,0,7,,,0.0,,,4,5,0.8,,,,,,,,,18,,0
3488,21980,77623,Paul Mokeski,DET,Detroit Pistons,0028000781,1981-03-03,DET @ MIL,L,0,6,,,0.0,,,6,9,0.667,,,,,,,,6.0,18,,0
3489,21980,76526,Johnny Davis,IND,Indiana Pacers,0028000779,1981-03-03,IND @ POR,L,0,6,,,0.0,,,6,7,0.857,,,,,,,,,18,,0
3490,21980,78600,Brian Winters,MIL,Milwaukee Bucks,0028000781,1981-03-03,MIL vs. DET,W,0,6,,,1.0,,,5,6,0.833,,,,,,,,,18,,0
3491,21980,77721,Norm Nixon,LAL,Los Angeles Lakers,0028000778,1981-03-01,LAL vs. PHX,L,0,8,,,0.0,,,2,3,0.667,,,,,,,,,18,,0
3492,21980,77623,Paul Mokeski,DET,Detroit Pistons,0028000777,1981-03-01,DET @ NJN,W,0,7,,,0.0,,,4,4,1.0,,,,,,,,,18,,0
3493,21980,77449,Moses Malone,HOU,Houston Rockets,0028000775,1981-03-01,HOU @ SAN,L,0,7,,,0.0,,,4,6,0.667,,,,,,,,,18,,0
3494,21980,78025,Dan Roundfield,ATL,Atlanta Hawks,0028000771,1981-03-01,ATL vs. SEA,W,0,7,,,0.0,,,4,4,1.0,,,,,,,,,18,,0
3495,21980,78571,Ray Williams,NYK,New York Knicks,0028000769,1981-02-28,NYK vs. CHI,L,0,6,,,0.0,,,6,7,0.857,,,,,,,,,18,,0
3496,21980,76881,David Greenwood,CHI,Chicago Bulls,0028000769,1981-02-28,CHI @ NYK,W,0,5,,,0.0,,,8,11,0.727,,,,,,,,,18,,0
3497,21980,78548,Freeman Williams,SDC,San Diego Clippers,0028000767,1981-02-28,SDC @ HOU,W,0,8,,,0.0,,,2,3,0.667,,,,,,,,,18,,0
3498,21980,78199,Phil Smith,SDC,San Diego Clippers,0028000767,1981-02-28,SDC @ HOU,W,0,9,,,0.0,,,0,2,0.0,,,,,,,,,18,,0
3499,21980,77754,Mike O'Koren,NJN,New Jersey Nets,0028000764,1981-02-27,NJN @ LAL,L,0,9,,,0.0,,,0,0,,,,,,,,,,18,,0
3500,21980,76435,Darwin Cook,NJN,New Jersey Nets,0028000764,1981-02-27,NJN @ LAL,L,0,6,,,0.0,,,6,8,0.75,,,,,,,,,18,,0
3501,21980,77071,Phil Hubbard,DET,Detroit Pistons,0028000761,1981-02-27,DET vs. CLE,W,0,8,,,0.0,,,2,10,0.2,,,,,,,,,18,,0
3502,21980,78331,Mychal Thompson,POR,Portland Trail Blazers,0028000760,1981-02-27,POR vs. PHX,W,0,8,,,0.0,,,2,6,0.333,,,,,,,,,18,,0
3503,21980,77819,Jim Paxson,POR,Portland Trail Blazers,0028000760,1981-02-27,POR vs. PHX,W,0,9,,,0.0,,,0,0,,,,,,,,,,18,,0
3504,21980,78531,Bob Wilkerson,CHI,Chicago Bulls,0028000759,1981-02-27,CHI vs. WAS,W,0,8,,,0.0,,,2,2,1.0,,,,,,,,,18,,0
3505,21980,78310,Reggie Theus,CHI,Chicago Bulls,0028000759,1981-02-27,CHI vs. WAS,W,0,8,,,0.0,,,2,4,0.5,,,,,,,,,18,,0
3506,21980,77167,Vinnie Johnson,SEA,Seattle SuperSonics,0028000757,1981-02-26,SEA @ SAN,L,0,8,,,0.0,,,2,2,1.0,,,,,,,,,18,,0
3507,21980,78449,Lloyd Walton,KCK,Kansas City Kings,0028000756,1981-02-26,KCK vs. DAL,W,0,7,,,0.0,,,4,4,1.0,,,,,,,,,18,,0
3508,21980,77936,Robert Reid,HOU,Houston Rockets,0028000755,1981-02-25,HOU vs. IND,W,0,7,,,0.0,,,4,4,1.0,,,,,,,,,18,,0
3509,21980,77770,Louis Orr,IND,Indiana Pacers,0028000755,1981-02-25,IND @ HOU,L,0,7,,,0.0,,,4,6,0.667,,,,,,,,,18,,0
3510,21980,77669,Calvin Murphy,HOU,Houston Rockets,0028000755,1981-02-25,HOU vs. IND,W,0,9,,,0.0,,,0,0,,,,,,,,,,18,,0
3511,21980,77487,Cedric Maxwell,BOS,Boston Celtics,0028000751,1981-02-25,BOS vs. CLE,W,0,8,,,0.0,,,2,3,0.667,,,,,,,,,18,,0
3512,21980,77193,Bobby Jones,PHL,Philadelphia 76ers,0028000750,1981-02-25,PHL @ SDC,W,0,7,,,0.0,,,4,4,1.0,,,,,,,,,18,,0
3513,21980,78195,Larry Smith,GOS,Golden State Warriors,0028000747,1981-02-24,GOS @ SAN,L,0,6,,,0.0,,,6,8,0.75,,,,,,,,6.0,18,,0
3514,21980,76249,Ron Brewer,SAN,San Antonio Spurs,0028000747,1981-02-24,SAN vs. GOS,W,0,7,,,0.0,,,4,6,0.667,,,,,,,,,18,,0
3515,21980,77167,Vinnie Johnson,SEA,Seattle SuperSonics,0028000745,1981-02-24,SEA @ DAL,W,0,7,,,0.0,,,4,5,0.8,,,,,,,,,18,,0
3516,21980,76830,Glen Gondrezick,DEN,Denver Nuggets,0028000744,1981-02-24,DEN vs. NJN,W,0,8,,,0.0,,,2,2,1.0,,,,,,,,,18,,0
3517,21980,77449,Moses Malone,HOU,Houston Rockets,0028000743,1981-02-23,HOU @ UTH,W,0,6,,,0.0,,,6,9,0.667,,,11.0,5.0,,,,,18,,0
3518,21980,76526,Johnny Davis,IND,Indiana Pacers,0028000742,1981-02-22,IND vs. POR,L,0,7,,,0.0,,,4,4,1.0,,,,,,,,,18,,0
3519,21980,1453,Walter Davis,PHX,Phoenix Suns,0028000741,1981-02-22,PHX vs. PHL,W,0,7,,,0.0,,,4,4,1.0,,,,,,,,,18,,0
3520,21980,77144,Eddie Johnson,ATL,Atlanta Hawks,0028000735,1981-02-22,ATL @ CHI,W,0,8,,,0.0,,,2,3,0.667,,,,,,,,,18,,0
3521,21980,76681,Julius Erving,PHL,Philadelphia 76ers,0028000741,1981-02-22,PHL @ PHX,L,0,6,,,2.0,,,4,4,1.0,,,,,,,,,18,,0
3522,21980,78404,Kiki Vandeweghe,DEN,Denver Nuggets,0028000732,1981-02-21,DEN vs. KCK,W,0,8,,,0.0,,,2,2,1.0,,,,,,,,,18,,0
3523,21980,77547,Billy McKinney,DEN,Denver Nuggets,0028000732,1981-02-21,DEN vs. KCK,W,0,7,,,0.0,,,4,4,1.0,,,,,,,,,18,,0
3524,21980,77993,Truck Robinson,PHX,Phoenix Suns,0028000726,1981-02-20,PHX @ SEA,L,0,9,,,0.0,,,0,0,,,,,,,,,,18,,0
3525,21980,76681,Julius Erving,PHL,Philadelphia 76ers,0028000722,1981-02-20,PHL vs. DAL,W,0,9,,,0.0,,,0,0,,,,,,,,,,18,,0
3526,21980,78047,Campy Russell,NYK,New York Knicks,0028000721,1981-02-20,NYK vs. WAS,W,0,6,,,0.0,,,6,7,0.857,,,,,,,,,18,,0
3527,21980,77438,Kyle Macy,PHX,Phoenix Suns,0028000875,1981-02-19,PHX @ DEN,L,0,6,,,0.0,,,6,7,0.857,,,,,,,,,18,,0
3528,21980,76673,Alex English,DEN,Denver Nuggets,0028000875,1981-02-19,DEN vs. PHX,W,0,7,,,0.0,,,4,4,1.0,,,,,,,,,18,,0
3529,21980,77010,Keith Herron,DET,Detroit Pistons,0028000718,1981-02-19,DET vs. POR,L,0,7,,,0.0,,,4,5,0.8,,,,,,,,,18,,0
3530,21980,77420,Maurice Lucas,NJN,New Jersey Nets,0028000716,1981-02-18,NJN vs. CLE,W,0,9,,,0.0,,,0,0,,,,,,,,,6.0,18,,0
3531,21980,76435,Darwin Cook,NJN,New Jersey Nets,0028000716,1981-02-18,NJN vs. CLE,W,0,9,,,0.0,,,0,0,,,,,,,,,,18,,0
3532,21980,600014,Artis Gilmore,CHI,Chicago Bulls,0028000714,1981-02-18,CHI @ GOS,L,0,7,,,0.0,,,4,6,0.667,,,,,,,,,18,,0
3533,21980,78571,Ray Williams,NYK,New York Knicks,0028000713,1981-02-18,NYK @ SEA,W,0,8,,,0.0,,,2,2,1.0,,,,,,,,,18,,0
3534,21980,76054,Nate Archibald,BOS,Boston Celtics,0028000712,1981-02-18,BOS @ KCK,L,0,8,,,0.0,,,2,2,1.0,,,,,,,,,18,,0
3535,21980,1449,Larry Bird,BOS,Boston Celtics,0028000712,1981-02-18,BOS @ KCK,L,0,8,,,0.0,,,2,4,0.5,,,,,,,,,18,,0
3536,21980,77163,Reggie Johnson,SAN,San Antonio Spurs,0028000704,1981-02-17,SAN vs. BOS,L,0,9,,,0.0,,,0,0,,,,,,,,,,18,,0
3537,21980,76054,Nate Archibald,BOS,Boston Celtics,0028000704,1981-02-17,BOS @ SAN,W,0,7,,,0.0,,,4,4,1.0,,,,,,,,,18,,0
3538,21980,76435,Darwin Cook,NJN,New Jersey Nets,0028000702,1981-02-15,NJN vs. GOS,W,0,9,,,0.0,,,0,0,,,,,,,,,,18,,0
3539,21980,76504,Adrian Dantley,UTH,Utah Jazz,0028000699,1981-02-15,UTH @ POR,L,0,6,,,0.0,,,6,7,0.857,,,,,,,,,18,,0
3540,21980,600014,Artis Gilmore,CHI,Chicago Bulls,0028000697,1981-02-15,CHI @ IND,L,0,7,,,0.0,,,4,6,0.667,,,,,,,,,18,,0
3541,21980,77246,Larry Kenon,CHI,Chicago Bulls,0028000697,1981-02-15,CHI @ IND,L,0,8,,,0.0,,,2,2,1.0,,,,,,,,,18,,0
3542,21980,78351,Andrew Toney,PHL,Philadelphia 76ers,0028000694,1981-02-15,PHL vs. ATL,W,0,6,,,0.0,,,6,7,0.857,,,,,,,,,18,,0
3543,21980,1381,John Long,DET,Detroit Pistons,0028000691,1981-02-14,DET vs. WAS,W,0,8,,,0.0,,,2,2,1.0,,,,,,,,,18,,0
3544,21980,77141,Dennis Johnson,PHX,Phoenix Suns,0028000687,1981-02-13,PHX vs. SDC,W,0,8,,,0.0,,,2,3,0.667,,,,,,,,,18,,0
3545,21980,600005,Bob Lanier,MIL,Milwaukee Bucks,0028000686,1981-02-13,MIL vs. GOS,L,0,7,,,0.0,,,4,7,0.571,,,,,,,,,18,,0
3546,21980,76444,Michael Cooper,LAL,Los Angeles Lakers,0028000685,1981-02-13,LAL @ HOU,W,0,8,,,0.0,,,2,2,1.0,,,,,,,,,18,,0
3547,21980,77986,Cliff T. Robinson,NJN,New Jersey Nets,0028000683,1981-02-13,NJN vs. IND,W,0,5,,,0.0,,,8,9,0.889,,,,,,,,6.0,18,,0
3548,21980,76435,Darwin Cook,NJN,New Jersey Nets,0028000683,1981-02-13,NJN vs. IND,W,0,9,,,0.0,,,0,3,0.0,,,,,,,,,18,,0
3549,21980,76418,Don Collins,WAS,Washington Bullets,0028000680,1981-02-13,WAS @ PHL,W,0,5,,,0.0,,,8,12,0.667,,,,,,,,,18,,0
3550,21980,76249,Ron Brewer,SAN,San Antonio Spurs,0028000679,1981-02-12,SAN vs. ATL,W,0,5,,,0.0,,,8,10,0.8,,,,,,,,,18,,0
3551,21980,77819,Jim Paxson,POR,Portland Trail Blazers,0028000678,1981-02-12,POR vs. SEA,L,0,8,,,0.0,,,2,3,0.667,,,,,,,,,18,,0
3552,21980,77167,Vinnie Johnson,SEA,Seattle SuperSonics,0028000678,1981-02-12,SEA @ POR,W,0,7,,,0.0,,,4,5,0.8,,,,,,,,,18,,0
3553,21980,76435,Darwin Cook,NJN,New Jersey Nets,0028000674,1981-02-11,NJN vs. CHI,W,0,8,,,1.0,,,1,1,1.0,,,,,,,,6.0,18,,0
3554,21980,100263,Bill Laimbeer,CLE,Cleveland Cavaliers,0028000676,1981-02-11,CLE @ PHL,L,0,7,,,0.0,,,4,6,0.667,,,,,,,,6.0,18,,0
3555,21980,77420,Maurice Lucas,NJN,New Jersey Nets,0028000674,1981-02-11,NJN vs. CHI,W,0,9,,,0.0,,,0,0,,,,,,,,,,18,,0
3556,21980,77141,Dennis Johnson,PHX,Phoenix Suns,0028000668,1981-02-10,PHX @ SDC,W,0,8,,,0.0,,,2,4,0.5,,,,,,,,,18,,0
3557,21980,78623,Larry Wright,DET,Detroit Pistons,0028000667,1981-02-10,DET @ DAL,W,0,7,,,0.0,,,4,4,1.0,,,,,,,,,18,,0
3558,21980,77997,Bill Robinzine,DAL,Dallas Mavericks,0028000667,1981-02-10,DAL vs. DET,L,0,8,,,0.0,,,2,4,0.5,,,,,,,,,18,,0
3559,21980,77547,Billy McKinney,DEN,Denver Nuggets,0028000666,1981-02-10,DEN vs. WAS,L,0,8,,,0.0,,,2,2,1.0,,,,,,,,,18,,0
3560,21980,76993,Gerald Henderson,BOS,Boston Celtics,0028000665,1981-02-10,BOS @ SEA,L,0,9,,,0.0,,,0,0,,,,,,,,,,18,,0
3561,21980,77484,Wes Matthews,ATL,Atlanta Hawks,0028000664,1981-02-10,ATL vs. GOS,W,0,6,,,0.0,,,6,7,0.857,,,,,,,,,18,,0
3562,21980,600014,Artis Gilmore,CHI,Chicago Bulls,0028000660,1981-02-08,CHI @ MIL,L,0,6,,,0.0,,,6,6,1.0,,,,,,,,,18,,0
3563,21980,77246,Larry Kenon,CHI,Chicago Bulls,0028000660,1981-02-08,CHI @ MIL,L,0,8,,,0.0,,,2,2,1.0,,,,,,,,,18,,0
3564,21980,78149,Jack Sikma,SEA,Seattle SuperSonics,0028000659,1981-02-08,SEA vs. DEN,W,0,8,,,0.0,,,2,2,1.0,,,,,,,,,18,,0
3565,21980,77998,Dave Robisch,DEN,Denver Nuggets,0028000659,1981-02-08,DEN @ SEA,L,0,7,,,0.0,,,4,5,0.8,,,,,,,,,18,,0
3566,21980,77167,Vinnie Johnson,SEA,Seattle SuperSonics,0028000659,1981-02-08,SEA vs. DEN,W,0,5,,,0.0,,,8,9,0.889,,,,,,,,,18,,0
3567,21980,76272,Fred Brown,SEA,Seattle SuperSonics,0028000659,1981-02-08,SEA vs. DEN,W,0,9,,,0.0,,,0,0,,,,,,,,,,18,,0
3568,21980,76091,Greg Ballard,WAS,Washington Bullets,0028000654,1981-02-08,WAS @ PHX,L,0,8,,,0.0,,,2,2,1.0,,,,,,,,,18,,0
3569,21980,76257,Allan Bristow,UTH,Utah Jazz,0028000653,1981-02-07,UTH @ SEA,L,0,6,,,0.0,,,6,6,1.0,,,,,,,,,18,,0
3570,21980,77710,Mike Newlin,NJN,New Jersey Nets,0028000650,1981-02-07,NJN @ NYK,L,0,8,,,0.0,,,2,4,0.5,,,,,,,,,18,,0
3571,21980,600014,Artis Gilmore,CHI,Chicago Bulls,0028000648,1981-02-07,CHI vs. DET,W,0,7,,,0.0,,,4,7,0.571,,,,,,,,,18,,0
3572,21980,76534,Ron Davis,SDC,San Diego Clippers,0028000646,1981-02-06,SDC @ PHL,L,0,8,,,0.0,,,2,7,0.286,,,,,,,,,18,,0
3573,21980,78571,Ray Williams,NYK,New York Knicks,0028000645,1981-02-06,NYK @ CHI,W,0,7,,,0.0,,,4,5,0.8,,,,,,,,,18,,0
3574,21980,78570,Sly Williams,NYK,New York Knicks,0028000645,1981-02-06,NYK @ CHI,W,0,8,,,0.0,,,2,4,0.5,,,,,,,,,18,,0
3575,21980,77163,Reggie Johnson,SAN,San Antonio Spurs,0028000644,1981-02-06,SAN vs. POR,W,0,6,,,0.0,,,6,6,1.0,,,,,,,,,18,,0
3576,21980,77936,Robert Reid,HOU,Houston Rockets,0028000642,1981-02-06,HOU @ PHX,L,0,8,,,0.0,,,2,4,0.5,,,,,,,,,18,,0
3577,21980,77669,Calvin Murphy,HOU,Houston Rockets,0028000642,1981-02-06,HOU @ PHX,L,0,7,,,0.0,,,4,4,1.0,,,,,,,,,18,,0
3578,21980,229,James Edwards,IND,Indiana Pacers,0028000640,1981-02-06,IND @ BOS,L,0,9,,,0.0,,,0,0,,,,,,,,,,18,,0
3579,21980,77324,Mitch Kupchak,WAS,Washington Bullets,0028000639,1981-02-06,WAS @ GOS,W,0,8,,,0.0,,,2,5,0.4,,,,,,,,,18,,0
3580,21980,76887,Kevin Grevey,WAS,Washington Bullets,0028000639,1981-02-06,WAS @ GOS,W,0,7,,,0.0,,,4,4,1.0,,,,,,,,,18,,0
3581,21980,77160,Marques Johnson,MIL,Milwaukee Bucks,0028000637,1981-02-06,MIL @ CLE,W,0,8,,,0.0,,,2,2,1.0,,,,,,,,,18,,0
3582,21980,305,Robert Parish,BOS,Boston Celtics,0028000636,1981-02-05,BOS @ MIL,L,0,8,,,0.0,,,2,3,0.667,,,,,,,,,18,,0
3583,21980,78331,Mychal Thompson,POR,Portland Trail Blazers,0028000635,1981-02-04,POR @ GOS,L,0,6,,,0.0,,,6,8,0.75,,,,,,,,,18,,0
3584,21980,78482,Scott Wedman,KCK,Kansas City Kings,0028000633,1981-02-04,KCK vs. DET,W,0,8,,,1.0,,,1,2,0.5,,,,,,,,,18,,0
3585,21980,78331,Mychal Thompson,POR,Portland Trail Blazers,0028000624,1981-02-03,POR vs. WAS,W,0,8,,,0.0,,,2,3,0.667,,,,,,,,,18,,0
3586,21980,77911,Kelvin Ransey,POR,Portland Trail Blazers,0028000624,1981-02-03,POR vs. WAS,W,0,8,,,0.0,,,2,2,1.0,,,,,,,,,18,,0
3587,21980,229,James Edwards,IND,Indiana Pacers,0028000623,1981-02-03,IND @ MIL,W,0,9,,,0.0,,,0,0,,,,,,,,,,18,,0
3588,21980,77438,Kyle Macy,PHX,Phoenix Suns,0028000618,1981-01-29,PHX @ CLE,L,0,6,,,1.0,,,5,6,0.833,,,,,,,,,18,,0
3589,21980,100263,Bill Laimbeer,CLE,Cleveland Cavaliers,0028000618,1981-01-29,CLE vs. PHX,W,0,7,,,0.0,,,4,5,0.8,,,,,,,,,18,,0
3590,21980,76266,Michael Brooks,SDC,San Diego Clippers,0028000617,1981-01-29,SDC vs. POR,L,0,8,,,0.0,,,2,3,0.667,,,,,,,,,18,,0
3591,21980,600005,Bob Lanier,MIL,Milwaukee Bucks,0028000614,1981-01-29,MIL @ DEN,L,0,9,,,0.0,,,0,0,,,,,,,,,,18,,0
3592,21980,77721,Norm Nixon,LAL,Los Angeles Lakers,0028000613,1981-01-29,LAL vs. KCK,W,0,8,,,0.0,,,2,3,0.667,,,,,,,,,18,,0
3593,21980,77167,Vinnie Johnson,SEA,Seattle SuperSonics,0028000609,1981-01-28,SEA vs. MIL,L,0,8,,,0.0,,,2,2,1.0,,,,,,,,,18,,0
3594,21980,77420,Maurice Lucas,NJN,New Jersey Nets,0028000607,1981-01-28,NJN @ HOU,L,0,9,,,0.0,,,0,1,0.0,,,,,,,,,18,,0
3595,21980,77487,Cedric Maxwell,BOS,Boston Celtics,0028000606,1981-01-28,BOS vs. PHL,W,0,5,,,0.0,,,8,10,0.8,,,,,,,,,18,,0
3596,21980,76054,Nate Archibald,BOS,Boston Celtics,0028000606,1981-01-28,BOS vs. PHL,W,0,5,,,0.0,,,8,8,1.0,,,,10.0,,,,,18,,0
3597,21980,78195,Larry Smith,GOS,Golden State Warriors,0028000605,1981-01-28,GOS @ IND,L,0,8,,,0.0,,,2,4,0.5,,,,,,,,,18,,0
3598,21980,77396,Scott Lloyd,DAL,Dallas Mavericks,0028000597,1981-01-27,DAL vs. NJN,L,0,6,,,0.0,,,6,8,0.75,,,,,,,,,18,,0
3599,21980,77182,Dwight Jones,CHI,Chicago Bulls,0028000604,1981-01-27,CHI vs. GOS,W,0,7,,,0.0,,,4,4,1.0,,,,,,,,,18,,0
3600,21980,76534,Ron Davis,SDC,San Diego Clippers,0028000602,1981-01-27,SDC vs. KCK,W,0,7,,,0.0,,,4,6,0.667,,,,,,,,,18,,0
3601,21980,100263,Bill Laimbeer,CLE,Cleveland Cavaliers,0028000600,1981-01-27,CLE vs. IND,W,0,8,,,0.0,,,2,2,1.0,,,,,,,,,18,,0
3602,21980,76350,Kenny Carr,CLE,Cleveland Cavaliers,0028000600,1981-01-27,CLE vs. IND,W,0,7,,,0.0,,,4,10,0.4,,,,,,,,,18,,0
3603,21980,76095,Mike Bantom,IND,Indiana Pacers,0028000600,1981-01-27,IND @ CLE,L,0,7,,,0.0,,,4,6,0.667,,,,,,,,,18,,0
3604,21980,78532,Jamaal Wilkes,LAL,Los Angeles Lakers,0028000598,1981-01-27,LAL vs. UTH,W,0,5,,,0.0,,,8,8,1.0,,,,,,,,,18,,0
3605,21980,76162,Henry Bibby,SDC,San Diego Clippers,0028000602,1981-01-27,SDC vs. KCK,W,0,7,,,1.0,,,3,8,0.375,,,,,,,,,18,,0
3606,21980,77691,Calvin Natt,POR,Portland Trail Blazers,0028000596,1981-01-26,POR @ LAL,L,0,8,,,1.0,,,1,3,0.333,,,,,,,,,18,,0
3607,21980,78500,Paul Westphal,SEA,Seattle SuperSonics,0028000593,1981-01-25,SEA @ BOS,L,0,8,,,0.0,,,2,3,0.667,,,,,,,,,18,,0
3608,21980,77911,Kelvin Ransey,POR,Portland Trail Blazers,0028000592,1981-01-25,POR vs. SAN,W,0,7,,,0.0,,,4,4,1.0,,,,,,,,,18,,0
3609,21980,77669,Calvin Murphy,HOU,Houston Rockets,0028000589,1981-01-24,HOU vs. UTH,W,0,6,,,0.0,,,6,6,1.0,,,,,,,,,18,,0
3610,21980,77449,Moses Malone,HOU,Houston Rockets,0028000589,1981-01-24,HOU vs. UTH,W,0,5,,,0.0,,,8,12,0.667,,,,,,,,,18,,0
3611,21980,77290,Billy Knight,IND,Indiana Pacers,0028000586,1981-01-24,IND vs. DAL,W,0,7,,,0.0,,,4,6,0.667,,,,,,,,,18,,0
3612,21980,78571,Ray Williams,NYK,New York Knicks,0028000585,1981-01-24,NYK @ GOS,L,0,8,,,0.0,,,2,4,0.5,,,,,,,,6.0,18,,0
3613,21980,78047,Campy Russell,NYK,New York Knicks,0028000585,1981-01-24,NYK @ GOS,L,0,7,,,0.0,,,4,5,0.8,,,,,,,,,18,,0
3614,21980,78310,Reggie Theus,CHI,Chicago Bulls,0028000584,1981-01-24,CHI @ ATL,W,0,8,,,0.0,,,2,2,1.0,,,,,,,,,18,,0
3615,21980,76971,Steve Hawes,ATL,Atlanta Hawks,0028000584,1981-01-24,ATL vs. CHI,L,0,8,,,0.0,,,2,2,1.0,,,,,,,,,18,,0
3616,21980,78326,David Thompson,DEN,Denver Nuggets,0028000583,1981-01-24,DEN vs. SAN,W,0,6,,,0.0,,,6,7,0.857,,,,,,,,6.0,18,,0
3617,21980,77998,Dave Robisch,DEN,Denver Nuggets,0028000583,1981-01-24,DEN vs. SAN,W,0,7,,,0.0,,,4,6,0.667,,,,,,,,,18,,0
3618,21980,78310,Reggie Theus,CHI,Chicago Bulls,0028000582,1981-01-23,CHI vs. DAL,W,0,7,,,0.0,,,4,4,1.0,,,,,,,,,18,,0
3619,21980,77721,Norm Nixon,LAL,Los Angeles Lakers,0028000579,1981-01-23,LAL vs. DEN,W,0,8,,,0.0,,,2,4,0.5,,,,,,,,,18,,0
3620,21980,78548,Freeman Williams,SDC,San Diego Clippers,0028000572,1981-01-22,SDC vs. NYK,L,0,8,,,1.0,,,1,1,1.0,,,,,,,,,18,,0
3621,21980,77420,Maurice Lucas,NJN,New Jersey Nets,0028000571,1981-01-22,NJN @ CLE,L,0,9,,,0.0,,,0,0,,,,,,,,,,18,,0
3622,21980,76350,Kenny Carr,CLE,Cleveland Cavaliers,0028000571,1981-01-22,CLE vs. NJN,W,0,6,,,0.0,,,6,11,0.545,,,,,,,,,18,,0
3623,21980,78533,James Wilkes,CHI,Chicago Bulls,0028000570,1981-01-22,CHI @ DET,W,0,8,,,0.0,,,2,5,0.4,,,,,,,,,18,,0
3624,21980,78531,Bob Wilkerson,CHI,Chicago Bulls,0028000570,1981-01-22,CHI @ DET,W,0,9,,,0.0,,,0,1,0.0,,,,,,,,,18,,0
3625,21980,77144,Eddie Johnson,ATL,Atlanta Hawks,0028000566,1981-01-21,ATL @ LAL,L,0,8,,,0.0,,,2,3,0.667,,,,,,,,,18,,0
3626,21980,77353,Allen Leavell,HOU,Houston Rockets,0028000564,1981-01-21,HOU vs. PHX,W,0,7,,,0.0,,,4,4,1.0,,,,,,,,,18,,0
3627,21980,78139,Purvis Short,GOS,Golden State Warriors,0028000563,1981-01-21,GOS vs. MIL,L,0,8,,,0.0,,,2,2,1.0,,,,,,,,,18,,0
3628,21980,77160,Marques Johnson,MIL,Milwaukee Bucks,0028000563,1981-01-21,MIL @ GOS,W,0,7,,,0.0,,,4,5,0.8,,,,,,,,,18,,0
3629,21980,78500,Paul Westphal,SEA,Seattle SuperSonics,0028000562,1981-01-21,SEA @ NJN,L,0,8,,,0.0,,,2,3,0.667,,,,,,,,,18,,0
3630,21980,76435,Darwin Cook,NJN,New Jersey Nets,0028000562,1981-01-21,NJN vs. SEA,W,0,7,,,0.0,,,4,6,0.667,,,,,,,,,18,,0
3631,21980,78199,Phil Smith,SDC,San Diego Clippers,0028000567,1981-01-21,SDC @ DEN,W,0,9,,,0.0,,,0,0,,,,,,,,,,18,,0
3632,21980,76204,Ron Boone,UTH,Utah Jazz,0028000556,1981-01-20,UTH @ WAS,L,0,5,,,2.0,,,6,7,0.857,,,,,,,,,18,,0
3633,21980,77756,Mark Olberding,SAN,San Antonio Spurs,0028000558,1981-01-20,SAN vs. PHX,W,0,8,,,0.0,,,2,2,1.0,,,,,,,,,18,,0
3634,21980,76890,Darrell Griffith,UTH,Utah Jazz,0028000556,1981-01-20,UTH @ WAS,L,0,7,,,0.0,,,4,6,0.667,,,,,,,,,18,,0
3635,21980,76362,Bill Cartwright,NYK,New York Knicks,0028000555,1981-01-20,NYK vs. SEA,W,0,6,,,0.0,,,6,6,1.0,,,,,,,,,18,,0
3636,21980,77328,Tom LaGarde,DAL,Dallas Mavericks,0028000552,1981-01-18,DAL @ SDC,L,0,7,,,0.0,,,4,5,0.8,,,,,,,,6.0,18,,0
3637,21980,600005,Bob Lanier,MIL,Milwaukee Bucks,0028000550,1981-01-18,MIL vs. POR,W,0,8,,,0.0,,,2,3,0.667,,,,,,,,,18,,0
3638,21980,77848,Roger Phegley,CLE,Cleveland Cavaliers,0028000545,1981-01-17,CLE @ CHI,W,0,9,,,0.0,,,0,0,,,,,,,,,,18,,0
3639,21980,77010,Keith Herron,DET,Detroit Pistons,0028000543,1981-01-17,DET vs. NJN,L,0,7,,,0.0,,,4,6,0.667,,,,,,,,,18,,0
3640,21980,76599,Larry Drew,DET,Detroit Pistons,0028000543,1981-01-17,DET vs. NJN,L,0,5,,,0.0,,,8,11,0.727,,,,,,,,,18,,0
3641,21980,76804,George Gervin,SAN,San Antonio Spurs,0028000542,1981-01-17,SAN @ WAS,L,0,8,,,0.0,,,2,2,1.0,,,,,,,,,18,,0
3642,21980,77487,Cedric Maxwell,BOS,Boston Celtics,0028000540,1981-01-16,BOS vs. SAN,W,0,4,,,0.0,,,10,10,1.0,,,,,,,,,18,,0
3643,21980,77848,Roger Phegley,CLE,Cleveland Cavaliers,0028000538,1981-01-16,CLE @ PHL,L,0,7,,,0.0,,,4,4,1.0,,,,,,,,,18,,0
3644,21980,600005,Bob Lanier,MIL,Milwaukee Bucks,0028000537,1981-01-16,MIL vs. KCK,W,0,6,,,0.0,,,6,7,0.857,,,,,,,,,18,,0
3645,21980,77168,Mickey Johnson,MIL,Milwaukee Bucks,0028000537,1981-01-16,MIL vs. KCK,W,0,8,,,0.0,,,2,2,1.0,,,,,,,,,18,,0
3646,21980,77997,Bill Robinzine,DAL,Dallas Mavericks,0028000532,1981-01-16,DAL vs. NYK,W,0,6,,,0.0,,,6,10,0.6,,,,,,,,,18,,0
3647,21980,77952,Micheal Ray Richardson,NYK,New York Knicks,0028000532,1981-01-16,NYK @ DAL,L,0,8,,,0.0,,,2,3,0.667,,,,,,,,,18,,0
3648,21980,77721,Norm Nixon,LAL,Los Angeles Lakers,0028000531,1981-01-16,LAL @ NJN,W,0,8,,,0.0,,,2,2,1.0,,,,,,,,,18,,0
3649,21980,1450,Kevin McHale,BOS,Boston Celtics,0028000526,1981-01-14,BOS vs. CLE,W,0,5,,,0.0,,,8,9,0.889,,,,,,,,,18,,0
3650,21980,1453,Walter Davis,PHX,Phoenix Suns,0028000521,1981-01-14,PHX vs. DEN,W,0,8,,,0.0,,,2,2,1.0,,,,,,,,,18,,0
3651,21980,600014,Artis Gilmore,CHI,Chicago Bulls,0028000520,1981-01-14,CHI @ HOU,L,0,6,,,0.0,,,6,8,0.75,,,,,,,,,18,,0
3652,21980,76881,David Greenwood,CHI,Chicago Bulls,0028000520,1981-01-14,CHI @ HOU,L,0,9,,,0.0,,,0,0,,,,,,,,,,18,,0
3653,21980,78149,Jack Sikma,SEA,Seattle SuperSonics,0028000518,1981-01-13,SEA @ PHX,L,0,8,,,0.0,,,2,3,0.667,,,,,,,,,18,,0
3654,21980,77141,Dennis Johnson,PHX,Phoenix Suns,0028000518,1981-01-13,PHX vs. SEA,W,0,5,,,0.0,,,8,11,0.727,,,,,,,,,18,,0
3655,21980,77626,Sidney Moncrief,MIL,Milwaukee Bucks,0028000517,1981-01-13,MIL @ DET,W,0,5,,,0.0,,,8,9,0.889,,,,,,,,,18,,0
3656,21980,77168,Mickey Johnson,MIL,Milwaukee Bucks,0028000517,1981-01-13,MIL @ DET,W,0,8,,,0.0,,,2,2,1.0,,,,,,,,,18,,0
3657,21980,77071,Phil Hubbard,DET,Detroit Pistons,0028000517,1981-01-13,DET vs. MIL,L,0,6,,,0.0,,,6,8,0.75,,,,,,,,,18,,0
3658,21980,78025,Dan Roundfield,ATL,Atlanta Hawks,0028000514,1981-01-13,ATL @ DEN,L,0,6,,,0.0,,,6,6,1.0,,,,,,,,6.0,18,,0
3659,21980,600014,Artis Gilmore,CHI,Chicago Bulls,0028000513,1981-01-13,CHI @ DAL,L,0,6,,,0.0,,,6,9,0.667,,,,,,,,,18,,0
3660,21980,76085,James Bailey,SEA,Seattle SuperSonics,0028000512,1981-01-11,SEA vs. GOS,L,0,6,,,0.0,,,6,9,0.667,,,,,,,,,18,,0
3661,21980,77071,Phil Hubbard,DET,Detroit Pistons,0028000511,1981-01-11,DET @ LAL,L,0,8,,,0.0,,,2,2,1.0,,,,,,,,,18,,0
3662,21980,78482,Scott Wedman,KCK,Kansas City Kings,0028000508,1981-01-11,KCK vs. SDC,L,0,8,,,1.0,,,1,1,1.0,,,,,,,,,18,,0
3663,21980,77163,Reggie Johnson,SAN,San Antonio Spurs,0028000510,1981-01-11,SAN vs. WAS,W,0,9,,,0.0,,,0,0,,,,,,,,,,18,,0
3664,21980,76890,Darrell Griffith,UTH,Utah Jazz,0028000504,1981-01-10,UTH vs. KCK,L,0,7,,,0.0,,,4,4,1.0,,,,,,,,,18,,0
3665,21980,77189,Major Jones,HOU,Houston Rockets,0028000503,1981-01-10,HOU vs. POR,W,0,9,,,0.0,,,0,0,,,,,,,,,,18,,0
3666,21980,78047,Campy Russell,NYK,New York Knicks,0028000501,1981-01-10,NYK @ CLE,W,0,8,,,0.0,,,2,5,0.4,,,,,,,,,18,,0
3667,21980,77193,Bobby Jones,PHL,Philadelphia 76ers,0028000499,1981-01-10,PHL @ CHI,W,0,7,,,0.0,,,4,5,0.8,,,,,,,,,18,,0
3668,21980,77721,Norm Nixon,LAL,Los Angeles Lakers,0028000496,1981-01-09,LAL vs. SEA,W,0,7,,,0.0,,,4,5,0.8,,,,,,,,,18,,0
3669,21980,77141,Dennis Johnson,PHX,Phoenix Suns,0028000493,1981-01-09,PHX @ NJN,W,0,8,,,0.0,,,2,3,0.667,,,,,,,,,18,,0
3670,21980,76011,Alvan Adams,PHX,Phoenix Suns,0028000493,1981-01-09,PHX @ NJN,W,0,7,,,0.0,,,4,4,1.0,,,,,,,,,18,,0
3671,21980,77819,Jim Paxson,POR,Portland Trail Blazers,0028000492,1981-01-09,POR @ SAN,L,0,9,,,0.0,,,0,0,,,,,,,,,,18,,0
3672,21980,76804,George Gervin,SAN,San Antonio Spurs,0028000492,1981-01-09,SAN vs. POR,W,0,8,,,0.0,,,2,2,1.0,,,,,,,,,18,,0
3673,21980,76095,Mike Bantom,IND,Indiana Pacers,0028000488,1981-01-08,IND @ NYK,W,0,9,,,0.0,,,0,0,,,,,,,,,6.0,18,,0
3674,21980,77986,Cliff T. Robinson,NJN,New Jersey Nets,0028000484,1981-01-07,NJN @ IND,L,0,9,,,0.0,,,0,0,,,,,,,,,,18,,0
3675,21980,78149,Jack Sikma,SEA,Seattle SuperSonics,0028000474,1981-01-05,SEA vs. DAL,W,0,7,,,0.0,,,4,4,1.0,,,,,,,,,18,,0
3676,21980,77420,Maurice Lucas,NJN,New Jersey Nets,0028000471,1981-01-04,NJN vs. IND,L,0,8,,,0.0,,,2,3,0.667,,,,,,,,6.0,18,,0
3677,21980,77819,Jim Paxson,POR,Portland Trail Blazers,0028000469,1981-01-03,POR @ UTH,L,0,8,,,0.0,,,2,2,1.0,,,,,,,,6.0,18,,0
3678,21980,229,James Edwards,IND,Indiana Pacers,0028000467,1981-01-03,IND vs. SDC,W,0,8,,,0.0,,,2,4,0.5,,,,,,,,,18,,0
3679,21980,77975,Anthony Roberts,WAS,Washington Bullets,0028000466,1981-01-03,WAS @ CLE,L,0,7,,,0.0,,,4,5,0.8,,,,,,,,,18,,0
3680,21980,78614,Mike Woodson,NYK,New York Knicks,0028000464,1981-01-03,NYK vs. ATL,W,0,5,,,0.0,,,8,9,0.889,,,,,,,,,18,,0
3681,21980,77873,Ben Poquette,UTH,Utah Jazz,0028000455,1981-01-02,UTH @ KCK,L,0,6,,,0.0,,,6,6,1.0,,,,,,,,6.0,18,,0
3682,21980,77532,George McGinnis,IND,Indiana Pacers,0028000459,1981-01-02,IND @ ATL,W,0,5,,,0.0,,,8,9,0.889,,,,,,,,,18,,0
3683,21980,77721,Norm Nixon,LAL,Los Angeles Lakers,0028000454,1981-01-02,LAL @ SAN,L,0,6,,,0.0,,,6,6,1.0,,,,,,,,,18,,0
3684,21980,77163,Reggie Johnson,SAN,San Antonio Spurs,0028000454,1981-01-02,SAN vs. LAL,W,0,8,,,0.0,,,2,3,0.667,,,,,,,,,18,,0
3685,21980,76804,George Gervin,SAN,San Antonio Spurs,0028000454,1981-01-02,SAN vs. LAL,W,0,8,,,0.0,,,2,2,1.0,,,,,,,,,18,,0
3686,21980,76453,Dave Corzine,SAN,San Antonio Spurs,0028000454,1981-01-02,SAN vs. LAL,W,0,9,,,0.0,,,0,0,,,,,,,,,,18,,0
3687,21980,77691,Calvin Natt,POR,Portland Trail Blazers,0028000451,1981-01-01,POR vs. DEN,W,0,7,,,0.0,,,4,5,0.8,,,,,,,,,18,,0
3688,21980,76121,Billyray Bates,POR,Portland Trail Blazers,0028000451,1981-01-01,POR vs. DEN,W,0,8,,,0.0,,,2,2,1.0,,,,,,,,,18,,0
3689,21980,77770,Louis Orr,IND,Indiana Pacers,0028000450,1980-12-30,IND @ DEN,L,0,9,,,0.0,,,0,0,,,,,,,,,,18,,0
3690,21980,77618,Steve Mix,PHL,Philadelphia 76ers,0028000449,1980-12-30,PHL @ POR,L,0,5,,,0.0,,,8,8,1.0,,,,,,,,,18,,0
3691,21980,76598,John Drew,ATL,Atlanta Hawks,0028000448,1980-12-30,ATL vs. DET,W,0,8,,,0.0,,,2,2,1.0,,,,,,,,,18,,0
3692,21980,78519,Charles Whitney,KCK,Kansas City Kings,0028000447,1980-12-30,KCK vs. GOS,L,0,7,,,0.0,,,4,4,1.0,,,,,,,,,18,,0
3693,21980,77490,Scott May,CHI,Chicago Bulls,0028000444,1980-12-30,CHI vs. NJN,W,0,7,,,0.0,,,4,4,1.0,,,,,,,,,18,,0
3694,21980,1453,Walter Davis,PHX,Phoenix Suns,0028000442,1980-12-30,PHX vs. BOS,L,0,8,,,0.0,,,2,2,1.0,,,,,,,,,18,,0
3695,21980,78047,Campy Russell,NYK,New York Knicks,0028000440,1980-12-30,NYK vs. DAL,W,0,7,,,0.0,,,4,4,1.0,,,,,,,,,18,,0
3696,21980,77043,Lionel Hollins,PHL,Philadelphia 76ers,0028000438,1980-12-28,PHL @ LAL,L,0,7,,,1.0,,,3,5,0.6,,,,,,,,,18,,0
3697,21980,78482,Scott Wedman,KCK,Kansas City Kings,0028000437,1980-12-28,KCK @ NJN,W,0,9,,,0.0,,,0,0,,,,,,,,,,18,,0
3698,21980,77669,Calvin Murphy,HOU,Houston Rockets,0028000436,1980-12-27,HOU @ WAS,L,0,6,,,0.0,,,6,8,0.75,,,,,,,,,18,,0
3699,21980,76979,Elvin Hayes,WAS,Washington Bullets,0028000436,1980-12-27,WAS vs. HOU,W,0,9,,,0.0,,,0,2,0.0,,,,,,,,,18,,0
3700,21980,78537,Jeff Wilkins,UTH,Utah Jazz,0028000428,1980-12-27,UTH @ SAN,L,0,8,,,0.0,,,2,2,1.0,,,,,,,,,18,,0
3701,21980,76874,Rickey Green,UTH,Utah Jazz,0028000428,1980-12-27,UTH @ SAN,L,0,6,,,0.0,,,6,7,0.857,,,,,,,,,18,,0
3702,21980,77264,Bernard King,GOS,Golden State Warriors,0028000425,1980-12-26,GOS @ UTH,W,0,7,,,0.0,,,4,5,0.8,,,,,,,,,18,,0
3703,21980,77615,Mike Mitchell,CLE,Cleveland Cavaliers,0028000423,1980-12-26,CLE vs. CHI,L,0,8,,,0.0,,,2,2,1.0,,,,,,,,,18,,0
3704,21980,77635,Lowes Moore,NJN,New Jersey Nets,0028000416,1980-12-25,NJN @ WAS,L,0,8,,,0.0,,,2,5,0.4,,,,,,,,,18,,0
3705,21980,77324,Mitch Kupchak,WAS,Washington Bullets,0028000416,1980-12-25,WAS vs. NJN,W,0,6,,,0.0,,,6,8,0.75,,,,,,,,,18,,0
3706,21980,305,Robert Parish,BOS,Boston Celtics,0028000412,1980-12-23,BOS vs. DEN,W,0,9,,,0.0,,,0,0,,,,,,,,,6.0,18,,0
3707,21980,76435,Darwin Cook,NJN,New Jersey Nets,0028000411,1980-12-23,NJN @ IND,L,0,8,,,0.0,,,2,2,1.0,,,,,,,,,18,,0
3708,21980,76471,Charlie Criss,ATL,Atlanta Hawks,0028000410,1980-12-23,ATL vs. WAS,W,0,7,,,0.0,,,4,4,1.0,,,,,,,,,18,,0
3709,21980,77010,Keith Herron,DET,Detroit Pistons,0028000409,1980-12-23,DET @ PHX,L,0,6,,,0.0,,,6,6,1.0,,,,,,,,,18,,0
3710,21980,76154,Kent Benson,DET,Detroit Pistons,0028000409,1980-12-23,DET @ PHX,L,0,7,,,0.0,,,4,4,1.0,,,,,,,,,18,,0
3711,21980,77328,Tom LaGarde,DAL,Dallas Mavericks,0028000407,1980-12-23,DAL vs. UTH,L,0,9,,,0.0,,,0,1,0.0,,,,,,,,,18,,0
3712,21980,77996,Wayne Robinson,DET,Detroit Pistons,0028000404,1980-12-21,DET @ SDC,L,0,6,,,0.0,,,6,9,0.667,,,,,,,,,18,,0
3713,21980,77669,Calvin Murphy,HOU,Houston Rockets,0028000403,1980-12-21,HOU @ MIL,L,0,5,,,0.0,,,8,8,1.0,,,,,,,,,18,,0
3714,21980,76453,Dave Corzine,SAN,San Antonio Spurs,0028000402,1980-12-21,SAN @ LAL,L,0,9,,,0.0,,,0,0,,,,,,,,,,18,,0
3715,21980,77911,Kelvin Ransey,POR,Portland Trail Blazers,0028000401,1980-12-20,POR vs. ATL,W,0,9,,,0.0,,,0,0,,,,,,,,,,18,,0
3716,21980,78200,Randy Smith,CLE,Cleveland Cavaliers,0028000400,1980-12-20,CLE vs. BOS,L,0,8,,,0.0,,,2,2,1.0,,,,,,,,,18,,0
3717,21980,77689,Swen Nater,SDC,San Diego Clippers,0028000399,1980-12-20,SDC @ UTH,W,0,8,,,0.0,,,2,2,1.0,,,,,,,,,18,,0
3718,21980,229,James Edwards,IND,Indiana Pacers,0028000390,1980-12-19,IND @ DET,L,0,9,,,0.0,,,0,1,0.0,,,,,,,,,18,,0
3719,21980,78139,Purvis Short,GOS,Golden State Warriors,0028000389,1980-12-19,GOS @ SAN,L,0,8,,,0.0,,,2,2,1.0,,,,,,,,,18,,0
3720,21980,76121,Billyray Bates,POR,Portland Trail Blazers,0028000387,1980-12-19,POR @ LAL,W,0,8,,,0.0,,,2,2,1.0,,,,,,,,,18,,0
3721,21980,78222,Jim Spanarkel,DAL,Dallas Mavericks,0028000385,1980-12-18,DAL @ SDC,L,0,5,,,0.0,,,8,8,1.0,,,,,,,,,18,,0
3722,21980,76252,Junior Bridgeman,MIL,Milwaukee Bucks,0028000384,1980-12-18,MIL vs. DET,W,0,9,,,0.0,,,0,0,,,,,,,,,,18,,0
3723,21980,77087,Geoff Huston,DAL,Dallas Mavericks,0028000379,1980-12-17,DAL @ PHX,L,0,7,,,1.0,,,3,4,0.75,,,,,,,,,18,,0
3724,21980,76681,Julius Erving,PHL,Philadelphia 76ers,0028000378,1980-12-17,PHL vs. CLE,W,0,8,,,0.0,,,2,3,0.667,,,,,,,,,18,,0
3725,21980,77168,Mickey Johnson,MIL,Milwaukee Bucks,0028000376,1980-12-17,MIL @ NJN,L,0,7,,,0.0,,,4,5,0.8,,,,,,,,,18,,0
3726,21980,77911,Kelvin Ransey,POR,Portland Trail Blazers,0028000375,1980-12-17,POR @ GOS,W,0,9,,,0.0,,,0,1,0.0,,,,,,,,,18,,0
3727,21980,77996,Wayne Robinson,DET,Detroit Pistons,0028000374,1980-12-17,DET vs. NYK,L,0,6,,,0.0,,,6,7,0.857,,,,,,,,,18,,0
3728,21980,77193,Bobby Jones,PHL,Philadelphia 76ers,0028000371,1980-12-16,PHL @ IND,W,0,5,,,0.0,,,8,10,0.8,,,,,,,,,18,,0
3729,21980,76539,Darryl Dawkins,PHL,Philadelphia 76ers,0028000371,1980-12-16,PHL @ IND,W,0,7,,,0.0,,,4,4,1.0,,,,,,,,,18,,0
3730,21980,78482,Scott Wedman,KCK,Kansas City Kings,0028000368,1980-12-16,KCK @ DEN,W,0,9,,,0.0,,,0,2,0.0,,,,,,,,,18,,0
3731,21980,600014,Artis Gilmore,CHI,Chicago Bulls,0028000367,1980-12-16,CHI @ WAS,W,0,7,,,0.0,,,4,7,0.571,,,,,,,,,18,,0
3732,21980,78351,Andrew Toney,PHL,Philadelphia 76ers,0028000364,1980-12-14,PHL @ NJN,W,0,9,,,0.0,,,0,0,,,,,,,,,6.0,18,,0
3733,21980,77993,Truck Robinson,PHX,Phoenix Suns,0028000363,1980-12-14,PHX vs. POR,L,0,6,,,0.0,,,6,7,0.857,,,,,,,,,18,,0
3734,21980,77819,Jim Paxson,POR,Portland Trail Blazers,0028000363,1980-12-14,POR @ PHX,W,0,7,,,0.0,,,4,7,0.571,,,,,,,,,18,,0
3735,21980,77144,Eddie Johnson,ATL,Atlanta Hawks,0028000361,1980-12-13,ATL vs. MIL,W,0,8,,,0.0,,,2,2,1.0,,,,,,,,,18,,0
3736,21980,78139,Purvis Short,GOS,Golden State Warriors,0028000357,1980-12-13,GOS vs. HOU,L,0,8,,,0.0,,,2,2,1.0,,,,,,,,,18,,0
3737,21980,78571,Ray Williams,NYK,New York Knicks,0028000356,1980-12-13,NYK vs. DET,W,0,9,,,0.0,,,0,0,,,,,,,,,,18,,0
3738,21980,77010,Keith Herron,DET,Detroit Pistons,0028000356,1980-12-13,DET @ NYK,L,0,8,,,0.0,,,2,3,0.667,,,,,,,,,18,,0
3739,21980,77484,Wes Matthews,WAS,Washington Bullets,0028000350,1980-12-12,WAS @ PHL,L,0,8,,,1.0,,,1,2,0.5,,,,,,,,,18,,0
3740,21980,77997,Bill Robinzine,DAL,Dallas Mavericks,0028000353,1980-12-12,DAL vs. SDC,W,0,7,,,0.0,,,4,5,0.8,,,,,,,,,18,,0
3741,21980,78149,Jack Sikma,SEA,Seattle SuperSonics,0028000352,1980-12-12,SEA vs. LAL,L,0,7,,,0.0,,,4,4,1.0,,,,,,,,,18,,0
3742,21980,77754,Mike O'Koren,NJN,New Jersey Nets,0028000348,1980-12-12,NJN @ BOS,L,0,8,,,0.0,,,2,4,0.5,,,,,,,,,18,,0
3743,21980,77911,Kelvin Ransey,POR,Portland Trail Blazers,0028000347,1980-12-12,POR vs. HOU,W,0,8,,,0.0,,,2,3,0.667,,,,,,,,,18,,0
3744,21980,76121,Billyray Bates,POR,Portland Trail Blazers,0028000347,1980-12-12,POR vs. HOU,W,0,8,,,0.0,,,2,2,1.0,,,,,,,,,18,,0
3745,21980,229,James Edwards,IND,Indiana Pacers,0028000344,1980-12-11,IND @ CLE,W,0,9,,,0.0,,,0,0,,,,,,,,,,18,,0
3746,21980,78326,David Thompson,DEN,Denver Nuggets,0028000341,1980-12-10,DEN vs. DAL,W,0,9,,,0.0,,,0,0,,,,,,,,,,18,,0
3747,21980,78222,Jim Spanarkel,DAL,Dallas Mavericks,0028000341,1980-12-10,DAL @ DEN,L,0,5,,,0.0,,,8,8,1.0,,,,,,,,,18,,0
3748,21980,78025,Dan Roundfield,ATL,Atlanta Hawks,0028000339,1980-12-10,ATL @ DET,W,0,7,,,0.0,,,4,4,1.0,,,,,,,,,18,,0
3749,21980,78047,Campy Russell,NYK,New York Knicks,0028000335,1980-12-10,NYK @ NJN,W,0,6,,,0.0,,,6,8,0.75,,,,,,,,,18,,0
3750,21980,77873,Ben Poquette,UTH,Utah Jazz,0028000334,1980-12-09,UTH vs. SAN,L,0,9,,,0.0,,,0,2,0.0,,,,,,,,,18,,0
3751,21980,600005,Bob Lanier,MIL,Milwaukee Bucks,0028000330,1980-12-09,MIL @ BOS,L,0,8,,,0.0,,,2,2,1.0,,,,,,,,,18,,0
3752,21980,76453,Dave Corzine,SAN,San Antonio Spurs,0028000326,1980-12-08,SAN @ SEA,L,0,8,,,0.0,,,2,2,1.0,,,,,,,,,18,,0
3753,21980,76656,Bob Elliott,NJN,New Jersey Nets,0028000324,1980-12-07,NJN @ SDC,L,0,8,,,0.0,,,2,2,1.0,,,,,,,,,18,,0
3754,21980,77876,Kevin Porter,WAS,Washington Bullets,0028000323,1980-12-07,WAS @ BOS,W,0,8,,,0.0,,,2,2,1.0,,,,,,,,,18,,0
3755,21980,77626,Sidney Moncrief,MIL,Milwaukee Bucks,0028000317,1980-12-06,MIL @ NYK,L,0,5,,,0.0,,,8,11,0.727,,,,,,,,,18,,0
3756,21980,78326,David Thompson,DEN,Denver Nuggets,0028000315,1980-12-06,DEN @ HOU,L,0,7,,,2.0,,,2,3,0.667,,,,,,,,,18,,0
3757,21980,77917,Clifford Ray,GOS,Golden State Warriors,0028000320,1980-12-06,GOS vs. LAL,W,0,9,,,0.0,,,0,0,,,,,,,,,,18,,0
3758,21980,77532,George McGinnis,IND,Indiana Pacers,0028000319,1980-12-06,IND vs. KCK,W,0,8,,,0.0,,,2,3,0.667,,,,,,,,,18,,0
3759,21980,76242,Mike Bratz,CLE,Cleveland Cavaliers,0028000314,1980-12-06,CLE vs. DET,W,0,8,,,0.0,,,2,5,0.4,,,,,,,,,18,,0
3760,21980,600005,Bob Lanier,MIL,Milwaukee Bucks,0028000317,1980-12-06,MIL @ NYK,L,0,8,,,0.0,,,2,2,1.0,,,,,,,,,18,,0
3761,21980,78532,Jamaal Wilkes,LAL,Los Angeles Lakers,0028000320,1980-12-06,LAL @ GOS,L,0,9,,,0.0,,,0,0,,,,,,,,,,18,,0
3762,21980,77626,Sidney Moncrief,MIL,Milwaukee Bucks,0028000313,1980-12-05,MIL vs. IND,W,0,6,,,0.0,,,6,8,0.75,,,,,,,,,18,,0
3763,21980,77691,Calvin Natt,POR,Portland Trail Blazers,0028000312,1980-12-05,POR vs. CHI,W,0,8,,,0.0,,,2,3,0.667,,,,,,,,,18,,0
3764,21980,78139,Purvis Short,GOS,Golden State Warriors,0028000311,1980-12-05,GOS @ DEN,W,0,9,,,0.0,,,0,0,,,,,,,,,,18,,0
3765,21980,76681,Julius Erving,PHL,Philadelphia 76ers,0028000309,1980-12-05,PHL vs. ATL,W,0,7,,,0.0,,,4,8,0.5,,,,,,,,,18,,0
3766,21980,78392,Wes Unseld,WAS,Washington Bullets,0028000307,1980-12-05,WAS vs. DET,W,0,9,,,0.0,,,0,0,,,,,,,,,,18,,0
3767,21980,76979,Elvin Hayes,WAS,Washington Bullets,0028000307,1980-12-05,WAS vs. DET,W,0,9,,,0.0,,,0,2,0.0,,,,,,,,,18,,0
3768,21980,77420,Maurice Lucas,NJN,New Jersey Nets,0028000306,1980-12-05,NJN @ PHX,W,0,8,,,0.0,,,2,2,1.0,,,,,,,,,18,,0
3769,21980,77163,Reggie Johnson,SAN,San Antonio Spurs,0028000304,1980-12-04,SAN vs. CLE,W,0,7,,,0.0,,,4,4,1.0,,,16.0,,,,,,18,,0
3770,21980,77615,Mike Mitchell,CLE,Cleveland Cavaliers,0028000304,1980-12-04,CLE @ SAN,L,0,8,,,0.0,,,2,3,0.667,,,,,,,,,18,,0
3771,21980,76673,Alex English,DEN,Denver Nuggets,0028000305,1980-12-04,DEN @ UTH,L,0,9,,,0.0,,,0,0,,,,,,,,,,18,,0
3772,21980,76257,Allan Bristow,UTH,Utah Jazz,0028000305,1980-12-04,UTH vs. DEN,W,0,9,,,0.0,,,0,0,,,,,,,,,,18,,0
3773,21980,77848,Roger Phegley,CLE,Cleveland Cavaliers,0028000302,1980-12-03,CLE @ HOU,L,0,8,,,0.0,,,2,5,0.4,,,,,,,,,18,,0
3774,21980,77290,Billy Knight,IND,Indiana Pacers,0028000301,1980-12-03,IND vs. WAS,W,0,7,,,0.0,,,4,6,0.667,,,,,,,,,18,,0
3775,21980,76418,Don Collins,ATL,Atlanta Hawks,0028000300,1980-12-03,ATL @ BOS,L,0,9,,,0.0,,,0,0,,,,,,,,,,18,,0
3776,21980,76881,David Greenwood,CHI,Chicago Bulls,0028000299,1980-12-03,CHI @ SEA,L,0,8,,,0.0,,,2,3,0.667,,,,,,,,6.0,18,,0
3777,21980,78520,Sidney Wicks,SDC,San Diego Clippers,0028000296,1980-12-03,SDC @ LAL,W,0,7,,,0.0,,,4,6,0.667,,,,,,,,,18,,0
3778,21980,77876,Kevin Porter,WAS,Washington Bullets,0028000293,1980-12-02,WAS vs. KCK,W,0,8,,,0.0,,,2,3,0.667,,,,,,,,,18,,0
3779,21980,77532,George McGinnis,IND,Indiana Pacers,0028000291,1980-12-02,IND @ NYK,W,0,8,,,0.0,,,2,3,0.667,,,,,,,,,18,,0
3780,21980,76826,Mike Gminski,NJN,New Jersey Nets,0028000290,1980-12-02,NJN @ POR,W,0,8,,,0.0,,,2,3,0.667,,,,,,,,,18,,0
3781,21980,78222,Jim Spanarkel,DAL,Dallas Mavericks,0028000287,1980-12-02,DAL vs. CLE,L,0,7,,,0.0,,,4,6,0.667,,,,,,,,,18,,0
3782,21980,77997,Bill Robinzine,DAL,Dallas Mavericks,0028000287,1980-12-02,DAL vs. CLE,L,0,8,,,0.0,,,2,2,1.0,,,,,,,,6.0,18,,0
3783,21980,600014,Artis Gilmore,CHI,Chicago Bulls,0028000286,1980-12-02,CHI @ DEN,W,0,8,,,0.0,,,2,3,0.667,,,,,,,,,18,,0
3784,21980,77168,Mickey Johnson,MIL,Milwaukee Bucks,0028000283,1980-11-30,MIL vs. BOS,W,0,5,,,0.0,,,8,9,0.889,,,,,,,,,18,,0
3785,21980,1449,Larry Bird,BOS,Boston Celtics,0028000283,1980-11-30,BOS @ MIL,L,0,7,,,0.0,,,4,4,1.0,,,,,,,,,18,,0
3786,21980,78149,Jack Sikma,SEA,Seattle SuperSonics,0028000282,1980-11-30,SEA vs. NJN,W,0,8,,,0.0,,,2,4,0.5,,,,,,,,,18,,0
3787,21980,77800,Sonny Parker,GOS,Golden State Warriors,0028000281,1980-11-30,GOS @ SDC,L,0,6,,,0.0,,,6,7,0.857,,,,,,,,,18,,0
3788,21980,76162,Henry Bibby,SDC,San Diego Clippers,0028000281,1980-11-30,SDC vs. GOS,W,0,7,,,1.0,,,3,4,0.75,,,,,,,,,18,,0
3789,21980,77071,Phil Hubbard,DET,Detroit Pistons,0028000280,1980-11-29,DET @ ATL,W,0,6,,,0.0,,,6,8,0.75,,,,,,,,,18,,0
3790,21980,76971,Steve Hawes,ATL,Atlanta Hawks,0028000280,1980-11-29,ATL vs. DET,L,0,7,,,0.0,,,4,5,0.8,,,,,,,,6.0,18,,0
3791,21980,76979,Elvin Hayes,WAS,Washington Bullets,0028000278,1980-11-29,WAS vs. MIL,W,0,7,,,0.0,,,4,9,0.444,,,,,,,,,18,,0
3792,21980,77205,Eddie Jordan,LAL,Los Angeles Lakers,0028000277,1980-11-29,LAL @ DEN,W,0,8,,,0.0,,,2,2,1.0,,,,,,,,,18,,0
3793,21980,76392,Jim Chones,LAL,Los Angeles Lakers,0028000277,1980-11-29,LAL @ DEN,W,0,8,,,0.0,,,2,5,0.4,,,,,,,,,18,,0
3794,21980,76121,Billyray Bates,POR,Portland Trail Blazers,0028000274,1980-11-29,POR @ NYK,L,0,8,,,0.0,,,2,4,0.5,,,,,,,,,18,,0
3795,21980,76350,Kenny Carr,CLE,Cleveland Cavaliers,0028000272,1980-11-29,CLE @ IND,L,0,6,,,0.0,,,6,6,1.0,,,,,,,,,18,,0
3796,21980,76095,Mike Bantom,IND,Indiana Pacers,0028000272,1980-11-29,IND vs. CLE,W,0,9,,,0.0,,,0,0,,,,,,,,,,18,,0
3797,21980,77193,Bobby Jones,PHL,Philadelphia 76ers,0028000269,1980-11-28,PHL vs. POR,W,0,5,,,0.0,,,8,9,0.889,,,,,,,,,18,,0
3798,21980,76539,Darryl Dawkins,PHL,Philadelphia 76ers,0028000269,1980-11-28,PHL vs. POR,W,0,6,,,0.0,,,6,9,0.667,,,,,,,,,18,,0
3799,21980,76091,Greg Ballard,WAS,Washington Bullets,0028000264,1980-11-28,WAS @ CLE,L,0,7,,,0.0,,,4,6,0.667,,,,,,,,,18,,0
3800,21980,76011,Alvan Adams,PHX,Phoenix Suns,0028000262,1980-11-28,PHX vs. CHI,W,0,8,,,0.0,,,2,2,1.0,,,,,,,,,18,,0
3801,21980,1453,Walter Davis,PHX,Phoenix Suns,0028000262,1980-11-28,PHX vs. CHI,W,0,9,,,0.0,,,0,0,,,,,,,,,,18,,0
3802,21980,77484,Wes Matthews,WAS,Washington Bullets,0028000260,1980-11-27,WAS vs. IND,W,0,4,,,0.0,,,10,12,0.833,,,,,,,,,18,,0
3803,21980,77148,George Johnson,IND,Indiana Pacers,0028000260,1980-11-27,IND @ WAS,L,0,8,,,0.0,,,2,3,0.667,,,,,,,,,18,,0
3804,21980,76887,Kevin Grevey,WAS,Washington Bullets,0028000260,1980-11-27,WAS vs. IND,W,0,6,,,0.0,,,6,8,0.75,,,,,,,,,18,,0
3805,21980,76736,Phil Ford,KCK,Kansas City Kings,0028000255,1980-11-26,KCK vs. NJN,W,0,5,,,0.0,,,8,9,0.889,,,,,,,,,18,,0
3806,21980,78025,Dan Roundfield,ATL,Atlanta Hawks,0028000249,1980-11-25,ATL vs. POR,W,0,5,,,0.0,,,8,9,0.889,,,,,,,,,18,,0
3807,21980,77819,Jim Paxson,POR,Portland Trail Blazers,0028000249,1980-11-25,POR @ ATL,L,0,8,,,0.0,,,2,2,1.0,,,,,,,,,18,,0
3808,21980,78047,Campy Russell,NYK,New York Knicks,0028000250,1980-11-24,NYK vs. HOU,W,0,7,,,0.0,,,4,4,1.0,,,,,,,,,18,,0
3809,21980,78199,Phil Smith,SDC,San Diego Clippers,0028000245,1980-11-23,SDC vs. SEA,W,0,8,,,0.0,,,2,2,1.0,,,,,,,,,18,,0
3810,21980,76003,Kareem Abdul-Jabbar,LAL,Los Angeles Lakers,0028000243,1980-11-23,LAL vs. MIL,L,0,5,,,0.0,,,8,10,0.8,,,,,,,,,18,,0
3811,21980,78310,Reggie Theus,CHI,Chicago Bulls,0028000242,1980-11-22,CHI vs. WAS,W,0,6,,,0.0,,,6,7,0.857,,,,,,,,,18,,0
3812,21980,77936,Robert Reid,HOU,Houston Rockets,0028000237,1980-11-22,HOU @ IND,L,0,7,,,0.0,,,4,4,1.0,,,,,,,,,18,,0
3813,21980,76353,Joe Barry Carroll,GOS,Golden State Warriors,0028000234,1980-11-21,GOS @ BOS,L,0,7,,,0.0,,,4,5,0.8,,,,,,,,6.0,18,,0
3814,21980,76681,Julius Erving,PHL,Philadelphia 76ers,0028000229,1980-11-21,PHL vs. IND,W,0,7,,,0.0,,,4,5,0.8,,,,,,,,,18,,0
3815,21980,78618,Sam Worthen,CHI,Chicago Bulls,0028000228,1980-11-21,CHI vs. NYK,W,0,7,,,0.0,,,4,4,1.0,,,,,,,,,18,,0
3816,21980,76881,David Greenwood,CHI,Chicago Bulls,0028000228,1980-11-21,CHI vs. NYK,W,0,9,,,0.0,,,0,0,,,,,,,,,,18,,0
3817,21980,78350,Rudy Tomjanovich,HOU,Houston Rockets,0028000227,1980-11-20,HOU @ CLE,W,0,8,,,0.0,,,2,4,0.5,,,,,,,,,18,,0
3818,21980,77848,Roger Phegley,CLE,Cleveland Cavaliers,0028000227,1980-11-20,CLE vs. HOU,L,0,8,,,0.0,,,2,2,1.0,,,,,,,,,18,,0
3819,21980,78331,Mychal Thompson,POR,Portland Trail Blazers,0028000226,1980-11-20,POR vs. MIL,L,0,7,,,0.0,,,4,4,1.0,,,,,,,,,18,,0
3820,21980,77160,Marques Johnson,MIL,Milwaukee Bucks,0028000226,1980-11-20,MIL @ POR,W,0,7,,,0.0,,,4,6,0.667,,,,,,,,,18,,0
3821,21980,76826,Mike Gminski,NJN,New Jersey Nets,0028000222,1980-11-19,NJN vs. SAN,L,0,7,,,0.0,,,4,5,0.8,,,,,,,,,18,,0
3822,21980,77487,Cedric Maxwell,BOS,Boston Celtics,0028000223,1980-11-19,BOS @ IND,W,0,4,,,0.0,,,10,12,0.833,,,,,,,,,18,,0
3823,21980,305,Robert Parish,BOS,Boston Celtics,0028000223,1980-11-19,BOS @ IND,W,0,8,,,0.0,,,2,2,1.0,,,,,,,,,18,,0
3824,21980,77396,Scott Lloyd,DAL,Dallas Mavericks,0028000218,1980-11-18,DAL vs. PHX,L,0,5,,,0.0,,,8,11,0.727,,,,,,,,,18,,0
3825,21980,76242,Mike Bratz,CLE,Cleveland Cavaliers,0028000215,1980-11-18,CLE vs. SDC,W,0,7,,,0.0,,,4,4,1.0,,,,,,,,,18,,0
3826,21980,77721,Norm Nixon,LAL,Los Angeles Lakers,0028000213,1980-11-18,LAL vs. KCK,W,0,9,,,0.0,,,0,0,,,,,,,,,,18,,0
3827,21980,77152,John Johnson,SEA,Seattle SuperSonics,0028000211,1980-11-18,SEA @ HOU,L,0,8,,,0.0,,,2,2,1.0,,,,,,,,,18,,0
3828,21980,77819,Jim Paxson,POR,Portland Trail Blazers,0028000209,1980-11-16,POR @ PHX,L,0,6,,,0.0,,,6,6,1.0,,,,,,,,,18,,0
3829,21980,77141,Dennis Johnson,PHX,Phoenix Suns,0028000209,1980-11-16,PHX vs. POR,W,0,6,,,0.0,,,6,6,1.0,,,,,,,,,18,,0
3830,21980,78531,Bob Wilkerson,CHI,Chicago Bulls,0028000208,1980-11-16,CHI @ MIL,W,0,8,,,0.0,,,2,2,1.0,,,,,,,,,18,,0
3831,21980,77618,Steve Mix,PHL,Philadelphia 76ers,0028000205,1980-11-15,PHL vs. NJN,W,0,6,,,0.0,,,6,6,1.0,,,,,,,,,18,,0
3832,21980,100263,Bill Laimbeer,CLE,Cleveland Cavaliers,0028000204,1980-11-15,CLE @ NYK,L,0,8,,,0.0,,,2,3,0.667,,,,,,,,,18,,0
3833,21980,78571,Ray Williams,NYK,New York Knicks,0028000204,1980-11-15,NYK vs. CLE,W,0,5,,,0.0,,,8,9,0.889,,,,,,,,,18,,0
3834,21980,78139,Purvis Short,GOS,Golden State Warriors,0028000202,1980-11-15,GOS vs. PHX,W,0,7,,,0.0,,,4,4,1.0,,,,,,,,,18,,0
3835,21980,76091,Greg Ballard,WAS,Washington Bullets,0028000198,1980-11-15,WAS @ ATL,W,0,8,,,0.0,,,2,3,0.667,,,,,,,,,18,,0
3836,21980,76444,Michael Cooper,LAL,Los Angeles Lakers,0028000192,1980-11-14,LAL vs. SDC,W,0,8,,,0.0,,,2,2,1.0,,,,,,,,,18,,0
3837,21980,305,Robert Parish,BOS,Boston Celtics,0028000190,1980-11-14,BOS vs. NJN,W,0,8,,,0.0,,,2,2,1.0,,,,,,,,,18,,0
3838,21980,78468,Richard Washington,CLE,Cleveland Cavaliers,0028000188,1980-11-13,CLE vs. ATL,W,0,7,,,0.0,,,4,6,0.667,,,,,,,,,18,,0
3839,21980,76822,Mike Glenn,NYK,New York Knicks,0028000179,1980-11-12,NYK @ PHL,W,0,8,,,1.0,,,1,2,0.5,,,,,,,,,18,,0
3840,21980,76003,Kareem Abdul-Jabbar,LAL,Los Angeles Lakers,0028000183,1980-11-12,LAL @ HOU,L,0,7,,,0.0,,,4,4,1.0,,,,,,,,,18,,0
3841,21980,76266,Michael Brooks,SDC,San Diego Clippers,0028000178,1980-11-11,SDC vs. PHX,L,0,7,,,0.0,,,4,8,0.5,,,,,,,,,18,,0
3842,21980,76362,Bill Cartwright,NYK,New York Knicks,0028000176,1980-11-11,NYK vs. DET,W,0,8,,,0.0,,,2,2,1.0,,,,,,,,,18,,0
3843,21980,77142,Magic Johnson,LAL,Los Angeles Lakers,0028000174,1980-11-11,LAL @ ATL,W,0,6,,,0.0,,,6,6,1.0,,,,,,,,,18,,0
3844,21980,76392,Jim Chones,LAL,Los Angeles Lakers,0028000174,1980-11-11,LAL @ ATL,W,0,9,,,0.0,,,0,0,,,,,,,,,,18,,0
3845,21980,77997,Bill Robinzine,DAL,Dallas Mavericks,0028000170,1980-11-11,DAL vs. HOU,L,0,8,,,0.0,,,2,5,0.4,,,,,,,,,18,,0
3846,21980,77993,Truck Robinson,PHX,Phoenix Suns,0028000166,1980-11-08,PHX @ HOU,W,0,7,,,0.0,,,4,6,0.667,,,,,,,,,18,,0
3847,21980,78467,Kermit Washington,POR,Portland Trail Blazers,0028000165,1980-11-08,POR vs. SDC,L,0,8,,,0.0,,,2,7,0.286,,,,,,,,,18,,0
3848,21980,77246,Larry Kenon,CHI,Chicago Bulls,0028000161,1980-11-08,CHI vs. DEN,L,0,9,,,0.0,,,0,0,,,,,,,,,6.0,18,,0
3849,21980,76881,David Greenwood,CHI,Chicago Bulls,0028000161,1980-11-08,CHI vs. DEN,L,0,7,,,0.0,,,4,4,1.0,,,,,,,,,18,,0
3850,21980,78571,Ray Williams,NYK,New York Knicks,0028000159,1980-11-08,NYK @ UTH,W,0,5,,,0.0,,,8,8,1.0,,,,,,,,,18,,0
3851,21980,76890,Darrell Griffith,UTH,Utah Jazz,0028000159,1980-11-08,UTH vs. NYK,L,0,8,,,0.0,,,2,4,0.5,,,,,,,,,18,,0
3852,21980,78600,Brian Winters,MIL,Milwaukee Bucks,0028000155,1980-11-07,MIL @ BOS,W,0,6,,,2.0,,,4,4,1.0,,,,,,,,,18,,0
3853,21980,76003,Kareem Abdul-Jabbar,LAL,Los Angeles Lakers,0028000156,1980-11-07,LAL @ DAL,W,0,7,,,0.0,,,4,4,1.0,,,,,,,,,18,,0
3854,21980,76266,Michael Brooks,SDC,San Diego Clippers,0028000154,1980-11-07,SDC @ SEA,L,0,7,,,0.0,,,4,4,1.0,,,,,,,,,18,,0
3855,21980,77876,Kevin Porter,WAS,Washington Bullets,0028000151,1980-11-07,WAS vs. DET,W,0,8,,,0.0,,,2,2,1.0,,,,,,,,,18,,0
3856,21980,78331,Mychal Thompson,POR,Portland Trail Blazers,0028000150,1980-11-07,POR vs. GOS,W,0,8,,,0.0,,,2,3,0.667,,,,,,,,,18,,0
3857,21980,77997,Bill Robinzine,DAL,Dallas Mavericks,0028000148,1980-11-06,DAL @ WAS,L,0,9,,,0.0,,,0,0,,,,,,,,,,18,,0
3858,21980,76826,Mike Gminski,NJN,New Jersey Nets,0028000147,1980-11-05,NJN vs. CHI,L,0,8,,,0.0,,,2,2,1.0,,,,,,,,6.0,18,,0
3859,21980,78296,Brian Taylor,SDC,San Diego Clippers,0028000141,1980-11-05,SDC @ HOU,W,0,6,,,0.0,,,6,6,1.0,,,,,,,,,18,,0
3860,21980,78200,Randy Smith,CLE,Cleveland Cavaliers,0028000140,1980-11-05,CLE @ GOS,L,0,7,,,0.0,,,4,4,1.0,,,,,,,,,18,,0
3861,21980,76736,Phil Ford,KCK,Kansas City Kings,0028000135,1980-11-04,KCK @ UTH,L,0,8,,,1.0,,,1,1,1.0,,,,,,,,,18,,0
3862,21980,78600,Brian Winters,MIL,Milwaukee Bucks,0028000139,1980-11-04,MIL vs. DET,L,0,8,,,0.0,,,2,2,1.0,,,,,,,,,18,,0
3863,21980,78467,Kermit Washington,POR,Portland Trail Blazers,0028000138,1980-11-04,POR @ LAL,L,0,9,,,0.0,,,0,1,0.0,,,,,,,,,18,,0
3864,21980,77819,Jim Paxson,POR,Portland Trail Blazers,0028000138,1980-11-04,POR @ LAL,L,0,8,,,0.0,,,2,3,0.667,,,,,,,,,18,,0
3865,21980,77721,Norm Nixon,LAL,Los Angeles Lakers,0028000138,1980-11-04,LAL vs. POR,W,0,7,,,0.0,,,4,6,0.667,,,,,,,,,18,,0
3866,21980,76095,Mike Bantom,IND,Indiana Pacers,0028000136,1980-11-04,IND @ PHX,L,0,5,,,0.0,,,8,11,0.727,,,,,,,,6.0,18,,0
3867,21980,76085,James Bailey,SEA,Seattle SuperSonics,0028000133,1980-11-03,SEA vs. CLE,W,0,6,,,0.0,,,6,8,0.75,,,13.0,,,,,,18,,0
3868,21980,77142,Magic Johnson,LAL,Los Angeles Lakers,0028000131,1980-11-02,LAL vs. DEN,L,0,7,,,0.0,,,4,4,1.0,,,,,,,,,18,,0
3869,21980,76249,Ron Brewer,POR,Portland Trail Blazers,0028000130,1980-11-02,POR vs. CLE,W,0,8,,,0.0,,,2,3,0.667,,,,,,,,,18,,0
3870,21980,78025,Dan Roundfield,ATL,Atlanta Hawks,0028000126,1980-11-01,ATL vs. MIL,L,0,6,,,0.0,,,6,6,1.0,,,,,,,,,18,,0
3871,21980,76598,John Drew,ATL,Atlanta Hawks,0028000126,1980-11-01,ATL vs. MIL,L,0,6,,,0.0,,,6,9,0.667,,,,,,,,,18,,0
3872,21980,76252,Junior Bridgeman,MIL,Milwaukee Bucks,0028000126,1980-11-01,MIL @ ATL,W,0,8,,,0.0,,,2,2,1.0,,,,,,,,,18,,0
3873,21980,78310,Reggie Theus,CHI,Chicago Bulls,0028000125,1980-11-01,CHI vs. DET,W,0,7,,,0.0,,,4,4,1.0,,,,,,,,,18,,0
3874,21980,76979,Elvin Hayes,WAS,Washington Bullets,0028000123,1980-11-01,WAS @ NYK,L,0,7,,,0.0,,,4,6,0.667,,,,,,,,,18,,0
3875,21980,77754,Mike O'Koren,NJN,New Jersey Nets,0028000121,1980-11-01,NJN @ IND,L,0,5,,,0.0,,,8,8,1.0,,,,,,,,,18,,0
3876,21980,77420,Maurice Lucas,NJN,New Jersey Nets,0028000121,1980-11-01,NJN @ IND,L,0,8,,,0.0,,,2,2,1.0,,,,,,,,,18,,0
3877,21980,76095,Mike Bantom,IND,Indiana Pacers,0028000121,1980-11-01,IND vs. NJN,W,0,9,,,0.0,,,0,2,0.0,,,,,,,,,18,,0
3878,21980,77756,Mark Olberding,SAN,San Antonio Spurs,0028000120,1980-10-31,SAN @ SEA,W,0,7,,,0.0,,,4,5,0.8,,,,,,,,,18,,0
3879,21980,76500,Bob Dandridge,WAS,Washington Bullets,0028000115,1980-10-31,WAS @ NJN,L,0,9,,,0.0,,,0,0,,,,,,,,,,18,,0
3880,21980,305,Robert Parish,BOS,Boston Celtics,0028000114,1980-10-31,BOS vs. KCK,W,0,7,,,0.0,,,4,13,0.308,,,,,,,,,18,,0
3881,21980,600014,Artis Gilmore,CHI,Chicago Bulls,0028000112,1980-10-31,CHI vs. IND,L,0,8,,,0.0,,,2,2,1.0,,,,,,,,,18,,0
3882,21980,76231,Dudley Bradley,IND,Indiana Pacers,0028000112,1980-10-31,IND @ CHI,W,0,8,,,0.0,,,2,2,1.0,,,,,,,,,18,,0
3883,21980,600005,Bob Lanier,MIL,Milwaukee Bucks,0028000108,1980-10-29,MIL @ NJN,W,0,8,,,0.0,,,2,3,0.667,,,,,,,,,18,,0
3884,21980,76011,Alvan Adams,PHX,Phoenix Suns,0028000107,1980-10-29,PHX vs. SDC,W,0,7,,,0.0,,,4,4,1.0,,,,,,,,,18,,0
3885,21980,78326,David Thompson,DEN,Denver Nuggets,0028000103,1980-10-29,DEN @ GOS,L,0,7,,,0.0,,,4,5,0.8,,,,,,,,,18,,0
3886,21980,77952,Micheal Ray Richardson,NYK,New York Knicks,0028000102,1980-10-29,NYK @ IND,L,0,8,,,0.0,,,2,2,1.0,,,,,,,,,18,,0
3887,21980,77167,Vinnie Johnson,SEA,Seattle SuperSonics,0028000101,1980-10-28,SEA vs. GOS,W,0,5,,,0.0,,,8,8,1.0,,,,,,,,,18,,0
3888,21980,77160,Marques Johnson,MIL,Milwaukee Bucks,0028000099,1980-10-28,MIL @ CHI,W,0,7,,,0.0,,,4,5,0.8,,,,,,,,,18,,0
3889,21980,78199,Phil Smith,SDC,San Diego Clippers,0028000098,1980-10-28,SDC vs. LAL,L,0,7,,,0.0,,,4,6,0.667,,,,,,,,,18,,0
3890,21980,78150,James Silas,SAN,San Antonio Spurs,0028000096,1980-10-28,SAN vs. POR,W,0,8,,,0.0,,,2,3,0.667,,,,,,,,,18,,0
3891,21980,77786,Tom Owens,POR,Portland Trail Blazers,0028000096,1980-10-28,POR @ SAN,L,0,8,,,0.0,,,2,2,1.0,,,,,,,,,18,,0
3892,21980,76471,Charlie Criss,ATL,Atlanta Hawks,0028000095,1980-10-28,ATL vs. KCK,W,0,6,,,0.0,,,6,7,0.857,,,,,,,,,18,,0
3893,21980,78133,Lonnie Shelton,SEA,Seattle SuperSonics,0028000094,1980-10-26,SEA vs. POR,W,0,6,,,0.0,,,6,12,0.5,,,,,,,,,18,,0
3894,21980,77167,Vinnie Johnson,SEA,Seattle SuperSonics,0028000094,1980-10-26,SEA vs. POR,W,0,5,,,0.0,,,8,9,0.889,,,,,,,,,18,,0
3895,21980,77168,Mickey Johnson,MIL,Milwaukee Bucks,0028000092,1980-10-26,MIL vs. WAS,W,0,7,,,0.0,,,4,5,0.8,,,,,,,,,18,,0
3896,21980,77071,Phil Hubbard,DET,Detroit Pistons,0028000089,1980-10-25,DET @ HOU,W,0,7,,,0.0,,,4,5,0.8,,,,,,,,,18,,0
3897,21980,77984,Rick Robey,BOS,Boston Celtics,0028000087,1980-10-25,BOS @ WAS,W,0,7,,,0.0,,,4,9,0.444,,,,,,,,,18,,0
3898,21980,76095,Mike Bantom,IND,Indiana Pacers,0028000083,1980-10-25,IND @ CLE,L,0,8,,,0.0,,,2,2,1.0,,,,,,,,,18,,0
3899,21980,78326,David Thompson,DEN,Denver Nuggets,0028000080,1980-10-24,DEN vs. PHX,L,0,8,,,0.0,,,2,3,0.667,,,,,,,,,18,,0
3900,21980,77141,Dennis Johnson,PHX,Phoenix Suns,0028000080,1980-10-24,PHX @ DEN,W,0,6,,,0.0,,,6,7,0.857,,,,,,,,,18,,0
3901,21980,77142,Magic Johnson,LAL,Los Angeles Lakers,0028000079,1980-10-24,LAL vs. SEA,W,0,7,,,0.0,,,4,4,1.0,,,,,,,,,18,,0
3902,21980,78531,Bob Wilkerson,CHI,Chicago Bulls,0028000078,1980-10-24,CHI vs. WAS,W,0,6,,,0.0,,,6,6,1.0,,,,,,,,,18,,0
3903,21980,76225,Winford Boynes,DAL,Dallas Mavericks,0028000076,1980-10-24,DAL @ POR,L,0,6,,,0.0,,,6,6,1.0,,,,,,,,,18,,0
3904,21980,78150,James Silas,SAN,San Antonio Spurs,0028000071,1980-10-23,SAN vs. GOS,W,0,7,,,0.0,,,4,5,0.8,,,,,,,,,18,,0
3905,21980,76353,Joe Barry Carroll,GOS,Golden State Warriors,0028000071,1980-10-23,GOS @ SAN,L,0,7,,,0.0,,,4,6,0.667,,,,,,,,,18,,0
3906,21980,78500,Paul Westphal,SEA,Seattle SuperSonics,0028000070,1980-10-22,SEA vs. DAL,L,0,5,,,0.0,,,8,8,1.0,,,,,,,,,18,,0
3907,21980,78222,Jim Spanarkel,DAL,Dallas Mavericks,0028000070,1980-10-22,DAL @ SEA,W,0,4,,,0.0,,,10,11,0.909,,,,,,,,,18,,0
3908,21980,77193,Bobby Jones,PHL,Philadelphia 76ers,0028000069,1980-10-22,PHL @ DET,W,0,5,,,0.0,,,8,9,0.889,,,,,,,,,18,,0
3909,21980,229,James Edwards,IND,Indiana Pacers,0028000068,1980-10-22,IND vs. MIL,L,0,5,,,0.0,,,8,12,0.667,,,,,,,,6.0,18,,0
3910,21980,76296,Quinn Buckner,MIL,Milwaukee Bucks,0028000065,1980-10-21,MIL vs. CLE,W,0,8,,,0.0,,,2,3,0.667,,,,,,,,,18,,0
3911,21980,77786,Tom Owens,POR,Portland Trail Blazers,0028000064,1980-10-21,POR vs. LAL,W,0,7,,,0.0,,,4,4,1.0,,,,,,,,,18,,0
3912,21980,77721,Norm Nixon,LAL,Los Angeles Lakers,0028000064,1980-10-21,LAL @ POR,L,0,8,,,0.0,,,2,2,1.0,,,,,,,,,18,,0
3913,21980,78482,Scott Wedman,KCK,Kansas City Kings,0028000062,1980-10-21,KCK vs. GOS,L,0,7,,,0.0,,,4,4,1.0,,,,,,,,,18,,0
3914,21980,78548,Freeman Williams,SDC,San Diego Clippers,0028000061,1980-10-21,SDC @ SAN,L,0,8,,,0.0,,,2,2,1.0,,,,,,,,,18,,0
3915,21980,77144,Eddie Johnson,ATL,Atlanta Hawks,0028000060,1980-10-21,ATL vs. IND,L,0,6,,,0.0,,,6,6,1.0,,,,,,,,6.0,18,,0
3916,21980,78531,Bob Wilkerson,CHI,Chicago Bulls,0028000058,1980-10-21,CHI @ NYK,L,0,8,,,0.0,,,2,4,0.5,,,,,,,,,18,,0
3917,21980,78532,Jamaal Wilkes,LAL,Los Angeles Lakers,0028000055,1980-10-19,LAL vs. GOS,W,0,7,,,0.0,,,4,5,0.8,,,,,,,,,18,,0
3918,21980,77996,Wayne Robinson,DET,Detroit Pistons,0028000052,1980-10-18,DET vs. ATL,L,0,4,,,0.0,,,10,12,0.833,,,,,,,,,18,,0
3919,21980,600014,Artis Gilmore,CHI,Chicago Bulls,0028000051,1980-10-18,CHI vs. NJN,L,0,7,,,0.0,,,4,5,0.8,,,,,,,,,18,,0
3920,21980,229,James Edwards,IND,Indiana Pacers,0028000048,1980-10-18,IND vs. BOS,W,0,7,,,0.0,,,4,7,0.571,,,,,,,,,18,,0
3921,21980,77848,Roger Phegley,CLE,Cleveland Cavaliers,0028000046,1980-10-18,CLE vs. MIL,L,0,7,,,0.0,,,4,6,0.667,,,,,,,,,18,,0
3922,21980,76296,Quinn Buckner,MIL,Milwaukee Bucks,0028000046,1980-10-18,MIL @ CLE,W,0,6,,,0.0,,,6,6,1.0,,,,,,,,,18,,0
3923,21980,77056,Cedrick Hordges,DEN,Denver Nuggets,0028000045,1980-10-18,DEN @ UTH,L,0,7,,,0.0,,,4,5,0.8,,,,,,,,,18,,0
3924,21980,78570,Sly Williams,NYK,New York Knicks,0028000044,1980-10-17,NYK @ ATL,L,0,7,,,0.0,,,4,7,0.571,,,,,,,,,18,,0
3925,21980,78025,Dan Roundfield,ATL,Atlanta Hawks,0028000044,1980-10-17,ATL vs. NYK,W,0,7,,,0.0,,,4,4,1.0,,,,,,,,,18,,0
3926,21980,76418,Don Collins,ATL,Atlanta Hawks,0028000044,1980-10-17,ATL vs. NYK,W,0,5,,,0.0,,,8,9,0.889,,,,,,,,6.0,18,,0
3927,21980,78436,Foots Walker,NJN,New Jersey Nets,0028000043,1980-10-17,NJN @ WAS,W,0,4,,,0.0,,,10,11,0.909,,,,,,,,,18,,0
3928,21980,1453,Walter Davis,PHX,Phoenix Suns,0028000040,1980-10-17,PHX @ LAL,L,0,6,,,0.0,,,6,6,1.0,,,,,,,,,18,,0
3929,21980,78199,Phil Smith,SDC,San Diego Clippers,0028000039,1980-10-17,SDC vs. DEN,L,0,7,,,0.0,,,4,7,0.571,,,,,,,,,18,,0
3930,21980,76881,David Greenwood,CHI,Chicago Bulls,0028000038,1980-10-17,CHI vs. CLE,W,0,8,,,0.0,,,2,2,1.0,,,,,,,,,18,,0
3931,21980,78139,Purvis Short,GOS,Golden State Warriors,0028000028,1980-10-15,GOS vs. POR,W,0,8,,,0.0,,,2,2,1.0,,,,,,,,,18,,0
3932,21980,600014,Artis Gilmore,CHI,Chicago Bulls,0028000034,1980-10-15,CHI @ IND,W,0,6,,,0.0,,,6,7,0.857,,,,,,,,,18,,0
3933,21980,76421,Doug Collins,PHL,Philadelphia 76ers,0028000033,1980-10-15,PHL @ NJN,W,0,8,,,0.0,,,2,2,1.0,,,,,,,,,18,,0
3934,21980,78390,Terry Tyler,DET,Detroit Pistons,0028000023,1980-10-14,DET @ CLE,L,0,8,,,0.0,,,2,4,0.5,,,,,,,,,18,,0
3935,21980,78200,Randy Smith,CLE,Cleveland Cavaliers,0028000023,1980-10-14,CLE vs. DET,W,0,8,,,0.0,,,2,3,0.667,,,,,,,,,18,,0
3936,21980,78047,Campy Russell,NYK,New York Knicks,0028000027,1980-10-14,NYK vs. PHL,W,0,8,,,0.0,,,2,2,1.0,,,,,,,,,18,,0
3937,21980,78331,Mychal Thompson,POR,Portland Trail Blazers,0028000021,1980-10-12,POR vs. SEA,W,0,8,,,0.0,,,2,2,1.0,,,,,,,,,18,,0
3938,21980,76121,Billyray Bates,POR,Portland Trail Blazers,0028000021,1980-10-12,POR vs. SEA,W,0,9,,,0.0,,,0,0,,,,,,,,,,18,,0
3939,21980,78600,Brian Winters,MIL,Milwaukee Bucks,0028000016,1980-10-11,MIL @ NYK,L,0,5,,,1.0,,,7,8,0.875,,,,,,,,,18,,0
3940,21980,77168,Mickey Johnson,MIL,Milwaukee Bucks,0028000016,1980-10-11,MIL @ NYK,L,0,6,,,0.0,,,6,8,0.75,,,,,,,,,18,,0
3941,21980,77324,Mitch Kupchak,WAS,Washington Bullets,0028000014,1980-10-11,WAS vs. PHL,L,0,5,,,0.0,,,8,10,0.8,,,,,,,,,18,,0
3942,21980,76500,Bob Dandridge,WAS,Washington Bullets,0028000014,1980-10-11,WAS vs. PHL,L,0,6,,,0.0,,,6,8,0.75,,,,,,,,6.0,18,,0
3943,21980,76599,Larry Drew,DET,Detroit Pistons,0028000011,1980-10-11,DET @ IND,L,0,6,,,0.0,,,6,6,1.0,,,,,,,,,18,,0
3944,21980,76526,Johnny Davis,IND,Indiana Pacers,0028000011,1980-10-11,IND vs. DET,W,0,7,,,0.0,,,4,4,1.0,,,,,,,,,18,,0
3945,21980,76290,Joe Bryant,SDC,San Diego Clippers,0028000004,1980-10-10,SDC vs. HOU,W,0,8,,,1.0,,,1,2,0.5,,,,,,,,6.0,18,,0
3946,21980,77689,Swen Nater,SDC,San Diego Clippers,0028000004,1980-10-10,SDC vs. HOU,W,0,9,,,0.0,,,0,0,,,,,,,,,,18,,0
3947,21980,600005,Bob Lanier,MIL,Milwaukee Bucks,0028000003,1980-10-10,MIL @ PHL,W,0,6,,,0.0,,,6,9,0.667,,,,,,,,,18,,0
3948,21980,76421,Doug Collins,PHL,Philadelphia 76ers,0028000003,1980-10-10,PHL vs. MIL,L,0,7,,,0.0,,,4,6,0.667,,,,,,,,,18,,0
3949,21980,76453,Dave Corzine,SAN,San Antonio Spurs,0028000002,1980-10-10,SAN @ DEN,W,0,6,,,0.0,,,6,7,0.857,,,,,,,,,18,,0
3950,21980,1453,Walter Davis,PHX,Phoenix Suns,0028000001,1980-10-10,PHX vs. GOS,W,0,7,,,0.0,,,4,4,1.0,,,,,,,,,18,,0
3951,21980,78570,Sly Williams,NYK,New York Knicks,0028000940,1981-03-29,NYK vs. NJN,W,0,7,,,0.0,,,3,3,1.0,,,,,,,,,17,,0
3952,21980,76350,Kenny Carr,CLE,Cleveland Cavaliers,0028000943,1981-03-29,CLE @ WAS,L,0,6,,,0.0,,,5,10,0.5,,,,,,,,,17,,0
3953,21980,77756,Mark Olberding,SAN,San Antonio Spurs,0028000935,1981-03-29,SAN vs. HOU,W,0,6,,,0.0,,,5,6,0.833,,,,,,,,,17,,0
3954,21980,76257,Allan Bristow,UTH,Utah Jazz,0028000936,1981-03-29,UTH @ PHX,L,0,8,,,1.0,,,0,0,,,,,,,,,,17,,0
3955,21980,76583,James Donaldson,SEA,Seattle SuperSonics,0028000927,1981-03-27,SEA vs. LAL,L,0,6,,,0.0,,,5,8,0.625,,,,,,,,,17,,0
3956,21980,77141,Dennis Johnson,PHX,Phoenix Suns,0028000924,1981-03-27,PHX vs. SDC,W,0,8,,,0.0,,,1,2,0.5,,,,,,,,,17,,0
3957,21980,78326,David Thompson,DEN,Denver Nuggets,0028000914,1981-03-25,DEN vs. DAL,L,0,7,,,0.0,,,3,5,0.6,,,,,,,,,17,,0
3958,21980,77097,Dan Issel,DEN,Denver Nuggets,0028000914,1981-03-25,DEN vs. DAL,L,0,4,,,0.0,,,9,11,0.818,,,,,,,,,17,,0
3959,21980,77669,Calvin Murphy,HOU,Houston Rockets,0028000912,1981-03-25,HOU vs. SAN,W,0,7,,,0.0,,,3,3,1.0,,,,,,,,,17,,0
3960,21980,77144,Eddie Johnson,ATL,Atlanta Hawks,0028000908,1981-03-24,ATL vs. DET,W,0,7,,,0.0,,,3,5,0.6,,,,,,,,,17,,0
3961,21980,77010,Keith Herron,DET,Detroit Pistons,0028000908,1981-03-24,DET @ ATL,L,0,8,,,0.0,,,1,1,1.0,,,,,,,,,17,,0
3962,21980,78531,Bob Wilkerson,CHI,Chicago Bulls,0028000905,1981-03-24,CHI vs. CLE,W,0,7,,,0.0,,,3,3,1.0,,,,,,,,,17,,0
3963,21980,76266,Michael Brooks,SDC,San Diego Clippers,0028000904,1981-03-24,SDC vs. SEA,W,0,8,,,0.0,,,1,2,0.5,,,,,,,,,17,,0
3964,21980,77710,Mike Newlin,NJN,New Jersey Nets,0028000898,1981-03-22,NJN vs. MIL,L,0,5,,,0.0,,,7,9,0.778,,,,,,,,,17,,0
3965,21980,77498,Bob McAdoo,NJN,New Jersey Nets,0028000898,1981-03-22,NJN vs. MIL,L,0,8,,,0.0,,,1,2,0.5,,,,,,,,,17,,0
3966,21980,77136,Clemon Johnson,IND,Indiana Pacers,0028000897,1981-03-22,IND vs. CLE,W,0,8,,,0.0,,,1,2,0.5,,,,,,,,,17,,0
3967,21980,76350,Kenny Carr,CLE,Cleveland Cavaliers,0028000897,1981-03-22,CLE @ IND,L,0,8,,,0.0,,,1,2,0.5,,,,,,,,,17,,0
3968,21980,77553,Tom McMillen,ATL,Atlanta Hawks,0028000895,1981-03-22,ATL @ WAS,L,0,7,,,0.0,,,3,6,0.5,,,,,,,,,17,,0
3969,21980,76091,Greg Ballard,WAS,Washington Bullets,0028000895,1981-03-22,WAS vs. ATL,W,0,7,,,0.0,,,3,3,1.0,,,,,,,,,17,,0
3970,21980,76539,Darryl Dawkins,PHL,Philadelphia 76ers,0028000892,1981-03-22,PHL vs. BOS,W,0,8,,,0.0,,,1,1,1.0,,,,,,,,,17,,0
3971,21980,76121,Billyray Bates,POR,Portland Trail Blazers,0028000889,1981-03-21,POR vs. LAL,L,0,5,,,1.0,,,6,7,0.857,,,,,,,,,17,,0
3972,21980,77328,Tom LaGarde,DAL,Dallas Mavericks,0028000887,1981-03-21,DAL vs. UTH,W,0,7,,,0.0,,,3,7,0.429,,,,,,,,,17,,0
3973,21980,76874,Rickey Green,UTH,Utah Jazz,0028000887,1981-03-21,UTH @ DAL,L,0,8,,,0.0,,,1,1,1.0,,,,,,,,,17,,0
3974,21980,77984,Rick Robey,BOS,Boston Celtics,0028000884,1981-03-20,BOS vs. WAS,W,0,6,,,0.0,,,5,6,0.833,,,,,,,,,17,,0
3975,21980,77911,Kelvin Ransey,POR,Portland Trail Blazers,0028000881,1981-03-20,POR vs. HOU,W,0,8,,,0.0,,,1,3,0.333,,,,,,,,,17,,0
3976,21980,77689,Swen Nater,SDC,San Diego Clippers,0028000876,1981-03-19,SDC vs. GOS,W,0,7,,,0.0,,,3,4,0.75,,,,,,,,,17,,0
3977,21980,76733,Chris Ford,BOS,Boston Celtics,0028000865,1981-03-17,BOS @ WAS,W,0,8,,,0.0,,,1,2,0.5,,,,,,,,,17,,0
3978,21980,77689,Swen Nater,SDC,San Diego Clippers,0028000864,1981-03-17,SDC @ POR,L,0,6,,,0.0,,,5,6,0.833,,,,,,,,,17,,0
3979,21980,76290,Joe Bryant,SDC,San Diego Clippers,0028000864,1981-03-17,SDC @ POR,L,0,7,,,0.0,,,3,4,0.75,,,,,,,,,17,,0
3980,21980,77168,Mickey Johnson,MIL,Milwaukee Bucks,0028000863,1981-03-17,MIL @ CHI,L,0,5,,,0.0,,,7,10,0.7,,,,,,,,,17,,0
3981,21980,78404,Kiki Vandeweghe,DEN,Denver Nuggets,0028000861,1981-03-17,DEN vs. SEA,W,0,8,,,0.0,,,1,2,0.5,,,,,,,,,17,,0
3982,21980,76362,Bill Cartwright,NYK,New York Knicks,0028000859,1981-03-17,NYK vs. IND,W,0,7,,,0.0,,,3,3,1.0,,,,,,,,,17,,0
3983,21980,78600,Brian Winters,MIL,Milwaukee Bucks,0028000863,1981-03-17,MIL @ CHI,L,0,7,,,1.0,,,2,2,1.0,,,,,,,,,17,,0
3984,21980,78482,Scott Wedman,KCK,Kansas City Kings,0028000854,1981-03-15,KCK vs. CHI,L,0,7,,,0.0,,,3,5,0.6,,,,,,,,,17,,0
3985,21980,77876,Kevin Porter,WAS,Washington Bullets,0028000853,1981-03-15,WAS vs. CLE,L,0,5,,,0.0,,,7,8,0.875,,,,,,,,,17,,0
3986,21980,77936,Robert Reid,HOU,Houston Rockets,0028000852,1981-03-15,HOU @ DEN,L,0,7,,,0.0,,,3,5,0.6,,,,,,,,,17,,0
3987,21980,78132,Craig Shelton,ATL,Atlanta Hawks,0028000845,1981-03-14,ATL vs. CLE,L,0,8,,,0.0,,,1,2,0.5,,,,,,,,,17,,0
3988,21980,77071,Phil Hubbard,DET,Detroit Pistons,0028000843,1981-03-13,DET vs. SEA,L,0,7,,,0.0,,,3,4,0.75,,,,,,,,,17,,0
3989,21980,76392,Jim Chones,LAL,Los Angeles Lakers,0028000840,1981-03-13,LAL vs. KCK,W,0,7,,,0.0,,,3,5,0.6,,,,,,,,,17,,0
3990,21980,78326,David Thompson,DEN,Denver Nuggets,0028000835,1981-03-12,DEN @ MIL,L,0,4,,,0.0,,,9,11,0.818,,,,,,,,,17,,0
3991,21980,77626,Sidney Moncrief,MIL,Milwaukee Bucks,0028000835,1981-03-12,MIL vs. DEN,W,0,7,,,0.0,,,3,4,0.75,,,,,,,,,17,,0
3992,21980,77721,Norm Nixon,LAL,Los Angeles Lakers,0028000832,1981-03-12,LAL @ SDC,W,0,7,,,0.0,,,3,4,0.75,,,,,,,,,17,,0
3993,21980,76272,Fred Brown,SEA,Seattle SuperSonics,0028000831,1981-03-11,SEA @ CLE,W,0,7,,,0.0,,,3,3,1.0,,,,,,,,,17,,0
3994,21980,76979,Elvin Hayes,WAS,Washington Bullets,0028000830,1981-03-11,WAS @ NJN,L,0,8,,,0.0,,,1,2,0.5,,,,,,,,6.0,17,,0
3995,21980,78047,Campy Russell,NYK,New York Knicks,0028000827,1981-03-11,NYK @ PHL,L,0,7,,,0.0,,,3,3,1.0,,,,,,,,,17,,0
3996,21980,600005,Bob Lanier,MIL,Milwaukee Bucks,0028000826,1981-03-11,MIL @ BOS,L,0,4,,,0.0,,,9,10,0.9,,,,,,,,,17,,0
3997,21980,76539,Darryl Dawkins,PHL,Philadelphia 76ers,0028000825,1981-03-10,PHL @ IND,W,0,7,,,0.0,,,3,3,1.0,,,,,,,,,17,,0
3998,21980,77997,Bill Robinzine,DAL,Dallas Mavericks,0028000824,1981-03-10,DAL vs. PHX,W,0,6,,,0.0,,,5,7,0.714,,,,,,,,,17,,0
3999,21980,78310,Reggie Theus,CHI,Chicago Bulls,0028000821,1981-03-10,CHI @ ATL,W,0,6,,,0.0,,,5,6,0.833,,,,,,,,,17,,0
4000,21980,76881,David Greenwood,CHI,Chicago Bulls,0028000821,1981-03-10,CHI @ ATL,W,0,6,,,0.0,,,5,5,1.0,,,,,,,,6.0,17,,0
4001,21980,77633,Johnny Moore,SAN,San Antonio Spurs,0028000818,1981-03-08,SAN vs. DAL,W,0,8,,,0.0,,,1,1,1.0,,,,,,,,,17,,0
4002,21980,77691,Calvin Natt,POR,Portland Trail Blazers,0028000812,1981-03-08,POR vs. GOS,W,0,7,,,0.0,,,3,6,0.5,,,,,,,,,17,,0
4003,21980,77626,Sidney Moncrief,MIL,Milwaukee Bucks,0028000811,1981-03-08,MIL @ PHL,L,0,7,,,0.0,,,3,4,0.75,,,,,,,,,17,,0
4004,21980,76154,Kent Benson,DET,Detroit Pistons,0028000810,1981-03-07,DET vs. DEN,L,0,6,,,0.0,,,5,7,0.714,,,,,,,,,17,,0
4005,21980,76085,James Bailey,SEA,Seattle SuperSonics,0028000807,1981-03-07,SEA @ GOS,L,0,7,,,0.0,,,3,4,0.75,,,,,,,,,17,,0
4006,21980,77141,Dennis Johnson,PHX,Phoenix Suns,0028000806,1981-03-06,PHX vs. POR,W,0,6,,,0.0,,,5,5,1.0,,,,,,,,,17,,0
4007,21980,77432,Ollie Mack,DAL,Dallas Mavericks,0028000803,1981-03-06,DAL @ GOS,L,0,8,,,0.0,,,1,2,0.5,,,,,,,,,17,,0
4008,21980,76296,Quinn Buckner,MIL,Milwaukee Bucks,0028000799,1981-03-06,MIL @ NYK,W,0,6,,,0.0,,,5,8,0.625,,,,,,,,,17,,0
4009,21980,76252,Junior Bridgeman,MIL,Milwaukee Bucks,0028000797,1981-03-05,MIL vs. ATL,W,0,7,,,0.0,,,3,3,1.0,,,,,,,,,17,,0
4010,21980,77911,Kelvin Ransey,POR,Portland Trail Blazers,0028000796,1981-03-05,POR @ KCK,L,0,8,,,0.0,,,1,2,0.5,,,,,,,,,17,,0
4011,21980,77141,Dennis Johnson,PHX,Phoenix Suns,0028000794,1981-03-05,PHX @ UTH,W,0,5,,,1.0,,,6,7,0.857,,,,,,,,,17,,0
4012,21980,600014,Artis Gilmore,CHI,Chicago Bulls,0028000792,1981-03-04,CHI @ PHL,W,0,4,,,0.0,,,9,12,0.75,,,,,,,,,17,,0
4013,21980,76681,Julius Erving,PHL,Philadelphia 76ers,0028000792,1981-03-04,PHL vs. CHI,L,0,7,,,0.0,,,3,5,0.6,,,,,,,,,17,,0
4014,21980,76539,Darryl Dawkins,PHL,Philadelphia 76ers,0028000792,1981-03-04,PHL vs. CHI,L,0,6,,,0.0,,,5,6,0.833,,,,,,,,6.0,17,,0
4015,21980,76085,James Bailey,SEA,Seattle SuperSonics,0028000788,1981-03-04,SEA vs. IND,W,0,7,,,0.0,,,3,5,0.6,,,,,,,,,17,,0
4016,21980,76054,Nate Archibald,BOS,Boston Celtics,0028000783,1981-03-03,BOS @ DAL,W,0,5,,,0.0,,,7,7,1.0,,,,,,,,,17,,0
4017,21980,76890,Darrell Griffith,UTH,Utah Jazz,0028000780,1981-03-03,UTH vs. WAS,L,0,8,,,0.0,,,1,1,1.0,,,,,,,,,17,,0
4018,21980,78467,Kermit Washington,POR,Portland Trail Blazers,0028000779,1981-03-03,POR vs. IND,W,0,6,,,0.0,,,5,10,0.5,,,,,,,,,17,,0
4019,21980,77819,Jim Paxson,POR,Portland Trail Blazers,0028000779,1981-03-03,POR vs. IND,W,0,8,,,0.0,,,1,1,1.0,,,,,,,,,17,,0
4020,21980,78571,Ray Williams,NYK,New York Knicks,0028000782,1981-03-03,NYK vs. ATL,L,0,7,,,1.0,,,2,3,0.667,,,,,,,,,17,,0
4021,21980,76350,Kenny Carr,CLE,Cleveland Cavaliers,0028000773,1981-03-01,CLE @ DEN,L,0,7,,,0.0,,,3,3,1.0,,,,,,,,,17,,0
4022,21980,76321,Marty Byrnes,DAL,Dallas Mavericks,0028000772,1981-03-01,DAL vs. SDC,W,0,7,,,0.0,,,3,4,0.75,,,,,,,,,17,,0
4023,21980,76971,Steve Hawes,ATL,Atlanta Hawks,0028000771,1981-03-01,ATL vs. SEA,W,0,6,,,0.0,,,5,8,0.625,,,,,,,,,17,,0
4024,21980,76272,Fred Brown,SEA,Seattle SuperSonics,0028000771,1981-03-01,SEA @ ATL,L,0,7,,,0.0,,,3,3,1.0,,,,,,,,,17,,0
4025,21980,78310,Reggie Theus,CHI,Chicago Bulls,0028000769,1981-02-28,CHI @ NYK,W,0,7,,,0.0,,,3,4,0.75,,,,,,,,,17,,0
4026,21980,77817,Billy Paultz,HOU,Houston Rockets,0028000767,1981-02-28,HOU vs. SDC,L,0,8,,,0.0,,,1,2,0.5,,,,,,,,,17,,0
4027,21980,229,James Edwards,IND,Indiana Pacers,0028000765,1981-02-27,IND @ DAL,W,0,5,,,0.0,,,7,7,1.0,,,,,,,,,17,,0
4028,21980,77615,Mike Mitchell,CLE,Cleveland Cavaliers,0028000761,1981-02-27,CLE @ DET,L,0,7,,,0.0,,,3,6,0.5,,,,,,,,,17,,0
4029,21980,76091,Greg Ballard,WAS,Washington Bullets,0028000759,1981-02-27,WAS @ CHI,L,0,8,,,1.0,,,0,0,,,,,,,,,,17,,0
4030,21980,76242,Mike Bratz,CLE,Cleveland Cavaliers,0028000761,1981-02-27,CLE @ DET,L,0,7,,,3.0,,,0,0,,,,,,,,,,17,,0
4031,21980,78222,Jim Spanarkel,DAL,Dallas Mavericks,0028000756,1981-02-26,DAL @ KCK,L,0,7,,,0.0,,,3,3,1.0,,,,,,,,,17,,0
4032,21980,77532,George McGinnis,IND,Indiana Pacers,0028000755,1981-02-25,IND @ HOU,L,0,7,,,0.0,,,3,9,0.333,,,,,,,,,17,,0
4033,21980,78047,Campy Russell,NYK,New York Knicks,0028000749,1981-02-24,NYK @ ATL,W,0,7,,,0.0,,,3,6,0.5,,,,,,,,,17,,0
4034,21980,76392,Jim Chones,LAL,Los Angeles Lakers,0028000748,1981-02-24,LAL @ CHI,W,0,8,,,0.0,,,1,3,0.333,,,,,,,,,17,,0
4035,21980,77184,Edgar Jones,NJN,New Jersey Nets,0028000744,1981-02-24,NJN @ DEN,L,0,8,,,0.0,,,1,1,1.0,,,,,,,,,17,,0
4036,21980,76673,Alex English,DEN,Denver Nuggets,0028000744,1981-02-24,DEN vs. NJN,W,0,7,,,0.0,,,3,4,0.75,,,,,,,,,17,,0
4037,21980,77911,Kelvin Ransey,POR,Portland Trail Blazers,0028000742,1981-02-22,POR @ IND,W,0,7,,,0.0,,,3,4,0.75,,,,,,,,,17,,0
4038,21980,76011,Alvan Adams,PHX,Phoenix Suns,0028000741,1981-02-22,PHX vs. PHL,W,0,7,,,0.0,,,3,4,0.75,,,,,,,,,17,,0
4039,21980,77936,Robert Reid,HOU,Houston Rockets,0028000740,1981-02-22,HOU @ SEA,W,0,6,,,0.0,,,5,5,1.0,,,,,,,,,17,,0
4040,21980,76874,Rickey Green,UTH,Utah Jazz,0028000738,1981-02-22,UTH @ SDC,L,0,8,,,0.0,,,1,3,0.333,,,,,,,,,17,,0
4041,21980,78222,Jim Spanarkel,DAL,Dallas Mavericks,0028000733,1981-02-22,DAL @ NJN,W,0,8,,,0.0,,,1,1,1.0,,,,,,,,,17,,0
4042,21980,76516,Brad Davis,DAL,Dallas Mavericks,0028000733,1981-02-22,DAL @ NJN,W,0,6,,,0.0,,,5,6,0.833,,,,,,,,,17,,0
4043,21980,77615,Mike Mitchell,CLE,Cleveland Cavaliers,0028000730,1981-02-21,CLE vs. ATL,L,0,7,,,0.0,,,3,4,0.75,,,,,,,,,17,,0
4044,21980,76252,Junior Bridgeman,MIL,Milwaukee Bucks,0028000728,1981-02-20,MIL @ KCK,L,0,5,,,0.0,,,7,11,0.636,,,,,,,,6.0,17,,0
4045,21980,78571,Ray Williams,NYK,New York Knicks,0028000721,1981-02-20,NYK vs. WAS,W,0,7,,,0.0,,,3,4,0.75,,,,,,,,,17,,0
4046,21980,1453,Walter Davis,PHX,Phoenix Suns,0028000726,1981-02-20,PHX @ SEA,L,0,8,,,1.0,,,0,0,,,,,,,,,,17,,0
4047,21980,77669,Calvin Murphy,HOU,Houston Rockets,0028000717,1981-02-19,HOU @ SDC,L,0,6,,,0.0,,,5,5,1.0,,,,,,,,,17,,0
4048,21980,77071,Phil Hubbard,DET,Detroit Pistons,0028000715,1981-02-18,DET @ PHL,L,0,8,,,0.0,,,1,5,0.2,,,,,,,,,17,,0
4049,21980,77273,Reggie King,KCK,Kansas City Kings,0028000712,1981-02-18,KCK vs. BOS,W,0,7,,,0.0,,,3,3,1.0,,,,,,,,,17,,0
4050,21980,76095,Mike Bantom,IND,Indiana Pacers,0028000711,1981-02-18,IND vs. ATL,L,0,6,,,0.0,,,5,8,0.625,,,,,,,,,17,,0
4051,21980,1453,Walter Davis,PHX,Phoenix Suns,0028000706,1981-02-17,PHX vs. GOS,W,0,6,,,0.0,,,5,7,0.714,,,,,,,,,17,,0
4052,21980,76520,Monti Davis,DAL,Dallas Mavericks,0028000701,1981-02-15,DAL @ LAL,L,0,6,,,,,,5,7,0.714,,,,,,,,,17,,0
4053,21980,77328,Tom LaGarde,DAL,Dallas Mavericks,0028000701,1981-02-15,DAL @ LAL,L,0,6,,,0.0,,,5,8,0.625,,,,,,,,,17,,0
4054,21980,77168,Mickey Johnson,MIL,Milwaukee Bucks,0028000698,1981-02-15,MIL @ SAN,L,0,6,,,0.0,,,5,7,0.714,,,,,,,,,17,,0
4055,21980,78215,Ricky Sobers,CHI,Chicago Bulls,0028000697,1981-02-15,CHI @ IND,L,0,4,,,0.0,,,9,9,1.0,,,,,,,,,17,,0
4056,21980,76539,Darryl Dawkins,PHL,Philadelphia 76ers,0028000694,1981-02-15,PHL vs. ATL,W,0,5,,,0.0,,,7,11,0.636,,,,,,,,,17,,0
4057,21980,78215,Ricky Sobers,CHI,Chicago Bulls,0028000693,1981-02-14,CHI vs. SEA,W,0,7,,,0.0,,,3,3,1.0,,,,,,,,,17,,0
4058,21980,77246,Larry Kenon,CHI,Chicago Bulls,0028000693,1981-02-14,CHI vs. SEA,W,0,7,,,0.0,,,3,3,1.0,,,,,,,,,17,,0
4059,21980,76887,Kevin Grevey,WAS,Washington Bullets,0028000691,1981-02-14,WAS @ DET,L,0,6,,,0.0,,,5,7,0.714,,,,,,,,6.0,17,,0
4060,21980,76091,Greg Ballard,WAS,Washington Bullets,0028000691,1981-02-14,WAS @ DET,L,0,8,,,0.0,,,1,3,0.333,,,,,,,,,17,,0
4061,21980,305,Robert Parish,BOS,Boston Celtics,0028000684,1981-02-13,BOS @ UTH,L,0,6,,,0.0,,,5,7,0.714,,,,,,,,,17,,0
4062,21980,77484,Wes Matthews,ATL,Atlanta Hawks,0028000682,1981-02-13,ATL @ KCK,L,0,7,,,0.0,,,3,4,0.75,,,,,,,,,17,,0
4063,21980,76804,George Gervin,SAN,San Antonio Spurs,0028000679,1981-02-12,SAN vs. ATL,W,0,7,,,0.0,,,3,5,0.6,,,,,,,,,17,,0
4064,21980,76385,Maurice Cheeks,PHL,Philadelphia 76ers,0028000676,1981-02-11,PHL vs. CLE,W,0,6,,,0.0,,,5,5,1.0,,,,,,,,,17,,0
4065,21980,76890,Darrell Griffith,UTH,Utah Jazz,0028000672,1981-02-11,UTH @ KCK,L,0,8,,,0.0,,,1,2,0.5,,,,,,,,,17,,0
4066,21980,76736,Phil Ford,KCK,Kansas City Kings,0028000672,1981-02-11,KCK vs. UTH,W,0,8,,,0.0,,,1,2,0.5,,,,,,,,,17,,0
4067,21980,600005,Bob Lanier,MIL,Milwaukee Bucks,0028000671,1981-02-11,MIL @ IND,W,0,6,,,0.0,,,5,7,0.714,,,,,,,,,17,,0
4068,21980,78310,Reggie Theus,CHI,Chicago Bulls,0028000669,1981-02-10,CHI vs. KCK,W,0,3,,,0.0,,,11,15,0.733,,,,,,,,,17,,0
4069,21980,77328,Tom LaGarde,DAL,Dallas Mavericks,0028000667,1981-02-10,DAL vs. DET,L,0,7,,,0.0,,,3,4,0.75,,,,,,,,,17,,0
4070,21980,77010,Keith Herron,DET,Detroit Pistons,0028000667,1981-02-10,DET @ DAL,W,0,7,,,0.0,,,3,4,0.75,,,,,,,,,17,,0
4071,21980,77324,Mitch Kupchak,WAS,Washington Bullets,0028000666,1981-02-10,WAS @ DEN,W,0,8,,,0.0,,,1,2,0.5,,,,,,,,,17,,0
4072,21980,77167,Vinnie Johnson,SEA,Seattle SuperSonics,0028000665,1981-02-10,SEA vs. BOS,W,0,7,,,0.0,,,3,3,1.0,,,,,,,,,17,,0
4073,21980,305,Robert Parish,BOS,Boston Celtics,0028000662,1981-02-08,BOS vs. SDC,W,0,6,,,0.0,,,5,7,0.714,,,,,,,,,17,,0
4074,21980,76353,Joe Barry Carroll,GOS,Golden State Warriors,0028000661,1981-02-08,GOS vs. UTH,W,0,6,,,0.0,,,5,6,0.833,,,,,,,,,17,,0
4075,21980,78482,Scott Wedman,KCK,Kansas City Kings,0028000658,1981-02-08,KCK @ POR,L,0,7,,,0.0,,,3,6,0.5,,,,,,,,,17,,0
4076,21980,76895,Bob Gross,POR,Portland Trail Blazers,0028000658,1981-02-08,POR vs. KCK,W,0,8,,,0.0,,,1,1,1.0,,,,,,,,,17,,0
4077,21980,76170,Otis Birdsong,KCK,Kansas City Kings,0028000658,1981-02-08,KCK @ POR,L,0,7,,,0.0,,,3,6,0.5,,,,,,,,,17,,0
4078,21980,76011,Alvan Adams,PHX,Phoenix Suns,0028000654,1981-02-08,PHX vs. WAS,W,0,7,,,0.0,,,3,4,0.75,,,,,,,,,17,,0
4079,21980,78571,Ray Williams,NYK,New York Knicks,0028000657,1981-02-08,NYK @ NJN,W,0,8,,,1.0,,,0,0,,,,,,,,,,17,,0
4080,21980,77420,Maurice Lucas,NJN,New Jersey Nets,0028000650,1981-02-07,NJN @ NYK,L,0,6,,,0.0,,,5,8,0.625,,,,,,,,,17,,0
4081,21980,78404,Kiki Vandeweghe,DEN,Denver Nuggets,0028000649,1981-02-07,DEN vs. GOS,W,0,8,,,0.0,,,1,1,1.0,,,,,,,,,17,,0
4082,21980,1381,John Long,DET,Detroit Pistons,0028000648,1981-02-07,DET @ CHI,L,0,8,,,0.0,,,1,1,1.0,,,,,,,,,17,,0
4083,21980,78331,Mychal Thompson,POR,Portland Trail Blazers,0028000644,1981-02-06,POR @ SAN,L,0,8,,,0.0,,,1,6,0.167,,,,,,,,,17,,0
4084,21980,77141,Dennis Johnson,PHX,Phoenix Suns,0028000642,1981-02-06,PHX vs. HOU,W,0,4,,,0.0,,,9,11,0.818,,,,,,,,,17,,0
4085,21980,77770,Louis Orr,IND,Indiana Pacers,0028000640,1981-02-06,IND @ BOS,L,0,6,,,0.0,,,5,5,1.0,,,,,,,,,17,,0
4086,21980,76993,Gerald Henderson,BOS,Boston Celtics,0028000640,1981-02-06,BOS vs. IND,W,0,4,,,0.0,,,9,9,1.0,,,,,,,,,17,,0
4087,21980,77152,John Johnson,SEA,Seattle SuperSonics,0028000638,1981-02-06,SEA vs. KCK,L,0,8,,,0.0,,,1,4,0.25,,,,,,,,,17,,0
4088,21980,76252,Junior Bridgeman,MIL,Milwaukee Bucks,0028000637,1981-02-06,MIL @ CLE,W,0,7,,,0.0,,,3,4,0.75,,,,,,,,,17,,0
4089,21980,1449,Larry Bird,BOS,Boston Celtics,0028000636,1981-02-05,BOS @ MIL,L,0,5,,,0.0,,,7,8,0.875,,,,,,,,,17,,0
4090,21980,76736,Phil Ford,KCK,Kansas City Kings,0028000633,1981-02-04,KCK vs. DET,W,0,8,,,0.0,,,1,1,1.0,,,,,,,,,17,,0
4091,21980,1453,Walter Davis,PHX,Phoenix Suns,0028000630,1981-02-04,PHX vs. UTH,W,0,7,,,0.0,,,3,3,1.0,,,,,,,,,17,,0
4092,21980,77487,Cedric Maxwell,BOS,Boston Celtics,0028000629,1981-02-04,BOS @ PHL,L,0,7,,,0.0,,,3,3,1.0,,,,,,,,,17,,0
4093,21980,76085,James Bailey,SEA,Seattle SuperSonics,0028000628,1981-02-04,SEA vs. WAS,W,0,8,,,0.0,,,1,2,0.5,,,,,,,,,17,,0
4094,21980,78150,James Silas,SAN,San Antonio Spurs,0028000625,1981-02-03,SAN vs. DET,W,0,4,,,0.0,,,9,9,1.0,,,,,,,,,17,,0
4095,21980,76526,Johnny Davis,IND,Indiana Pacers,0028000623,1981-02-03,IND @ MIL,W,0,7,,,0.0,,,3,5,0.6,,,,,,,,,17,,0
4096,21980,78132,Craig Shelton,ATL,Atlanta Hawks,0028000620,1981-02-03,ATL vs. PHL,L,0,7,,,0.0,,,3,4,0.75,,,,,,,,6.0,17,,0
4097,21980,76598,John Drew,ATL,Atlanta Hawks,0028000620,1981-02-03,ATL vs. PHL,L,0,7,,,0.0,,,3,3,1.0,,,,,,,,,17,,0
4098,21980,77993,Truck Robinson,PHX,Phoenix Suns,0028000618,1981-01-29,PHX @ CLE,L,0,6,,,0.0,,,5,6,0.833,,,,,,,,,17,,0
4099,21980,77141,Dennis Johnson,PHX,Phoenix Suns,0028000618,1981-01-29,PHX @ CLE,L,0,5,,,0.0,,,7,7,1.0,,,,,,,,6.0,17,,0
4100,21980,77689,Swen Nater,SDC,San Diego Clippers,0028000617,1981-01-29,SDC vs. POR,L,0,7,,,0.0,,,3,3,1.0,,,,,,,,,17,,0
4101,21980,600014,Artis Gilmore,CHI,Chicago Bulls,0028000616,1981-01-29,CHI vs. BOS,W,0,6,,,0.0,,,5,7,0.714,,,,,,,,,17,,0
4102,21980,305,Robert Parish,BOS,Boston Celtics,0028000616,1981-01-29,BOS @ CHI,L,0,7,,,0.0,,,3,7,0.429,,,,,,,,,17,,0
4103,21980,76095,Mike Bantom,IND,Indiana Pacers,0028000605,1981-01-28,IND vs. GOS,W,0,6,,,0.0,,,5,7,0.714,,,,,,,,,17,,0
4104,21980,77689,Swen Nater,SDC,San Diego Clippers,0028000602,1981-01-27,SDC vs. KCK,W,0,6,,,0.0,,,5,7,0.714,,,,,,,,,17,,0
4105,21980,77144,Eddie Johnson,ATL,Atlanta Hawks,0028000601,1981-01-27,ATL vs. WAS,L,0,8,,,0.0,,,1,3,0.333,,,,,,,,,17,,0
4106,21980,78537,Jeff Wilkins,UTH,Utah Jazz,0028000598,1981-01-27,UTH @ LAL,L,0,8,,,0.0,,,1,1,1.0,,,,,,,,6.0,17,,0
4107,21980,78390,Terry Tyler,DET,Detroit Pistons,0028000594,1981-01-26,DET @ UTH,L,0,7,,,0.0,,,3,4,0.75,,,,,,,,,17,,0
4108,21980,77819,Jim Paxson,POR,Portland Trail Blazers,0028000596,1981-01-26,POR @ LAL,L,0,7,,,0.0,,,3,6,0.5,,,,,,,,,17,,0
4109,21980,1453,Walter Davis,PHX,Phoenix Suns,0028000595,1981-01-26,PHX @ NYK,W,0,6,,,0.0,,,5,7,0.714,,,,,,,,,17,,0
4110,21980,78331,Mychal Thompson,POR,Portland Trail Blazers,0028000592,1981-01-25,POR vs. SAN,W,0,7,,,0.0,,,3,3,1.0,,,,,,,,,17,,0
4111,21980,76887,Kevin Grevey,WAS,Washington Bullets,0028000591,1981-01-25,WAS @ NJN,W,0,8,,,1.0,,,0,0,,,,,,,,,,17,,0
4112,21980,78199,Phil Smith,SDC,San Diego Clippers,0028000588,1981-01-24,SDC vs. MIL,L,0,5,,,0.0,,,7,9,0.778,,,,,,,,,17,,0
4113,21980,77996,Wayne Robinson,DET,Detroit Pistons,0028000587,1981-01-24,DET vs. CLE,W,0,6,,,0.0,,,5,6,0.833,,,,,,,,,17,,0
4114,21980,1381,John Long,DET,Detroit Pistons,0028000587,1981-01-24,DET vs. CLE,W,0,8,,,0.0,,,1,1,1.0,,,,,,,,,17,,0
4115,21980,78139,Purvis Short,GOS,Golden State Warriors,0028000585,1981-01-24,GOS vs. NYK,W,0,8,,,0.0,,,1,1,1.0,,,,,,,,,17,,0
4116,21980,77163,Reggie Johnson,SAN,San Antonio Spurs,0028000583,1981-01-24,SAN @ DEN,L,0,8,,,0.0,,,1,2,0.5,,,,,,,,,17,,0
4117,21980,600005,Bob Lanier,MIL,Milwaukee Bucks,0028000581,1981-01-23,MIL @ PHX,L,0,7,,,0.0,,,3,4,0.75,,,,,,,,,17,,0
4118,21980,77246,Larry Kenon,CHI,Chicago Bulls,0028000582,1981-01-23,CHI vs. DAL,W,0,8,,,0.0,,,1,3,0.333,,,,,,,,,17,,0
4119,21980,76971,Steve Hawes,ATL,Atlanta Hawks,0028000580,1981-01-23,ATL vs. CLE,L,0,6,,,0.0,,,5,7,0.714,,,,,,,,,17,,0
4120,21980,76598,John Drew,ATL,Atlanta Hawks,0028000580,1981-01-23,ATL vs. CLE,L,0,8,,,0.0,,,1,2,0.5,,,,,,,,,17,,0
4121,21980,76673,Alex English,DEN,Denver Nuggets,0028000579,1981-01-23,DEN @ LAL,L,0,6,,,0.0,,,5,6,0.833,,,,,,,,,17,,0
4122,21980,77043,Lionel Hollins,PHL,Philadelphia 76ers,0028000573,1981-01-22,PHL @ WAS,W,0,5,,,0.0,,,7,8,0.875,,,,,,,,,17,,0
4123,21980,76392,Jim Chones,LAL,Los Angeles Lakers,0028000566,1981-01-21,LAL vs. ATL,W,0,7,,,0.0,,,3,5,0.6,,,,,,,,,17,,0
4124,21980,77936,Robert Reid,HOU,Houston Rockets,0028000564,1981-01-21,HOU vs. PHX,W,0,6,,,0.0,,,5,6,0.833,,,,,,,,,17,,0
4125,21980,77626,Sidney Moncrief,MIL,Milwaukee Bucks,0028000563,1981-01-21,MIL @ GOS,W,0,8,,,0.0,,,1,4,0.25,,,,,,,,,17,,0
4126,21980,77264,Bernard King,GOS,Golden State Warriors,0028000563,1981-01-21,GOS vs. MIL,L,0,8,,,0.0,,,1,1,1.0,,,,,,,,,17,,0
4127,21980,77819,Jim Paxson,POR,Portland Trail Blazers,0028000559,1981-01-20,POR @ CLE,L,0,8,,,0.0,,,1,2,0.5,,,,,,,,,17,,0
4128,21980,76881,David Greenwood,CHI,Chicago Bulls,0028000561,1981-01-20,CHI vs. IND,W,0,6,,,0.0,,,5,7,0.714,,,,,,,,,17,,0
4129,21980,76526,Johnny Davis,IND,Indiana Pacers,0028000561,1981-01-20,IND @ CHI,L,0,7,,,0.0,,,3,3,1.0,,,,,,,,,17,,0
4130,21980,76681,Julius Erving,PHL,Philadelphia 76ers,0028000560,1981-01-20,PHL @ DET,L,0,8,,,0.0,,,1,3,0.333,,,,,,,,,17,,0
4131,21980,76804,George Gervin,SAN,San Antonio Spurs,0028000558,1981-01-20,SAN vs. PHX,W,0,6,,,0.0,,,5,6,0.833,,,,,,,,6.0,17,,0
4132,21980,76249,Ron Brewer,SAN,San Antonio Spurs,0028000558,1981-01-20,SAN vs. PHX,W,0,7,,,0.0,,,3,4,0.75,,,,,,,,,17,,0
4133,21980,76154,Kent Benson,DET,Detroit Pistons,0028000554,1981-01-19,DET @ BOS,L,0,6,,,0.0,,,5,5,1.0,,,,,,,,,17,,0
4134,21980,76321,Marty Byrnes,DAL,Dallas Mavericks,0028000552,1981-01-18,DAL @ SDC,L,0,6,,,1.0,,,4,7,0.571,,,,,,,,,17,,0
4135,21980,77087,Geoff Huston,DAL,Dallas Mavericks,0028000552,1981-01-18,DAL @ SDC,L,0,5,,,0.0,,,7,7,1.0,,,,,,,,,17,,0
4136,21980,78467,Kermit Washington,POR,Portland Trail Blazers,0028000550,1981-01-18,POR @ MIL,L,0,5,,,0.0,,,7,13,0.538,,,,,,,,,17,,0
4137,21980,76296,Quinn Buckner,MIL,Milwaukee Bucks,0028000550,1981-01-18,MIL vs. POR,W,0,8,,,0.0,,,1,3,0.333,,,,,,,,,17,,0
4138,21980,78404,Kiki Vandeweghe,DEN,Denver Nuggets,0028000549,1981-01-18,DEN vs. HOU,L,0,8,,,0.0,,,1,2,0.5,,,,,,,,,17,,0
4139,21980,77952,Micheal Ray Richardson,NYK,New York Knicks,0028000541,1981-01-17,NYK @ HOU,W,0,7,,,0.0,,,3,7,0.429,,,,,,,,,17,,0
4140,21980,76242,Mike Bratz,CLE,Cleveland Cavaliers,0028000545,1981-01-17,CLE @ CHI,W,0,7,,,1.0,,,2,3,0.667,,,,,,,,,17,,0
4141,21980,76881,David Greenwood,CHI,Chicago Bulls,0028000545,1981-01-17,CHI vs. CLE,L,0,8,,,0.0,,,1,1,1.0,,,,,,,,,17,,0
4142,21980,76887,Kevin Grevey,WAS,Washington Bullets,0028000542,1981-01-17,WAS vs. SAN,W,0,7,,,0.0,,,3,4,0.75,,,,,,,,,17,,0
4143,21980,76091,Greg Ballard,WAS,Washington Bullets,0028000542,1981-01-17,WAS vs. SAN,W,0,8,,,0.0,,,1,1,1.0,,,,,,,,,17,,0
4144,21980,77817,Billy Paultz,HOU,Houston Rockets,0028000541,1981-01-17,HOU vs. NYK,L,0,7,,,0.0,,,3,4,0.75,,,,,,,,,17,,0
4145,21980,76804,George Gervin,SAN,San Antonio Spurs,0028000540,1981-01-16,SAN @ BOS,L,0,8,,,0.0,,,1,2,0.5,,,,,,,,,17,,0
4146,21980,77308,Joel Kramer,PHX,Phoenix Suns,0028000536,1981-01-16,PHX vs. HOU,W,0,8,,,0.0,,,1,1,1.0,,,,,,,,,17,,0
4147,21980,76095,Mike Bantom,IND,Indiana Pacers,0028000534,1981-01-16,IND vs. SEA,L,0,8,,,0.0,,,1,2,0.5,,,,,,,,,17,,0
4148,21980,78222,Jim Spanarkel,DAL,Dallas Mavericks,0028000532,1981-01-16,DAL vs. NYK,W,0,7,,,0.0,,,3,3,1.0,,,,,,,,,17,,0
4149,21980,78215,Ricky Sobers,CHI,Chicago Bulls,0028000539,1981-01-16,CHI vs. POR,L,0,7,,,1.0,,,2,2,1.0,,,,,,,,,17,,0
4150,21980,78296,Brian Taylor,SDC,San Diego Clippers,0028000535,1981-01-16,SDC @ UTH,L,0,7,,,3.0,,,0,0,,,,,,,,,,17,,0
4151,21980,77975,Anthony Roberts,WAS,Washington Bullets,0028000530,1981-01-15,WAS @ DET,W,0,8,,,0.0,,,1,2,0.5,,,,,,,,,17,,0
4152,21980,76154,Kent Benson,DET,Detroit Pistons,0028000530,1981-01-15,DET vs. WAS,L,0,7,,,0.0,,,3,4,0.75,,,,,,,,,17,,0
4153,21980,76296,Quinn Buckner,MIL,Milwaukee Bucks,0028000529,1981-01-15,MIL vs. PHL,W,0,6,,,0.0,,,5,8,0.625,,,,,,,,,17,,0
4154,21980,77721,Norm Nixon,LAL,Los Angeles Lakers,0028000528,1981-01-14,LAL @ WAS,L,0,7,,,1.0,,,2,2,1.0,,,,,,,,,17,,0
4155,21980,76054,Nate Archibald,BOS,Boston Celtics,0028000526,1981-01-14,BOS vs. CLE,W,0,6,,,0.0,,,5,5,1.0,,,,,,,,,17,,0
4156,21980,76598,John Drew,ATL,Atlanta Hawks,0028000523,1981-01-14,ATL @ SDC,L,0,5,,,0.0,,,7,7,1.0,,,,,,,,,17,,0
4157,21980,78047,Campy Russell,NYK,New York Knicks,0028000522,1981-01-14,NYK @ SAN,L,0,7,,,0.0,,,3,7,0.429,,,,,,,,,17,,0
4158,21980,76350,Kenny Carr,CLE,Cleveland Cavaliers,0028000516,1981-01-13,CLE vs. LAL,L,0,6,,,0.0,,,5,6,0.833,,,,,,,,,17,,0
4159,21980,77998,Dave Robisch,DEN,Denver Nuggets,0028000514,1981-01-13,DEN vs. ATL,W,0,5,,,0.0,,,7,10,0.7,,,,,,,,,17,,0
4160,21980,78310,Reggie Theus,CHI,Chicago Bulls,0028000513,1981-01-13,CHI @ DAL,L,0,8,,,1.0,,,0,0,,,,,,,,,,17,,0
4161,21980,78527,Michael Wiley,SAN,San Antonio Spurs,0028000510,1981-01-11,SAN vs. WAS,W,0,8,,,0.0,,,1,1,1.0,,,,,,,,,17,,0
4162,21980,77633,Johnny Moore,SAN,San Antonio Spurs,0028000510,1981-01-11,SAN vs. WAS,W,0,5,,,0.0,,,7,10,0.7,,,,,,,,,17,,0
4163,21980,77168,Mickey Johnson,MIL,Milwaukee Bucks,0028000509,1981-01-11,MIL vs. PHX,W,0,6,,,0.0,,,5,6,0.833,,,,,,,,,17,,0
4164,21980,77136,Clemon Johnson,IND,Indiana Pacers,0028000507,1981-01-10,IND vs. MIL,W,0,5,,,0.0,,,7,9,0.778,,,,,,,,,17,,0
4165,21980,76095,Mike Bantom,IND,Indiana Pacers,0028000507,1981-01-10,IND vs. MIL,W,0,7,,,0.0,,,3,4,0.75,,,,,,,,,17,,0
4166,21980,76435,Darwin Cook,NJN,New Jersey Nets,0028000505,1981-01-10,NJN vs. BOS,L,0,7,,,0.0,,,3,4,0.75,,,,,,,,,17,,0
4167,21980,76616,Mike Dunleavy,HOU,Houston Rockets,0028000503,1981-01-10,HOU vs. POR,W,0,7,,,0.0,,,3,3,1.0,,,,,,,,,17,,0
4168,21980,76085,James Bailey,SEA,Seattle SuperSonics,0028000500,1981-01-10,SEA vs. DEN,W,0,6,,,0.0,,,5,8,0.625,,,,,,,,,17,,0
4169,21980,77021,Kenny Higgs,DEN,Denver Nuggets,0028000498,1981-01-09,DEN @ SDC,W,0,7,,,0.0,,,3,3,1.0,,,,,,,,,17,,0
4170,21980,78482,Scott Wedman,KCK,Kansas City Kings,0028000491,1981-01-08,KCK vs. WAS,W,0,8,,,0.0,,,1,2,0.5,,,,,,,,,17,,0
4171,21980,77532,George McGinnis,IND,Indiana Pacers,0028000488,1981-01-08,IND @ NYK,W,0,7,,,0.0,,,3,10,0.3,,,,,,,,,17,,0
4172,21980,76539,Darryl Dawkins,PHL,Philadelphia 76ers,0028000483,1981-01-07,PHL vs. SAN,W,0,7,,,0.0,,,3,7,0.429,,,,,,,,,17,,0
4173,21980,76874,Rickey Green,UTH,Utah Jazz,0028000482,1981-01-07,UTH @ DEN,W,0,6,,,0.0,,,5,7,0.714,,,,,,,,,17,,0
4174,21980,77264,Bernard King,GOS,Golden State Warriors,0028000481,1981-01-07,GOS vs. DAL,L,0,5,,,0.0,,,7,10,0.7,,,,,,,,,17,,0
4175,21980,77324,Mitch Kupchak,WAS,Washington Bullets,0028000480,1981-01-06,WAS @ LAL,L,0,8,,,0.0,,,1,2,0.5,,,,,,,,,17,,0
4176,21980,77689,Swen Nater,SDC,San Diego Clippers,0028000475,1981-01-06,SDC @ CHI,L,0,8,,,0.0,,,1,2,0.5,,,,,,,,,17,,0
4177,21980,77819,Jim Paxson,POR,Portland Trail Blazers,0028000473,1981-01-04,POR vs. BOS,L,0,7,,,1.0,,,2,2,1.0,,,,,,,,,17,,0
4178,21980,77487,Cedric Maxwell,BOS,Boston Celtics,0028000473,1981-01-04,BOS @ POR,W,0,6,,,0.0,,,5,6,0.833,,,,,,,,,17,,0
4179,21980,76296,Quinn Buckner,MIL,Milwaukee Bucks,0028000472,1981-01-04,MIL vs. SDC,W,0,8,,,0.0,,,1,1,1.0,,,,,,,,,17,,0
4180,21980,77986,Cliff T. Robinson,NJN,New Jersey Nets,0028000471,1981-01-04,NJN vs. IND,L,0,6,,,0.0,,,5,10,0.5,,,,,,,,,17,,0
4181,21980,77353,Allen Leavell,HOU,Houston Rockets,0028000470,1981-01-03,HOU vs. DEN,L,0,7,,,0.0,,,3,3,1.0,,,,,,,,,17,,0
4182,21980,76348,Austin Carr,WAS,Washington Bullets,0028000466,1981-01-03,WAS @ CLE,L,0,7,,,0.0,,,3,4,0.75,,,,,,,,,17,,0
4183,21980,78047,Campy Russell,NYK,New York Knicks,0028000464,1981-01-03,NYK vs. ATL,W,0,6,,,0.0,,,5,5,1.0,,,,,,,,,17,,0
4184,21980,77952,Micheal Ray Richardson,NYK,New York Knicks,0028000464,1981-01-03,NYK vs. ATL,W,0,8,,,0.0,,,1,1,1.0,,,,,,,,,17,,0
4185,21980,77829,Sam Pellom,ATL,Atlanta Hawks,0028000464,1981-01-03,ATL @ NYK,L,0,6,,,0.0,,,5,6,0.833,,,,,,,,,17,,0
4186,21980,1450,Kevin McHale,BOS,Boston Celtics,0028000463,1981-01-02,BOS @ GOS,L,0,7,,,0.0,,,3,3,1.0,,,,,,,,,17,,0
4187,21980,76154,Kent Benson,DET,Detroit Pistons,0028000461,1981-01-02,DET vs. NYK,W,0,6,,,0.0,,,5,5,1.0,,,,,,,,,17,,0
4188,21980,78149,Jack Sikma,SEA,Seattle SuperSonics,0028000457,1981-01-02,SEA vs. PHL,L,0,6,,,0.0,,,5,8,0.625,,,,,,,,6.0,17,,0
4189,21980,77328,Tom LaGarde,DAL,Dallas Mavericks,0028000456,1981-01-02,DAL vs. HOU,L,0,6,,,0.0,,,5,5,1.0,,,,,,,,,17,,0
4190,21980,76590,Leon Douglas,KCK,Kansas City Kings,0028000455,1981-01-02,KCK vs. UTH,W,0,6,,,0.0,,,5,7,0.714,,,,,,,,,17,,0
4191,21980,77097,Dan Issel,DEN,Denver Nuggets,0028000451,1981-01-01,DEN @ POR,L,0,5,,,0.0,,,7,12,0.583,,,,,,,,6.0,17,,0
4192,21980,78326,David Thompson,DEN,Denver Nuggets,0028000450,1980-12-30,DEN vs. IND,W,0,5,,,0.0,,,7,9,0.778,,,,,,,,,17,,0
4193,21980,77691,Calvin Natt,POR,Portland Trail Blazers,0028000449,1980-12-30,POR vs. PHL,W,0,8,,,0.0,,,1,1,1.0,,,,,,,,,17,,0
4194,21980,76154,Kent Benson,DET,Detroit Pistons,0028000448,1980-12-30,DET @ ATL,L,0,7,,,0.0,,,3,4,0.75,,,,,,,,,17,,0
4195,21980,76204,Ron Boone,UTH,Utah Jazz,0028000446,1980-12-30,UTH vs. LAL,W,0,7,,,0.0,,,3,3,1.0,,,,,,,,,17,,0
4196,21980,76085,James Bailey,SEA,Seattle SuperSonics,0028000445,1980-12-30,SEA @ SAN,L,0,7,,,0.0,,,3,3,1.0,,,,,,,,6.0,17,,0
4197,21980,78222,Jim Spanarkel,DAL,Dallas Mavericks,0028000439,1980-12-29,DAL @ CLE,L,0,6,,,1.0,,,4,4,1.0,,,,,,,,,17,,0
4198,21980,77193,Bobby Jones,PHL,Philadelphia 76ers,0028000438,1980-12-28,PHL @ LAL,L,0,6,,,0.0,,,5,5,1.0,,,,,,,,,17,,0
4199,21980,76539,Darryl Dawkins,PHL,Philadelphia 76ers,0028000438,1980-12-28,PHL @ LAL,L,0,6,,,0.0,,,5,7,0.714,,,,,,,,,17,,0
4200,21980,77950,Clint Richardson,PHL,Philadelphia 76ers,0028000434,1980-12-27,PHL @ DEN,L,0,8,,,0.0,,,1,3,0.333,,,,,,,,,17,,0
4201,21980,77626,Sidney Moncrief,MIL,Milwaukee Bucks,0028000433,1980-12-27,MIL vs. DAL,W,0,8,,,0.0,,,1,2,0.5,,,,,,,,,17,,0
4202,21980,76252,Junior Bridgeman,MIL,Milwaukee Bucks,0028000433,1980-12-27,MIL vs. DAL,W,0,8,,,0.0,,,1,1,1.0,,,,,,,,,17,,0
4203,21980,76011,Alvan Adams,PHX,Phoenix Suns,0028000432,1980-12-27,PHX vs. LAL,W,0,6,,,0.0,,,5,6,0.833,,,,,,,,,17,,0
4204,21980,1453,Walter Davis,PHX,Phoenix Suns,0028000432,1980-12-27,PHX vs. LAL,W,0,5,,,0.0,,,7,10,0.7,,,,,,,,,17,,0
4205,21980,76504,Adrian Dantley,UTH,Utah Jazz,0028000428,1980-12-27,UTH @ SAN,L,0,8,,,0.0,,,1,3,0.333,,,,,,,,,17,,0
4206,21980,77754,Mike O'Koren,NJN,New Jersey Nets,0028000427,1980-12-26,NJN vs. ATL,L,0,8,,,0.0,,,1,3,0.333,,,,,,,,,17,,0
4207,21980,77273,Reggie King,KCK,Kansas City Kings,0028000424,1980-12-26,KCK vs. PHL,L,0,8,,,0.0,,,1,1,1.0,,,,,,,,,17,,0
4208,21980,76539,Darryl Dawkins,PHL,Philadelphia 76ers,0028000424,1980-12-26,PHL @ KCK,W,0,6,,,0.0,,,5,6,0.833,,,,,,,,,17,,0
4209,21980,77432,Ollie Mack,DAL,Dallas Mavericks,0028000421,1980-12-26,DAL vs. DEN,W,0,7,,,0.0,,,3,6,0.5,,,,,,,,,17,,0
4210,21980,78215,Ricky Sobers,CHI,Chicago Bulls,0028000423,1980-12-26,CHI @ CLE,W,0,8,,,1.0,,,0,0,,,,,,,,,,17,,0
4211,21980,78331,Mychal Thompson,POR,Portland Trail Blazers,0028000417,1980-12-25,POR vs. GOS,W,0,6,,,0.0,,,5,8,0.625,,,,,,,,,17,,0
4212,21980,77691,Calvin Natt,POR,Portland Trail Blazers,0028000415,1980-12-23,POR vs. LAL,W,0,7,,,0.0,,,3,3,1.0,,,,,,,,,17,,0
4213,21980,77532,George McGinnis,IND,Indiana Pacers,0028000411,1980-12-23,IND vs. NJN,W,0,7,,,0.0,,,3,4,0.75,,,,,,,,,17,,0
4214,21980,1453,Walter Davis,PHX,Phoenix Suns,0028000409,1980-12-23,PHX vs. DET,W,0,6,,,0.0,,,5,5,1.0,,,,,,,,,17,,0
4215,21980,78331,Mychal Thompson,POR,Portland Trail Blazers,0028000405,1980-12-21,POR vs. PHX,L,0,7,,,0.0,,,3,4,0.75,,,,,,,,,17,,0
4216,21980,77936,Robert Reid,HOU,Houston Rockets,0028000403,1980-12-21,HOU @ MIL,L,0,7,,,0.0,,,3,3,1.0,,,,,,,,,17,,0
4217,21980,76418,Don Collins,ATL,Atlanta Hawks,0028000401,1980-12-20,ATL @ POR,L,0,8,,,0.0,,,1,1,1.0,,,,,,,,6.0,17,,0
4218,21980,76054,Nate Archibald,BOS,Boston Celtics,0028000400,1980-12-20,BOS @ CLE,W,0,5,,,0.0,,,7,9,0.778,,,,,,,,,17,,0
4219,21980,76170,Otis Birdsong,KCK,Kansas City Kings,0028000397,1980-12-20,KCK vs. IND,L,0,8,,,0.0,,,1,6,0.167,,,,,,,,,17,,0
4220,21980,77997,Bill Robinzine,DAL,Dallas Mavericks,0028000396,1980-12-20,DAL vs. GOS,L,0,4,,,0.0,,,9,10,0.9,,,,,,,,,17,,0
4221,21980,78350,Rudy Tomjanovich,HOU,Houston Rockets,0028000395,1980-12-20,HOU @ CHI,L,0,8,,,1.0,,,0,0,,,,,,,,,,17,,0
4222,21980,600005,Bob Lanier,MIL,Milwaukee Bucks,0028000393,1980-12-19,MIL @ CHI,L,0,8,,,0.0,,,1,1,1.0,,,,,,,,,17,,0
4223,21980,76539,Darryl Dawkins,PHL,Philadelphia 76ers,0028000392,1980-12-19,PHL vs. NJN,W,0,7,,,0.0,,,3,5,0.6,,,,,,,,,17,,0
4224,21980,77532,George McGinnis,IND,Indiana Pacers,0028000390,1980-12-19,IND @ DET,L,0,7,,,0.0,,,3,7,0.429,,,,,,,,,17,,0
4225,21980,76526,Johnny Davis,IND,Indiana Pacers,0028000390,1980-12-19,IND @ DET,L,0,7,,,0.0,,,3,3,1.0,,,,,,,,,17,,0
4226,21980,77819,Jim Paxson,POR,Portland Trail Blazers,0028000387,1980-12-19,POR @ LAL,W,0,6,,,0.0,,,5,6,0.833,,,,,,,,,17,,0
4227,21980,77144,Eddie Johnson,ATL,Atlanta Hawks,0028000382,1980-12-18,ATL @ UTH,W,0,7,,,0.0,,,3,4,0.75,,,,,,,,6.0,17,,0
4228,21980,77141,Dennis Johnson,PHX,Phoenix Suns,0028000379,1980-12-17,PHX vs. DAL,W,0,7,,,0.0,,,3,4,0.75,,,,,,,,,17,,0
4229,21980,77819,Jim Paxson,POR,Portland Trail Blazers,0028000375,1980-12-17,POR @ GOS,W,0,6,,,0.0,,,5,5,1.0,,,,,,,,,17,,0
4230,21980,78150,James Silas,SAN,San Antonio Spurs,0028000370,1980-12-16,SAN @ DAL,W,0,8,,,0.0,,,1,1,1.0,,,,,,,,,17,,0
4231,21980,77756,Mark Olberding,SAN,San Antonio Spurs,0028000370,1980-12-16,SAN @ DAL,W,0,5,,,0.0,,,7,7,1.0,,,,,,,,,17,,0
4232,21980,77163,Reggie Johnson,SAN,San Antonio Spurs,0028000370,1980-12-16,SAN @ DAL,W,0,7,,,0.0,,,3,3,1.0,,,,,,,,,17,,0
4233,21980,77087,Geoff Huston,DAL,Dallas Mavericks,0028000370,1980-12-16,DAL vs. SAN,L,0,8,,,0.0,,,1,1,1.0,,,,,,,,,17,,0
4234,21980,77097,Dan Issel,DEN,Denver Nuggets,0028000368,1980-12-16,DEN vs. KCK,L,0,5,,,0.0,,,7,10,0.7,,,,,,,,,17,,0
4235,21980,78296,Brian Taylor,SDC,San Diego Clippers,0028000362,1980-12-14,SDC vs. SEA,W,0,6,,,1.0,,,4,5,0.8,,,,,,,,,17,,0
4236,21980,77721,Norm Nixon,LAL,Los Angeles Lakers,0028000366,1980-12-14,LAL vs. GOS,W,0,7,,,0.0,,,3,5,0.6,,,,,,,,,17,,0
4237,21980,76353,Joe Barry Carroll,GOS,Golden State Warriors,0028000366,1980-12-14,GOS @ LAL,L,0,5,,,0.0,,,7,9,0.778,,,,,,,,,17,,0
4238,21980,77911,Kelvin Ransey,POR,Portland Trail Blazers,0028000363,1980-12-14,POR @ PHX,W,0,6,,,0.0,,,5,7,0.714,,,,,,,,,17,,0
4239,21980,77689,Swen Nater,SDC,San Diego Clippers,0028000362,1980-12-14,SDC vs. SEA,W,0,7,,,0.0,,,3,4,0.75,,,,,,,,,17,,0
4240,21980,77152,John Johnson,SEA,Seattle SuperSonics,0028000362,1980-12-14,SEA @ SDC,L,0,8,,,0.0,,,1,2,0.5,,,,,,,,,17,,0
4241,21980,78310,Reggie Theus,CHI,Chicago Bulls,0028000354,1980-12-13,CHI vs. BOS,L,0,5,,,1.0,,,6,9,0.667,,,,,,,,,17,,0
4242,21980,76471,Charlie Criss,ATL,Atlanta Hawks,0028000361,1980-12-13,ATL vs. MIL,W,0,7,,,0.0,,,3,4,0.75,,,,,,,,,17,,0
4243,21980,77087,Geoff Huston,DAL,Dallas Mavericks,0028000358,1980-12-13,DAL @ KCK,L,0,7,,,0.0,,,3,3,1.0,,,,,,,,,17,,0
4244,21980,600014,Artis Gilmore,CHI,Chicago Bulls,0028000354,1980-12-13,CHI vs. BOS,L,0,7,,,0.0,,,3,7,0.429,,,,,,,,,17,,0
4245,21980,76444,Michael Cooper,LAL,Los Angeles Lakers,0028000352,1980-12-12,LAL @ SEA,W,0,8,,,0.0,,,1,1,1.0,,,,,,,,,17,,0
4246,21980,100263,Bill Laimbeer,CLE,Cleveland Cavaliers,0028000349,1980-12-12,CLE @ DET,L,0,8,,,0.0,,,1,1,1.0,,,,,,,,,17,,0
4247,21980,76154,Kent Benson,DET,Detroit Pistons,0028000349,1980-12-12,DET vs. CLE,W,0,8,,,0.0,,,1,2,0.5,,,,,,,,,17,,0
4248,21980,76616,Mike Dunleavy,HOU,Houston Rockets,0028000347,1980-12-12,HOU @ POR,L,0,7,,,0.0,,,3,3,1.0,,,,,,,,,17,,0
4249,21980,77141,Dennis Johnson,PHX,Phoenix Suns,0028000343,1980-12-10,PHX @ IND,L,0,6,,,0.0,,,5,5,1.0,,,,,,,,,17,,0
4250,21980,229,James Edwards,IND,Indiana Pacers,0028000343,1980-12-10,IND vs. PHX,W,0,8,,,0.0,,,1,3,0.333,,,,,,,,,17,,0
4251,21980,76290,Joe Bryant,SDC,San Diego Clippers,0028000337,1980-12-10,SDC @ KCK,L,0,7,,,0.0,,,3,5,0.6,,,,,,,,,17,,0
4252,21980,77264,Bernard King,GOS,Golden State Warriors,0028000336,1980-12-10,GOS vs. SEA,L,0,6,,,0.0,,,5,5,1.0,,,,,,,,,17,,0
4253,21980,77152,John Johnson,SEA,Seattle SuperSonics,0028000336,1980-12-10,SEA @ GOS,W,0,8,,,0.0,,,1,2,0.5,,,,,,,,,17,,0
4254,21980,77024,Armond Hill,SEA,Seattle SuperSonics,0028000336,1980-12-10,SEA @ GOS,W,0,4,,,0.0,,,9,11,0.818,,,,,,,,,17,,0
4255,21980,77420,Maurice Lucas,NJN,New Jersey Nets,0028000335,1980-12-10,NJN vs. NYK,L,0,6,,,0.0,,,5,6,0.833,,,,,,,,,17,,0
4256,21980,76822,Mike Glenn,NYK,New York Knicks,0028000335,1980-12-10,NYK @ NJN,W,0,8,,,0.0,,,1,1,1.0,,,,,,,,,17,,0
4257,21980,78548,Freeman Williams,SDC,San Diego Clippers,0028000331,1980-12-09,SDC @ ATL,L,0,7,,,1.0,,,2,3,0.667,,,,,,,,,17,,0
4258,21980,77484,Wes Matthews,WAS,Washington Bullets,0028000332,1980-12-09,WAS @ NYK,L,0,6,,,0.0,,,5,5,1.0,,,,,,,,,17,,0
4259,21980,78149,Jack Sikma,SEA,Seattle SuperSonics,0028000328,1980-12-09,SEA @ POR,L,0,7,,,0.0,,,3,5,0.6,,,,,,,,,17,,0
4260,21980,77911,Kelvin Ransey,POR,Portland Trail Blazers,0028000328,1980-12-09,POR vs. SEA,W,0,7,,,0.0,,,3,4,0.75,,,,,,,,,17,,0
4261,21980,77235,Rich Kelley,PHX,Phoenix Suns,0028000327,1980-12-09,PHX @ CHI,W,0,7,,,0.0,,,3,6,0.5,,,,,,,,,17,,0
4262,21980,78149,Jack Sikma,SEA,Seattle SuperSonics,0028000326,1980-12-08,SEA vs. SAN,W,0,5,,,0.0,,,7,7,1.0,,,,,,,,,17,,0
4263,21980,76753,World Free,GOS,Golden State Warriors,0028000322,1980-12-07,GOS @ PHX,L,0,5,,,0.0,,,7,8,0.875,,,,,,,,,17,,0
4264,21980,77148,George Johnson,IND,Indiana Pacers,0028000319,1980-12-06,IND vs. KCK,W,0,7,,,0.0,,,3,3,1.0,,,,,,,,,17,,0
4265,21980,77167,Vinnie Johnson,SEA,Seattle SuperSonics,0028000316,1980-12-06,SEA @ UTH,W,0,6,,,0.0,,,5,5,1.0,,,,,,,,,17,,0
4266,21980,76526,Johnny Davis,IND,Indiana Pacers,0028000313,1980-12-05,IND @ MIL,L,0,7,,,0.0,,,3,4,0.75,,,,,,,,,17,,0
4267,21980,77141,Dennis Johnson,PHX,Phoenix Suns,0028000306,1980-12-05,PHX vs. NJN,L,0,4,,,0.0,,,9,9,1.0,,,,,,,,,17,,0
4268,21980,77715,Carl Nicks,DEN,Denver Nuggets,0028000305,1980-12-04,DEN @ UTH,L,0,5,,,0.0,,,7,9,0.778,,,,,,,,,17,,0
4269,21980,78200,Randy Smith,CLE,Cleveland Cavaliers,0028000304,1980-12-04,CLE @ SAN,L,0,6,,,0.0,,,5,7,0.714,,,,,,,,,17,,0
4270,21980,77754,Mike O'Koren,NJN,New Jersey Nets,0028000298,1980-12-03,NJN @ GOS,L,0,8,,,0.0,,,1,3,0.333,,,,,,,,,17,,0
4271,21980,78310,Reggie Theus,CHI,Chicago Bulls,0028000299,1980-12-03,CHI @ SEA,L,0,4,,,1.0,,,8,10,0.8,,,,,,,,,17,,0
4272,21980,77152,John Johnson,SEA,Seattle SuperSonics,0028000299,1980-12-03,SEA vs. CHI,W,0,7,,,0.0,,,3,3,1.0,,,,,,,,,17,,0
4273,21980,77800,Sonny Parker,GOS,Golden State Warriors,0028000298,1980-12-03,GOS vs. NJN,W,0,6,,,0.0,,,5,5,1.0,,,,,,,,,17,,0
4274,21980,77669,Calvin Murphy,HOU,Houston Rockets,0028000302,1980-12-03,HOU vs. CLE,W,0,7,,,1.0,,,2,2,1.0,,,,,,,,,17,,0
4275,21980,77071,Phil Hubbard,DET,Detroit Pistons,0028000292,1980-12-02,DET vs. BOS,L,0,5,,,0.0,,,7,12,0.583,,,,,,,,,17,,0
4276,21980,1449,Larry Bird,BOS,Boston Celtics,0028000292,1980-12-02,BOS @ DET,W,0,7,,,0.0,,,3,5,0.6,,,,,,,,,17,,0
4277,21980,77689,Swen Nater,SDC,San Diego Clippers,0028000281,1980-11-30,SDC vs. GOS,W,0,7,,,0.0,,,3,3,1.0,,,,,,,,,17,,0
4278,21980,78215,Ricky Sobers,CHI,Chicago Bulls,0028000284,1980-11-30,CHI @ LAL,W,0,5,,,0.0,,,7,8,0.875,,,,,,,,,17,,0
4279,21980,76272,Fred Brown,SEA,Seattle SuperSonics,0028000282,1980-11-30,SEA vs. NJN,W,0,8,,,0.0,,,1,2,0.5,,,,,,,,,17,,0
4280,21980,77328,Tom LaGarde,DAL,Dallas Mavericks,0028000276,1980-11-29,DAL @ HOU,L,0,8,,,0.0,,,1,4,0.25,,,,,,,,,17,,0
4281,21980,78570,Sly Williams,NYK,New York Knicks,0028000274,1980-11-29,NYK vs. POR,W,0,8,,,0.0,,,1,3,0.333,,,,,,,,,17,,0
4282,21980,76822,Mike Glenn,NYK,New York Knicks,0028000274,1980-11-29,NYK vs. POR,W,0,7,,,0.0,,,3,3,1.0,,,,,,,,,17,,0
4283,21980,76362,Bill Cartwright,NYK,New York Knicks,0028000274,1980-11-29,NYK vs. POR,W,0,7,,,0.0,,,3,4,0.75,,,,,,,,,17,,0
4284,21980,305,Robert Parish,BOS,Boston Celtics,0028000268,1980-11-28,BOS vs. NYK,W,0,7,,,0.0,,,3,4,0.75,,,,,,,,,17,,0
4285,21980,77487,Cedric Maxwell,BOS,Boston Celtics,0028000268,1980-11-28,BOS vs. NYK,W,0,8,,,0.0,,,1,1,1.0,,,,,,,,,17,,0
4286,21980,78025,Dan Roundfield,ATL,Atlanta Hawks,0028000265,1980-11-28,ATL @ MIL,L,0,8,,,0.0,,,1,4,0.25,,,,,,,,,17,,0
4287,21980,78482,Scott Wedman,KCK,Kansas City Kings,0028000263,1980-11-28,KCK @ DET,L,0,8,,,0.0,,,1,2,0.5,,,,,,,,,17,,0
4288,21980,78215,Ricky Sobers,CHI,Chicago Bulls,0028000262,1980-11-28,CHI @ PHX,L,0,7,,,3.0,,,0,0,,,,,,,,,,17,,0
4289,21980,78150,James Silas,SAN,San Antonio Spurs,0028000259,1980-11-26,SAN vs. CHI,W,0,5,,,0.0,,,7,11,0.636,,,,,,,,,17,,0
4290,21980,77010,Keith Herron,DET,Detroit Pistons,0028000257,1980-11-26,DET vs. UTH,L,0,7,,,0.0,,,3,3,1.0,,,,,,,,,17,,0
4291,21980,76085,James Bailey,SEA,Seattle SuperSonics,0028000254,1980-11-26,SEA @ PHX,L,0,8,,,0.0,,,1,2,0.5,,,,,,,,,17,,0
4292,21980,76011,Alvan Adams,PHX,Phoenix Suns,0028000254,1980-11-26,PHX vs. SEA,W,0,5,,,0.0,,,7,10,0.7,,,,,,,,,17,,0
4293,21980,77984,Rick Robey,BOS,Boston Celtics,0028000251,1980-11-26,BOS vs. POR,W,0,6,,,0.0,,,5,5,1.0,,,,,,,,,17,,0
4294,21980,76993,Gerald Henderson,BOS,Boston Celtics,0028000251,1980-11-26,BOS vs. POR,W,0,7,,,0.0,,,3,4,0.75,,,,,,,,,17,,0
4295,21980,76249,Ron Brewer,POR,Portland Trail Blazers,0028000251,1980-11-26,POR @ BOS,L,0,8,,,0.0,,,1,2,0.5,,,,,,,,,17,,0
4296,21980,76673,Alex English,DEN,Denver Nuggets,0028000247,1980-11-25,DEN @ SDC,L,0,7,,,0.0,,,3,4,0.75,,,,,,,,,17,,0
4297,21980,76444,Michael Cooper,LAL,Los Angeles Lakers,0028000243,1980-11-23,LAL vs. MIL,L,0,6,,,1.0,,,4,5,0.8,,,,,,,,,17,,0
4298,21980,76296,Quinn Buckner,MIL,Milwaukee Bucks,0028000243,1980-11-23,MIL @ LAL,W,0,7,,,0.0,,,3,4,0.75,,,,,,,,,17,,0
4299,21980,76257,Allan Bristow,UTH,Utah Jazz,0028000241,1980-11-22,UTH @ ATL,L,0,6,,,1.0,,,4,4,1.0,,,,,,,,,17,,0
4300,21980,76733,Chris Ford,BOS,Boston Celtics,0028000236,1980-11-22,BOS @ CLE,L,0,7,,,1.0,,,2,4,0.5,,,,,,,,,17,,0
4301,21980,76154,Kent Benson,DET,Detroit Pistons,0028000239,1980-11-22,DET vs. NJN,W,0,7,,,0.0,,,3,4,0.75,,,,,,,,,17,,0
4302,21980,305,Robert Parish,BOS,Boston Celtics,0028000234,1980-11-21,BOS vs. GOS,W,0,5,,,0.0,,,7,8,0.875,,,,,,,,6.0,17,,0
4303,21980,77167,Vinnie Johnson,SEA,Seattle SuperSonics,0028000233,1980-11-21,SEA @ DAL,W,0,5,,,0.0,,,7,9,0.778,,,,,,,,,17,,0
4304,21980,78532,Jamaal Wilkes,LAL,Los Angeles Lakers,0028000232,1980-11-21,LAL vs. PHX,W,0,7,,,0.0,,,3,3,1.0,,,,,,,,,17,,0
4305,21980,76392,Jim Chones,LAL,Los Angeles Lakers,0028000232,1980-11-21,LAL vs. PHX,W,0,7,,,0.0,,,3,4,0.75,,,,,,,,,17,,0
4306,21980,78310,Reggie Theus,CHI,Chicago Bulls,0028000228,1980-11-21,CHI vs. NYK,W,0,7,,,0.0,,,3,3,1.0,,,,,,,,,17,,0
4307,21980,77936,Robert Reid,HOU,Houston Rockets,0028000227,1980-11-20,HOU @ CLE,W,0,5,,,0.0,,,7,10,0.7,,,,,,,,,17,,0
4308,21980,78467,Kermit Washington,POR,Portland Trail Blazers,0028000226,1980-11-20,POR vs. MIL,L,0,7,,,0.0,,,3,3,1.0,,,,,,,,,17,,0
4309,21980,78199,Phil Smith,SDC,San Diego Clippers,0028000224,1980-11-20,SDC @ DET,L,0,7,,,0.0,,,3,4,0.75,,,,,,,,,17,,0
4310,21980,76598,John Drew,ATL,Atlanta Hawks,0028000220,1980-11-18,ATL vs. SAN,W,0,8,,,0.0,,,1,4,0.25,,,,,,,,6.0,17,,0
4311,21980,76453,Dave Corzine,SAN,San Antonio Spurs,0028000220,1980-11-18,SAN @ ATL,L,0,7,,,0.0,,,3,4,0.75,,,,,,,,,17,,0
4312,21980,76054,Nate Archibald,BOS,Boston Celtics,0028000217,1980-11-18,BOS @ CHI,W,0,8,,,0.0,,,1,1,1.0,,,,,,,,,17,,0
4313,21980,78482,Scott Wedman,KCK,Kansas City Kings,0028000213,1980-11-18,KCK @ LAL,L,0,8,,,0.0,,,1,1,1.0,,,,,,,,,17,,0
4314,21980,78467,Kermit Washington,POR,Portland Trail Blazers,0028000210,1980-11-18,POR vs. DEN,W,0,7,,,0.0,,,3,4,0.75,,,,,,,,,17,,0
4315,21980,600005,Bob Lanier,MIL,Milwaukee Bucks,0028000208,1980-11-16,MIL vs. CHI,L,0,8,,,0.0,,,1,2,0.5,,,,,,,,,17,,0
4316,21980,78532,Jamaal Wilkes,LAL,Los Angeles Lakers,0028000207,1980-11-16,LAL vs. DAL,W,0,8,,,0.0,,,1,1,1.0,,,,,,,,,17,,0
4317,21980,76003,Kareem Abdul-Jabbar,LAL,Los Angeles Lakers,0028000207,1980-11-16,LAL vs. DAL,W,0,8,,,0.0,,,1,3,0.333,,,,,,,,,17,,0
4318,21980,76266,Michael Brooks,SDC,San Diego Clippers,0028000203,1980-11-15,SDC vs. KCK,L,0,8,,,0.0,,,1,4,0.25,,,,,,,,,17,,0
4319,21980,78150,James Silas,SAN,San Antonio Spurs,0028000199,1980-11-15,SAN vs. UTH,W,0,6,,,0.0,,,5,5,1.0,,,,,,,,,17,,0
4320,21980,77144,Eddie Johnson,ATL,Atlanta Hawks,0028000198,1980-11-15,ATL vs. WAS,L,0,4,,,0.0,,,9,9,1.0,,,,,,,,,17,,0
4321,21980,78600,Brian Winters,MIL,Milwaukee Bucks,0028000197,1980-11-14,MIL vs. NYK,W,0,7,,,0.0,,,3,3,1.0,,,,,,,,,17,,0
4322,21980,78390,Terry Tyler,DET,Detroit Pistons,0028000195,1980-11-14,DET vs. CHI,W,0,8,,,0.0,,,1,4,0.25,,,,,,,,,17,,0
4323,21980,77071,Phil Hubbard,DET,Detroit Pistons,0028000195,1980-11-14,DET vs. CHI,W,0,7,,,0.0,,,3,3,1.0,,,,,,,,,17,,0
4324,21980,78331,Mychal Thompson,POR,Portland Trail Blazers,0028000193,1980-11-14,POR @ DAL,L,0,7,,,0.0,,,3,5,0.6,,,,,,,,,17,,0
4325,21980,76266,Michael Brooks,SDC,San Diego Clippers,0028000192,1980-11-14,SDC @ LAL,L,0,5,,,0.0,,,7,11,0.636,,,,,,,,,17,,0
4326,21980,78442,Wally Walker,SEA,Seattle SuperSonics,0028000191,1980-11-14,SEA vs. KCK,W,0,7,,,0.0,,,3,3,1.0,,,,,,,,,17,,0
4327,21980,77635,Lowes Moore,NJN,New Jersey Nets,0028000190,1980-11-14,NJN @ BOS,L,0,6,,,0.0,,,5,6,0.833,,,,,,,,,17,,0
4328,21980,77487,Cedric Maxwell,BOS,Boston Celtics,0028000190,1980-11-14,BOS vs. NJN,W,0,7,,,0.0,,,3,4,0.75,,,,,,,,,17,,0
4329,21980,77290,Billy Knight,IND,Indiana Pacers,0028000189,1980-11-13,IND vs. PHL,L,0,6,,,0.0,,,5,7,0.714,,,,,,,,,17,,0
4330,21980,76350,Kenny Carr,CLE,Cleveland Cavaliers,0028000188,1980-11-13,CLE vs. ATL,W,0,5,,,0.0,,,7,10,0.7,,,,,,,,,17,,0
4331,21980,76736,Phil Ford,KCK,Kansas City Kings,0028000185,1980-11-12,KCK @ GOS,L,0,5,,,0.0,,,7,8,0.875,,,,,,,,,17,,0
4332,21980,77324,Mitch Kupchak,WAS,Washington Bullets,0028000184,1980-11-12,WAS @ BOS,L,0,7,,,0.0,,,3,4,0.75,,,,,,,,,17,,0
4333,21980,77936,Robert Reid,HOU,Houston Rockets,0028000183,1980-11-12,HOU vs. LAL,W,0,7,,,0.0,,,3,4,0.75,,,,,,,,,17,,0
4334,21980,77449,Moses Malone,HOU,Houston Rockets,0028000183,1980-11-12,HOU vs. LAL,W,0,4,,,0.0,,,9,10,0.9,,,,,,,,,17,,0
4335,21980,77142,Magic Johnson,LAL,Los Angeles Lakers,0028000183,1980-11-12,LAL @ HOU,L,0,8,,,0.0,,,1,2,0.5,,,,,,,,,17,,0
4336,21980,76392,Jim Chones,LAL,Los Angeles Lakers,0028000183,1980-11-12,LAL @ HOU,L,0,8,,,0.0,,,1,2,0.5,,,,,,,,,17,,0
4337,21980,76553,Larry Demic,NYK,New York Knicks,0028000176,1980-11-11,NYK vs. DET,W,0,7,,,0.0,,,3,4,0.75,,,,,,,,,17,,0
4338,21980,76350,Kenny Carr,CLE,Cleveland Cavaliers,0028000172,1980-11-11,CLE vs. MIL,L,0,3,,,0.0,,,11,12,0.917,,,,,,,,,17,,0
4339,21980,78222,Jim Spanarkel,DAL,Dallas Mavericks,0028000170,1980-11-11,DAL vs. HOU,L,0,7,,,0.0,,,3,4,0.75,,,,,,,,,17,,0
4340,21980,78000,John Roche,DEN,Denver Nuggets,0028000161,1980-11-08,DEN @ CHI,W,0,6,,,2.0,,,3,6,0.5,,,,,,,,,17,,0
4341,21980,77936,Robert Reid,HOU,Houston Rockets,0028000166,1980-11-08,HOU vs. PHX,L,0,7,,,0.0,,,3,4,0.75,,,,,,,,,17,,0
4342,21980,76266,Michael Brooks,SDC,San Diego Clippers,0028000165,1980-11-08,SDC @ POR,W,0,7,,,0.0,,,3,3,1.0,,,,,,,,,17,,0
4343,21980,76231,Dudley Bradley,IND,Indiana Pacers,0028000162,1980-11-08,IND @ GOS,L,0,5,,,0.0,,,7,8,0.875,,,,,,,,,17,,0
4344,21980,77144,Eddie Johnson,ATL,Atlanta Hawks,0028000160,1980-11-08,ATL @ NJN,L,0,7,,,0.0,,,3,3,1.0,,,,,,,,,17,,0
4345,21980,77721,Norm Nixon,LAL,Los Angeles Lakers,0028000156,1980-11-07,LAL @ DAL,W,0,8,,,0.0,,,1,2,0.5,,,,,,,,,17,,0
4346,21980,76054,Nate Archibald,BOS,Boston Celtics,0028000155,1980-11-07,BOS vs. MIL,L,0,5,,,0.0,,,7,9,0.778,,,,,,,,,17,,0
4347,21980,305,Robert Parish,BOS,Boston Celtics,0028000155,1980-11-07,BOS vs. MIL,L,0,6,,,0.0,,,5,6,0.833,,,,,,,,,17,,0
4348,21980,77097,Dan Issel,DEN,Denver Nuggets,0028000152,1980-11-07,DEN vs. NYK,L,0,7,,,0.0,,,3,5,0.6,,,,,,,,,17,,0
4349,21980,76673,Alex English,DEN,Denver Nuggets,0028000152,1980-11-07,DEN vs. NYK,L,0,5,,,0.0,,,7,8,0.875,,,,,,,,,17,,0
4350,21980,78467,Kermit Washington,POR,Portland Trail Blazers,0028000150,1980-11-07,POR vs. GOS,W,0,6,,,0.0,,,5,7,0.714,,,,,,,,,17,,0
4351,21980,76353,Joe Barry Carroll,GOS,Golden State Warriors,0028000150,1980-11-07,GOS @ POR,L,0,7,,,0.0,,,3,6,0.5,,,,,,,,,17,,0
4352,21980,78392,Wes Unseld,WAS,Washington Bullets,0028000148,1980-11-06,WAS vs. DAL,W,0,8,,,0.0,,,1,2,0.5,,,,,,,,,17,,0
4353,21980,76242,Mike Bratz,CLE,Cleveland Cavaliers,0028000140,1980-11-05,CLE @ GOS,L,0,6,,,2.0,,,3,5,0.6,,,,,,,,,17,,0
4354,21980,76154,Kent Benson,DET,Detroit Pistons,0028000146,1980-11-05,DET @ PHL,L,0,6,,,0.0,,,5,7,0.714,,,,,,,,,17,,0
4355,21980,77993,Truck Robinson,PHX,Phoenix Suns,0028000143,1980-11-05,PHX @ SAN,L,0,7,,,0.0,,,3,4,0.75,,,,,,,,,17,,0
4356,21980,76266,Michael Brooks,SDC,San Diego Clippers,0028000141,1980-11-05,SDC @ HOU,W,0,8,,,0.0,,,1,2,0.5,,,,,,,,,17,,0
4357,21980,76895,Bob Gross,POR,Portland Trail Blazers,0028000138,1980-11-04,POR @ LAL,L,0,8,,,0.0,,,1,1,1.0,,,,,,,,,17,,0
4358,21980,76231,Dudley Bradley,IND,Indiana Pacers,0028000136,1980-11-04,IND @ PHX,L,0,7,,,0.0,,,3,5,0.6,,,,,,,,6.0,17,,0
4359,21980,77547,Billy McKinney,UTH,Utah Jazz,0028000135,1980-11-04,UTH vs. KCK,W,0,7,,,0.0,,,3,3,1.0,,,,,,,,,17,,0
4360,21980,77144,Eddie Johnson,ATL,Atlanta Hawks,0028000134,1980-11-04,ATL @ WAS,L,0,7,,,0.0,,,3,3,1.0,,,,,,,,,17,,0
4361,21980,76887,Kevin Grevey,WAS,Washington Bullets,0028000123,1980-11-01,WAS @ NYK,L,0,6,,,2.0,,,3,5,0.6,,,,,,,,,17,,0
4362,21980,77022,Johnny High,PHX,Phoenix Suns,0028000129,1980-11-01,PHX @ KCK,W,0,5,,,0.0,,,7,8,0.875,,,,,,,,,17,,0
4363,21980,76204,Ron Boone,UTH,Utah Jazz,0028000128,1980-11-01,UTH @ POR,W,0,7,,,0.0,,,3,3,1.0,,,,,,,,,17,,0
4364,21980,77487,Cedric Maxwell,BOS,Boston Celtics,0028000127,1980-11-01,BOS @ PHL,L,0,6,,,0.0,,,5,7,0.714,,,,,,,,6.0,17,,0
4365,21980,76599,Larry Drew,DET,Detroit Pistons,0028000125,1980-11-01,DET @ CHI,L,0,7,,,0.0,,,3,4,0.75,,,,,,,,,17,,0
4366,21980,76353,Joe Barry Carroll,GOS,Golden State Warriors,0028000122,1980-11-01,GOS vs. SAN,W,0,8,,,0.0,,,1,4,0.25,,,,,,,,,17,,0
4367,21980,229,James Edwards,IND,Indiana Pacers,0028000121,1980-11-01,IND vs. NJN,W,0,5,,,0.0,,,7,9,0.778,,,,,,,,,17,,0
4368,21980,78222,Jim Spanarkel,DAL,Dallas Mavericks,0028000119,1980-10-31,DAL @ UTH,L,0,4,,,0.0,,,9,10,0.9,,,,,,,,6.0,17,,0
4369,21980,76753,World Free,GOS,Golden State Warriors,0028000118,1980-10-31,GOS @ SDC,L,0,5,,,0.0,,,7,9,0.778,,,,,,,,,17,,0
4370,21980,77144,Eddie Johnson,ATL,Atlanta Hawks,0028000111,1980-10-30,ATL @ NYK,L,0,6,,,0.0,,,5,7,0.714,,,,,,,,,17,,0
4371,21980,76266,Michael Brooks,SDC,San Diego Clippers,0028000107,1980-10-29,SDC @ PHX,L,0,6,,,0.0,,,5,6,0.833,,,,,,,,,17,,0
4372,21980,76681,Julius Erving,PHL,Philadelphia 76ers,0028000104,1980-10-29,PHL vs. CHI,W,0,7,,,0.0,,,3,3,1.0,,,,,,,,,17,,0
4373,21980,78149,Jack Sikma,SEA,Seattle SuperSonics,0028000101,1980-10-28,SEA vs. GOS,W,0,7,,,0.0,,,3,5,0.6,,,,,,,,,17,,0
4374,21980,77246,Larry Kenon,CHI,Chicago Bulls,0028000099,1980-10-28,CHI vs. MIL,L,0,6,,,0.0,,,5,5,1.0,,,,,,,,,17,,0
4375,21980,76881,David Greenwood,CHI,Chicago Bulls,0028000099,1980-10-28,CHI vs. MIL,L,0,6,,,0.0,,,5,5,1.0,,,,,,,,,17,,0
4376,21980,76252,Junior Bridgeman,MIL,Milwaukee Bucks,0028000099,1980-10-28,MIL @ CHI,W,0,7,,,0.0,,,3,4,0.75,,,,,,,,,17,,0
4377,21980,78149,Jack Sikma,SEA,Seattle SuperSonics,0028000094,1980-10-26,SEA vs. POR,W,0,5,,,0.0,,,7,9,0.778,,,,,,,,,17,,0
4378,21980,78150,James Silas,SAN,San Antonio Spurs,0028000093,1980-10-26,SAN @ LAL,W,0,6,,,0.0,,,5,6,0.833,,,,,,,,,17,,0
4379,21980,78600,Brian Winters,MIL,Milwaukee Bucks,0028000092,1980-10-26,MIL vs. WAS,W,0,5,,,0.0,,,7,7,1.0,,,,,,,,,17,,0
4380,21980,76979,Elvin Hayes,WAS,Washington Bullets,0028000092,1980-10-26,WAS @ MIL,L,0,7,,,0.0,,,3,4,0.75,,,,,,,,,17,,0
4381,21980,78570,Sly Williams,NYK,New York Knicks,0028000090,1980-10-25,NYK vs. NJN,W,0,6,,,0.0,,,5,5,1.0,,,,,,,,,17,,0
4382,21980,77273,Reggie King,KCK,Kansas City Kings,0028000086,1980-10-25,KCK vs. DEN,W,0,8,,,0.0,,,1,3,0.333,,,,,,,,,17,,0
4383,21980,77167,Vinnie Johnson,SEA,Seattle SuperSonics,0028000079,1980-10-24,SEA @ LAL,L,0,7,,,0.0,,,3,4,0.75,,,,,,,,,17,,0
4384,21980,78025,Dan Roundfield,ATL,Atlanta Hawks,0028000074,1980-10-24,ATL @ IND,L,0,5,,,0.0,,,7,11,0.636,,,,,,,,,17,,0
4385,21980,77148,George Johnson,IND,Indiana Pacers,0028000074,1980-10-24,IND vs. ATL,W,0,7,,,0.0,,,3,3,1.0,,,,,,,,,17,,0
4386,21980,78570,Sly Williams,NYK,New York Knicks,0028000073,1980-10-23,NYK @ BOS,W,0,6,,,0.0,,,5,9,0.556,,,,,,,,,17,,0
4387,21980,78390,Terry Tyler,DET,Detroit Pistons,0028000069,1980-10-22,DET vs. PHL,L,0,7,,,0.0,,,3,6,0.5,,,,,,,,,17,,0
4388,21980,1381,John Long,DET,Detroit Pistons,0028000069,1980-10-22,DET vs. PHL,L,0,7,,,0.0,,,3,4,0.75,,,,,,,,,17,,0
4389,21980,77056,Cedrick Hordges,DEN,Denver Nuggets,0028000063,1980-10-21,DEN vs. HOU,L,0,6,,,0.0,,,5,8,0.625,,,,,,,,,17,,0
4390,21980,229,James Edwards,IND,Indiana Pacers,0028000060,1980-10-21,IND @ ATL,W,0,7,,,0.0,,,3,3,1.0,,,,,,,,,17,,0
4391,21980,76011,Alvan Adams,PHX,Phoenix Suns,0028000059,1980-10-21,PHX vs. DAL,W,0,7,,,0.0,,,3,6,0.5,,,,,,,,,17,,0
4392,21980,76504,Adrian Dantley,UTH,Utah Jazz,0028000057,1980-10-20,UTH vs. SEA,L,0,5,,,0.0,,,7,7,1.0,,,,,,,,,17,,0
4393,21980,78390,Terry Tyler,DET,Detroit Pistons,0028000052,1980-10-18,DET vs. ATL,L,0,8,,,0.0,,,1,1,1.0,,,,,,,,,17,,0
4394,21980,77097,Dan Issel,DEN,Denver Nuggets,0028000045,1980-10-18,DEN @ UTH,L,0,6,,,0.0,,,5,8,0.625,,,,,,,,,17,,0
4395,21980,77615,Mike Mitchell,CLE,Cleveland Cavaliers,0028000038,1980-10-17,CLE @ CHI,L,0,8,,,1.0,,,0,0,,,,,,,,,,17,,0
4396,21980,305,Robert Parish,BOS,Boston Celtics,0028000035,1980-10-16,BOS @ MIL,W,0,8,,,0.0,,,1,2,0.5,,,,,,,,,17,,0
4397,21980,78482,Scott Wedman,KCK,Kansas City Kings,0028000032,1980-10-15,KCK vs. LAL,L,0,6,,,1.0,,,4,4,1.0,,,,,,,,,17,,0
4398,21980,76231,Dudley Bradley,IND,Indiana Pacers,0028000034,1980-10-15,IND vs. CHI,L,0,8,,,0.0,,,1,1,1.0,,,,,,,,,17,,0
4399,21980,76385,Maurice Cheeks,PHL,Philadelphia 76ers,0028000033,1980-10-15,PHL @ NJN,W,0,7,,,0.0,,,3,3,1.0,,,,,,,,,17,,0
4400,21980,77273,Reggie King,KCK,Kansas City Kings,0028000032,1980-10-15,KCK vs. LAL,L,0,8,,,0.0,,,1,2,0.5,,,,,,,,,17,,0
4401,21980,76272,Fred Brown,SEA,Seattle SuperSonics,0028000030,1980-10-15,SEA @ HOU,L,0,8,,,1.0,,,0,0,,,,,,,,,,17,,0
4402,21980,77487,Cedric Maxwell,BOS,Boston Celtics,0028000025,1980-10-14,BOS @ ATL,L,0,5,,,0.0,,,7,8,0.875,,,,,,,,6.0,17,,0
4403,21980,77998,Dave Robisch,CLE,Cleveland Cavaliers,0028000023,1980-10-14,CLE vs. DET,W,0,8,,,0.0,,,1,1,1.0,,,,,,,,,17,,0
4404,21980,76681,Julius Erving,PHL,Philadelphia 76ers,0028000027,1980-10-14,PHL @ NYK,L,0,7,,,0.0,,,3,3,1.0,,,,,,,,,17,,0
4405,21980,78482,Scott Wedman,KCK,Kansas City Kings,0028000026,1980-10-14,KCK @ SAN,L,0,8,,,0.0,,,1,1,1.0,,,,,,,,,17,,0
4406,21980,1381,John Long,DET,Detroit Pistons,0028000022,1980-10-13,DET @ NJN,L,0,8,,,0.0,,,1,2,0.5,,,,,,,,6.0,17,,0
4407,21980,77167,Vinnie Johnson,SEA,Seattle SuperSonics,0028000021,1980-10-12,SEA @ POR,L,0,6,,,0.0,,,5,6,0.833,,,,,,,,,17,,0
4408,21980,78500,Paul Westphal,SEA,Seattle SuperSonics,0028000021,1980-10-12,SEA @ POR,L,0,6,,,1.0,,,4,4,1.0,,,,,,,,,17,,0
4409,21980,78482,Scott Wedman,KCK,Kansas City Kings,0028000020,1980-10-12,KCK @ PHX,L,0,8,,,1.0,,,0,0,,,,,,,,,,17,,0
4410,21980,77756,Mark Olberding,SAN,San Antonio Spurs,0028000010,1980-10-11,SAN @ DAL,L,0,5,,,0.0,,,7,10,0.7,,,,,,,,,17,,0
4411,21980,77144,Eddie Johnson,ATL,Atlanta Hawks,0028000013,1980-10-11,ATL vs. CHI,W,0,5,,,0.0,,,7,10,0.7,,,,,,,,,17,,0
4412,21980,77290,Billy Knight,IND,Indiana Pacers,0028000011,1980-10-11,IND vs. DET,W,0,7,,,0.0,,,3,3,1.0,,,,,,,,,17,,0
4413,21980,77324,Mitch Kupchak,WAS,Washington Bullets,0028000943,1981-03-29,WAS vs. CLE,W,0,7,,,0.0,,,2,2,1.0,,,,,,,,,16,,0
4414,21980,77264,Bernard King,GOS,Golden State Warriors,0028000939,1981-03-29,GOS @ SEA,L,0,6,,,0.0,,,4,6,0.667,,,,,,,,6.0,16,,0
4415,21980,76353,Joe Barry Carroll,GOS,Golden State Warriors,0028000939,1981-03-29,GOS @ SEA,L,0,8,,,0.0,,,0,0,,,,,,,,,,16,,0
4416,21980,77997,Bill Robinzine,DAL,Dallas Mavericks,0028000938,1981-03-29,DAL @ KCK,L,0,6,,,0.0,,,4,5,0.8,,,,,,,,,16,,0
4417,21980,78600,Brian Winters,MIL,Milwaukee Bucks,0028000934,1981-03-29,MIL @ ATL,W,0,3,,,0.0,,,10,10,1.0,,,,,,,,,16,,0
4418,21980,77168,Mickey Johnson,MIL,Milwaukee Bucks,0028000934,1981-03-29,MIL @ ATL,W,0,7,,,0.0,,,2,2,1.0,,,,,,,,,16,,0
4419,21980,77334,Mark Landsberger,LAL,Los Angeles Lakers,0028000933,1981-03-29,LAL vs. DEN,L,0,5,,,0.0,,,6,8,0.75,,,,,,,,,16,,0
4420,21980,78467,Kermit Washington,POR,Portland Trail Blazers,0028000941,1981-03-29,POR @ SDC,W,0,7,,,0.0,,,2,3,0.667,,,,,,,,,16,,0
4421,21980,76504,Adrian Dantley,UTH,Utah Jazz,0028000936,1981-03-29,UTH @ PHX,L,0,7,,,0.0,,,2,3,0.667,,,,,,,,,16,,0
4422,21980,77786,Tom Owens,POR,Portland Trail Blazers,0028000941,1981-03-29,POR @ SDC,W,0,7,,,0.0,,,2,2,1.0,,,,,,,,,16,,0
4423,21980,77986,Cliff T. Robinson,NJN,New Jersey Nets,0028000940,1981-03-29,NJN @ NYK,L,0,7,,,0.0,,,2,2,1.0,,,,,,,,,16,,0
4424,21980,1453,Walter Davis,PHX,Phoenix Suns,0028000936,1981-03-29,PHX vs. UTH,W,0,7,,,0.0,,,2,4,0.5,,,,,,,,,16,,0
4425,21980,77308,Joel Kramer,PHX,Phoenix Suns,0028000936,1981-03-29,PHX vs. UTH,W,0,7,,,0.0,,,2,2,1.0,,,,,,,,,16,,0
4426,21980,76733,Chris Ford,BOS,Boston Celtics,0028000937,1981-03-29,BOS vs. PHL,W,0,7,,,2.0,,,0,0,,,,,,,,,,16,,0
4427,21980,77420,Maurice Lucas,NJN,New Jersey Nets,0028000931,1981-03-28,NJN vs. NYK,L,0,8,,,0.0,,,0,0,,,,,,,,,,16,,0
4428,21980,77996,Wayne Robinson,DET,Detroit Pistons,0028000929,1981-03-28,DET @ WAS,L,0,5,,,0.0,,,6,7,0.857,,,,,,,,,16,,0
4429,21980,77623,Paul Mokeski,DET,Detroit Pistons,0028000929,1981-03-28,DET @ WAS,L,0,5,,,0.0,,,6,8,0.75,,,,,,,,,16,,0
4430,21980,76979,Elvin Hayes,WAS,Washington Bullets,0028000929,1981-03-28,WAS vs. DET,W,0,8,,,0.0,,,0,4,0.0,,,,,,,,,16,,0
4431,21980,76170,Otis Birdsong,KCK,Kansas City Kings,0028000923,1981-03-27,KCK @ HOU,L,0,8,,,0.0,,,0,1,0.0,,,,,,,,,16,,0
4432,21980,76526,Johnny Davis,IND,Indiana Pacers,0028000922,1981-03-27,IND vs. WAS,W,0,7,,,0.0,,,2,2,1.0,,,,,,,,,16,,0
4433,21980,76091,Greg Ballard,WAS,Washington Bullets,0028000922,1981-03-27,WAS @ IND,L,0,8,,,0.0,,,0,0,,,,,,,,,,16,,0
4434,21980,229,James Edwards,IND,Indiana Pacers,0028000922,1981-03-27,IND vs. WAS,W,0,6,,,0.0,,,4,6,0.667,,,,,,,,,16,,0
4435,21980,77290,Billy Knight,IND,Indiana Pacers,0028000919,1981-03-26,IND @ ATL,W,0,5,,,0.0,,,6,7,0.857,,,,,,,,,16,,0
4436,21980,100263,Bill Laimbeer,CLE,Cleveland Cavaliers,0028000918,1981-03-26,CLE @ MIL,L,0,8,,,0.0,,,0,0,,,,,,,,,6.0,16,,0
4437,21980,76296,Quinn Buckner,MIL,Milwaukee Bucks,0028000918,1981-03-26,MIL vs. CLE,W,0,7,,,0.0,,,2,2,1.0,,,,,,,,,16,,0
4438,21980,78351,Andrew Toney,PHL,Philadelphia 76ers,0028000917,1981-03-25,PHL vs. DET,W,0,7,,,0.0,,,2,4,0.5,,,,,,,,,16,,0
4439,21980,77071,Phil Hubbard,DET,Detroit Pistons,0028000917,1981-03-25,DET @ PHL,L,0,5,,,0.0,,,6,6,1.0,,,,,,,,,16,,0
4440,21980,77043,Lionel Hollins,PHL,Philadelphia 76ers,0028000917,1981-03-25,PHL vs. DET,W,0,8,,,0.0,,,0,0,,,,,,,,,,16,,0
4441,21980,76539,Darryl Dawkins,PHL,Philadelphia 76ers,0028000917,1981-03-25,PHL vs. DET,W,0,6,,,0.0,,,4,6,0.667,,,,,,,,,16,,0
4442,21980,78296,Brian Taylor,SDC,San Diego Clippers,0028000915,1981-03-25,SDC @ GOS,L,0,6,,,0.0,,,4,5,0.8,,,,,,,,,16,,0
4443,21980,77689,Swen Nater,SDC,San Diego Clippers,0028000915,1981-03-25,SDC @ GOS,L,0,4,,,0.0,,,8,8,1.0,,,,,,,,,16,,0
4444,21980,76353,Joe Barry Carroll,GOS,Golden State Warriors,0028000915,1981-03-25,GOS vs. SDC,W,0,6,,,0.0,,,4,5,0.8,,,,,,,,,16,,0
4445,21980,76170,Otis Birdsong,KCK,Kansas City Kings,0028000913,1981-03-25,KCK @ PHX,W,0,3,,,0.0,,,10,13,0.769,,,,,,,,,16,,0
4446,21980,77484,Wes Matthews,ATL,Atlanta Hawks,0028000908,1981-03-24,ATL vs. DET,W,0,7,,,0.0,,,2,2,1.0,,,,,,,,,16,,0
4447,21980,78310,Reggie Theus,CHI,Chicago Bulls,0028000905,1981-03-24,CHI vs. CLE,W,0,5,,,0.0,,,6,6,1.0,,,,,,,,,16,,0
4448,21980,77167,Vinnie Johnson,SEA,Seattle SuperSonics,0028000904,1981-03-24,SEA @ SDC,L,0,8,,,0.0,,,0,1,0.0,,,,,,,,,16,,0
4449,21980,77498,Bob McAdoo,NJN,New Jersey Nets,0028000903,1981-03-24,NJN @ MIL,L,0,6,,,0.0,,,4,4,1.0,,,,,,,,,16,,0
4450,21980,78139,Purvis Short,GOS,Golden State Warriors,0028000901,1981-03-24,GOS @ LAL,L,0,8,,,0.0,,,0,0,,,,,,,,,,16,,0
4451,21980,76003,Kareem Abdul-Jabbar,LAL,Los Angeles Lakers,0028000901,1981-03-24,LAL vs. GOS,W,0,6,,,0.0,,,4,5,0.8,,,,,,,,,16,,0
4452,21980,1449,Larry Bird,BOS,Boston Celtics,0028000900,1981-03-24,BOS @ NYK,W,0,8,,,0.0,,,0,0,,,,,,,,,,16,,0
4453,21980,76011,Alvan Adams,PHX,Phoenix Suns,0028000899,1981-03-22,PHX vs. SEA,W,0,5,,,0.0,,,6,6,1.0,,,,,,,,,16,,0
4454,21980,77160,Marques Johnson,MIL,Milwaukee Bucks,0028000898,1981-03-22,MIL @ NJN,W,0,6,,,0.0,,,4,4,1.0,,,,,,,,,16,,0
4455,21980,100263,Bill Laimbeer,CLE,Cleveland Cavaliers,0028000897,1981-03-22,CLE @ IND,L,0,5,,,0.0,,,6,7,0.857,,,,,,,,,16,,0
4456,21980,76966,Joey Hassett,GOS,Golden State Warriors,0028000888,1981-03-21,GOS vs. PHX,W,0,6,,,4.0,7.0,0.571,0,0,,,,,,,,,,16,,0
4457,21980,77873,Ben Poquette,UTH,Utah Jazz,0028000887,1981-03-21,UTH @ DAL,L,0,8,,,0.0,,,0,0,,,,,,,,,,16,,0
4458,21980,77432,Ollie Mack,DAL,Dallas Mavericks,0028000887,1981-03-21,DAL vs. UTH,W,0,8,,,0.0,,,0,0,,,,,,,,,,16,,0
4459,21980,78600,Brian Winters,MIL,Milwaukee Bucks,0028000885,1981-03-20,MIL @ DET,W,0,7,,,0.0,,,2,2,1.0,,,,,,,,,16,,0
4460,21980,1449,Larry Bird,BOS,Boston Celtics,0028000884,1981-03-20,BOS vs. WAS,W,0,8,,,0.0,,,0,0,,,,,,,,,,16,,0
4461,21980,77770,Louis Orr,IND,Indiana Pacers,0028000883,1981-03-20,IND vs. NYK,L,0,6,,,0.0,,,4,5,0.8,,,,,,,,,16,,0
4462,21980,77669,Calvin Murphy,HOU,Houston Rockets,0028000881,1981-03-20,HOU @ POR,L,0,8,,,0.0,,,0,0,,,,,,,,,,16,,0
4463,21980,76616,Mike Dunleavy,HOU,Houston Rockets,0028000881,1981-03-20,HOU @ POR,L,0,8,,,0.0,,,0,0,,,,,,,,,,16,,0
4464,21980,77756,Mark Olberding,SAN,San Antonio Spurs,0028000880,1981-03-20,SAN @ KCK,W,0,6,,,0.0,,,4,4,1.0,,,,,,,,,16,,0
4465,21980,77326,Sam Lacey,KCK,Kansas City Kings,0028000880,1981-03-20,KCK vs. SAN,L,0,7,,,0.0,,,2,4,0.5,,,,,,,,,16,,0
4466,21980,76899,Ernie Grunfeld,KCK,Kansas City Kings,0028000880,1981-03-20,KCK vs. SAN,L,0,7,,,0.0,,,2,4,0.5,,,,,,,,6.0,16,,0
4467,21980,78200,Randy Smith,CLE,Cleveland Cavaliers,0028000874,1981-03-19,CLE vs. CHI,L,0,7,,,0.0,,,2,4,0.5,,,,,,,,,16,,0
4468,21980,76616,Mike Dunleavy,HOU,Houston Rockets,0028000873,1981-03-18,HOU @ GOS,L,0,7,,,0.0,,,2,3,0.667,,,,,,,,,16,,0
4469,21980,77721,Norm Nixon,LAL,Los Angeles Lakers,0028000869,1981-03-18,LAL @ PHX,L,0,7,,,0.0,,,2,2,1.0,,,,,,,,,16,,0
4470,21980,77635,Lowes Moore,NJN,New Jersey Nets,0028000866,1981-03-18,NJN @ DET,L,0,6,,,0.0,,,4,4,1.0,,,,,,,,,16,,0
4471,21980,77152,John Johnson,SEA,Seattle SuperSonics,0028000861,1981-03-17,SEA @ DEN,L,0,8,,,0.0,,,0,0,,,,,,,,,,16,,0
4472,21980,77021,Kenny Higgs,DEN,Denver Nuggets,0028000861,1981-03-17,DEN vs. SEA,W,0,5,,,0.0,,,6,6,1.0,,,,,,,,,16,,0
4473,21980,76272,Fred Brown,SEA,Seattle SuperSonics,0028000861,1981-03-17,SEA @ DEN,L,0,8,,,0.0,,,0,0,,,,,,,,,,16,,0
4474,21980,77829,Sam Pellom,ATL,Atlanta Hawks,0028000860,1981-03-17,ATL @ CLE,L,0,8,,,0.0,,,0,0,,,,,,,,,,16,,0
4475,21980,77432,Ollie Mack,DAL,Dallas Mavericks,0028000858,1981-03-17,DAL vs. LAL,L,0,7,,,0.0,,,2,2,1.0,,,,,,,,,16,,0
4476,21980,78351,Andrew Toney,PHL,Philadelphia 76ers,0028000851,1981-03-15,PHL @ NYK,L,0,5,,,2.0,,,4,7,0.571,,,,,,,,,16,,0
4477,21980,77396,Scott Lloyd,DAL,Dallas Mavericks,0028000855,1981-03-15,DAL @ POR,L,0,6,,,0.0,,,4,5,0.8,,,,,,,,,16,,0
4478,21980,76350,Kenny Carr,CLE,Cleveland Cavaliers,0028000853,1981-03-15,CLE @ WAS,W,0,7,,,0.0,,,2,2,1.0,,,,,,,,,16,,0
4479,21980,78404,Kiki Vandeweghe,DEN,Denver Nuggets,0028000852,1981-03-15,DEN vs. HOU,W,0,5,,,0.0,,,6,8,0.75,,,,,,,,,16,,0
4480,21980,76616,Mike Dunleavy,HOU,Houston Rockets,0028000852,1981-03-15,HOU @ DEN,L,0,6,,,0.0,,,4,5,0.8,,,,,,,,,16,,0
4481,21980,77984,Rick Robey,BOS,Boston Celtics,0028000850,1981-03-15,BOS vs. NJN,W,0,5,,,0.0,,,6,9,0.667,,,,,,,,,16,,0
4482,21980,1450,Kevin McHale,BOS,Boston Celtics,0028000850,1981-03-15,BOS vs. NJN,W,0,7,,,0.0,,,2,3,0.667,,,,,,,,,16,,0
4483,21980,305,Robert Parish,BOS,Boston Celtics,0028000850,1981-03-15,BOS vs. NJN,W,0,6,,,0.0,,,4,4,1.0,,,,,,,,,16,,0
4484,21980,76296,Quinn Buckner,MIL,Milwaukee Bucks,0028000849,1981-03-15,MIL vs. SEA,W,0,7,,,0.0,,,2,2,1.0,,,,,,,,,16,,0
4485,21980,77689,Swen Nater,SDC,San Diego Clippers,0028000846,1981-03-14,SDC vs. SAN,W,0,5,,,0.0,,,6,8,0.75,,,,,,,,,16,,0
4486,21980,76350,Kenny Carr,CLE,Cleveland Cavaliers,0028000845,1981-03-14,CLE @ ATL,W,0,6,,,0.0,,,4,4,1.0,,,,,,,,,16,,0
4487,21980,77936,Robert Reid,HOU,Houston Rockets,0028000844,1981-03-14,HOU vs. UTH,W,0,7,,,0.0,,,2,2,1.0,,,,,,,,,16,,0
4488,21980,77952,Micheal Ray Richardson,NYK,New York Knicks,0028000837,1981-03-13,NYK vs. CHI,W,0,7,,,1.0,,,1,2,0.5,,,,,,,,6.0,16,,0
4489,21980,77167,Vinnie Johnson,SEA,Seattle SuperSonics,0028000843,1981-03-13,SEA @ DET,W,0,8,,,0.0,,,0,0,,,,,,,,,,16,,0
4490,21980,78331,Mychal Thompson,POR,Portland Trail Blazers,0028000842,1981-03-13,POR @ HOU,L,0,8,,,0.0,,,0,0,,,,,,,,,,16,,0
4491,21980,77290,Billy Knight,IND,Indiana Pacers,0028000841,1981-03-13,IND @ BOS,W,0,6,,,0.0,,,4,4,1.0,,,,,,,,,16,,0
4492,21980,78200,Randy Smith,CLE,Cleveland Cavaliers,0028000838,1981-03-13,CLE vs. NJN,L,0,6,,,0.0,,,4,4,1.0,,,,,,,,,16,,0
4493,21980,76966,Joey Hassett,GOS,Golden State Warriors,0028000833,1981-03-12,GOS @ DAL,L,0,6,,,3.0,,,1,1,1.0,,,,,,,,,16,,0
4494,21980,78516,Jerome Whitehead,SDC,San Diego Clippers,0028000832,1981-03-12,SDC vs. LAL,L,0,8,,,0.0,,,0,0,,,,,,,,,,16,,0
4495,21980,77152,John Johnson,SEA,Seattle SuperSonics,0028000831,1981-03-11,SEA @ CLE,W,0,6,,,0.0,,,4,4,1.0,,,,,,,,,16,,0
4496,21980,77623,Paul Mokeski,DET,Detroit Pistons,0028000829,1981-03-11,DET vs. ATL,W,0,7,,,0.0,,,2,9,0.222,,,,,,,,,16,,0
4497,21980,78351,Andrew Toney,PHL,Philadelphia 76ers,0028000827,1981-03-11,PHL vs. NYK,W,0,5,,,0.0,,,6,11,0.545,,,,,,,,,16,,0
4498,21980,77487,Cedric Maxwell,BOS,Boston Celtics,0028000826,1981-03-11,BOS vs. MIL,W,0,7,,,0.0,,,2,2,1.0,,,,,,,,,16,,0
4499,21980,76054,Nate Archibald,BOS,Boston Celtics,0028000826,1981-03-11,BOS vs. MIL,W,0,6,,,0.0,,,4,4,1.0,,,,,,,,,16,,0
4500,21980,76516,Brad Davis,DAL,Dallas Mavericks,0028000824,1981-03-10,DAL vs. PHX,W,0,5,,,0.0,,,6,7,0.857,,,,,,,,6.0,16,,0
4501,21980,77689,Swen Nater,SDC,San Diego Clippers,0028000823,1981-03-10,SDC vs. KCK,L,0,6,,,0.0,,,4,7,0.571,,,,,,,,,16,,0
4502,21980,76170,Otis Birdsong,KCK,Kansas City Kings,0028000823,1981-03-10,KCK @ SDC,W,0,8,,,0.0,,,0,0,,,,,,,,,,16,,0
4503,21980,76686,Mike Evans,MIL,Milwaukee Bucks,0028000819,1981-03-09,MIL vs. CLE,W,0,8,,,0.0,,,0,0,,,,,,,,,,16,,0
4504,21980,77756,Mark Olberding,SAN,San Antonio Spurs,0028000818,1981-03-08,SAN vs. DAL,W,0,5,,,0.0,,,6,8,0.75,,,,,,,,,16,,0
4505,21980,78570,Sly Williams,NYK,New York Knicks,0028000816,1981-03-08,NYK @ BOS,L,0,8,,,0.0,,,0,0,,,,,,,,,,16,,0
4506,21980,305,Robert Parish,BOS,Boston Celtics,0028000816,1981-03-08,BOS vs. NYK,W,0,8,,,0.0,,,0,0,,,,,,,,,,16,,0
4507,21980,78482,Scott Wedman,KCK,Kansas City Kings,0028000815,1981-03-08,KCK vs. PHX,W,0,8,,,0.0,,,0,1,0.0,,,,,,,,,16,,0
4508,21980,76899,Ernie Grunfeld,KCK,Kansas City Kings,0028000815,1981-03-08,KCK vs. PHX,W,0,8,,,0.0,,,0,0,,,,,,,,,,16,,0
4509,21980,76266,Michael Brooks,SDC,San Diego Clippers,0028000814,1981-03-08,SDC @ SEA,W,0,4,,,0.0,,,8,8,1.0,,,,,,,,,16,,0
4510,21980,78047,Campy Russell,NYK,New York Knicks,0028000816,1981-03-08,NYK @ BOS,L,0,5,,,1.0,,,5,6,0.833,,,,,,,,,16,,0
4511,21980,76272,Fred Brown,SEA,Seattle SuperSonics,0028000807,1981-03-07,SEA @ GOS,L,0,6,,,0.0,,,4,5,0.8,,,,,,,,,16,,0
4512,21980,76011,Alvan Adams,PHX,Phoenix Suns,0028000806,1981-03-06,PHX vs. POR,W,0,7,,,0.0,,,2,2,1.0,,,,,,,,,16,,0
4513,21980,78195,Larry Smith,GOS,Golden State Warriors,0028000803,1981-03-06,GOS vs. DAL,W,0,7,,,0.0,,,2,4,0.5,,,,,,,,,16,,0
4514,21980,76971,Steve Hawes,ATL,Atlanta Hawks,0028000801,1981-03-06,ATL vs. NJN,W,0,7,,,0.0,,,2,3,0.667,,,,,,,,,16,,0
4515,21980,77168,Mickey Johnson,MIL,Milwaukee Bucks,0028000799,1981-03-06,MIL @ NYK,W,0,3,,,0.0,,,10,11,0.909,,,,,,,,,16,,0
4516,21980,76598,John Drew,ATL,Atlanta Hawks,0028000797,1981-03-05,ATL @ MIL,L,0,6,,,0.0,,,4,4,1.0,,,11.0,,,,,,16,,0
4517,21980,78482,Scott Wedman,KCK,Kansas City Kings,0028000796,1981-03-05,KCK vs. POR,W,0,8,,,0.0,,,0,0,,,,,,,,,,16,,0
4518,21980,77819,Jim Paxson,POR,Portland Trail Blazers,0028000796,1981-03-05,POR @ KCK,L,0,6,,,0.0,,,4,6,0.667,,,,,,,,,16,,0
4519,21980,77952,Micheal Ray Richardson,NYK,New York Knicks,0028000795,1981-03-05,NYK @ DET,W,0,8,,,0.0,,,0,0,,,,,,,,,,16,,0
4520,21980,1381,John Long,DET,Detroit Pistons,0028000795,1981-03-05,DET vs. NYK,L,0,7,,,0.0,,,2,2,1.0,,,,,,,,,16,,0
4521,21980,77633,Johnny Moore,SAN,San Antonio Spurs,0028000793,1981-03-04,SAN vs. KCK,L,0,6,,,1.0,,,3,8,0.375,,,,,,,,,16,,0
4522,21980,76011,Alvan Adams,PHX,Phoenix Suns,0028000791,1981-03-04,PHX vs. CLE,W,0,6,,,0.0,,,4,4,1.0,,,,,,,,,16,,0
4523,21980,1453,Walter Davis,PHX,Phoenix Suns,0028000791,1981-03-04,PHX vs. CLE,W,0,7,,,0.0,,,2,2,1.0,,,,,,,,,16,,0
4524,21980,78442,Wally Walker,SEA,Seattle SuperSonics,0028000788,1981-03-04,SEA vs. IND,W,0,8,,,0.0,,,0,0,,,,,,,,,,16,,0
4525,21980,76881,David Greenwood,CHI,Chicago Bulls,0028000785,1981-03-03,CHI vs. NJN,W,0,5,,,0.0,,,6,7,0.857,,,,,,,,,16,,0
4526,21980,77487,Cedric Maxwell,BOS,Boston Celtics,0028000783,1981-03-03,BOS @ DAL,W,0,6,,,0.0,,,4,8,0.5,,,,,,,,,16,,0
4527,21980,77144,Eddie Johnson,ATL,Atlanta Hawks,0028000782,1981-03-03,ATL @ NYK,W,0,7,,,0.0,,,2,2,1.0,,,,,,,,,16,,0
4528,21980,600005,Bob Lanier,MIL,Milwaukee Bucks,0028000781,1981-03-03,MIL vs. DET,W,0,6,,,0.0,,,4,6,0.667,,,,,,,,,16,,0
4529,21980,76054,Nate Archibald,BOS,Boston Celtics,0028000776,1981-03-01,BOS vs. PHL,W,0,4,,,0.0,,,8,11,0.727,,,,,,,,,16,,0
4530,21980,100263,Bill Laimbeer,CLE,Cleveland Cavaliers,0028000773,1981-03-01,CLE @ DEN,L,0,8,,,0.0,,,0,0,,,,,,,,,,16,,0
4531,21980,1449,Larry Bird,BOS,Boston Celtics,0028000766,1981-02-27,BOS @ ATL,W,0,7,,,0.0,,,2,2,1.0,,,,12.0,,,,,16,,0
4532,21980,77770,Louis Orr,IND,Indiana Pacers,0028000765,1981-02-27,IND @ DAL,W,0,5,,,0.0,,,6,8,0.75,,,,,,,,,16,,0
4533,21980,77532,George McGinnis,IND,Indiana Pacers,0028000765,1981-02-27,IND @ DAL,W,0,6,,,0.0,,,4,7,0.571,,,,,,,,,16,,0
4534,21980,77136,Clemon Johnson,IND,Indiana Pacers,0028000765,1981-02-27,IND @ DAL,W,0,6,,,0.0,,,4,4,1.0,,,,,,,,,16,,0
4535,21980,77167,Vinnie Johnson,SEA,Seattle SuperSonics,0028000763,1981-02-27,SEA @ HOU,L,0,7,,,0.0,,,2,4,0.5,,,,,,,,,16,,0
4536,21980,76681,Julius Erving,PHL,Philadelphia 76ers,0028000762,1981-02-27,PHL @ UTH,W,0,7,,,0.0,,,2,2,1.0,,,,,,,,,16,,0
4537,21980,77010,Keith Herron,DET,Detroit Pistons,0028000761,1981-02-27,DET vs. CLE,W,0,7,,,0.0,,,2,2,1.0,,,,,,,,,16,,0
4538,21980,77691,Calvin Natt,POR,Portland Trail Blazers,0028000760,1981-02-27,POR vs. PHX,W,0,7,,,0.0,,,2,3,0.667,,,,,,,,,16,,0
4539,21980,76011,Alvan Adams,PHX,Phoenix Suns,0028000760,1981-02-27,PHX @ POR,L,0,7,,,0.0,,,2,2,1.0,,,,,,,,,16,,0
4540,21980,78150,James Silas,SAN,San Antonio Spurs,0028000757,1981-02-26,SAN vs. SEA,W,0,3,,,0.0,,,10,10,1.0,,,,,,,,,16,,0
4541,21980,77290,Billy Knight,IND,Indiana Pacers,0028000755,1981-02-25,IND @ HOU,L,0,7,,,0.0,,,2,2,1.0,,,,,,,,,16,,0
4542,21980,77984,Rick Robey,BOS,Boston Celtics,0028000751,1981-02-25,BOS vs. CLE,W,0,8,,,0.0,,,0,0,,,,,,,,,,16,,0
4543,21980,78570,Sly Williams,NYK,New York Knicks,0028000749,1981-02-24,NYK @ ATL,W,0,6,,,0.0,,,4,8,0.5,,,,,,,,,16,,0
4544,21980,78310,Reggie Theus,CHI,Chicago Bulls,0028000748,1981-02-24,CHI vs. LAL,L,0,7,,,0.0,,,2,5,0.4,,,,,,,,,16,,0
4545,21980,77756,Mark Olberding,SAN,San Antonio Spurs,0028000747,1981-02-24,SAN vs. GOS,W,0,5,,,0.0,,,6,6,1.0,,,,,,,,,16,,0
4546,21980,77689,Swen Nater,SDC,San Diego Clippers,0028000746,1981-02-24,SDC @ POR,W,0,3,,,0.0,,,10,13,0.769,,,,,,,,,16,,0
4547,21980,76266,Michael Brooks,SDC,San Diego Clippers,0028000746,1981-02-24,SDC @ POR,W,0,8,,,0.0,,,0,0,,,,,,,,,,16,,0
4548,21980,77754,Mike O'Koren,NJN,New Jersey Nets,0028000744,1981-02-24,NJN @ DEN,L,0,7,,,0.0,,,2,2,1.0,,,,,,,,,16,,0
4549,21980,76085,James Bailey,SEA,Seattle SuperSonics,0028000740,1981-02-22,SEA vs. HOU,L,0,6,,,0.0,,,4,5,0.8,,,,,,,,,16,,0
4550,21980,76362,Bill Cartwright,NYK,New York Knicks,0028000739,1981-02-22,NYK vs. LAL,L,0,6,,,0.0,,,4,6,0.667,,,,,,,,,16,,0
4551,21980,77547,Billy McKinney,DEN,Denver Nuggets,0028000737,1981-02-22,DEN @ SAN,L,0,6,,,0.0,,,4,5,0.8,,,,,,,,,16,,0
4552,21980,76804,George Gervin,SAN,San Antonio Spurs,0028000737,1981-02-22,SAN vs. DEN,W,0,6,,,0.0,,,4,5,0.8,,,,,,,,,16,,0
4553,21980,78215,Ricky Sobers,CHI,Chicago Bulls,0028000735,1981-02-22,CHI vs. ATL,L,0,5,,,0.0,,,6,7,0.857,,,,,,,,,16,,0
4554,21980,76881,David Greenwood,CHI,Chicago Bulls,0028000735,1981-02-22,CHI vs. ATL,L,0,7,,,0.0,,,2,4,0.5,,,,,,,,6.0,16,,0
4555,21980,78482,Scott Wedman,KCK,Kansas City Kings,0028000732,1981-02-21,KCK @ DEN,L,0,7,,,1.0,,,1,3,0.333,,,,,,,,,16,,0
4556,21980,77290,Billy Knight,IND,Indiana Pacers,0028000725,1981-02-20,IND vs. SAN,W,0,7,,,0.0,,,2,3,0.667,,,,,,,,,16,,0
4557,21980,76526,Johnny Davis,IND,Indiana Pacers,0028000725,1981-02-20,IND vs. SAN,W,0,7,,,0.0,,,2,2,1.0,,,,,,,,,16,,0
4558,21980,76392,Jim Chones,LAL,Los Angeles Lakers,0028000723,1981-02-20,LAL vs. HOU,L,0,7,,,0.0,,,2,2,1.0,,,,,,,,,16,,0
4559,21980,77328,Tom LaGarde,DAL,Dallas Mavericks,0028000722,1981-02-20,DAL @ PHL,L,0,5,,,0.0,,,6,10,0.6,,,,,,,,,16,,0
4560,21980,77193,Bobby Jones,PHL,Philadelphia 76ers,0028000722,1981-02-20,PHL vs. DAL,W,0,7,,,0.0,,,2,2,1.0,,,,,,,,,16,,0
4561,21980,76091,Greg Ballard,WAS,Washington Bullets,0028000721,1981-02-20,WAS @ NYK,L,0,8,,,0.0,,,0,0,,,,,,,,,,16,,0
4562,21980,77993,Truck Robinson,PHX,Phoenix Suns,0028000875,1981-02-19,PHX @ DEN,L,0,8,,,0.0,,,0,0,,,,,,,,,,16,,0
4563,21980,78150,James Silas,SAN,San Antonio Spurs,0028000720,1981-02-19,SAN @ CLE,L,0,8,,,0.0,,,0,2,0.0,,,,,,,,,16,,0
4564,21980,77163,Reggie Johnson,SAN,San Antonio Spurs,0028000720,1981-02-19,SAN @ CLE,L,0,6,,,0.0,,,4,6,0.667,,,,,,,,6.0,16,,0
4565,21980,77324,Mitch Kupchak,WAS,Washington Bullets,0028000719,1981-02-19,WAS vs. PHL,W,0,7,,,0.0,,,2,2,1.0,,,,,,,,,16,,0
4566,21980,76979,Elvin Hayes,WAS,Washington Bullets,0028000719,1981-02-19,WAS vs. PHL,W,0,6,,,0.0,,,4,4,1.0,,,,,,,,,16,,0
4567,21980,78467,Kermit Washington,POR,Portland Trail Blazers,0028000718,1981-02-19,POR @ DET,W,0,7,,,0.0,,,2,2,1.0,,,,,,,,,16,,0
4568,21980,77618,Steve Mix,PHL,Philadelphia 76ers,0028000715,1981-02-18,PHL vs. DET,W,0,5,,,0.0,,,6,8,0.75,,,,,,,,,16,,0
4569,21980,77043,Lionel Hollins,PHL,Philadelphia 76ers,0028000715,1981-02-18,PHL vs. DET,W,0,7,,,0.0,,,2,2,1.0,,,,,,,,,16,,0
4570,21980,77182,Dwight Jones,CHI,Chicago Bulls,0028000714,1981-02-18,CHI @ GOS,L,0,6,,,0.0,,,4,5,0.8,,,,,,,,,16,,0
4571,21980,78442,Wally Walker,SEA,Seattle SuperSonics,0028000713,1981-02-18,SEA vs. NYK,L,0,7,,,0.0,,,2,2,1.0,,,,,,,,,16,,0
4572,21980,1450,Kevin McHale,BOS,Boston Celtics,0028000712,1981-02-18,BOS @ KCK,L,0,6,,,0.0,,,4,4,1.0,,,,,,,,,16,,0
4573,21980,600014,Artis Gilmore,CHI,Chicago Bulls,0028000708,1981-02-17,CHI @ SDC,L,0,5,,,0.0,,,6,7,0.857,,,,,,,,,16,,0
4574,21980,76534,Ron Davis,SDC,San Diego Clippers,0028000708,1981-02-17,SDC vs. CHI,W,0,7,,,0.0,,,2,5,0.4,,,,,,,,,16,,0
4575,21980,76266,Michael Brooks,SDC,San Diego Clippers,0028000708,1981-02-17,SDC vs. CHI,W,0,6,,,0.0,,,4,4,1.0,,,,,,,,,16,,0
4576,21980,78600,Brian Winters,MIL,Milwaukee Bucks,0028000705,1981-02-17,MIL @ DAL,W,0,7,,,0.0,,,2,2,1.0,,,,,,,,,16,,0
4577,21980,78195,Larry Smith,GOS,Golden State Warriors,0028000702,1981-02-15,GOS @ NJN,L,0,6,,,0.0,,,4,5,0.8,,,,,,,,,16,,0
4578,21980,77184,Edgar Jones,NJN,New Jersey Nets,0028000702,1981-02-15,NJN vs. GOS,W,0,5,,,0.0,,,6,9,0.667,,,,,,,,,16,,0
4579,21980,76170,Otis Birdsong,KCK,Kansas City Kings,0028000700,1981-02-15,KCK vs. SEA,W,0,7,,,0.0,,,2,2,1.0,,,,,,,,,16,,0
4580,21980,77819,Jim Paxson,POR,Portland Trail Blazers,0028000699,1981-02-15,POR vs. UTH,W,0,7,,,0.0,,,2,3,0.667,,,,,,,,,16,,0
4581,21980,78150,James Silas,SAN,San Antonio Spurs,0028000698,1981-02-15,SAN vs. MIL,W,0,6,,,0.0,,,4,4,1.0,,,,,,,,,16,,0
4582,21980,76252,Junior Bridgeman,MIL,Milwaukee Bucks,0028000698,1981-02-15,MIL @ SAN,L,0,6,,,0.0,,,4,5,0.8,,,,,,,,,16,,0
4583,21980,76054,Nate Archibald,BOS,Boston Celtics,0028000696,1981-02-15,BOS @ DEN,W,0,6,,,0.0,,,4,5,0.8,,,,,,,,,16,,0
4584,21980,78571,Ray Williams,NYK,New York Knicks,0028000695,1981-02-15,NYK @ PHX,W,0,7,,,0.0,,,2,2,1.0,,,,,,,,,16,,0
4585,21980,78570,Sly Williams,NYK,New York Knicks,0028000695,1981-02-15,NYK @ PHX,W,0,7,,,0.0,,,2,2,1.0,,,,,,,,,16,,0
4586,21980,77167,Vinnie Johnson,SEA,Seattle SuperSonics,0028000693,1981-02-14,SEA @ CHI,L,0,8,,,0.0,,,0,0,,,,,,,,,,16,,0
4587,21980,76453,Dave Corzine,SAN,San Antonio Spurs,0028000692,1981-02-14,SAN @ DAL,W,0,4,,,0.0,,,8,10,0.8,,,,,,,,,16,,0
4588,21980,78623,Larry Wright,DET,Detroit Pistons,0028000691,1981-02-14,DET vs. WAS,W,0,5,,,0.0,,,6,7,0.857,,,,,,,,,16,,0
4589,21980,78139,Purvis Short,GOS,Golden State Warriors,0028000690,1981-02-14,GOS @ CLE,L,0,7,,,0.0,,,2,3,0.667,,,,,,,,,16,,0
4590,21980,77264,Bernard King,GOS,Golden State Warriors,0028000690,1981-02-14,GOS @ CLE,L,0,8,,,0.0,,,0,0,,,,,,,,,,16,,0
4591,21980,76272,Fred Brown,SEA,Seattle SuperSonics,0028000693,1981-02-14,SEA @ CHI,L,0,7,,,1.0,,,1,2,0.5,,,,,,,,,16,,0
4592,21980,78467,Kermit Washington,POR,Portland Trail Blazers,0028000688,1981-02-13,POR @ DEN,L,0,5,,,0.0,,,6,9,0.667,,,,,,,,,16,,0
4593,21980,77936,Robert Reid,HOU,Houston Rockets,0028000685,1981-02-13,HOU vs. LAL,L,0,6,,,0.0,,,4,6,0.667,,,,,,,,,16,,0
4594,21980,77817,Billy Paultz,HOU,Houston Rockets,0028000685,1981-02-13,HOU vs. LAL,L,0,7,,,0.0,,,2,6,0.333,,,,,,,,,16,,0
4595,21980,77721,Norm Nixon,LAL,Los Angeles Lakers,0028000685,1981-02-13,LAL @ HOU,W,0,5,,,0.0,,,6,7,0.857,,,,,,,,,16,,0
4596,21980,78482,Scott Wedman,KCK,Kansas City Kings,0028000682,1981-02-13,KCK vs. ATL,W,0,8,,,0.0,,,0,0,,,,,,,,,,16,,0
4597,21980,76362,Bill Cartwright,NYK,New York Knicks,0028000681,1981-02-13,NYK vs. DET,W,0,7,,,0.0,,,2,4,0.5,,,,,,,,,16,,0
4598,21980,76979,Elvin Hayes,WAS,Washington Bullets,0028000680,1981-02-13,WAS @ PHL,W,0,7,,,0.0,,,2,3,0.667,,,,,,,,,16,,0
4599,21980,76385,Maurice Cheeks,PHL,Philadelphia 76ers,0028000680,1981-02-13,PHL vs. WAS,L,0,7,,,0.0,,,2,2,1.0,,,,,,,,,16,,0
4600,21980,77553,Tom McMillen,ATL,Atlanta Hawks,0028000679,1981-02-12,ATL @ SAN,L,0,7,,,0.0,,,2,3,0.667,,,,,,,,,16,,0
4601,21980,77144,Eddie Johnson,ATL,Atlanta Hawks,0028000679,1981-02-12,ATL @ SAN,L,0,6,,,0.0,,,4,5,0.8,,,,,,,,,16,,0
4602,21980,76971,Steve Hawes,ATL,Atlanta Hawks,0028000679,1981-02-12,ATL @ SAN,L,0,5,,,0.0,,,6,7,0.857,,,,,,,,,16,,0
4603,21980,76598,John Drew,ATL,Atlanta Hawks,0028000679,1981-02-12,ATL @ SAN,L,0,4,,,0.0,,,8,9,0.889,,,,,,,,,16,,0
4604,21980,78570,Sly Williams,NYK,New York Knicks,0028000677,1981-02-12,NYK @ CLE,W,0,5,,,0.0,,,6,7,0.857,,,,,,,,,16,,0
4605,21980,76350,Kenny Carr,CLE,Cleveland Cavaliers,0028000676,1981-02-11,CLE @ PHL,L,0,6,,,0.0,,,4,4,1.0,,,,,,,,,16,,0
4606,21980,76516,Brad Davis,DAL,Dallas Mavericks,0028000675,1981-02-11,DAL @ PHX,L,0,5,,,0.0,,,6,7,0.857,,,,,,,,,16,,0
4607,21980,1453,Walter Davis,PHX,Phoenix Suns,0028000675,1981-02-11,PHX vs. DAL,W,0,7,,,0.0,,,2,2,1.0,,,,,,,,,16,,0
4608,21980,78531,Bob Wilkerson,CHI,Chicago Bulls,0028000674,1981-02-11,CHI @ NJN,L,0,7,,,0.0,,,2,2,1.0,,,,,,,,,16,,0
4609,21980,77582,Joe Meriweather,KCK,Kansas City Kings,0028000672,1981-02-11,KCK vs. UTH,W,0,5,,,0.0,,,6,7,0.857,,,,,,,,,16,,0
4610,21980,78532,Jamaal Wilkes,LAL,Los Angeles Lakers,0028000670,1981-02-11,LAL vs. BOS,L,0,7,,,0.0,,,2,2,1.0,,,,,,,,,16,,0
4611,21980,77721,Norm Nixon,LAL,Los Angeles Lakers,0028000670,1981-02-11,LAL vs. BOS,L,0,7,,,0.0,,,2,4,0.5,,,,,,,,,16,,0
4612,21980,78199,Phil Smith,SDC,San Diego Clippers,0028000668,1981-02-10,SDC vs. PHX,L,0,8,,,0.0,,,0,0,,,,,,,,,,16,,0
4613,21980,76091,Greg Ballard,WAS,Washington Bullets,0028000666,1981-02-10,WAS @ DEN,W,0,8,,,0.0,,,0,0,,,,,,,,,,16,,0
4614,21980,77290,Billy Knight,IND,Indiana Pacers,0028000663,1981-02-08,IND @ DET,W,0,6,,,0.0,,,4,4,1.0,,,,,,,,,16,,0
4615,21980,76095,Mike Bantom,IND,Indiana Pacers,0028000663,1981-02-08,IND @ DET,W,0,8,,,0.0,,,0,1,0.0,,,,,,,,,16,,0
4616,21980,1381,John Long,DET,Detroit Pistons,0028000663,1981-02-08,DET vs. IND,L,0,6,,,0.0,,,4,4,1.0,,,,,,,,,16,,0
4617,21980,76121,Billyray Bates,POR,Portland Trail Blazers,0028000658,1981-02-08,POR vs. KCK,W,0,7,,,0.0,,,2,4,0.5,,,,,,,,,16,,0
4618,21980,76681,Julius Erving,PHL,Philadelphia 76ers,0028000655,1981-02-08,PHL vs. LAL,W,0,8,,,0.0,,,0,2,0.0,,,,,,,,,16,,0
4619,21980,76539,Darryl Dawkins,PHL,Philadelphia 76ers,0028000655,1981-02-08,PHL vs. LAL,W,0,7,,,0.0,,,2,2,1.0,,,,,,,,,16,,0
4620,21980,76385,Maurice Cheeks,PHL,Philadelphia 76ers,0028000655,1981-02-08,PHL vs. LAL,W,0,6,,,0.0,,,4,5,0.8,,,,,,,,,16,,0
4621,21980,77993,Truck Robinson,PHX,Phoenix Suns,0028000654,1981-02-08,PHX vs. WAS,W,0,7,,,0.0,,,2,3,0.667,,,,,,,,,16,,0
4622,21980,77952,Micheal Ray Richardson,NYK,New York Knicks,0028000650,1981-02-07,NYK vs. NJN,W,0,6,,,1.0,,,3,4,0.75,,,,,,,,,16,,0
4623,21980,77669,Calvin Murphy,HOU,Houston Rockets,0028000651,1981-02-07,HOU vs. ATL,W,0,7,,,0.0,,,2,2,1.0,,,,,,,,,16,,0
4624,21980,78047,Campy Russell,NYK,New York Knicks,0028000650,1981-02-07,NYK vs. NJN,W,0,6,,,0.0,,,4,4,1.0,,,,,,,,,16,,0
4625,21980,77998,Dave Robisch,DEN,Denver Nuggets,0028000649,1981-02-07,DEN vs. GOS,W,0,7,,,0.0,,,2,2,1.0,,,,,,,,,16,,0
4626,21980,77264,Bernard King,GOS,Golden State Warriors,0028000649,1981-02-07,GOS @ DEN,L,0,7,,,0.0,,,2,2,1.0,,,,,,,,,16,,0
4627,21980,76673,Alex English,DEN,Denver Nuggets,0028000649,1981-02-07,DEN vs. GOS,W,0,7,,,0.0,,,2,2,1.0,,,,,,,,,16,,0
4628,21980,77246,Larry Kenon,CHI,Chicago Bulls,0028000648,1981-02-07,CHI vs. DET,W,0,8,,,0.0,,,0,0,,,,,,,,,,16,,0
4629,21980,77911,Kelvin Ransey,POR,Portland Trail Blazers,0028000644,1981-02-06,POR @ SAN,L,0,7,,,0.0,,,2,2,1.0,,,,,,,,,16,,0
4630,21980,76011,Alvan Adams,PHX,Phoenix Suns,0028000642,1981-02-06,PHX vs. HOU,W,0,7,,,0.0,,,2,2,1.0,,,,,,,,,16,,0
4631,21980,77997,Bill Robinzine,DAL,Dallas Mavericks,0028000641,1981-02-06,DAL vs. ATL,L,0,5,,,0.0,,,6,10,0.6,,,,,,,,,16,,0
4632,21980,76899,Ernie Grunfeld,KCK,Kansas City Kings,0028000638,1981-02-06,KCK @ SEA,W,0,7,,,0.0,,,2,2,1.0,,,,,,,,,16,,0
4633,21980,77168,Mickey Johnson,MIL,Milwaukee Bucks,0028000637,1981-02-06,MIL @ CLE,W,0,7,,,0.0,,,2,4,0.5,,,,,,,,,16,,0
4634,21980,76242,Mike Bratz,CLE,Cleveland Cavaliers,0028000637,1981-02-06,CLE vs. MIL,L,0,6,,,0.0,,,4,5,0.8,,,,,,,,,16,,0
4635,21980,78600,Brian Winters,MIL,Milwaukee Bucks,0028000636,1981-02-05,MIL vs. BOS,W,0,5,,,0.0,,,6,6,1.0,,,,,,,,,16,,0
4636,21980,76296,Quinn Buckner,MIL,Milwaukee Bucks,0028000636,1981-02-05,MIL vs. BOS,W,0,8,,,0.0,,,0,0,,,,,,,,,,16,,0
4637,21980,76252,Junior Bridgeman,MIL,Milwaukee Bucks,0028000636,1981-02-05,MIL vs. BOS,W,0,6,,,0.0,,,4,4,1.0,,,,,,,,,16,,0
4638,21980,78350,Rudy Tomjanovich,HOU,Houston Rockets,0028000632,1981-02-04,HOU vs. DAL,W,0,7,,,0.0,,,2,2,1.0,,,,,,,,,16,,0
4639,21980,77162,Ollie Johnson,PHL,Philadelphia 76ers,0028000629,1981-02-04,PHL vs. BOS,W,0,5,,,0.0,,,6,7,0.857,,,,,,,,,16,,0
4640,21980,76993,Gerald Henderson,BOS,Boston Celtics,0028000629,1981-02-04,BOS @ PHL,L,0,7,,,0.0,,,2,6,0.333,,,,,,,,,16,,0
4641,21980,1450,Kevin McHale,BOS,Boston Celtics,0028000629,1981-02-04,BOS @ PHL,L,0,7,,,0.0,,,2,3,0.667,,,,,,,,6.0,16,,0
4642,21980,77167,Vinnie Johnson,SEA,Seattle SuperSonics,0028000628,1981-02-04,SEA vs. WAS,W,0,5,,,0.0,,,6,7,0.857,,,,,,,,,16,,0
4643,21980,76272,Fred Brown,SEA,Seattle SuperSonics,0028000628,1981-02-04,SEA vs. WAS,W,0,6,,,0.0,,,4,4,1.0,,,,,,,,,16,,0
4644,21980,76350,Kenny Carr,CLE,Cleveland Cavaliers,0028000627,1981-02-04,CLE vs. CHI,L,0,6,,,0.0,,,4,4,1.0,,,,,,,,,16,,0
4645,21980,76453,Dave Corzine,SAN,San Antonio Spurs,0028000626,1981-02-04,SAN @ DEN,W,0,8,,,0.0,,,0,0,,,,,,,,,,16,,0
4646,21980,77770,Louis Orr,IND,Indiana Pacers,0028000623,1981-02-03,IND @ MIL,W,0,7,,,0.0,,,2,2,1.0,,,,,,,,,16,,0
4647,21980,77168,Mickey Johnson,MIL,Milwaukee Bucks,0028000623,1981-02-03,MIL vs. IND,L,0,8,,,0.0,,,0,0,,,,,,,,,,16,,0
4648,21980,77432,Ollie Mack,DAL,Dallas Mavericks,0028000621,1981-02-03,DAL vs. KCK,L,0,7,,,0.0,,,2,2,1.0,,,,,,,,,16,,0
4649,21980,77328,Tom LaGarde,DAL,Dallas Mavericks,0028000621,1981-02-03,DAL vs. KCK,L,0,6,,,0.0,,,4,5,0.8,,,,,,,,,16,,0
4650,21980,76539,Darryl Dawkins,PHL,Philadelphia 76ers,0028000620,1981-02-03,PHL @ ATL,W,0,6,,,0.0,,,4,4,1.0,,,,,,,,,16,,0
4651,21980,78047,Campy Russell,NYK,New York Knicks,0028000619,1981-02-03,NYK vs. SDC,W,0,7,,,0.0,,,2,2,1.0,,,,,,,,,16,,0
4652,21980,76985,Garfield Heard,SDC,San Diego Clippers,0028000617,1981-01-29,SDC vs. POR,L,0,6,,,0.0,,,4,6,0.667,,,,,,,,,16,,0
4653,21980,76121,Billyray Bates,POR,Portland Trail Blazers,0028000617,1981-01-29,POR @ SDC,W,0,7,,,0.0,,,2,2,1.0,,,,,,,,,16,,0
4654,21980,77071,Phil Hubbard,DET,Detroit Pistons,0028000615,1981-01-29,DET vs. GOS,L,0,6,,,0.0,,,4,6,0.667,,,,,,,,6.0,16,,0
4655,21980,77998,Dave Robisch,DEN,Denver Nuggets,0028000614,1981-01-29,DEN vs. MIL,W,0,5,,,0.0,,,6,7,0.857,,,,,,,,,16,,0
4656,21980,77160,Marques Johnson,MIL,Milwaukee Bucks,0028000614,1981-01-29,MIL @ DEN,L,0,7,,,0.0,,,2,4,0.5,,,,,,,,6.0,16,,0
4657,21980,77986,Cliff T. Robinson,NJN,New Jersey Nets,0028000612,1981-01-29,NJN @ SAN,L,0,7,,,0.0,,,2,2,1.0,,,,,,,,,16,,0
4658,21980,77152,John Johnson,SEA,Seattle SuperSonics,0028000609,1981-01-28,SEA vs. MIL,L,0,7,,,0.0,,,2,5,0.4,,,,,,,,,16,,0
4659,21980,77141,Dennis Johnson,PHX,Phoenix Suns,0028000608,1981-01-28,PHX @ WAS,L,0,5,,,0.0,,,6,8,0.75,,,,,,,,,16,,0
4660,21980,76979,Elvin Hayes,WAS,Washington Bullets,0028000608,1981-01-28,WAS vs. PHX,W,0,7,,,0.0,,,2,3,0.667,,,,,,,,,16,,0
4661,21980,77189,Major Jones,HOU,Houston Rockets,0028000607,1981-01-28,HOU vs. NJN,W,0,7,,,0.0,,,2,5,0.4,,,,,,,,,16,,0
4662,21980,78200,Randy Smith,CLE,Cleveland Cavaliers,0028000600,1981-01-27,CLE vs. IND,W,0,7,,,0.0,,,2,2,1.0,,,,,,,,,16,,0
4663,21980,77532,George McGinnis,IND,Indiana Pacers,0028000600,1981-01-27,IND @ CLE,L,0,7,,,0.0,,,2,6,0.333,,,,,,,,,16,,0
4664,21980,76526,Johnny Davis,IND,Indiana Pacers,0028000600,1981-01-27,IND @ CLE,L,0,6,,,0.0,,,4,4,1.0,,,,,,,,,16,,0
4665,21980,76444,Michael Cooper,LAL,Los Angeles Lakers,0028000598,1981-01-27,LAL vs. UTH,W,0,6,,,0.0,,,4,4,1.0,,,,,,,,,16,,0
4666,21980,77993,Truck Robinson,PHX,Phoenix Suns,0028000595,1981-01-26,PHX @ NYK,W,0,7,,,0.0,,,2,4,0.5,,,,,,,,,16,,0
4667,21980,78351,Andrew Toney,PHL,Philadelphia 76ers,0028000590,1981-01-25,PHL vs. PHX,W,0,8,,,0.0,,,0,0,,,,,,,,,,16,,0
4668,21980,77193,Bobby Jones,PHL,Philadelphia 76ers,0028000590,1981-01-25,PHL vs. PHX,W,0,4,,,0.0,,,8,9,0.889,,,,,,,,,16,,0
4669,21980,76011,Alvan Adams,PHX,Phoenix Suns,0028000590,1981-01-25,PHX @ PHL,L,0,6,,,0.0,,,4,5,0.8,,,,,,,,,16,,0
4670,21980,76266,Michael Brooks,SDC,San Diego Clippers,0028000588,1981-01-24,SDC vs. MIL,L,0,6,,,0.0,,,4,5,0.8,,,,,,,,,16,,0
4671,21980,78200,Randy Smith,CLE,Cleveland Cavaliers,0028000587,1981-01-24,CLE @ DET,L,0,6,,,0.0,,,4,4,1.0,,,,,,,,,16,,0
4672,21980,76436,Jeff Cook,PHX,Phoenix Suns,0028000581,1981-01-23,PHX vs. MIL,W,0,4,,,0.0,,,8,9,0.889,,,,,,,,,16,,0
4673,21980,76242,Mike Bratz,CLE,Cleveland Cavaliers,0028000580,1981-01-23,CLE @ ATL,W,0,5,,,2.0,,,4,4,1.0,,,,,,,,,16,,0
4674,21980,600014,Artis Gilmore,CHI,Chicago Bulls,0028000582,1981-01-23,CHI vs. DAL,W,0,6,,,0.0,,,4,4,1.0,,,,,,,,,16,,0
4675,21980,78215,Ricky Sobers,CHI,Chicago Bulls,0028000582,1981-01-23,CHI vs. DAL,W,0,5,,,0.0,,,6,6,1.0,,,,,,,,,16,,0
4676,21980,77998,Dave Robisch,DEN,Denver Nuggets,0028000579,1981-01-23,DEN @ LAL,L,0,8,,,0.0,,,0,0,,,,,,,,,,16,,0
4677,21980,76257,Allan Bristow,UTH,Utah Jazz,0028000578,1981-01-23,UTH vs. GOS,L,0,8,,,0.0,,,0,0,,,,,,,,,,16,,0
4678,21980,305,Robert Parish,BOS,Boston Celtics,0028000575,1981-01-23,BOS vs. IND,W,0,6,,,0.0,,,4,6,0.667,,,,,,,,,16,,0
4679,21980,77876,Kevin Porter,WAS,Washington Bullets,0028000577,1981-01-23,WAS vs. SEA,W,0,6,,,1.0,,,3,5,0.6,,,,,,,,,16,,0
4680,21980,76242,Mike Bratz,CLE,Cleveland Cavaliers,0028000571,1981-01-22,CLE vs. NJN,W,0,6,,,2.0,,,2,2,1.0,,,,,,,,,16,,0
4681,21980,77689,Swen Nater,SDC,San Diego Clippers,0028000567,1981-01-21,SDC @ DEN,W,0,7,,,0.0,,,2,2,1.0,,,,,,,,,16,,0
4682,21980,76453,Dave Corzine,SAN,San Antonio Spurs,0028000569,1981-01-21,SAN @ KCK,L,0,7,,,0.0,,,2,4,0.5,,,,,,,,,16,,0
4683,21980,78482,Scott Wedman,KCK,Kansas City Kings,0028000557,1981-01-20,KCK @ DAL,W,0,7,,,0.0,,,2,3,0.667,,,,,,,,,16,,0
4684,21980,77087,Geoff Huston,DAL,Dallas Mavericks,0028000557,1981-01-20,DAL vs. KCK,L,0,8,,,0.0,,,0,0,,,,,,,,,,16,,0
4685,21980,77876,Kevin Porter,WAS,Washington Bullets,0028000556,1981-01-20,WAS vs. UTH,W,0,7,,,0.0,,,2,2,1.0,,,,,,,,,16,,0
4686,21980,78500,Paul Westphal,SEA,Seattle SuperSonics,0028000555,1981-01-20,SEA @ NYK,L,0,6,,,0.0,,,4,4,1.0,,,,,,,,,16,,0
4687,21980,76656,Bob Elliott,NJN,New Jersey Nets,0028000553,1981-01-18,NJN @ WAS,L,0,6,,,0.0,,,4,5,0.8,,,,,,,,,16,,0
4688,21980,76290,Joe Bryant,SDC,San Diego Clippers,0028000552,1981-01-18,SDC vs. DAL,W,0,6,,,0.0,,,4,4,1.0,,,,,,,,,16,,0
4689,21980,76895,Bob Gross,POR,Portland Trail Blazers,0028000550,1981-01-18,POR @ MIL,L,0,7,,,0.0,,,2,2,1.0,,,,,,,,,16,,0
4690,21980,77167,Vinnie Johnson,SEA,Seattle SuperSonics,0028000548,1981-01-18,SEA @ PHL,L,0,8,,,0.0,,,0,0,,,,,,,,,,16,,0
4691,21980,600014,Artis Gilmore,CHI,Chicago Bulls,0028000545,1981-01-17,CHI vs. CLE,L,0,7,,,0.0,,,2,4,0.5,,,,,,,,,16,,0
4692,21980,77163,Reggie Johnson,SAN,San Antonio Spurs,0028000542,1981-01-17,SAN @ WAS,L,0,7,,,0.0,,,2,2,1.0,,,,,,,,,16,,0
4693,21980,78200,Randy Smith,CLE,Cleveland Cavaliers,0028000538,1981-01-16,CLE @ PHL,L,0,7,,,0.0,,,2,2,1.0,,,,,,,,,16,,0
4694,21980,940,Earl Cureton,PHL,Philadelphia 76ers,0028000538,1981-01-16,PHL vs. CLE,W,0,7,,,0.0,,,2,6,0.333,,,,,,,,,16,,0
4695,21980,1453,Walter Davis,PHX,Phoenix Suns,0028000536,1981-01-16,PHX vs. HOU,W,0,6,,,0.0,,,4,5,0.8,,,,,,,,,16,,0
4696,21980,77420,Maurice Lucas,NJN,New Jersey Nets,0028000531,1981-01-16,NJN vs. LAL,L,0,4,,,0.0,,,8,11,0.727,,,,,,,,,16,,0
4697,21980,76656,Bob Elliott,NJN,New Jersey Nets,0028000531,1981-01-16,NJN vs. LAL,L,0,6,,,0.0,,,4,5,0.8,,,,,,,,,16,,0
4698,21980,76435,Darwin Cook,NJN,New Jersey Nets,0028000531,1981-01-16,NJN vs. LAL,L,0,7,,,0.0,,,2,2,1.0,,,,,,,,,16,,0
4699,21980,600005,Bob Lanier,MIL,Milwaukee Bucks,0028000529,1981-01-15,MIL vs. PHL,W,0,5,,,0.0,,,6,7,0.857,,,,,,,,,16,,0
4700,21980,76539,Darryl Dawkins,PHL,Philadelphia 76ers,0028000529,1981-01-15,PHL @ MIL,L,0,5,,,0.0,,,6,8,0.75,,,,,,,,6.0,16,,0
4701,21980,76895,Bob Gross,POR,Portland Trail Blazers,0028000527,1981-01-14,POR @ KCK,W,0,8,,,0.0,,,0,0,,,,,,,,,,16,,0
4702,21980,77184,Edgar Jones,NJN,New Jersey Nets,0028000525,1981-01-14,NJN @ PHL,L,0,7,,,0.0,,,2,6,0.333,,,,,,,,,16,,0
4703,21980,76435,Darwin Cook,NJN,New Jersey Nets,0028000525,1981-01-14,NJN @ PHL,L,0,6,,,0.0,,,4,5,0.8,,,,,,,,,16,,0
4704,21980,77689,Swen Nater,SDC,San Diego Clippers,0028000523,1981-01-14,SDC vs. ATL,W,0,8,,,0.0,,,0,0,,,,,,,,,,16,,0
4705,21980,77952,Micheal Ray Richardson,NYK,New York Knicks,0028000522,1981-01-14,NYK @ SAN,L,0,6,,,0.0,,,4,9,0.444,,,,,,,,,16,,0
4706,21980,76011,Alvan Adams,PHX,Phoenix Suns,0028000521,1981-01-14,PHX vs. DEN,W,0,8,,,0.0,,,0,2,0.0,,,,,,,,,16,,0
4707,21980,77532,George McGinnis,IND,Indiana Pacers,0028000519,1981-01-14,IND vs. DET,W,0,8,,,0.0,,,0,2,0.0,,,,,,,,,16,,0
4708,21980,77010,Keith Herron,DET,Detroit Pistons,0028000519,1981-01-14,DET @ IND,L,0,5,,,0.0,,,6,6,1.0,,,,,,,,,16,,0
4709,21980,76599,Larry Drew,DET,Detroit Pistons,0028000519,1981-01-14,DET @ IND,L,0,7,,,0.0,,,2,2,1.0,,,,,,,,,16,,0
4710,21980,76011,Alvan Adams,PHX,Phoenix Suns,0028000518,1981-01-13,PHX vs. SEA,W,0,8,,,0.0,,,0,0,,,,,,,,,,16,,0
4711,21980,77952,Micheal Ray Richardson,NYK,New York Knicks,0028000515,1981-01-13,NYK vs. BOS,L,0,7,,,0.0,,,2,3,0.667,,,,,,,,,16,,0
4712,21980,76362,Bill Cartwright,NYK,New York Knicks,0028000515,1981-01-13,NYK vs. BOS,L,0,6,,,0.0,,,4,7,0.571,,,,,,,,,16,,0
4713,21980,77553,Tom McMillen,ATL,Atlanta Hawks,0028000514,1981-01-13,ATL @ DEN,L,0,7,,,0.0,,,2,2,1.0,,,,,,,,,16,,0
4714,21980,76418,Don Collins,ATL,Atlanta Hawks,0028000514,1981-01-13,ATL @ DEN,L,0,6,,,0.0,,,4,6,0.667,,,,,,,,,16,,0
4715,21980,77126,Abdul Jeelani,DAL,Dallas Mavericks,0028000513,1981-01-13,DAL vs. CHI,W,0,4,,,0.0,,,8,8,1.0,,,,,,,,,16,,0
4716,21980,305,Robert Parish,BOS,Boston Celtics,0028000515,1981-01-13,BOS @ NYK,W,0,7,,,0.0,,,2,2,1.0,,,,,,,,,16,,0
4717,21980,76249,Ron Brewer,SAN,San Antonio Spurs,0028000510,1981-01-11,SAN vs. WAS,W,0,6,,,0.0,,,4,6,0.667,,,,,,,,,16,,0
4718,21980,78600,Brian Winters,MIL,Milwaukee Bucks,0028000509,1981-01-11,MIL vs. PHX,W,0,8,,,0.0,,,0,0,,,,,,,,,,16,,0
4719,21980,78548,Freeman Williams,SDC,San Diego Clippers,0028000508,1981-01-11,SDC @ KCK,W,0,8,,,0.0,,,0,0,,,,,,,,,,16,,0
4720,21980,77626,Sidney Moncrief,MIL,Milwaukee Bucks,0028000507,1981-01-10,MIL @ IND,L,0,3,,,0.0,,,10,11,0.909,,,,,,,,,16,,0
4721,21980,229,James Edwards,IND,Indiana Pacers,0028000507,1981-01-10,IND vs. MIL,W,0,7,,,0.0,,,2,2,1.0,,,,,,,,,16,,0
4722,21980,77328,Tom LaGarde,DAL,Dallas Mavericks,0028000506,1981-01-10,DAL vs. WAS,L,0,6,,,0.0,,,4,6,0.667,,,,,,,,,16,,0
4723,21980,77635,Lowes Moore,NJN,New Jersey Nets,0028000505,1981-01-10,NJN vs. BOS,L,0,6,,,0.0,,,4,4,1.0,,,,,,,,,16,,0
4724,21980,78571,Ray Williams,NYK,New York Knicks,0028000501,1981-01-10,NYK @ CLE,W,0,7,,,0.0,,,2,2,1.0,,,,,,,,,16,,0
4725,21980,78310,Reggie Theus,CHI,Chicago Bulls,0028000499,1981-01-10,CHI vs. PHL,L,0,3,,,0.0,,,10,12,0.833,,,,,,,,,16,,0
4726,21980,77689,Swen Nater,SDC,San Diego Clippers,0028000498,1981-01-09,SDC vs. DEN,L,0,8,,,0.0,,,0,0,,,,,,,,,,16,,0
4727,21980,76826,Mike Gminski,NJN,New Jersey Nets,0028000493,1981-01-09,NJN vs. PHX,L,0,8,,,0.0,,,0,0,,,,,,,,,,16,,0
4728,21980,77710,Mike Newlin,NJN,New Jersey Nets,0028000493,1981-01-09,NJN vs. PHX,L,0,7,,,1.0,,,1,1,1.0,,,,,,,,,16,,0
4729,21980,76979,Elvin Hayes,WAS,Washington Bullets,0028000491,1981-01-08,WAS @ KCK,L,0,5,,,0.0,,,6,10,0.6,,,,,,,,,16,,0
4730,21980,76590,Leon Douglas,KCK,Kansas City Kings,0028000491,1981-01-08,KCK vs. WAS,W,0,7,,,0.0,,,2,7,0.286,,,,,,,,,16,,0
4731,21980,76874,Rickey Green,UTH,Utah Jazz,0028000490,1981-01-08,UTH vs. DAL,W,0,6,,,0.0,,,4,4,1.0,,,,,,,,,16,,0
4732,21980,76822,Mike Glenn,NYK,New York Knicks,0028000488,1981-01-08,NYK vs. IND,L,0,6,,,0.0,,,4,4,1.0,,,,,,,,,16,,0
4733,21980,78350,Rudy Tomjanovich,HOU,Houston Rockets,0028000487,1981-01-07,HOU vs. KCK,L,0,8,,,0.0,,,0,0,,,,,,,,,,16,,0
4734,21980,76899,Ernie Grunfeld,KCK,Kansas City Kings,0028000487,1981-01-07,KCK @ HOU,W,0,7,,,0.0,,,2,6,0.333,,,,,,,,,16,,0
4735,21980,77532,George McGinnis,IND,Indiana Pacers,0028000484,1981-01-07,IND vs. NJN,W,0,7,,,0.0,,,2,2,1.0,,,,,,,,,16,,0
4736,21980,77043,Lionel Hollins,PHL,Philadelphia 76ers,0028000483,1981-01-07,PHL vs. SAN,W,0,7,,,0.0,,,2,2,1.0,,,,,,,,,16,,0
4737,21980,76979,Elvin Hayes,WAS,Washington Bullets,0028000480,1981-01-06,WAS @ LAL,L,0,4,,,0.0,,,8,14,0.571,,,,,,,,,16,,0
4738,21980,77498,Bob McAdoo,DET,Detroit Pistons,0028000479,1981-01-06,DET @ POR,L,0,8,,,0.0,,,0,0,,,,,,,,,,16,,0
4739,21980,1381,John Long,DET,Detroit Pistons,0028000479,1981-01-06,DET @ POR,L,0,8,,,0.0,,,0,0,,,,,,,,,,16,,0
4740,21980,76095,Mike Bantom,IND,Indiana Pacers,0028000471,1981-01-04,IND @ NJN,W,0,7,,,0.0,,,2,2,1.0,,,,,,,,6.0,16,,0
4741,21980,229,James Edwards,IND,Indiana Pacers,0028000471,1981-01-04,IND @ NJN,W,0,4,,,0.0,,,8,10,0.8,,,,,,,,,16,,0
4742,21980,77786,Tom Owens,POR,Portland Trail Blazers,0028000469,1981-01-03,POR @ UTH,L,0,8,,,0.0,,,0,0,,,,,,,,,,16,,0
4743,21980,600014,Artis Gilmore,CHI,Chicago Bulls,0028000465,1981-01-03,CHI vs. SAN,L,0,5,,,0.0,,,6,8,0.75,,,,,,,,,16,,0
4744,21980,77324,Mitch Kupchak,WAS,Washington Bullets,0028000462,1981-01-02,WAS vs. CHI,L,0,7,,,0.0,,,2,3,0.667,,,,,,,,,16,,0
4745,21980,77290,Billy Knight,IND,Indiana Pacers,0028000459,1981-01-02,IND @ ATL,W,0,6,,,0.0,,,4,5,0.8,,,,,,,,,16,,0
4746,21980,229,James Edwards,IND,Indiana Pacers,0028000459,1981-01-02,IND @ ATL,W,0,7,,,0.0,,,2,3,0.667,,,,,,,,,16,,0
4747,21980,76539,Darryl Dawkins,PHL,Philadelphia 76ers,0028000457,1981-01-02,PHL @ SEA,W,0,7,,,0.0,,,2,3,0.667,,,,,,,,,16,,0
4748,21980,77547,Billy McKinney,DEN,Denver Nuggets,0028000451,1981-01-01,DEN @ POR,L,0,6,,,1.0,,,3,4,0.75,,,,,,,,,16,,0
4749,21980,305,Robert Parish,BOS,Boston Celtics,0028000452,1981-01-01,BOS @ SDC,W,0,8,,,0.0,,,0,2,0.0,,,,,,,,,16,,0
4750,21980,78331,Mychal Thompson,POR,Portland Trail Blazers,0028000451,1981-01-01,POR vs. DEN,W,0,6,,,0.0,,,4,7,0.571,,,,,,,,6.0,16,,0
4751,21980,77547,Billy McKinney,DEN,Denver Nuggets,0028000450,1980-12-30,DEN vs. IND,W,0,8,,,0.0,,,0,0,,,,,,,,,,16,,0
4752,21980,78390,Terry Tyler,DET,Detroit Pistons,0028000448,1980-12-30,DET @ ATL,L,0,8,,,0.0,,,0,1,0.0,,,,,,,,,16,,0
4753,21980,76736,Phil Ford,KCK,Kansas City Kings,0028000447,1980-12-30,KCK vs. GOS,L,0,7,,,0.0,,,2,2,1.0,,,,,,,,,16,,0
4754,21980,78531,Bob Wilkerson,CHI,Chicago Bulls,0028000444,1980-12-30,CHI vs. NJN,W,0,7,,,0.0,,,2,2,1.0,,,,,,,,,16,,0
4755,21980,76296,Quinn Buckner,MIL,Milwaukee Bucks,0028000441,1980-12-30,MIL @ WAS,W,0,8,,,0.0,,,0,0,,,,,,,,,,16,,0
4756,21980,77087,Geoff Huston,DAL,Dallas Mavericks,0028000440,1980-12-30,DAL @ NYK,L,0,8,,,0.0,,,0,0,,,,,,,,,,16,,0
4757,21980,76526,Johnny Davis,IND,Indiana Pacers,0028000603,1980-12-27,IND @ SDC,L,0,7,,,0.0,,,2,4,0.5,,,,,,,,,16,,0
4758,21980,76996,Tom Henderson,HOU,Houston Rockets,0028000436,1980-12-27,HOU @ WAS,L,0,8,,,0.0,,,0,0,,,,,,,,,,16,,0
4759,21980,78519,Charles Whitney,KCK,Kansas City Kings,0028000435,1980-12-27,KCK @ NYK,L,0,8,,,0.0,,,0,0,,,,,,,,,,16,,0
4760,21980,76822,Mike Glenn,NYK,New York Knicks,0028000435,1980-12-27,NYK vs. KCK,W,0,8,,,0.0,,,0,0,,,,,,,,,,16,,0
4761,21980,76539,Darryl Dawkins,PHL,Philadelphia 76ers,0028000434,1980-12-27,PHL @ DEN,L,0,7,,,0.0,,,2,2,1.0,,,,,,,,,16,,0
4762,21980,77997,Bill Robinzine,DAL,Dallas Mavericks,0028000433,1980-12-27,DAL @ MIL,L,0,6,,,0.0,,,4,6,0.667,,,,,,,,,16,,0
4763,21980,76483,Pat Cummings,MIL,Milwaukee Bucks,0028000433,1980-12-27,MIL vs. DAL,W,0,6,,,0.0,,,4,6,0.667,,,,,,,,,16,,0
4764,21980,77071,Phil Hubbard,DET,Detroit Pistons,0028000429,1980-12-27,DET @ CHI,L,0,7,,,0.0,,,2,3,0.667,,,,,,,,6.0,16,,0
4765,21980,76257,Allan Bristow,UTH,Utah Jazz,0028000428,1980-12-27,UTH @ SAN,L,0,5,,,1.0,,,5,8,0.625,,,,,,,,,16,,0
4766,21980,76471,Charlie Criss,ATL,Atlanta Hawks,0028000427,1980-12-26,ATL @ NJN,W,0,7,,,0.0,,,2,2,1.0,,,,,,,,,16,,0
4767,21980,76085,James Bailey,SEA,Seattle SuperSonics,0028000426,1980-12-26,SEA vs. POR,L,0,4,,,0.0,,,8,11,0.727,,,,,,,,,16,,0
4768,21980,77873,Ben Poquette,UTH,Utah Jazz,0028000425,1980-12-26,UTH vs. GOS,L,0,8,,,0.0,,,0,0,,,,,,,,,,16,,0
4769,21980,600014,Artis Gilmore,CHI,Chicago Bulls,0028000423,1980-12-26,CHI @ CLE,W,0,6,,,0.0,,,4,6,0.667,,,,,,,,,16,,0
4770,21980,78468,Richard Washington,CLE,Cleveland Cavaliers,0028000423,1980-12-26,CLE vs. CHI,L,0,7,,,0.0,,,2,3,0.667,,,,,,,,,16,,0
4771,21980,78350,Rudy Tomjanovich,HOU,Houston Rockets,0028000422,1980-12-26,HOU @ DET,W,0,7,,,0.0,,,2,2,1.0,,,,,,,,,16,,0
4772,21980,77936,Robert Reid,HOU,Houston Rockets,0028000422,1980-12-26,HOU @ DET,W,0,7,,,0.0,,,2,3,0.667,,,,,,,,,16,,0
4773,21980,77721,Norm Nixon,LAL,Los Angeles Lakers,0028000420,1980-12-26,LAL vs. IND,W,0,5,,,0.0,,,6,8,0.75,,,,,,,,,16,,0
4774,21980,76054,Nate Archibald,BOS,Boston Celtics,0028000419,1980-12-25,BOS @ NYK,W,0,5,,,0.0,,,6,8,0.75,,,,,,,,,16,,0
4775,21980,76249,Ron Brewer,SAN,San Antonio Spurs,0028000418,1980-12-25,SAN @ PHX,L,0,6,,,0.0,,,4,5,0.8,,,,,,,,,16,,0
4776,21980,77184,Edgar Jones,NJN,New Jersey Nets,0028000416,1980-12-25,NJN @ WAS,L,0,7,,,0.0,,,2,7,0.286,,,,,,,,,16,,0
4777,21980,76979,Elvin Hayes,WAS,Washington Bullets,0028000416,1980-12-25,WAS vs. NJN,W,0,5,,,0.0,,,6,7,0.857,,,,,,,,,16,,0
4778,21980,76733,Chris Ford,BOS,Boston Celtics,0028000419,1980-12-25,BOS @ NYK,W,0,7,,,2.0,,,0,0,,,,,,,,,,16,,0
4779,21980,77669,Calvin Murphy,HOU,Houston Rockets,0028000413,1980-12-23,HOU vs. GOS,L,0,6,,,0.0,,,4,4,1.0,,,,,,,,,16,,0
4780,21980,76618,T.R. Dunn,DEN,Denver Nuggets,0028000412,1980-12-23,DEN @ BOS,L,0,6,,,0.0,,,4,4,1.0,,,,,,,,,16,,0
4781,21980,77710,Mike Newlin,NJN,New Jersey Nets,0028000411,1980-12-23,NJN @ IND,L,0,5,,,0.0,,,6,6,1.0,,,,,,,,,16,,0
4782,21980,77420,Maurice Lucas,NJN,New Jersey Nets,0028000411,1980-12-23,NJN @ IND,L,0,8,,,0.0,,,0,0,,,,,,,,,,16,,0
4783,21980,77152,John Johnson,SEA,Seattle SuperSonics,0028000406,1980-12-22,SEA vs. PHX,L,0,6,,,0.0,,,4,4,1.0,,,,,,,,,16,,0
4784,21980,76355,Butch Carter,LAL,Los Angeles Lakers,0028000402,1980-12-21,LAL vs. SAN,W,0,8,,,0.0,,,0,0,,,,,,,,,,16,,0
4785,21980,77873,Ben Poquette,UTH,Utah Jazz,0028000399,1980-12-20,UTH vs. SDC,L,0,7,,,0.0,,,2,3,0.667,,,,,,,,,16,,0
4786,21980,77021,Kenny Higgs,DEN,Denver Nuggets,0028000398,1980-12-20,DEN @ NYK,L,0,6,,,0.0,,,4,7,0.571,,,,,,,,,16,,0
4787,21980,77532,George McGinnis,IND,Indiana Pacers,0028000397,1980-12-20,IND @ KCK,W,0,8,,,0.0,,,0,0,,,,,,,,,,16,,0
4788,21980,77182,Dwight Jones,CHI,Chicago Bulls,0028000395,1980-12-20,CHI vs. HOU,W,0,7,,,0.0,,,2,2,1.0,,,,,,,,,16,,0
4789,21980,76993,Gerald Henderson,BOS,Boston Celtics,0028000394,1980-12-19,BOS vs. HOU,W,0,7,,,0.0,,,2,3,0.667,,,,,,,,,16,,0
4790,21980,77162,Ollie Johnson,PHL,Philadelphia 76ers,0028000392,1980-12-19,PHL vs. NJN,W,0,8,,,0.0,,,0,0,,,,,,,,,,16,,0
4791,21980,77290,Billy Knight,IND,Indiana Pacers,0028000390,1980-12-19,IND @ DET,L,0,5,,,0.0,,,6,9,0.667,,,,,,,,,16,,0
4792,21980,77689,Swen Nater,SDC,San Diego Clippers,0028000385,1980-12-18,SDC vs. DAL,W,0,7,,,0.0,,,2,4,0.5,,,,,,,,6.0,16,,0
4793,21980,78404,Kiki Vandeweghe,DEN,Denver Nuggets,0028000383,1980-12-18,DEN @ CLE,L,0,6,,,0.0,,,4,4,1.0,,,,,,,,,16,,0
4794,21980,78482,Scott Wedman,KCK,Kansas City Kings,0028000381,1980-12-17,KCK @ SEA,L,0,8,,,0.0,,,0,0,,,,,,,,,,16,,0
4795,21980,76085,James Bailey,SEA,Seattle SuperSonics,0028000381,1980-12-17,SEA vs. KCK,W,0,8,,,0.0,,,0,2,0.0,,,,,,,,6.0,16,,0
4796,21980,78310,Reggie Theus,CHI,Chicago Bulls,0028000380,1980-12-17,CHI @ BOS,L,0,6,,,0.0,,,4,6,0.667,,,,,,,,,16,,0
4797,21980,77984,Rick Robey,BOS,Boston Celtics,0028000380,1980-12-17,BOS vs. CHI,W,0,7,,,0.0,,,2,2,1.0,,,,,,,,,16,,0
4798,21980,76567,Coby Dietrick,CHI,Chicago Bulls,0028000380,1980-12-17,CHI @ BOS,L,0,8,,,0.0,,,0,0,,,,,,,,,,16,,0
4799,21980,77817,Billy Paultz,HOU,Houston Rockets,0028000377,1980-12-17,HOU vs. SAN,L,0,7,,,0.0,,,2,2,1.0,,,,,,,,,16,,0
4800,21980,77626,Sidney Moncrief,MIL,Milwaukee Bucks,0028000376,1980-12-17,MIL @ NJN,L,0,5,,,0.0,,,6,8,0.75,,,,,,,,,16,,0
4801,21980,78047,Campy Russell,NYK,New York Knicks,0028000374,1980-12-17,NYK @ DET,W,0,7,,,0.0,,,2,4,0.5,,,,,,,,,16,,0
4802,21980,76553,Larry Demic,NYK,New York Knicks,0028000372,1980-12-16,NYK vs. UTH,W,0,5,,,0.0,,,6,6,1.0,,,,,,,,,16,,0
4803,21980,77532,George McGinnis,IND,Indiana Pacers,0028000371,1980-12-16,IND vs. PHL,L,0,7,,,0.0,,,2,6,0.333,,,,,,,,,16,,0
4804,21980,76392,Jim Chones,LAL,Los Angeles Lakers,0028000366,1980-12-14,LAL vs. GOS,W,0,6,,,0.0,,,4,4,1.0,,,,,,,,,16,,0
4805,21980,76483,Pat Cummings,MIL,Milwaukee Bucks,0028000365,1980-12-14,MIL vs. SAN,W,0,6,,,0.0,,,4,4,1.0,,,,,,,,,16,,0
4806,21980,77691,Calvin Natt,POR,Portland Trail Blazers,0028000363,1980-12-14,POR @ PHX,W,0,6,,,0.0,,,4,5,0.8,,,,,,,,,16,,0
4807,21980,76436,Jeff Cook,PHX,Phoenix Suns,0028000363,1980-12-14,PHX vs. POR,L,0,7,,,0.0,,,2,3,0.667,,,,,,,,,16,,0
4808,21980,1453,Walter Davis,PHX,Phoenix Suns,0028000363,1980-12-14,PHX vs. POR,L,0,6,,,0.0,,,4,4,1.0,,,,,,,,,16,,0
4809,21980,77944,Kevin Restani,SAN,San Antonio Spurs,0028000360,1980-12-13,SAN vs. DEN,W,0,8,,,0.0,,,0,1,0.0,,,,,,,,,16,,0
4810,21980,76830,Glen Gondrezick,DEN,Denver Nuggets,0028000360,1980-12-13,DEN @ SAN,L,0,8,,,0.0,,,0,0,,,,,,,,,,16,,0
4811,21980,76526,Johnny Davis,IND,Indiana Pacers,0028000359,1980-12-13,IND @ WAS,L,0,7,,,0.0,,,2,3,0.667,,,,,,,,,16,,0
4812,21980,77273,Reggie King,KCK,Kansas City Kings,0028000358,1980-12-13,KCK vs. DAL,W,0,7,,,0.0,,,2,2,1.0,,,,,,,,,16,,0
4813,21980,77936,Robert Reid,HOU,Houston Rockets,0028000357,1980-12-13,HOU @ GOS,W,0,6,,,0.0,,,4,5,0.8,,,,,,,,,16,,0
4814,21980,78047,Campy Russell,NYK,New York Knicks,0028000356,1980-12-13,NYK vs. DET,W,0,6,,,0.0,,,4,5,0.8,,,,,,,,,16,,0
4815,21980,78310,Reggie Theus,CHI,Chicago Bulls,0028000351,1980-12-12,CHI vs. UTH,W,0,5,,,0.0,,,6,6,1.0,,,,,,,,,16,,0
4816,21980,77873,Ben Poquette,UTH,Utah Jazz,0028000351,1980-12-12,UTH @ CHI,L,0,6,,,0.0,,,4,4,1.0,,,,,,,,,16,,0
4817,21980,77246,Larry Kenon,CHI,Chicago Bulls,0028000351,1980-12-12,CHI vs. UTH,W,0,6,,,0.0,,,4,6,0.667,,,,,,,,,16,,0
4818,21980,77193,Bobby Jones,PHL,Philadelphia 76ers,0028000350,1980-12-12,PHL vs. WAS,W,0,6,,,0.0,,,4,5,0.8,,,,,,,,,16,,0
4819,21980,78468,Richard Washington,CLE,Cleveland Cavaliers,0028000349,1980-12-12,CLE @ DET,L,0,6,,,0.0,,,4,4,1.0,,,,,,,,,16,,0
4820,21980,77071,Phil Hubbard,DET,Detroit Pistons,0028000349,1980-12-12,DET vs. CLE,W,0,6,,,0.0,,,4,6,0.667,,,,,,,,6.0,16,,0
4821,21980,77487,Cedric Maxwell,BOS,Boston Celtics,0028000348,1980-12-12,BOS vs. NJN,W,0,6,,,0.0,,,4,4,1.0,,,,,,,,,16,,0
4822,21980,77817,Billy Paultz,HOU,Houston Rockets,0028000347,1980-12-12,HOU @ POR,L,0,8,,,0.0,,,0,0,,,,,,,,,,16,,0
4823,21980,600005,Bob Lanier,MIL,Milwaukee Bucks,0028000346,1980-12-11,MIL vs. NYK,W,0,7,,,0.0,,,2,2,1.0,,,,,,,,,16,,0
4824,21980,100263,Bill Laimbeer,CLE,Cleveland Cavaliers,0028000344,1980-12-11,CLE vs. IND,L,0,8,,,0.0,,,0,0,,,,,,,,,,16,,0
4825,21980,77615,Mike Mitchell,CLE,Cleveland Cavaliers,0028000344,1980-12-11,CLE vs. IND,L,0,6,,,0.0,,,4,4,1.0,,,,,,,,,16,,0
4826,21980,1453,Walter Davis,PHX,Phoenix Suns,0028000343,1980-12-10,PHX @ IND,L,0,8,,,0.0,,,0,0,,,,,,,,,,16,,0
4827,21980,77484,Wes Matthews,WAS,Washington Bullets,0028000338,1980-12-10,WAS vs. BOS,L,0,6,,,0.0,,,4,4,1.0,,,,,,,,,16,,0
4828,21980,76054,Nate Archibald,BOS,Boston Celtics,0028000338,1980-12-10,BOS @ WAS,W,0,7,,,0.0,,,2,2,1.0,,,,,,,,,16,,0
4829,21980,305,Robert Parish,BOS,Boston Celtics,0028000338,1980-12-10,BOS @ WAS,W,0,7,,,0.0,,,2,3,0.667,,,,,,,,,16,,0
4830,21980,76353,Joe Barry Carroll,GOS,Golden State Warriors,0028000336,1980-12-10,GOS vs. SEA,L,0,7,,,0.0,,,2,4,0.5,,,,,,,,,16,,0
4831,21980,76416,Art Collins,ATL,Atlanta Hawks,0028000331,1980-12-09,ATL vs. SDC,W,0,6,,,,,,4,4,1.0,,,,,,,,,16,,0
4832,21980,77876,Kevin Porter,WAS,Washington Bullets,0028000332,1980-12-09,WAS @ NYK,L,0,7,,,0.0,,,2,2,1.0,,,,,,,,,16,,0
4833,21980,1450,Kevin McHale,BOS,Boston Celtics,0028000330,1980-12-09,BOS vs. MIL,W,0,8,,,0.0,,,0,0,,,,,,,,,,16,,0
4834,21980,305,Robert Parish,BOS,Boston Celtics,0028000330,1980-12-09,BOS vs. MIL,W,0,6,,,0.0,,,4,5,0.8,,,,,,,,,16,,0
4835,21980,78442,Wally Walker,SEA,Seattle SuperSonics,0028000328,1980-12-09,SEA @ POR,L,0,6,,,0.0,,,4,4,1.0,,,,,,,,,16,,0
4836,21980,77691,Calvin Natt,POR,Portland Trail Blazers,0028000328,1980-12-09,POR vs. SEA,W,0,5,,,0.0,,,6,7,0.857,,,,,,,,,16,,0
4837,21980,76826,Mike Gminski,NJN,New Jersey Nets,0028000324,1980-12-07,NJN @ SDC,L,0,7,,,0.0,,,2,3,0.667,,,,,,,,,16,,0
4838,21980,77438,Kyle Macy,PHX,Phoenix Suns,0028000322,1980-12-07,PHX vs. GOS,W,0,6,,,0.0,,,4,4,1.0,,,,,,,,,16,,0
4839,21980,76353,Joe Barry Carroll,GOS,Golden State Warriors,0028000322,1980-12-07,GOS @ PHX,L,0,6,,,0.0,,,4,4,1.0,,,,,,,,6.0,16,,0
4840,21980,1453,Walter Davis,PHX,Phoenix Suns,0028000322,1980-12-07,PHX vs. GOS,W,0,7,,,0.0,,,2,2,1.0,,,,,,,,,16,,0
4841,21980,77721,Norm Nixon,LAL,Los Angeles Lakers,0028000321,1980-12-07,LAL vs. UTH,W,0,7,,,0.0,,,2,4,0.5,,,,,,,,,16,,0
4842,21980,76355,Butch Carter,LAL,Los Angeles Lakers,0028000321,1980-12-07,LAL vs. UTH,W,0,7,,,0.0,,,2,4,0.5,,,,,,,,,16,,0
4843,21980,77715,Carl Nicks,DEN,Denver Nuggets,0028000315,1980-12-06,DEN @ HOU,L,0,6,,,0.0,,,4,4,1.0,,,,,,,,,16,,0
4844,21980,78482,Scott Wedman,KCK,Kansas City Kings,0028000319,1980-12-06,KCK @ IND,L,0,7,,,0.0,,,2,2,1.0,,,,,,,,,16,,0
4845,21980,76170,Otis Birdsong,KCK,Kansas City Kings,0028000319,1980-12-06,KCK @ IND,L,0,8,,,0.0,,,0,2,0.0,,,,,,,,,16,,0
4846,21980,77396,Scott Lloyd,DAL,Dallas Mavericks,0028000318,1980-12-06,DAL @ ATL,L,0,6,,,0.0,,,4,5,0.8,,,,,,,,,16,,0
4847,21980,78390,Terry Tyler,DET,Detroit Pistons,0028000314,1980-12-06,DET @ CLE,L,0,7,,,0.0,,,2,2,1.0,,,,,,,,,16,,0
4848,21980,76350,Kenny Carr,CLE,Cleveland Cavaliers,0028000314,1980-12-06,CLE vs. DET,W,0,5,,,0.0,,,6,6,1.0,,,,,,,,,16,,0
4849,21980,78215,Ricky Sobers,CHI,Chicago Bulls,0028000312,1980-12-05,CHI @ POR,L,0,5,,,0.0,,,6,6,1.0,,,,,,,,,16,,0
4850,21980,76353,Joe Barry Carroll,GOS,Golden State Warriors,0028000311,1980-12-05,GOS @ DEN,W,0,7,,,0.0,,,2,2,1.0,,,,,,,,,16,,0
4851,21980,1450,Kevin McHale,BOS,Boston Celtics,0028000310,1980-12-05,BOS vs. DAL,W,0,8,,,0.0,,,0,0,,,,,,,,,,16,,0
4852,21980,76539,Darryl Dawkins,PHL,Philadelphia 76ers,0028000309,1980-12-05,PHL vs. ATL,W,0,7,,,0.0,,,2,4,0.5,,,,,,,,,16,,0
4853,21980,78623,Larry Wright,DET,Detroit Pistons,0028000307,1980-12-05,DET @ WAS,L,0,7,,,0.0,,,2,4,0.5,,,,,,,,,16,,0
4854,21980,77876,Kevin Porter,WAS,Washington Bullets,0028000307,1980-12-05,WAS vs. DET,W,0,7,,,0.0,,,2,3,0.667,,,,,,,,,16,,0
4855,21980,77484,Wes Matthews,WAS,Washington Bullets,0028000307,1980-12-05,WAS vs. DET,W,0,8,,,0.0,,,0,0,,,,,,,,,,16,,0
4856,21980,76350,Kenny Carr,CLE,Cleveland Cavaliers,0028000304,1980-12-04,CLE @ SAN,L,0,5,,,0.0,,,6,10,0.6,,,,,,,,,16,,0
4857,21980,77756,Mark Olberding,SAN,San Antonio Spurs,0028000304,1980-12-04,SAN vs. CLE,W,0,5,,,0.0,,,6,8,0.75,,,,,,,,,16,,0
4858,21980,77936,Robert Reid,HOU,Houston Rockets,0028000302,1980-12-03,HOU vs. CLE,W,0,8,,,0.0,,,0,0,,,,,,,,,,16,,0
4859,21980,78025,Dan Roundfield,ATL,Atlanta Hawks,0028000300,1980-12-03,ATL @ BOS,L,0,6,,,0.0,,,4,4,1.0,,,,,,,,,16,,0
4860,21980,78195,Larry Smith,GOS,Golden State Warriors,0028000298,1980-12-03,GOS vs. NJN,W,0,6,,,0.0,,,4,8,0.5,,,,,,,,,16,,0
4861,21980,76436,Jeff Cook,PHX,Phoenix Suns,0028000297,1980-12-03,PHX @ KCK,L,0,5,,,0.0,,,6,6,1.0,,,,,,,,,16,,0
4862,21980,76290,Joe Bryant,SDC,San Diego Clippers,0028000296,1980-12-03,SDC @ LAL,W,0,5,,,0.0,,,6,6,1.0,,,,,,,,,16,,0
4863,21980,76681,Julius Erving,PHL,Philadelphia 76ers,0028000295,1980-12-03,PHL vs. NYK,W,0,7,,,0.0,,,2,2,1.0,,,,,,,,,16,,0
4864,21980,77952,Micheal Ray Richardson,NYK,New York Knicks,0028000291,1980-12-02,NYK vs. IND,L,0,8,,,0.0,,,0,0,,,,,,,,,,16,,0
4865,21980,77691,Calvin Natt,POR,Portland Trail Blazers,0028000290,1980-12-02,POR vs. NJN,L,0,7,,,0.0,,,2,2,1.0,,,,,,,,,16,,0
4866,21980,76686,Mike Evans,MIL,Milwaukee Bucks,0028000289,1980-12-02,MIL vs. UTH,W,0,5,,,0.0,,,6,7,0.857,,,,,,,,,16,,0
4867,21980,76257,Allan Bristow,UTH,Utah Jazz,0028000289,1980-12-02,UTH @ MIL,L,0,7,,,0.0,,,2,2,1.0,,,,,,,,,16,,0
4868,21980,77087,Geoff Huston,DAL,Dallas Mavericks,0028000287,1980-12-02,DAL vs. CLE,L,0,8,,,0.0,,,0,0,,,,,,,,,,16,,0
4869,21980,77998,Dave Robisch,DEN,Denver Nuggets,0028000286,1980-12-02,DEN vs. CHI,L,0,7,,,0.0,,,2,2,1.0,,,,,,,,,16,,0
4870,21980,77235,Rich Kelley,PHX,Phoenix Suns,0028000285,1980-11-30,PHX vs. HOU,W,0,7,,,0.0,,,2,2,1.0,,,,,,,,,16,,0
4871,21980,77986,Cliff T. Robinson,NJN,New Jersey Nets,0028000282,1980-11-30,NJN @ SEA,L,0,7,,,0.0,,,2,2,1.0,,,,,,,,,16,,0
4872,21980,77264,Bernard King,GOS,Golden State Warriors,0028000281,1980-11-30,GOS @ SDC,L,0,6,,,0.0,,,4,4,1.0,,,,,,,,,16,,0
4873,21980,77010,Keith Herron,DET,Detroit Pistons,0028000280,1980-11-29,DET @ ATL,W,0,6,,,0.0,,,4,4,1.0,,,,,,,,6.0,16,,0
4874,21980,77756,Mark Olberding,SAN,San Antonio Spurs,0028000279,1980-11-29,SAN @ KCK,W,0,4,,,0.0,,,8,9,0.889,,,,,,,,,16,,0
4875,21980,76091,Greg Ballard,WAS,Washington Bullets,0028000278,1980-11-29,WAS vs. MIL,W,0,8,,,0.0,,,0,0,,,,,,,,,,16,,0
4876,21980,76786,Calvin Garrett,HOU,Houston Rockets,0028000276,1980-11-29,HOU vs. DAL,W,0,8,,,0.0,,,0,0,,,,,,,,,,16,,0
4877,21980,78331,Mychal Thompson,POR,Portland Trail Blazers,0028000274,1980-11-29,POR @ NYK,L,0,8,,,0.0,,,0,0,,,,,,,,,,16,,0
4878,21980,77532,George McGinnis,IND,Indiana Pacers,0028000272,1980-11-29,IND vs. CLE,W,0,8,,,0.0,,,0,5,0.0,,,,,,,,,16,,0
4879,21980,77136,Clemon Johnson,IND,Indiana Pacers,0028000272,1980-11-29,IND vs. CLE,W,0,6,,,0.0,,,4,6,0.667,,,,,,,,,16,,0
4880,21980,78548,Freeman Williams,SDC,San Diego Clippers,0028000271,1980-11-28,SDC @ SEA,W,0,6,,,0.0,,,4,5,0.8,,,,,,,,,16,,0
4881,21980,77952,Micheal Ray Richardson,NYK,New York Knicks,0028000268,1980-11-28,NYK @ BOS,L,0,6,,,0.0,,,4,4,1.0,,,,,,,,,16,,0
4882,21980,77396,Scott Lloyd,DAL,Dallas Mavericks,0028000267,1980-11-28,DAL vs. DEN,L,0,7,,,0.0,,,2,3,0.667,,,,,,,,,16,,0
4883,21980,77626,Sidney Moncrief,MIL,Milwaukee Bucks,0028000265,1980-11-28,MIL vs. ATL,W,0,4,,,0.0,,,8,8,1.0,,,,,,,,,16,,0
4884,21980,76436,Jeff Cook,PHX,Phoenix Suns,0028000262,1980-11-28,PHX vs. CHI,W,0,8,,,0.0,,,0,0,,,,,,,,,6.0,16,,0
4885,21980,76444,Michael Cooper,LAL,Los Angeles Lakers,0028000261,1980-11-27,LAL @ GOS,W,0,7,,,0.0,,,2,2,1.0,,,,,,,,,16,,0
4886,21980,76231,Dudley Bradley,IND,Indiana Pacers,0028000260,1980-11-27,IND @ WAS,L,0,7,,,0.0,,,2,4,0.5,,,,,,,,,16,,0
4887,21980,76242,Mike Bratz,CLE,Cleveland Cavaliers,0028000253,1980-11-26,CLE vs. NYK,L,0,5,,,1.0,,,5,5,1.0,,,,,,,,,16,,0
4888,21980,77623,Paul Mokeski,DET,Detroit Pistons,0028000257,1980-11-26,DET vs. UTH,L,0,8,,,0.0,,,0,2,0.0,,,,,,,,,16,,0
4889,21980,77618,Steve Mix,PHL,Philadelphia 76ers,0028000256,1980-11-26,PHL @ HOU,W,0,7,,,0.0,,,2,3,0.667,,,,,,,,,16,,0
4890,21980,77144,Eddie Johnson,ATL,Atlanta Hawks,0028000252,1980-11-26,ATL @ IND,L,0,6,,,0.0,,,4,4,1.0,,,,,,,,,16,,0
4891,21980,77819,Jim Paxson,POR,Portland Trail Blazers,0028000251,1980-11-26,POR @ BOS,L,0,8,,,0.0,,,0,2,0.0,,,,,,,,,16,,0
4892,21980,78331,Mychal Thompson,POR,Portland Trail Blazers,0028000249,1980-11-25,POR @ ATL,L,0,8,,,0.0,,,0,0,,,,,,,,,,16,,0
4893,21980,77786,Tom Owens,POR,Portland Trail Blazers,0028000249,1980-11-25,POR @ ATL,L,0,6,,,0.0,,,4,5,0.8,,,,,,,,,16,,0
4894,21980,77691,Calvin Natt,POR,Portland Trail Blazers,0028000249,1980-11-25,POR @ ATL,L,0,7,,,0.0,,,2,2,1.0,,,,,,,,,16,,0
4895,21980,76418,Don Collins,ATL,Atlanta Hawks,0028000249,1980-11-25,ATL vs. POR,W,0,7,,,0.0,,,2,5,0.4,,,,,,,,,16,,0
4896,21980,78199,Phil Smith,SDC,San Diego Clippers,0028000247,1980-11-25,SDC vs. DEN,W,0,7,,,0.0,,,2,5,0.4,,,,,,,,,16,,0
4897,21980,76362,Bill Cartwright,NYK,New York Knicks,0028000250,1980-11-24,NYK vs. HOU,W,0,8,,,0.0,,,0,0,,,,,,,,,,16,,0
4898,21980,78548,Freeman Williams,SDC,San Diego Clippers,0028000245,1980-11-23,SDC vs. SEA,W,0,7,,,1.0,,,1,1,1.0,,,,,,,,,16,,0
4899,21980,76011,Alvan Adams,PHX,Phoenix Suns,0028000244,1980-11-23,PHX vs. DEN,W,0,7,,,0.0,,,2,2,1.0,,,,,,,,,16,,0
4900,21980,78600,Brian Winters,MIL,Milwaukee Bucks,0028000243,1980-11-23,MIL @ LAL,W,0,7,,,0.0,,,2,2,1.0,,,,,,,,,16,,0
4901,21980,78296,Brian Taylor,SDC,San Diego Clippers,0028000245,1980-11-23,SDC vs. SEA,W,0,7,,,2.0,,,0,0,,,,,,,,,,16,,0
4902,21980,77873,Ben Poquette,UTH,Utah Jazz,0028000241,1980-11-22,UTH @ ATL,L,0,7,,,0.0,,,2,2,1.0,,,,,,,,,16,,0
4903,21980,76418,Don Collins,ATL,Atlanta Hawks,0028000241,1980-11-22,ATL vs. UTH,W,0,7,,,0.0,,,2,2,1.0,,,,,,,,,16,,0
4904,21980,76435,Darwin Cook,NJN,New Jersey Nets,0028000239,1980-11-22,NJN @ DET,L,0,7,,,0.0,,,2,2,1.0,,,,,,,,,16,,0
4905,21980,78351,Andrew Toney,PHL,Philadelphia 76ers,0028000238,1980-11-22,PHL @ SAN,W,0,8,,,0.0,,,0,0,,,,,,,,,,16,,0
4906,21980,77043,Lionel Hollins,PHL,Philadelphia 76ers,0028000238,1980-11-22,PHL @ SAN,W,0,6,,,0.0,,,4,5,0.8,,,,,,,,,16,,0
4907,21980,77770,Louis Orr,IND,Indiana Pacers,0028000237,1980-11-22,IND vs. HOU,W,0,8,,,0.0,,,0,0,,,,,,,,,,16,,0
4908,21980,77487,Cedric Maxwell,BOS,Boston Celtics,0028000234,1980-11-21,BOS vs. GOS,W,0,6,,,0.0,,,4,4,1.0,,,,,,,,,16,,0
4909,21980,77126,Abdul Jeelani,DAL,Dallas Mavericks,0028000233,1980-11-21,DAL vs. SEA,L,0,4,,,0.0,,,8,8,1.0,,,,,,,,,16,,0
4910,21980,76673,Alex English,DEN,Denver Nuggets,0028000231,1980-11-21,DEN vs. KCK,W,0,6,,,0.0,,,4,6,0.667,,,,,,,,,16,,0
4911,21980,78350,Rudy Tomjanovich,HOU,Houston Rockets,0028000230,1980-11-21,HOU @ NJN,W,0,7,,,0.0,,,2,2,1.0,,,,,,,,,16,,0
4912,21980,77193,Bobby Jones,PHL,Philadelphia 76ers,0028000229,1980-11-21,PHL vs. IND,W,0,5,,,0.0,,,6,6,1.0,,,,,,,,,16,,0
4913,21980,76526,Johnny Davis,IND,Indiana Pacers,0028000229,1980-11-21,IND @ PHL,L,0,6,,,0.0,,,4,4,1.0,,,,,,,,,16,,0
4914,21980,77633,Johnny Moore,SAN,San Antonio Spurs,0028000222,1980-11-19,SAN @ NJN,W,0,7,,,0.0,,,2,2,1.0,,,,,,,,,16,,0
4915,21980,77618,Steve Mix,PHL,Philadelphia 76ers,0028000221,1980-11-19,PHL vs. GOS,W,0,5,,,0.0,,,6,8,0.75,,,,,,,,,16,,0
4916,21980,77419,John Lucas,GOS,Golden State Warriors,0028000221,1980-11-19,GOS @ PHL,L,0,7,,,0.0,,,2,4,0.5,,,,,,,,,16,,0
4917,21980,76392,Jim Chones,LAL,Los Angeles Lakers,0028000213,1980-11-18,LAL vs. KCK,W,0,7,,,0.0,,,2,4,0.5,,,17.0,,,,,,16,,0
4918,21980,600014,Artis Gilmore,CHI,Chicago Bulls,0028000217,1980-11-18,CHI vs. BOS,L,0,3,,,0.0,,,10,13,0.769,,,,,,,,,16,,0
4919,21980,78390,Terry Tyler,DET,Detroit Pistons,0028000216,1980-11-18,DET vs. IND,L,0,6,,,0.0,,,4,6,0.667,,,,,,,,,16,,0
4920,21980,76599,Larry Drew,DET,Detroit Pistons,0028000216,1980-11-18,DET vs. IND,L,0,7,,,0.0,,,2,2,1.0,,,,,,,,,16,,0
4921,21980,76350,Kenny Carr,CLE,Cleveland Cavaliers,0028000215,1980-11-18,CLE vs. SDC,W,0,6,,,0.0,,,4,5,0.8,,,,,,,,,16,,0
4922,21980,77193,Bobby Jones,PHL,Philadelphia 76ers,0028000212,1980-11-18,PHL @ NYK,W,0,5,,,0.0,,,6,7,0.857,,,,,,,,,16,,0
4923,21980,78350,Rudy Tomjanovich,HOU,Houston Rockets,0028000211,1980-11-18,HOU vs. SEA,W,0,8,,,0.0,,,0,2,0.0,,,,,,,,,16,,0
4924,21980,76272,Fred Brown,SEA,Seattle SuperSonics,0028000211,1980-11-18,SEA @ HOU,L,0,8,,,0.0,,,0,0,,,,,,,,,,16,,0
4925,21980,78326,David Thompson,DEN,Denver Nuggets,0028000210,1980-11-18,DEN @ POR,L,0,7,,,0.0,,,2,3,0.667,,,,,,,,,16,,0
4926,21980,76011,Alvan Adams,PHX,Phoenix Suns,0028000209,1980-11-16,PHX vs. POR,W,0,4,,,0.0,,,8,8,1.0,,,,,,,,,16,,0
4927,21980,77848,Roger Phegley,CLE,Cleveland Cavaliers,0028000204,1980-11-15,CLE @ NYK,L,0,7,,,0.0,,,2,2,1.0,,,,,,,,,16,,0
4928,21980,600005,Bob Lanier,MIL,Milwaukee Bucks,0028000197,1980-11-14,MIL vs. NYK,W,0,7,,,0.0,,,2,3,0.667,,,,,,,,,16,,0
4929,21980,78570,Sly Williams,NYK,New York Knicks,0028000197,1980-11-14,NYK @ MIL,L,0,6,,,0.0,,,4,4,1.0,,,,,,,,,16,,0
4930,21980,77873,Ben Poquette,UTH,Utah Jazz,0028000196,1980-11-14,UTH vs. HOU,W,0,6,,,0.0,,,4,4,1.0,,,,,,,,,16,,0
4931,21980,76890,Darrell Griffith,UTH,Utah Jazz,0028000196,1980-11-14,UTH vs. HOU,W,0,8,,,0.0,,,0,0,,,,,,,,,,16,,0
4932,21980,76881,David Greenwood,CHI,Chicago Bulls,0028000195,1980-11-14,CHI @ DET,L,0,6,,,0.0,,,4,7,0.571,,,,,,,,,16,,0
4933,21980,1381,John Long,DET,Detroit Pistons,0028000195,1980-11-14,DET vs. CHI,W,0,7,,,0.0,,,2,2,1.0,,,,,,,,,16,,0
4934,21980,77786,Tom Owens,POR,Portland Trail Blazers,0028000193,1980-11-14,POR @ DAL,L,0,7,,,0.0,,,2,7,0.286,,,,,,,,,16,,0
4935,21980,77264,Bernard King,GOS,Golden State Warriors,0028000185,1980-11-12,GOS vs. KCK,W,0,6,,,0.0,,,4,5,0.8,,,,,,,,,16,,0
4936,21980,77721,Norm Nixon,LAL,Los Angeles Lakers,0028000183,1980-11-12,LAL @ HOU,L,0,8,,,0.0,,,0,0,,,,,,,,,,16,,0
4937,21980,78481,Marvin Webster,NYK,New York Knicks,0028000179,1980-11-12,NYK @ PHL,W,0,7,,,0.0,,,2,3,0.667,,,,,,,,,16,,0
4938,21980,77010,Keith Herron,DET,Detroit Pistons,0028000176,1980-11-11,DET @ NYK,L,0,3,,,0.0,,,10,11,0.909,,,,,,,,,16,,0
4939,21980,76091,Greg Ballard,WAS,Washington Bullets,0028000175,1980-11-11,WAS vs. DEN,W,0,8,,,0.0,,,0,0,,,,,,,,,,16,,0
4940,21980,77721,Norm Nixon,LAL,Los Angeles Lakers,0028000174,1980-11-11,LAL @ ATL,W,0,7,,,0.0,,,2,3,0.667,,,,,,,,,16,,0
4941,21980,100263,Bill Laimbeer,CLE,Cleveland Cavaliers,0028000172,1980-11-11,CLE vs. MIL,L,0,4,,,0.0,,,8,8,1.0,,,,,,,,,16,,0
4942,21980,77168,Mickey Johnson,MIL,Milwaukee Bucks,0028000172,1980-11-11,MIL @ CLE,W,0,5,,,0.0,,,6,10,0.6,,,,,,,,,16,,0
4943,21980,76252,Junior Bridgeman,MIL,Milwaukee Bucks,0028000172,1980-11-11,MIL @ CLE,W,0,8,,,0.0,,,0,0,,,,,,,,,,16,,0
4944,21980,76095,Mike Bantom,IND,Indiana Pacers,0028000169,1980-11-10,IND @ UTH,L,0,7,,,0.0,,,2,3,0.667,,,,,,,,,16,,0
4945,21980,600005,Bob Lanier,MIL,Milwaukee Bucks,0028000168,1980-11-09,MIL vs. PHL,L,0,7,,,0.0,,,2,2,1.0,,,,,,,,,16,,0
4946,21980,77246,Larry Kenon,CHI,Chicago Bulls,0028000167,1980-11-09,CHI @ BOS,L,0,7,,,0.0,,,2,2,1.0,,,,,,,,,16,,0
4947,21980,76881,David Greenwood,CHI,Chicago Bulls,0028000167,1980-11-09,CHI @ BOS,L,0,6,,,0.0,,,4,4,1.0,,,,,,,,,16,,0
4948,21980,76011,Alvan Adams,PHX,Phoenix Suns,0028000166,1980-11-08,PHX @ HOU,W,0,6,,,0.0,,,4,6,0.667,,,,,,,,,16,,0
4949,21980,78548,Freeman Williams,SDC,San Diego Clippers,0028000165,1980-11-08,SDC @ POR,W,0,7,,,0.0,,,2,2,1.0,,,,,,,,,16,,0
4950,21980,76895,Bob Gross,POR,Portland Trail Blazers,0028000165,1980-11-08,POR vs. SDC,L,0,6,,,0.0,,,4,4,1.0,,,,,,,,,16,,0
4951,21980,78200,Randy Smith,CLE,Cleveland Cavaliers,0028000163,1980-11-08,CLE @ KCK,L,0,5,,,0.0,,,6,6,1.0,,,,,,,,,16,,0
4952,21980,76526,Johnny Davis,IND,Indiana Pacers,0028000162,1980-11-08,IND @ GOS,L,0,7,,,0.0,,,2,3,0.667,,,,,,,,,16,,0
4953,21980,76971,Steve Hawes,ATL,Atlanta Hawks,0028000160,1980-11-08,ATL @ NJN,L,0,7,,,0.0,,,2,4,0.5,,,,,,,,,16,,0
4954,21980,76418,Don Collins,ATL,Atlanta Hawks,0028000160,1980-11-08,ATL @ NJN,L,0,6,,,0.0,,,4,4,1.0,,,,,,,,,16,,0
4955,21980,78047,Campy Russell,NYK,New York Knicks,0028000159,1980-11-08,NYK @ UTH,W,0,6,,,0.0,,,4,6,0.667,,,,,,,,,16,,0
4956,21980,78351,Andrew Toney,PHL,Philadelphia 76ers,0028000157,1980-11-07,PHL vs. KCK,W,0,8,,,0.0,,,0,0,,,,,,,,,,16,,0
4957,21980,76681,Julius Erving,PHL,Philadelphia 76ers,0028000157,1980-11-07,PHL vs. KCK,W,0,7,,,0.0,,,2,4,0.5,,,,,,,,,16,,0
4958,21980,77087,Geoff Huston,DAL,Dallas Mavericks,0028000156,1980-11-07,DAL vs. LAL,L,0,7,,,0.0,,,2,5,0.4,,,,,,,,,16,,0
4959,21980,76608,Terry Duerod,DAL,Dallas Mavericks,0028000156,1980-11-07,DAL vs. LAL,L,0,8,,,0.0,,,0,0,,,,,,,,,,16,,0
4960,21980,78149,Jack Sikma,SEA,Seattle SuperSonics,0028000154,1980-11-07,SEA vs. SDC,W,0,8,,,0.0,,,0,0,,,,,,,,,,16,,0
4961,21980,77152,John Johnson,SEA,Seattle SuperSonics,0028000154,1980-11-07,SEA vs. SDC,W,0,6,,,0.0,,,4,4,1.0,,,,,,,,,16,,0
4962,21980,76272,Fred Brown,SEA,Seattle SuperSonics,0028000154,1980-11-07,SEA vs. SDC,W,0,5,,,0.0,,,6,10,0.6,,,,,,,,,16,,0
4963,21980,77819,Jim Paxson,POR,Portland Trail Blazers,0028000150,1980-11-07,POR vs. GOS,W,0,6,,,0.0,,,4,4,1.0,,,,,,,,,16,,0
4964,21980,78442,Wally Walker,SEA,Seattle SuperSonics,0028000144,1980-11-05,SEA vs. DEN,L,0,7,,,0.0,,,2,2,1.0,,,,,,,,,16,,0
4965,21980,76736,Phil Ford,KCK,Kansas City Kings,0028000142,1980-11-05,KCK vs. NYK,W,0,4,,,0.0,,,8,10,0.8,,,,,,,,,16,,0
4966,21980,78468,Richard Washington,CLE,Cleveland Cavaliers,0028000140,1980-11-05,CLE @ GOS,L,0,8,,,0.0,,,0,0,,,,,,,,,,16,,0
4967,21980,77997,Bill Robinzine,DAL,Dallas Mavericks,0028000137,1980-11-04,DAL vs. SDC,L,0,7,,,0.0,,,2,2,1.0,,,,,,,,,16,,0
4968,21980,77993,Truck Robinson,PHX,Phoenix Suns,0028000136,1980-11-04,PHX vs. IND,W,0,7,,,0.0,,,2,2,1.0,,,,,,,,,16,,0
4969,21980,76526,Johnny Davis,IND,Indiana Pacers,0028000136,1980-11-04,IND @ PHX,L,0,6,,,0.0,,,4,8,0.5,,,,,,,,,16,,0
4970,21980,78392,Wes Unseld,WAS,Washington Bullets,0028000134,1980-11-04,WAS vs. ATL,W,0,5,,,0.0,,,6,7,0.857,,,,,,,,,16,,0
4971,21980,76471,Charlie Criss,ATL,Atlanta Hawks,0028000134,1980-11-04,ATL @ WAS,L,0,5,,,0.0,,,6,7,0.857,,,,,,,,,16,,0
4972,21980,78331,Mychal Thompson,POR,Portland Trail Blazers,0028000130,1980-11-02,POR vs. CLE,W,0,8,,,0.0,,,0,1,0.0,,,,,,,,6.0,16,,0
4973,21980,77819,Jim Paxson,POR,Portland Trail Blazers,0028000130,1980-11-02,POR vs. CLE,W,0,8,,,0.0,,,0,0,,,,,,,,,,16,,0
4974,21980,76154,Kent Benson,DET,Detroit Pistons,0028000125,1980-11-01,DET @ CHI,L,0,7,,,0.0,,,2,3,0.667,,,,,,,,,16,,0
4975,21980,77770,Louis Orr,IND,Indiana Pacers,0028000121,1980-11-01,IND vs. NJN,W,0,6,,,0.0,,,4,5,0.8,,,,,,,,,16,,0
4976,21980,76804,George Gervin,SAN,San Antonio Spurs,0028000120,1980-10-31,SAN @ SEA,W,0,7,,,0.0,,,2,2,1.0,,,,,,,,6.0,16,,0
4977,21980,77328,Tom LaGarde,DAL,Dallas Mavericks,0028000119,1980-10-31,DAL @ UTH,L,0,6,,,0.0,,,4,4,1.0,,,,,,,,6.0,16,,0
4978,21980,78199,Phil Smith,SDC,San Diego Clippers,0028000118,1980-10-31,SDC vs. GOS,W,0,6,,,0.0,,,4,4,1.0,,,,,,,,,16,,0
4979,21980,76290,Joe Bryant,SDC,San Diego Clippers,0028000118,1980-10-31,SDC vs. GOS,W,0,7,,,0.0,,,2,2,1.0,,,,,,,,,16,,0
4980,21980,100263,Bill Laimbeer,CLE,Cleveland Cavaliers,0028000117,1980-10-31,CLE @ LAL,L,0,8,,,0.0,,,0,1,0.0,,,,,,,,6.0,16,,0
4981,21980,77848,Roger Phegley,CLE,Cleveland Cavaliers,0028000117,1980-10-31,CLE @ LAL,L,0,7,,,0.0,,,2,2,1.0,,,,,,,,,16,,0
4982,21980,77756,Mark Olberding,SAN,San Antonio Spurs,0028000109,1980-10-29,SAN @ UTH,L,0,3,,,0.0,,,10,13,0.769,,,,,,,,,16,,0
4983,21980,77635,Lowes Moore,NJN,New Jersey Nets,0028000108,1980-10-29,NJN vs. MIL,L,0,6,,,0.0,,,4,6,0.667,,,,,,,,,16,,0
4984,21980,77160,Marques Johnson,MIL,Milwaukee Bucks,0028000108,1980-10-29,MIL @ NJN,W,0,6,,,0.0,,,4,7,0.571,,,,,,,,,16,,0
4985,21980,76421,Doug Collins,PHL,Philadelphia 76ers,0028000104,1980-10-29,PHL vs. CHI,W,0,6,,,0.0,,,4,5,0.8,,,,,,,,,16,,0
4986,21980,77148,George Johnson,IND,Indiana Pacers,0028000102,1980-10-29,IND vs. NYK,W,0,7,,,0.0,,,2,2,1.0,,,,,,,,,16,,0
4987,21980,76242,Mike Bratz,CLE,Cleveland Cavaliers,0028000097,1980-10-28,CLE vs. PHL,L,0,6,,,2.0,,,2,2,1.0,,,,,,,,,16,,0
4988,21980,76353,Joe Barry Carroll,GOS,Golden State Warriors,0028000101,1980-10-28,GOS @ SEA,L,0,7,,,0.0,,,2,2,1.0,,,,,,,,,16,,0
4989,21980,76003,Kareem Abdul-Jabbar,LAL,Los Angeles Lakers,0028000098,1980-10-28,LAL @ SDC,W,0,7,,,0.0,,,2,2,1.0,,,,,,,,,16,,0
4990,21980,77998,Dave Robisch,CLE,Cleveland Cavaliers,0028000097,1980-10-28,CLE vs. PHL,L,0,5,,,0.0,,,6,6,1.0,,,,,,,,,16,,0
4991,21980,78331,Mychal Thompson,POR,Portland Trail Blazers,0028000094,1980-10-26,POR @ SEA,L,0,7,,,0.0,,,2,4,0.5,,,,,,,,6.0,16,,0
4992,21980,77152,John Johnson,SEA,Seattle SuperSonics,0028000094,1980-10-26,SEA vs. POR,W,0,8,,,0.0,,,0,0,,,,,,,,,,16,,0
4993,21980,76453,Dave Corzine,SAN,San Antonio Spurs,0028000093,1980-10-26,SAN @ LAL,W,0,6,,,0.0,,,4,4,1.0,,,,,,,,,16,,0
4994,21980,78222,Jim Spanarkel,DAL,Dallas Mavericks,0028000085,1980-10-25,DAL @ GOS,L,0,5,,,0.0,,,6,6,1.0,,,,,,,,,16,,0
4995,21980,77419,John Lucas,GOS,Golden State Warriors,0028000085,1980-10-25,GOS vs. DAL,W,0,7,,,0.0,,,2,2,1.0,,,,,,,,,16,,0
4996,21980,77626,Sidney Moncrief,MIL,Milwaukee Bucks,0028000084,1980-10-25,MIL vs. CHI,W,0,5,,,0.0,,,6,7,0.857,,,,,,,,,16,,0
4997,21980,76526,Johnny Davis,IND,Indiana Pacers,0028000083,1980-10-25,IND @ CLE,L,0,5,,,0.0,,,6,6,1.0,,,,,,,,,16,,0
4998,21980,77490,Scott May,CHI,Chicago Bulls,0028000078,1980-10-24,CHI vs. WAS,W,0,7,,,0.0,,,2,3,0.667,,,,,,,,,16,,0
4999,21980,76418,Don Collins,ATL,Atlanta Hawks,0028000074,1980-10-24,ATL @ IND,L,0,7,,,0.0,,,2,2,1.0,,,,,,,,,16,,0
5000,21980,229,James Edwards,IND,Indiana Pacers,0028000074,1980-10-24,IND vs. ATL,W,0,6,,,0.0,,,4,5,0.8,,,,,,,,,16,,0
5001,21980,305,Robert Parish,BOS,Boston Celtics,0028000073,1980-10-23,BOS vs. NYK,L,0,7,,,0.0,,,2,2,1.0,,,,,,,,,16,,0
5002,21980,76736,Phil Ford,KCK,Kansas City Kings,0028000072,1980-10-23,KCK @ HOU,W,0,5,,,0.0,,,6,6,1.0,,,,,,,,,16,,0
5003,21980,76154,Kent Benson,DET,Detroit Pistons,0028000069,1980-10-22,DET vs. PHL,L,0,7,,,0.0,,,2,2,1.0,,,,,,,,,16,,0
5004,21980,77487,Cedric Maxwell,BOS,Boston Celtics,0028000066,1980-10-22,BOS @ NJN,W,0,6,,,0.0,,,4,8,0.5,,,,,,,,,16,,0
5005,21980,77952,Micheal Ray Richardson,NYK,New York Knicks,0028000058,1980-10-21,NYK vs. CHI,W,0,5,,,2.0,,,4,6,0.667,,,,,,,,,16,,0
5006,21980,78532,Jamaal Wilkes,LAL,Los Angeles Lakers,0028000064,1980-10-21,LAL @ POR,L,0,7,,,0.0,,,2,3,0.667,,,,,,,,,16,,0
5007,21980,78467,Kermit Washington,POR,Portland Trail Blazers,0028000064,1980-10-21,POR vs. LAL,W,0,7,,,0.0,,,2,2,1.0,,,,,,,,,16,,0
5008,21980,77819,Jim Paxson,POR,Portland Trail Blazers,0028000064,1980-10-21,POR vs. LAL,W,0,8,,,0.0,,,0,0,,,,,,,,,,16,,0
5009,21980,77021,Kenny Higgs,DEN,Denver Nuggets,0028000063,1980-10-21,DEN vs. HOU,L,0,4,,,0.0,,,8,12,0.667,,,,,,,,,16,,0
5010,21980,77800,Sonny Parker,GOS,Golden State Warriors,0028000062,1980-10-21,GOS @ KCK,W,0,5,,,0.0,,,6,7,0.857,,,,,,,,,16,,0
5011,21980,76321,Marty Byrnes,DAL,Dallas Mavericks,0028000059,1980-10-21,DAL @ PHX,L,0,6,,,0.0,,,4,4,1.0,,,,,,,,,16,,0
5012,21980,78570,Sly Williams,NYK,New York Knicks,0028000058,1980-10-21,NYK vs. CHI,W,0,4,,,0.0,,,8,11,0.727,,,,,,,,,16,,0
5013,21980,1453,Walter Davis,PHX,Phoenix Suns,0028000056,1980-10-19,PHX @ SDC,W,0,7,,,0.0,,,2,2,1.0,,,,,,,,,16,,0
5014,21980,78195,Larry Smith,GOS,Golden State Warriors,0028000055,1980-10-19,GOS @ LAL,L,0,7,,,0.0,,,2,7,0.286,,,,,,,,,16,,0
5015,21980,78436,Foots Walker,NJN,New Jersey Nets,0028000051,1980-10-18,NJN @ CHI,W,0,5,,,0.0,,,6,7,0.857,,,,,,,,,16,,0
5016,21980,78307,Carlos Terry,WAS,Washington Bullets,0028000050,1980-10-18,WAS @ PHL,L,0,6,,,0.0,,,4,4,1.0,,,,,,,,,16,,0
5017,21980,77328,Tom LaGarde,DAL,Dallas Mavericks,0028000047,1980-10-18,DAL @ SAN,L,0,6,,,0.0,,,4,4,1.0,,,,,,,,,16,,0
5018,21980,76453,Dave Corzine,SAN,San Antonio Spurs,0028000047,1980-10-18,SAN vs. DAL,W,0,7,,,0.0,,,2,3,0.667,,,,,,,,,16,,0
5019,21980,77998,Dave Robisch,CLE,Cleveland Cavaliers,0028000046,1980-10-18,CLE vs. MIL,L,0,3,,,0.0,,,10,12,0.833,,,,,,,,,16,,0
5020,21980,77615,Mike Mitchell,CLE,Cleveland Cavaliers,0028000046,1980-10-18,CLE vs. MIL,L,0,7,,,0.0,,,2,3,0.667,,,,,,,,,16,,0
5021,21980,77160,Marques Johnson,MIL,Milwaukee Bucks,0028000046,1980-10-18,MIL @ CLE,W,0,5,,,0.0,,,6,6,1.0,,,,,,,,,16,,0
5022,21980,76500,Bob Dandridge,WAS,Washington Bullets,0028000043,1980-10-17,WAS vs. NJN,L,0,6,,,0.0,,,4,5,0.8,,,,,,,,,16,,0
5023,21980,77273,Reggie King,KCK,Kansas City Kings,0028000041,1980-10-17,KCK @ DAL,W,0,8,,,0.0,,,0,2,0.0,,,,,,,,,16,,0
5024,21980,78548,Freeman Williams,SDC,San Diego Clippers,0028000039,1980-10-17,SDC vs. DEN,L,0,7,,,0.0,,,2,2,1.0,,,,,,,,,16,,0
5025,21980,77056,Cedrick Hordges,DEN,Denver Nuggets,0028000039,1980-10-17,DEN @ SDC,W,0,5,,,0.0,,,6,7,0.857,,,,,,,,,16,,0
5026,21980,76242,Mike Bratz,CLE,Cleveland Cavaliers,0028000038,1980-10-17,CLE @ CHI,L,0,7,,,2.0,,,0,0,,,,,,,,,,16,,0
5027,21980,77800,Sonny Parker,GOS,Golden State Warriors,0028000028,1980-10-15,GOS vs. POR,W,0,5,,,0.0,,,6,6,1.0,,,,,,,,,16,,0
5028,21980,78531,Bob Wilkerson,CHI,Chicago Bulls,0028000034,1980-10-15,CHI @ IND,W,0,7,,,0.0,,,2,3,0.667,,,,,,,,,16,,0
5029,21980,77043,Lionel Hollins,PHL,Philadelphia 76ers,0028000033,1980-10-15,PHL @ NJN,W,0,8,,,0.0,,,0,0,,,,,,,,,,16,,0
5030,21980,76392,Jim Chones,LAL,Los Angeles Lakers,0028000032,1980-10-15,LAL @ KCK,W,0,7,,,0.0,,,2,2,1.0,,,,,,,,,16,,0
5031,21980,78350,Rudy Tomjanovich,HOU,Houston Rockets,0028000030,1980-10-15,HOU vs. SEA,W,0,6,,,0.0,,,4,4,1.0,,,,,,,,,16,,0
5032,21980,78331,Mychal Thompson,POR,Portland Trail Blazers,0028000028,1980-10-15,POR @ GOS,L,0,8,,,0.0,,,0,0,,,,,,,,,,16,,0
5033,21980,76598,John Drew,ATL,Atlanta Hawks,0028000025,1980-10-14,ATL vs. BOS,W,0,3,,,0.0,,,10,10,1.0,,,,,,,,6.0,16,,0
5034,21980,77691,Calvin Natt,POR,Portland Trail Blazers,0028000021,1980-10-12,POR vs. SEA,W,0,6,,,0.0,,,4,5,0.8,,,,,,,,,16,,0
5035,21980,78149,Jack Sikma,SEA,Seattle SuperSonics,0028000021,1980-10-12,SEA @ POR,L,0,7,,,0.0,,,2,3,0.667,,,,,,,,,16,,0
5036,21980,77547,Billy McKinney,UTH,Utah Jazz,0028000018,1980-10-12,UTH @ DEN,W,0,5,,,0.0,,,6,6,1.0,,,,,,,,,16,,0
5037,21980,76257,Allan Bristow,UTH,Utah Jazz,0028000018,1980-10-12,UTH @ DEN,W,0,5,,,0.0,,,6,6,1.0,,,,,,,,,16,,0
5038,21980,78139,Purvis Short,GOS,Golden State Warriors,0028000015,1980-10-11,GOS vs. SDC,W,0,6,,,0.0,,,4,6,0.667,,,,,,,,,16,,0
5039,21980,76736,Phil Ford,KCK,Kansas City Kings,0028000017,1980-10-11,KCK vs. UTH,W,0,6,,,0.0,,,4,5,0.8,,,,,,,,,16,,0
5040,21980,78392,Wes Unseld,WAS,Washington Bullets,0028000014,1980-10-11,WAS vs. PHL,L,0,8,,,0.0,,,0,2,0.0,,,,,,,,6.0,16,,0
5041,21980,76539,Darryl Dawkins,PHL,Philadelphia 76ers,0028000014,1980-10-11,PHL @ WAS,W,0,6,,,0.0,,,4,6,0.667,,,,,,,,,16,,0
5042,21980,76290,Joe Bryant,SDC,San Diego Clippers,0028000015,1980-10-11,SDC @ GOS,L,0,8,,,0.0,,,0,0,,,,,,,,,,16,,0
5043,21980,77721,Norm Nixon,LAL,Los Angeles Lakers,0028000006,1980-10-10,LAL @ SEA,W,0,8,,,0.0,,,0,1,0.0,,,,,,,,,16,,0
5044,21980,1381,John Long,DET,Detroit Pistons,0028000005,1980-10-10,DET vs. WAS,L,0,6,,,0.0,,,4,6,0.667,,,,,,,,,16,,0
5045,21980,77669,Calvin Murphy,HOU,Houston Rockets,0028000004,1980-10-10,HOU @ SDC,L,0,7,,,0.0,,,2,2,1.0,,,,,,,,,16,,0
5046,21980,78150,James Silas,SAN,San Antonio Spurs,0028000002,1980-10-10,SAN @ DEN,W,0,7,,,0.0,,,2,4,0.5,,,,,,,,,16,,0
5047,21980,77419,John Lucas,GOS,Golden State Warriors,0028000001,1980-10-10,GOS @ PHX,L,0,5,,,0.0,,,6,9,0.667,,,,,,,,,16,,0
5048,21980,76534,Ron Davis,SDC,San Diego Clippers,0028000941,1981-03-29,SDC vs. POR,L,0,6,,,0.0,,,3,5,0.6,,,,,,,,,15,,0
5049,21980,76266,Michael Brooks,SDC,San Diego Clippers,0028000941,1981-03-29,SDC vs. POR,L,0,7,,,0.0,,,1,2,0.5,,,,,,,,,15,,0
5050,21980,76011,Alvan Adams,PHX,Phoenix Suns,0028000936,1981-03-29,PHX vs. UTH,W,0,6,,,0.0,,,3,3,1.0,,,,,,,,,15,,0
5051,21980,78139,Purvis Short,GOS,Golden State Warriors,0028000932,1981-03-28,GOS vs. DEN,L,0,6,,,0.0,,,3,3,1.0,,,,,,,,,15,,0
5052,21980,76362,Bill Cartwright,NYK,New York Knicks,0028000931,1981-03-28,NYK @ NJN,W,0,5,,,0.0,,,5,6,0.833,,,,,,,,,15,,0
5053,21980,77071,Phil Hubbard,DET,Detroit Pistons,0028000929,1981-03-28,DET @ WAS,L,0,6,,,0.0,,,3,3,1.0,,,,,,,,,15,,0
5054,21980,76091,Greg Ballard,WAS,Washington Bullets,0028000929,1981-03-28,WAS vs. DET,W,0,6,,,0.0,,,3,3,1.0,,,,,,,,,15,,0
5055,21980,76966,Joey Hassett,GOS,Golden State Warriors,0028000932,1981-03-28,GOS vs. DEN,L,0,5,,,5.0,,,0,0,,,,,,,,,,15,,0
5056,21980,76231,Dudley Bradley,IND,Indiana Pacers,0028000922,1981-03-27,IND vs. WAS,W,0,6,,,1.0,,,2,2,1.0,,,,,,,,,15,,0
5057,21980,77193,Bobby Jones,PHL,Philadelphia 76ers,0028000925,1981-03-27,PHL @ CLE,W,0,5,,,0.0,,,5,7,0.714,,,,,,,,,15,,0
5058,21980,77689,Swen Nater,SDC,San Diego Clippers,0028000924,1981-03-27,SDC @ PHX,L,0,5,,,0.0,,,5,7,0.714,,,,,,,,6.0,15,,0
5059,21980,77324,Mitch Kupchak,WAS,Washington Bullets,0028000922,1981-03-27,WAS @ IND,L,0,5,,,0.0,,,5,7,0.714,,,,,,,,,15,,0
5060,21980,76979,Elvin Hayes,WAS,Washington Bullets,0028000922,1981-03-27,WAS @ IND,L,0,7,,,0.0,,,1,1,1.0,,,,,,,,,15,,0
5061,21980,78527,Michael Wiley,SAN,San Antonio Spurs,0028000920,1981-03-26,SAN @ UTH,W,0,4,,,0.0,,,7,8,0.875,,,,,,,,,15,,0
5062,21980,76874,Rickey Green,UTH,Utah Jazz,0028000920,1981-03-26,UTH vs. SAN,L,0,7,,,0.0,,,1,1,1.0,,,,,,,,,15,,0
5063,21980,76453,Dave Corzine,SAN,San Antonio Spurs,0028000920,1981-03-26,SAN @ UTH,W,0,5,,,0.0,,,5,8,0.625,,,,,,,,,15,,0
5064,21980,77754,Mike O'Koren,NJN,New Jersey Nets,0028000916,1981-03-25,NJN vs. BOS,L,0,5,,,0.0,,,5,8,0.625,,,,,,,,6.0,15,,0
5065,21980,77487,Cedric Maxwell,BOS,Boston Celtics,0028000916,1981-03-25,BOS @ NJN,W,0,5,,,0.0,,,5,8,0.625,,,,,,,,,15,,0
5066,21980,76890,Darrell Griffith,UTH,Utah Jazz,0028000907,1981-03-24,UTH vs. KCK,L,0,7,,,0.0,,,1,5,0.2,,,,,,,,,15,,0
5067,21980,77152,John Johnson,SEA,Seattle SuperSonics,0028000904,1981-03-24,SEA @ SDC,L,0,4,,,0.0,,,7,8,0.875,,,,,,,,,15,,0
5068,21980,76272,Fred Brown,SEA,Seattle SuperSonics,0028000904,1981-03-24,SEA @ SDC,L,0,4,,,0.0,,,7,8,0.875,,,,,,,,,15,,0
5069,21980,77626,Sidney Moncrief,MIL,Milwaukee Bucks,0028000903,1981-03-24,MIL vs. NJN,W,0,7,,,0.0,,,1,2,0.5,,,,,,,,,15,,0
5070,21980,77487,Cedric Maxwell,BOS,Boston Celtics,0028000900,1981-03-24,BOS @ NYK,W,0,4,,,0.0,,,7,7,1.0,,,,,,,,,15,,0
5071,21980,78215,Ricky Sobers,CHI,Chicago Bulls,0028000905,1981-03-24,CHI vs. CLE,W,0,6,,,1.0,,,2,2,1.0,,,,,,,,,15,,0
5072,21980,77420,Maurice Lucas,NJN,New Jersey Nets,0028000898,1981-03-22,NJN vs. MIL,L,0,7,,,0.0,,,1,2,0.5,,,,,,,,,15,,0
5073,21980,77193,Bobby Jones,PHL,Philadelphia 76ers,0028000892,1981-03-22,PHL vs. BOS,W,0,4,,,0.0,,,7,7,1.0,,,,,,,,,15,,0
5074,21980,76054,Nate Archibald,BOS,Boston Celtics,0028000892,1981-03-22,BOS @ PHL,L,0,5,,,0.0,,,5,6,0.833,,,,,,,,,15,,0
5075,21980,305,Robert Parish,BOS,Boston Celtics,0028000892,1981-03-22,BOS @ PHL,L,0,6,,,0.0,,,3,4,0.75,,,,,,,,,15,,0
5076,21980,76257,Allan Bristow,UTH,Utah Jazz,0028000893,1981-03-22,UTH @ DEN,L,0,5,,,1.0,,,4,5,0.8,,,,,,,,,15,,0
5077,21980,76435,Darwin Cook,NJN,New Jersey Nets,0028000898,1981-03-22,NJN vs. MIL,L,0,6,,,1.0,,,2,2,1.0,,,,,,,,,15,,0
5078,21980,76272,Fred Brown,SEA,Seattle SuperSonics,0028000899,1981-03-22,SEA @ PHX,L,0,6,,,2.0,,,1,2,0.5,,,,,,,,,15,,0
5079,21980,78532,Jamaal Wilkes,LAL,Los Angeles Lakers,0028000889,1981-03-21,LAL @ POR,W,0,7,,,0.0,,,1,1,1.0,,,,,,,,,15,,0
5080,21980,77160,Marques Johnson,MIL,Milwaukee Bucks,0028000885,1981-03-20,MIL @ DET,W,0,6,,,0.0,,,3,4,0.75,,,,,,,,,15,,0
5081,21980,76526,Johnny Davis,IND,Indiana Pacers,0028000883,1981-03-20,IND vs. NYK,L,0,6,,,0.0,,,3,4,0.75,,,,,,,,,15,,0
5082,21980,77553,Tom McMillen,ATL,Atlanta Hawks,0028000882,1981-03-20,ATL @ NJN,L,0,6,,,0.0,,,3,3,1.0,,,,,,,,,15,,0
5083,21980,77167,Vinnie Johnson,SEA,Seattle SuperSonics,0028000879,1981-03-20,SEA @ LAL,L,0,6,,,0.0,,,3,3,1.0,,,,,,,,,15,,0
5084,21980,77043,Lionel Hollins,PHL,Philadelphia 76ers,0028000878,1981-03-20,PHL @ CHI,L,0,6,,,0.0,,,3,3,1.0,,,,,,,,,15,,0
5085,21980,78296,Brian Taylor,SDC,San Diego Clippers,0028000876,1981-03-19,SDC vs. GOS,W,0,7,,,0.0,,,1,2,0.5,,,,,,,,,15,,0
5086,21980,77264,Bernard King,GOS,Golden State Warriors,0028000876,1981-03-19,GOS @ SDC,L,0,6,,,0.0,,,3,5,0.6,,,,,,,,,15,,0
5087,21980,77829,Sam Pellom,ATL,Atlanta Hawks,0028000867,1981-03-18,ATL @ BOS,W,0,6,,,0.0,,,3,4,0.75,,,,,,,,,15,,0
5088,21980,77623,Paul Mokeski,DET,Detroit Pistons,0028000866,1981-03-18,DET vs. NJN,W,0,6,,,0.0,,,3,4,0.75,,,,,,,,,15,,0
5089,21980,78467,Kermit Washington,POR,Portland Trail Blazers,0028000864,1981-03-17,POR vs. SDC,W,0,7,,,0.0,,,1,2,0.5,,,,,,,,,15,,0
5090,21980,77498,Bob McAdoo,NJN,New Jersey Nets,0028000857,1981-03-17,NJN vs. PHL,W,0,7,,,0.0,,,1,3,0.333,,,,,,,,,15,,0
5091,21980,77175,Caldwell Jones,PHL,Philadelphia 76ers,0028000857,1981-03-17,PHL @ NJN,L,0,5,,,0.0,,,5,6,0.833,,,,,,,,,15,,0
5092,21980,78331,Mychal Thompson,POR,Portland Trail Blazers,0028000855,1981-03-15,POR vs. DAL,W,0,6,,,0.0,,,3,4,0.75,,,,,,,,,15,,0
5093,21980,77432,Ollie Mack,DAL,Dallas Mavericks,0028000855,1981-03-15,DAL @ POR,L,0,5,,,0.0,,,5,6,0.833,,,,,,,,,15,,0
5094,21980,100263,Bill Laimbeer,CLE,Cleveland Cavaliers,0028000853,1981-03-15,CLE @ WAS,W,0,6,,,0.0,,,3,7,0.429,,,,,,,,,15,,0
5095,21980,77547,Billy McKinney,DEN,Denver Nuggets,0028000852,1981-03-15,DEN vs. HOU,W,0,5,,,0.0,,,5,5,1.0,,,,,,,,,15,,0
5096,21980,76054,Nate Archibald,BOS,Boston Celtics,0028000850,1981-03-15,BOS vs. NJN,W,0,4,,,0.0,,,7,9,0.778,,,,,,,,,15,,0
5097,21980,78442,Wally Walker,SEA,Seattle SuperSonics,0028000849,1981-03-15,SEA @ MIL,L,0,6,,,0.0,,,3,6,0.5,,,,,,,,,15,,0
5098,21980,77160,Marques Johnson,MIL,Milwaukee Bucks,0028000849,1981-03-15,MIL vs. SEA,W,0,6,,,0.0,,,3,3,1.0,,,,,,,,,15,,0
5099,21980,76170,Otis Birdsong,KCK,Kansas City Kings,0028000854,1981-03-15,KCK vs. CHI,L,0,6,,,1.0,,,2,4,0.5,,,,,,,,,15,,0
5100,21980,77770,Louis Orr,IND,Indiana Pacers,0028000847,1981-03-14,IND vs. DET,L,0,6,,,0.0,,,3,4,0.75,,,,,,,,,15,,0
5101,21980,77484,Wes Matthews,ATL,Atlanta Hawks,0028000845,1981-03-14,ATL vs. CLE,L,0,5,,,0.0,,,5,7,0.714,,,,,,,,,15,,0
5102,21980,76971,Steve Hawes,ATL,Atlanta Hawks,0028000845,1981-03-14,ATL vs. CLE,L,0,6,,,0.0,,,3,3,1.0,,,,,,,,,15,,0
5103,21980,76272,Fred Brown,SEA,Seattle SuperSonics,0028000843,1981-03-13,SEA @ DET,W,0,5,,,0.0,,,5,6,0.833,,,,,,,,,15,,0
5104,21980,77553,Tom McMillen,ATL,Atlanta Hawks,0028000839,1981-03-13,ATL vs. DEN,W,0,7,,,0.0,,,1,2,0.5,,,,,,,,,15,,0
5105,21980,76362,Bill Cartwright,NYK,New York Knicks,0028000837,1981-03-13,NYK vs. CHI,W,0,5,,,0.0,,,5,6,0.833,,,,,,,,,15,,0
5106,21980,77193,Bobby Jones,PHL,Philadelphia 76ers,0028000836,1981-03-13,PHL @ MIL,L,0,5,,,0.0,,,5,6,0.833,,,,,,,,6.0,15,,0
5107,21980,76673,Alex English,DEN,Denver Nuggets,0028000835,1981-03-12,DEN @ MIL,L,0,7,,,0.0,,,1,2,0.5,,,,,,,,,15,,0
5108,21980,76483,Pat Cummings,MIL,Milwaukee Bucks,0028000835,1981-03-12,MIL vs. DEN,W,0,6,,,0.0,,,3,4,0.75,,,,,,,,,15,,0
5109,21980,76296,Quinn Buckner,MIL,Milwaukee Bucks,0028000835,1981-03-12,MIL vs. DEN,W,0,7,,,0.0,,,1,4,0.25,,,,,,,,,15,,0
5110,21980,76242,Mike Bratz,CLE,Cleveland Cavaliers,0028000831,1981-03-11,CLE vs. SEA,L,0,7,,,1.0,,,0,0,,,,,,,,,6.0,15,,0
5111,21980,76154,Kent Benson,DET,Detroit Pistons,0028000829,1981-03-11,DET vs. ATL,W,0,7,,,0.0,,,1,1,1.0,,,,,,,,,15,,0
5112,21980,77547,Billy McKinney,DEN,Denver Nuggets,0028000822,1981-03-10,DEN vs. POR,L,0,7,,,0.0,,,1,2,0.5,,,,,,,,,15,,0
5113,21980,76526,Johnny Davis,IND,Indiana Pacers,0028000825,1981-03-10,IND vs. PHL,L,0,6,,,1.0,,,2,2,1.0,,,,,,,,,15,,0
5114,21980,76453,Dave Corzine,SAN,San Antonio Spurs,0028000818,1981-03-08,SAN vs. DAL,W,0,7,,,0.0,,,1,1,1.0,,,,,,,,,15,,0
5115,21980,77324,Mitch Kupchak,WAS,Washington Bullets,0028000817,1981-03-08,WAS vs. CHI,W,0,7,,,0.0,,,1,2,0.5,,,,,,,,,15,,0
5116,21980,78481,Marvin Webster,NYK,New York Knicks,0028000816,1981-03-08,NYK @ BOS,L,0,6,,,0.0,,,3,4,0.75,,,,,,,,,15,,0
5117,21980,76830,Glen Gondrezick,DEN,Denver Nuggets,0028000813,1981-03-08,DEN @ IND,L,0,7,,,0.0,,,1,2,0.5,,,,,,,,,15,,0
5118,21980,77618,Steve Mix,PHL,Philadelphia 76ers,0028000811,1981-03-08,PHL vs. MIL,W,0,6,,,0.0,,,3,4,0.75,,,,,,,,,15,,0
5119,21980,76598,John Drew,ATL,Atlanta Hawks,0028000809,1981-03-07,ATL vs. HOU,W,0,5,,,0.0,,,5,5,1.0,,,,,,,,,15,,0
5120,21980,77689,Swen Nater,SDC,San Diego Clippers,0028000808,1981-03-07,SDC @ UTH,L,0,5,,,0.0,,,5,6,0.833,,,,,,,,,15,,0
5121,21980,77800,Sonny Parker,GOS,Golden State Warriors,0028000803,1981-03-06,GOS vs. DAL,W,0,5,,,0.0,,,5,6,0.833,,,,,,,,,15,,0
5122,21980,1450,Kevin McHale,BOS,Boston Celtics,0028000800,1981-03-06,BOS @ IND,L,0,7,,,0.0,,,1,2,0.5,,,,,,,,,15,,0
5123,21980,76822,Mike Glenn,NYK,New York Knicks,0028000799,1981-03-06,NYK vs. MIL,L,0,7,,,1.0,,,0,0,,,,,,,,,,15,,0
5124,21980,77144,Eddie Johnson,ATL,Atlanta Hawks,0028000797,1981-03-05,ATL @ MIL,L,0,5,,,0.0,,,5,9,0.556,,,,,,,,,15,,0
5125,21980,77071,Phil Hubbard,DET,Detroit Pistons,0028000795,1981-03-05,DET vs. NYK,L,0,7,,,0.0,,,1,1,1.0,,,,,,,,,15,,0
5126,21980,76881,David Greenwood,CHI,Chicago Bulls,0028000792,1981-03-04,CHI @ PHL,W,0,5,,,0.0,,,5,6,0.833,,,,,,,,,15,,0
5127,21980,78139,Purvis Short,GOS,Golden State Warriors,0028000790,1981-03-04,GOS vs. UTH,W,0,5,,,0.0,,,5,7,0.714,,,,,,,,,15,,0
5128,21980,76887,Kevin Grevey,WAS,Washington Bullets,0028000787,1981-03-04,WAS @ SDC,W,0,7,,,0.0,,,1,1,1.0,,,,,,,,,15,,0
5129,21980,76418,Don Collins,WAS,Washington Bullets,0028000787,1981-03-04,WAS @ SDC,W,0,6,,,0.0,,,3,3,1.0,,,,,,,,,15,,0
5130,21980,77721,Norm Nixon,LAL,Los Angeles Lakers,0028000786,1981-03-04,LAL @ DEN,L,0,6,,,0.0,,,3,3,1.0,,,,,,,,,15,,0
5131,21980,229,James Edwards,IND,Indiana Pacers,0028000779,1981-03-03,IND @ POR,L,0,6,,,0.0,,,3,5,0.6,,,,,,,,,15,,0
5132,21980,77996,Wayne Robinson,DET,Detroit Pistons,0028000777,1981-03-01,DET @ NJN,W,0,5,,,0.0,,,5,6,0.833,,,,,,,,,15,,0
5133,21980,600005,Bob Lanier,MIL,Milwaukee Bucks,0028000774,1981-03-01,MIL vs. WAS,W,0,6,,,0.0,,,3,6,0.5,,,,,,,,,15,,0
5134,21980,77324,Mitch Kupchak,WAS,Washington Bullets,0028000774,1981-03-01,WAS @ MIL,L,0,5,,,0.0,,,5,6,0.833,,,,,,,,,15,,0
5135,21980,76979,Elvin Hayes,WAS,Washington Bullets,0028000774,1981-03-01,WAS @ MIL,L,0,6,,,0.0,,,3,4,0.75,,,,,,,,,15,,0
5136,21980,77229,Clarence Kea,DAL,Dallas Mavericks,0028000772,1981-03-01,DAL vs. SDC,W,0,4,,,0.0,,,7,9,0.778,,,,,,,,,15,,0
5137,21980,78149,Jack Sikma,SEA,Seattle SuperSonics,0028000771,1981-03-01,SEA @ ATL,L,0,7,,,0.0,,,1,3,0.333,,,,,,,,,15,,0
5138,21980,78600,Brian Winters,MIL,Milwaukee Bucks,0028000774,1981-03-01,MIL vs. WAS,W,0,6,,,1.0,,,2,2,1.0,,,,,,,,,15,,0
5139,21980,77353,Allen Leavell,HOU,Houston Rockets,0028000763,1981-02-27,HOU vs. SEA,W,0,6,,,0.0,,,3,4,0.75,,,,,,,,,15,,0
5140,21980,76085,James Bailey,SEA,Seattle SuperSonics,0028000757,1981-02-26,SEA @ SAN,L,0,4,,,0.0,,,7,7,1.0,,,,,,,,6.0,15,,0
5141,21980,77449,Moses Malone,HOU,Houston Rockets,0028000755,1981-02-25,HOU vs. IND,W,0,5,,,0.0,,,5,6,0.833,,,,,,,,,15,,0
5142,21980,78600,Brian Winters,MIL,Milwaukee Bucks,0028000753,1981-02-25,MIL vs. LAL,W,0,7,,,0.0,,,1,1,1.0,,,,,,,,,15,,0
5143,21980,78532,Jamaal Wilkes,LAL,Los Angeles Lakers,0028000753,1981-02-25,LAL @ MIL,L,0,6,,,0.0,,,3,3,1.0,,,,,,,,,15,,0
5144,21980,77168,Mickey Johnson,MIL,Milwaukee Bucks,0028000753,1981-02-25,MIL vs. LAL,W,0,6,,,0.0,,,3,4,0.75,,,,,,,,,15,,0
5145,21980,77160,Marques Johnson,MIL,Milwaukee Bucks,0028000753,1981-02-25,MIL vs. LAL,W,0,7,,,0.0,,,1,1,1.0,,,,,,,,,15,,0
5146,21980,76418,Don Collins,ATL,Atlanta Hawks,0028000749,1981-02-24,ATL vs. NYK,L,0,5,,,,,,5,6,0.833,,,,,,,,,15,,0
5147,21980,78222,Jim Spanarkel,DAL,Dallas Mavericks,0028000745,1981-02-24,DAL vs. SEA,L,0,6,,,0.0,,,3,4,0.75,,,,,,,,,15,,0
5148,21980,77819,Jim Paxson,POR,Portland Trail Blazers,0028000742,1981-02-22,POR @ IND,W,0,5,,,0.0,,,5,6,0.833,,,,,,,,,15,,0
5149,21980,76272,Fred Brown,SEA,Seattle SuperSonics,0028000740,1981-02-22,SEA vs. HOU,L,0,7,,,0.0,,,1,1,1.0,,,,,,,,,15,,0
5150,21980,78047,Campy Russell,NYK,New York Knicks,0028000739,1981-02-22,NYK vs. LAL,L,0,7,,,0.0,,,1,2,0.5,,,,,,,,,15,,0
5151,21980,77689,Swen Nater,SDC,San Diego Clippers,0028000738,1981-02-22,SDC vs. UTH,W,0,5,,,0.0,,,5,7,0.714,,,,,,,,,15,,0
5152,21980,77056,Cedrick Hordges,DEN,Denver Nuggets,0028000737,1981-02-22,DEN @ SAN,L,0,7,,,0.0,,,1,3,0.333,,,,,,,,,15,,0
5153,21980,76353,Joe Barry Carroll,GOS,Golden State Warriors,0028000736,1981-02-22,GOS vs. KCK,W,0,6,,,0.0,,,3,6,0.5,,,,,,,,,15,,0
5154,21980,76971,Steve Hawes,ATL,Atlanta Hawks,0028000735,1981-02-22,ATL @ CHI,W,0,6,,,0.0,,,3,3,1.0,,,,,,,,,15,,0
5155,21980,78482,Scott Wedman,KCK,Kansas City Kings,0028000736,1981-02-22,KCK @ GOS,L,0,6,,,1.0,,,2,3,0.667,,,,,,,,,15,,0
5156,21980,76899,Ernie Grunfeld,KCK,Kansas City Kings,0028000732,1981-02-21,KCK @ DEN,L,0,6,,,0.0,,,3,3,1.0,,,,,,,,,15,,0
5157,21980,78195,Larry Smith,GOS,Golden State Warriors,0028000729,1981-02-20,GOS vs. SDC,L,0,5,,,0.0,,,5,9,0.556,,,,,,,,,15,,0
5158,21980,600005,Bob Lanier,MIL,Milwaukee Bucks,0028000728,1981-02-20,MIL @ KCK,L,0,6,,,0.0,,,3,3,1.0,,,,,,,,,15,,0
5159,21980,78331,Mychal Thompson,POR,Portland Trail Blazers,0028000727,1981-02-20,POR @ NJN,L,0,6,,,0.0,,,3,7,0.429,,,,,,,,,15,,0
5160,21980,77936,Robert Reid,HOU,Houston Rockets,0028000723,1981-02-20,HOU @ LAL,W,0,7,,,0.0,,,1,3,0.333,,,,,,,,,15,,0
5161,21980,76350,Kenny Carr,CLE,Cleveland Cavaliers,0028000720,1981-02-19,CLE vs. SAN,W,0,5,,,0.0,,,5,8,0.625,,,,,,,,,15,,0
5162,21980,77819,Jim Paxson,POR,Portland Trail Blazers,0028000718,1981-02-19,POR @ DET,W,0,5,,,0.0,,,5,10,0.5,,,,,,,,,15,,0
5163,21980,78199,Phil Smith,SDC,San Diego Clippers,0028000717,1981-02-19,SDC vs. HOU,W,0,6,,,0.0,,,3,4,0.75,,,,,,,,,15,,0
5164,21980,76350,Kenny Carr,CLE,Cleveland Cavaliers,0028000716,1981-02-18,CLE @ NJN,L,0,5,,,0.0,,,5,5,1.0,,,,,,,,,15,,0
5165,21980,940,Earl Cureton,PHL,Philadelphia 76ers,0028000715,1981-02-18,PHL vs. DET,W,0,6,,,0.0,,,3,5,0.6,,,,,,,,,15,,0
5166,21980,77246,Larry Kenon,CHI,Chicago Bulls,0028000714,1981-02-18,CHI @ GOS,L,0,5,,,0.0,,,5,8,0.625,,,,,,,,,15,,0
5167,21980,78149,Jack Sikma,SEA,Seattle SuperSonics,0028000713,1981-02-18,SEA vs. NYK,L,0,5,,,0.0,,,5,6,0.833,,,,,,,,,15,,0
5168,21980,77290,Billy Knight,IND,Indiana Pacers,0028000711,1981-02-18,IND vs. ATL,L,0,7,,,0.0,,,1,2,0.5,,,,,,,,,15,,0
5169,21980,77144,Eddie Johnson,ATL,Atlanta Hawks,0028000711,1981-02-18,ATL @ IND,W,0,6,,,0.0,,,3,4,0.75,,,,,,,,,15,,0
5170,21980,78548,Freeman Williams,SDC,San Diego Clippers,0028000708,1981-02-17,SDC vs. CHI,W,0,5,,,1.0,,,4,4,1.0,,,,,,,,,15,,0
5171,21980,76979,Elvin Hayes,WAS,Washington Bullets,0028000707,1981-02-17,WAS vs. POR,L,0,6,,,0.0,,,3,6,0.5,,,,,,,,,15,,0
5172,21980,76890,Darrell Griffith,UTH,Utah Jazz,0028000699,1981-02-15,UTH @ POR,L,0,5,,,1.0,,,4,6,0.667,,,,,,,,,15,,0
5173,21980,77152,John Johnson,SEA,Seattle SuperSonics,0028000693,1981-02-14,SEA @ CHI,L,0,5,,,0.0,,,5,5,1.0,,,,,,,,,15,,0
5174,21980,78150,James Silas,SAN,San Antonio Spurs,0028000692,1981-02-14,SAN @ DAL,W,0,5,,,0.0,,,5,6,0.833,,,,,,,,,15,,0
5175,21980,77936,Robert Reid,HOU,Houston Rockets,0028000689,1981-02-14,HOU vs. MIL,L,0,3,,,0.0,,,9,11,0.818,,,,,,,,,15,,0
5176,21980,77819,Jim Paxson,POR,Portland Trail Blazers,0028000688,1981-02-13,POR @ DEN,L,0,7,,,0.0,,,1,2,0.5,,,,,,,,,15,,0
5177,21980,77547,Billy McKinney,DEN,Denver Nuggets,0028000688,1981-02-13,DEN vs. POR,W,0,7,,,0.0,,,1,1,1.0,,,,,,,,,15,,0
5178,21980,77993,Truck Robinson,PHX,Phoenix Suns,0028000687,1981-02-13,PHX vs. SDC,W,0,6,,,0.0,,,3,4,0.75,,,,,,,,,15,,0
5179,21980,76252,Junior Bridgeman,MIL,Milwaukee Bucks,0028000686,1981-02-13,MIL vs. GOS,L,0,5,,,0.0,,,5,6,0.833,,,,,,,,,15,,0
5180,21980,78014,Tree Rollins,ATL,Atlanta Hawks,0028000682,1981-02-13,ATL @ KCK,L,0,6,,,0.0,,,3,4,0.75,,,,,,,,,15,,0
5181,21980,76317,Don Buse,IND,Indiana Pacers,0028000671,1981-02-11,IND vs. MIL,L,0,6,,,2.0,,,1,2,0.5,,,,,,,,,15,,0
5182,21980,77193,Bobby Jones,PHL,Philadelphia 76ers,0028000676,1981-02-11,PHL vs. CLE,W,0,5,,,0.0,,,5,5,1.0,,,,,,,,,15,,0
5183,21980,76656,Bob Elliott,NJN,New Jersey Nets,0028000674,1981-02-11,NJN vs. CHI,W,0,4,,,0.0,,,7,8,0.875,,,,,,,,,15,,0
5184,21980,78577,Bill Willoughby,HOU,Houston Rockets,0028000673,1981-02-11,HOU vs. SAN,W,0,7,,,0.0,,,1,2,0.5,,,,,,,,,15,,0
5185,21980,76272,Fred Brown,SEA,Seattle SuperSonics,0028000665,1981-02-10,SEA vs. BOS,W,0,7,,,1.0,,,0,0,,,,,,,,,,15,,0
5186,21980,78390,Terry Tyler,DET,Detroit Pistons,0028000663,1981-02-08,DET vs. IND,L,0,7,,,0.0,,,1,2,0.5,,,,,,,,,15,,0
5187,21980,77689,Swen Nater,SDC,San Diego Clippers,0028000662,1981-02-08,SDC @ BOS,L,0,5,,,0.0,,,5,6,0.833,,,,,,,,,15,,0
5188,21980,78215,Ricky Sobers,CHI,Chicago Bulls,0028000660,1981-02-08,CHI @ MIL,L,0,7,,,0.0,,,1,1,1.0,,,,,,,,,15,,0
5189,21980,77168,Mickey Johnson,MIL,Milwaukee Bucks,0028000660,1981-02-08,MIL vs. CHI,W,0,5,,,0.0,,,5,5,1.0,,,,,,,,6.0,15,,0
5190,21980,78222,Jim Spanarkel,DAL,Dallas Mavericks,0028000656,1981-02-08,DAL @ SAN,L,0,3,,,0.0,,,9,9,1.0,,,,,,,,,15,,0
5191,21980,77997,Bill Robinzine,DAL,Dallas Mavericks,0028000656,1981-02-08,DAL @ SAN,L,0,6,,,0.0,,,3,3,1.0,,,,,,,,,15,,0
5192,21980,77396,Scott Lloyd,DAL,Dallas Mavericks,0028000656,1981-02-08,DAL @ SAN,L,0,6,,,0.0,,,3,4,0.75,,,,,,,,,15,,0
5193,21980,76249,Ron Brewer,SAN,San Antonio Spurs,0028000656,1981-02-08,SAN vs. DAL,W,0,7,,,0.0,,,1,2,0.5,,,,,,,,,15,,0
5194,21980,77193,Bobby Jones,PHL,Philadelphia 76ers,0028000655,1981-02-08,PHL vs. LAL,W,0,6,,,0.0,,,3,4,0.75,,,,,,,,,15,,0
5195,21980,76085,James Bailey,SEA,Seattle SuperSonics,0028000653,1981-02-07,SEA vs. UTH,W,0,5,,,0.0,,,5,5,1.0,,,,,,,,,15,,0
5196,21980,77449,Moses Malone,HOU,Houston Rockets,0028000651,1981-02-07,HOU vs. ATL,W,0,5,,,0.0,,,5,6,0.833,,,,,,,,,15,,0
5197,21980,76616,Mike Dunleavy,HOU,Houston Rockets,0028000651,1981-02-07,HOU vs. ATL,W,0,6,,,0.0,,,3,3,1.0,,,,,,,,,15,,0
5198,21980,78390,Terry Tyler,DET,Detroit Pistons,0028000648,1981-02-07,DET @ CHI,L,0,6,,,0.0,,,3,5,0.6,,,,,,,,,15,,0
5199,21980,78326,David Thompson,DEN,Denver Nuggets,0028000647,1981-02-06,DEN @ UTH,W,0,6,,,0.0,,,3,4,0.75,,,,,,,,,15,,0
5200,21980,76881,David Greenwood,CHI,Chicago Bulls,0028000645,1981-02-06,CHI vs. NYK,L,0,6,,,0.0,,,3,6,0.5,,,,,,,,,15,,0
5201,21980,77819,Jim Paxson,POR,Portland Trail Blazers,0028000644,1981-02-06,POR @ SAN,L,0,7,,,0.0,,,1,1,1.0,,,,,,,,,15,,0
5202,21980,1381,John Long,DET,Detroit Pistons,0028000643,1981-02-06,DET vs. LAL,L,0,7,,,0.0,,,1,2,0.5,,,,,,,,,15,,0
5203,21980,78222,Jim Spanarkel,DAL,Dallas Mavericks,0028000641,1981-02-06,DAL vs. ATL,L,0,4,,,0.0,,,7,7,1.0,,,,,,,,,15,,0
5204,21980,77328,Tom LaGarde,DAL,Dallas Mavericks,0028000641,1981-02-06,DAL vs. ATL,L,0,6,,,0.0,,,3,9,0.333,,,,,,,,,15,,0
5205,21980,76598,John Drew,ATL,Atlanta Hawks,0028000641,1981-02-06,ATL @ DAL,W,0,5,,,0.0,,,5,6,0.833,,,,,,,,6.0,15,,0
5206,21980,76516,Brad Davis,DAL,Dallas Mavericks,0028000641,1981-02-06,DAL vs. ATL,L,0,6,,,0.0,,,3,4,0.75,,,,,,,,,15,,0
5207,21980,76733,Chris Ford,BOS,Boston Celtics,0028000640,1981-02-06,BOS vs. IND,W,0,7,,,0.0,,,1,1,1.0,,,,,,,,,15,,0
5208,21980,76296,Quinn Buckner,MIL,Milwaukee Bucks,0028000637,1981-02-06,MIL @ CLE,W,0,7,,,0.0,,,1,4,0.25,,,,,,,,,15,,0
5209,21980,77819,Jim Paxson,POR,Portland Trail Blazers,0028000635,1981-02-04,POR @ GOS,L,0,7,,,0.0,,,1,1,1.0,,,,,,,,,15,,0
5210,21980,77669,Calvin Murphy,HOU,Houston Rockets,0028000632,1981-02-04,HOU vs. DAL,W,0,5,,,0.0,,,5,5,1.0,,,,,,,,,15,,0
5211,21980,77993,Truck Robinson,PHX,Phoenix Suns,0028000630,1981-02-04,PHX vs. UTH,W,0,7,,,0.0,,,1,2,0.5,,,,,,,,,15,,0
5212,21980,77175,Caldwell Jones,PHL,Philadelphia 76ers,0028000629,1981-02-04,PHL vs. BOS,W,0,3,,,0.0,,,9,11,0.818,,,,,,,,,15,,0
5213,21980,78500,Paul Westphal,SEA,Seattle SuperSonics,0028000628,1981-02-04,SEA vs. WAS,W,0,5,,,0.0,,,5,6,0.833,,,,,,,,,15,,0
5214,21980,78468,Richard Washington,CLE,Cleveland Cavaliers,0028000627,1981-02-04,CLE vs. CHI,L,0,7,,,0.0,,,1,1,1.0,,,,,,,,,15,,0
5215,21980,77097,Dan Issel,DEN,Denver Nuggets,0028000622,1981-02-03,DEN @ HOU,L,0,6,,,0.0,,,3,5,0.6,,,,,,,,6.0,15,,0
5216,21980,78600,Brian Winters,MIL,Milwaukee Bucks,0028000623,1981-02-03,MIL vs. IND,L,0,7,,,1.0,,,0,0,,,,,,,,,,15,,0
5217,21980,77626,Sidney Moncrief,MIL,Milwaukee Bucks,0028000614,1981-01-29,MIL @ DEN,L,0,6,,,1.0,,,2,2,1.0,,,,,,,,,15,,0
5218,21980,76054,Nate Archibald,BOS,Boston Celtics,0028000616,1981-01-29,BOS @ CHI,L,0,3,,,0.0,,,9,9,1.0,,,,,,,,,15,,0
5219,21980,77097,Dan Issel,DEN,Denver Nuggets,0028000614,1981-01-29,DEN vs. MIL,W,0,4,,,0.0,,,7,8,0.875,,,,,,,,,15,,0
5220,21980,77163,Reggie Johnson,SAN,San Antonio Spurs,0028000612,1981-01-29,SAN vs. NJN,W,0,6,,,0.0,,,3,4,0.75,,,,,,,,6.0,15,,0
5221,21980,76362,Bill Cartwright,NYK,New York Knicks,0028000611,1981-01-29,NYK @ ATL,W,0,7,,,0.0,,,1,2,0.5,,,,,,,,,15,,0
5222,21980,78139,Purvis Short,GOS,Golden State Warriors,0028000605,1981-01-28,GOS @ IND,L,0,6,,,1.0,,,2,3,0.667,,,,,,,,,15,,0
5223,21980,78442,Wally Walker,SEA,Seattle SuperSonics,0028000609,1981-01-28,SEA vs. MIL,L,0,7,,,0.0,,,1,3,0.333,,,,,,,,,15,,0
5224,21980,1453,Walter Davis,PHX,Phoenix Suns,0028000608,1981-01-28,PHX @ WAS,L,0,5,,,0.0,,,5,5,1.0,,,,,,,,,15,,0
5225,21980,76231,Dudley Bradley,IND,Indiana Pacers,0028000605,1981-01-28,IND vs. GOS,W,0,7,,,0.0,,,1,1,1.0,,,,,,,,,15,,0
5226,21980,76353,Joe Barry Carroll,GOS,Golden State Warriors,0028000604,1981-01-27,GOS @ CHI,L,0,6,,,0.0,,,3,4,0.75,,,,,,,,6.0,15,,0
5227,21980,77998,Dave Robisch,DEN,Denver Nuggets,0028000599,1981-01-27,DEN vs. DET,W,0,5,,,0.0,,,5,6,0.833,,,,,,,,,15,,0
5228,21980,77071,Phil Hubbard,DET,Detroit Pistons,0028000594,1981-01-26,DET @ UTH,L,0,5,,,0.0,,,5,7,0.714,,,,,,,,,15,,0
5229,21980,76826,Mike Gminski,NJN,New Jersey Nets,0028000591,1981-01-25,NJN vs. WAS,L,0,6,,,0.0,,,3,3,1.0,,,,,,,,,15,,0
5230,21980,76681,Julius Erving,PHL,Philadelphia 76ers,0028000590,1981-01-25,PHL vs. PHX,W,0,6,,,0.0,,,3,4,0.75,,,,,,,,,15,,0
5231,21980,77328,Tom LaGarde,DAL,Dallas Mavericks,0028000586,1981-01-24,DAL @ IND,L,0,5,,,0.0,,,5,7,0.714,,,,,,,,,15,,0
5232,21980,77756,Mark Olberding,SAN,San Antonio Spurs,0028000583,1981-01-24,SAN @ DEN,L,0,6,,,0.0,,,3,3,1.0,,,,,,,,,15,,0
5233,21980,76418,Don Collins,WAS,Washington Bullets,0028000577,1981-01-23,WAS vs. SEA,W,0,7,,,0.0,,,1,2,0.5,,,,,,,,,15,,0
5234,21980,77328,Tom LaGarde,DAL,Dallas Mavericks,0028000582,1981-01-23,DAL @ CHI,L,0,6,,,0.0,,,3,5,0.6,,,,,,,,,15,,0
5235,21980,76881,David Greenwood,CHI,Chicago Bulls,0028000582,1981-01-23,CHI vs. DAL,W,0,5,,,0.0,,,5,6,0.833,,,,,,,,,15,,0
5236,21980,77873,Ben Poquette,UTH,Utah Jazz,0028000578,1981-01-23,UTH vs. GOS,L,0,7,,,0.0,,,1,1,1.0,,,,,,,,,15,,0
5237,21980,76353,Joe Barry Carroll,GOS,Golden State Warriors,0028000578,1981-01-23,GOS @ UTH,W,0,5,,,0.0,,,5,6,0.833,,,,,,,,,15,,0
5238,21980,78068,Dewayne Scales,NYK,New York Knicks,0028000574,1981-01-23,NYK @ POR,L,0,6,,,0.0,,,3,4,0.75,,,,,,,,,15,,0
5239,21980,77532,George McGinnis,IND,Indiana Pacers,0028000575,1981-01-23,IND @ BOS,L,0,6,,,0.0,,,3,6,0.5,,,,,,,,,15,,0
5240,21980,76526,Johnny Davis,IND,Indiana Pacers,0028000575,1981-01-23,IND @ BOS,L,0,5,,,0.0,,,5,5,1.0,,,,,,,,,15,,0
5241,21980,77162,Ollie Johnson,PHL,Philadelphia 76ers,0028000573,1981-01-22,PHL @ WAS,W,0,7,,,0.0,,,1,1,1.0,,,,,,,,,15,,0
5242,21980,77246,Larry Kenon,CHI,Chicago Bulls,0028000570,1981-01-22,CHI @ DET,W,0,7,,,0.0,,,1,1,1.0,,,,,,,,,15,,0
5243,21980,77633,Johnny Moore,SAN,San Antonio Spurs,0028000569,1981-01-21,SAN @ KCK,L,0,6,,,0.0,,,3,3,1.0,,,,,,,,,15,,0
5244,21980,77326,Sam Lacey,KCK,Kansas City Kings,0028000569,1981-01-21,KCK vs. SAN,W,0,7,,,0.0,,,1,2,0.5,,,,,,,,,15,,0
5245,21980,229,James Edwards,IND,Indiana Pacers,0028000568,1981-01-21,IND @ PHL,L,0,4,,,0.0,,,7,8,0.875,,,,,,,,,15,,0
5246,21980,77167,Vinnie Johnson,SEA,Seattle SuperSonics,0028000562,1981-01-21,SEA @ NJN,L,0,4,,,0.0,,,7,8,0.875,,,,,,,,,15,,0
5247,21980,76085,James Bailey,SEA,Seattle SuperSonics,0028000562,1981-01-21,SEA @ NJN,L,0,4,,,0.0,,,7,9,0.778,,,,,,,,6.0,15,,0
5248,21980,305,Robert Parish,BOS,Boston Celtics,0028000565,1981-01-21,BOS vs. UTH,W,0,7,,,0.0,,,1,2,0.5,,,,,,,,,15,,0
5249,21980,76054,Nate Archibald,BOS,Boston Celtics,0028000565,1981-01-21,BOS vs. UTH,W,0,5,,,0.0,,,5,6,0.833,,,,,,,,,15,,0
5250,21980,76121,Billyray Bates,POR,Portland Trail Blazers,0028000559,1981-01-20,POR @ CLE,L,0,5,,,1.0,,,4,4,1.0,,,,,,,,,15,,0
5251,21980,77328,Tom LaGarde,DAL,Dallas Mavericks,0028000557,1981-01-20,DAL vs. KCK,L,0,7,,,0.0,,,1,2,0.5,,,,,,,,,15,,0
5252,21980,78068,Dewayne Scales,NYK,New York Knicks,0028000555,1981-01-20,NYK vs. SEA,W,0,7,,,0.0,,,1,2,0.5,,,,,,,,,15,,0
5253,21980,77952,Micheal Ray Richardson,NYK,New York Knicks,0028000555,1981-01-20,NYK vs. SEA,W,0,7,,,0.0,,,1,3,0.333,,,,,,,,,15,,0
5254,21980,76085,James Bailey,SEA,Seattle SuperSonics,0028000555,1981-01-20,SEA @ NYK,L,0,6,,,0.0,,,3,5,0.6,,,,,,,,,15,,0
5255,21980,78548,Freeman Williams,SDC,San Diego Clippers,0028000552,1981-01-18,SDC vs. DAL,W,0,5,,,2.0,,,3,3,1.0,,,,,,,,,15,,0
5256,21980,76266,Michael Brooks,SDC,San Diego Clippers,0028000552,1981-01-18,SDC vs. DAL,W,0,6,,,0.0,,,3,4,0.75,,,,,,,,,15,,0
5257,21980,77160,Marques Johnson,MIL,Milwaukee Bucks,0028000550,1981-01-18,MIL vs. POR,W,0,7,,,0.0,,,1,3,0.333,,,,,,,,,15,,0
5258,21980,78149,Jack Sikma,SEA,Seattle SuperSonics,0028000548,1981-01-18,SEA @ PHL,L,0,5,,,0.0,,,5,5,1.0,,,,,,,,,15,,0
5259,21980,77290,Billy Knight,IND,Indiana Pacers,0028000547,1981-01-18,IND vs. UTH,W,0,6,,,1.0,,,2,2,1.0,,,,,,,,,15,,0
5260,21980,76362,Bill Cartwright,NYK,New York Knicks,0028000541,1981-01-17,NYK @ HOU,W,0,7,,,0.0,,,1,1,1.0,,,,,,,,,15,,0
5261,21980,77071,Phil Hubbard,DET,Detroit Pistons,0028000543,1981-01-17,DET vs. NJN,L,0,6,,,0.0,,,3,4,0.75,,,,,,,,6.0,15,,0
5262,21980,77876,Kevin Porter,WAS,Washington Bullets,0028000542,1981-01-17,WAS vs. SAN,W,0,6,,,0.0,,,3,3,1.0,,,,,,,,,15,,0
5263,21980,77353,Allen Leavell,HOU,Houston Rockets,0028000536,1981-01-16,HOU @ PHX,L,0,7,,,0.0,,,1,2,0.5,,,,,,,,,15,,0
5264,21980,77071,Phil Hubbard,DET,Detroit Pistons,0028000530,1981-01-15,DET vs. WAS,L,0,7,,,0.0,,,1,1,1.0,,,,,,,,6.0,15,,0
5265,21980,76539,Darryl Dawkins,PHL,Philadelphia 76ers,0028000525,1981-01-14,PHL vs. NJN,W,0,6,,,0.0,,,3,5,0.6,,,,,,,,,15,,0
5266,21980,77308,Joel Kramer,PHX,Phoenix Suns,0028000521,1981-01-14,PHX vs. DEN,W,0,6,,,0.0,,,3,4,0.75,,,,,,,,,15,,0
5267,21980,1381,John Long,DET,Detroit Pistons,0028000517,1981-01-13,DET vs. MIL,L,0,6,,,0.0,,,3,3,1.0,,,,,,,,,15,,0
5268,21980,78532,Jamaal Wilkes,LAL,Los Angeles Lakers,0028000516,1981-01-13,LAL @ CLE,W,0,5,,,0.0,,,5,7,0.714,,,,,,,,,15,,0
5269,21980,77615,Mike Mitchell,CLE,Cleveland Cavaliers,0028000516,1981-01-13,CLE vs. LAL,L,0,6,,,0.0,,,3,5,0.6,,,,,,,,,15,,0
5270,21980,76290,Joe Bryant,SDC,San Diego Clippers,0028000508,1981-01-11,SDC @ KCK,W,0,6,,,0.0,,,3,4,0.75,,,,,,,,,15,,0
5271,21980,76887,Kevin Grevey,WAS,Washington Bullets,0028000510,1981-01-11,WAS @ SAN,L,0,7,,,1.0,,,0,0,,,,,,,,,,15,,0
5272,21980,77975,Anthony Roberts,WAS,Washington Bullets,0028000506,1981-01-10,WAS @ DAL,W,0,6,,,0.0,,,3,3,1.0,,,,,,,,,15,,0
5273,21980,76944,Bill Hanzlik,SEA,Seattle SuperSonics,0028000500,1981-01-10,SEA vs. DEN,W,0,6,,,0.0,,,3,4,0.75,,,,,,,,,15,,0
5274,21980,77167,Vinnie Johnson,SEA,Seattle SuperSonics,0028000496,1981-01-09,SEA @ LAL,L,0,7,,,0.0,,,1,1,1.0,,,,,,,,,15,,0
5275,21980,76539,Darryl Dawkins,PHL,Philadelphia 76ers,0028000495,1981-01-09,PHL vs. HOU,W,0,6,,,0.0,,,3,3,1.0,,,,,,,,,15,,0
5276,21980,305,Robert Parish,BOS,Boston Celtics,0028000494,1981-01-09,BOS vs. CHI,W,0,5,,,0.0,,,5,6,0.833,,,,,,,,,15,,0
5277,21980,76436,Jeff Cook,PHX,Phoenix Suns,0028000493,1981-01-09,PHX @ NJN,W,0,6,,,0.0,,,3,3,1.0,,,,,,,,,15,,0
5278,21980,77626,Sidney Moncrief,MIL,Milwaukee Bucks,0028000489,1981-01-08,MIL vs. ATL,W,0,5,,,0.0,,,5,6,0.833,,,,,,,,,15,,0
5279,21980,76971,Steve Hawes,ATL,Atlanta Hawks,0028000489,1981-01-08,ATL @ MIL,L,0,6,,,0.0,,,3,4,0.75,,,,,,,,,15,,0
5280,21980,229,James Edwards,IND,Indiana Pacers,0028000488,1981-01-08,IND @ NYK,W,0,6,,,0.0,,,3,3,1.0,,,,,,,,,15,,0
5281,21980,77484,Wes Matthews,WAS,Washington Bullets,0028000491,1981-01-08,WAS @ KCK,L,0,7,,,1.0,,,0,0,,,,,,,,,,15,,0
5282,21980,76283,Rickey Brown,GOS,Golden State Warriors,0028000481,1981-01-07,GOS vs. DAL,L,0,7,,,0.0,,,1,2,0.5,,,,,,,,6.0,15,,0
5283,21980,78392,Wes Unseld,WAS,Washington Bullets,0028000480,1981-01-06,WAS @ LAL,L,0,7,,,0.0,,,1,2,0.5,,,,,,,,,15,,0
5284,21980,76392,Jim Chones,LAL,Los Angeles Lakers,0028000480,1981-01-06,LAL vs. WAS,W,0,5,,,0.0,,,5,6,0.833,,,,,,,,,15,,0
5285,21980,76121,Billyray Bates,POR,Portland Trail Blazers,0028000479,1981-01-06,POR vs. DET,W,0,6,,,0.0,,,3,3,1.0,,,,,,,,,15,,0
5286,21980,76526,Johnny Davis,IND,Indiana Pacers,0028000471,1981-01-04,IND @ NJN,W,0,6,,,0.0,,,3,3,1.0,,,,,,,,,15,,0
5287,21980,77848,Roger Phegley,CLE,Cleveland Cavaliers,0028000466,1981-01-03,CLE vs. WAS,W,0,7,,,0.0,,,1,3,0.333,,,,,,,,,15,,0
5288,21980,78310,Reggie Theus,CHI,Chicago Bulls,0028000462,1981-01-02,CHI @ WAS,W,0,6,,,0.0,,,3,4,0.75,,,,,,,,,15,,0
5289,21980,77490,Scott May,CHI,Chicago Bulls,0028000462,1981-01-02,CHI @ WAS,W,0,7,,,0.0,,,1,1,1.0,,,,,,,,,15,,0
5290,21980,78614,Mike Woodson,NYK,New York Knicks,0028000461,1981-01-02,NYK @ DET,L,0,7,,,0.0,,,1,3,0.333,,,,,,,,,15,,0
5291,21980,77498,Bob McAdoo,DET,Detroit Pistons,0028000461,1981-01-02,DET vs. NYK,W,0,7,,,0.0,,,1,3,0.333,,,,,,,,,15,,0
5292,21980,76656,Bob Elliott,NJN,New Jersey Nets,0028000460,1981-01-02,NJN vs. CLE,L,0,7,,,0.0,,,1,2,0.5,,,,,,,,6.0,15,,0
5293,21980,76350,Kenny Carr,CLE,Cleveland Cavaliers,0028000460,1981-01-02,CLE @ NJN,W,0,6,,,0.0,,,3,5,0.6,,,,,,,,,15,,0
5294,21980,76526,Johnny Davis,IND,Indiana Pacers,0028000459,1981-01-02,IND @ ATL,W,0,7,,,0.0,,,1,2,0.5,,,,,,,,,15,,0
5295,21980,77235,Rich Kelley,PHX,Phoenix Suns,0028000458,1981-01-02,PHX @ DEN,W,0,6,,,0.0,,,3,6,0.5,,,,,,,,,15,,0
5296,21980,78532,Jamaal Wilkes,LAL,Los Angeles Lakers,0028000454,1981-01-02,LAL @ SAN,L,0,5,,,0.0,,,5,6,0.833,,,,,,,,,15,,0
5297,21980,77633,Johnny Moore,SAN,San Antonio Spurs,0028000454,1981-01-02,SAN vs. LAL,W,0,4,,,0.0,,,7,11,0.636,,,,,,,,,15,,0
5298,21980,77010,Keith Herron,DET,Detroit Pistons,0028000448,1980-12-30,DET @ ATL,L,0,4,,,0.0,,,7,9,0.778,,,,,,,,,15,,0
5299,21980,77163,Reggie Johnson,SAN,San Antonio Spurs,0028000445,1980-12-30,SAN vs. SEA,W,0,6,,,0.0,,,3,4,0.75,,,,,,,,,15,,0
5300,21980,77246,Larry Kenon,CHI,Chicago Bulls,0028000444,1980-12-30,CHI vs. NJN,W,0,6,,,0.0,,,3,6,0.5,,,,,,,,,15,,0
5301,21980,305,Robert Parish,BOS,Boston Celtics,0028000442,1980-12-30,BOS @ PHX,W,0,5,,,0.0,,,5,6,0.833,,,,,,,,,15,,0
5302,21980,77168,Mickey Johnson,MIL,Milwaukee Bucks,0028000441,1980-12-30,MIL @ WAS,W,0,5,,,0.0,,,5,7,0.714,,,,,,,,,15,,0
5303,21980,76350,Kenny Carr,CLE,Cleveland Cavaliers,0028000439,1980-12-29,CLE vs. DAL,W,0,7,,,0.0,,,1,3,0.333,,,,,,,,,15,,0
5304,21980,76444,Michael Cooper,LAL,Los Angeles Lakers,0028000438,1980-12-28,LAL vs. PHL,W,0,6,,,0.0,,,3,3,1.0,,,,,,,,,15,,0
5305,21980,76290,Joe Bryant,SDC,San Diego Clippers,0028000603,1980-12-27,SDC vs. IND,W,0,4,,,0.0,,,7,7,1.0,,,,,,,,,15,,0
5306,21980,76266,Michael Brooks,SDC,San Diego Clippers,0028000603,1980-12-27,SDC vs. IND,W,0,5,,,0.0,,,5,6,0.833,,,,,,,,,15,,0
5307,21980,77484,Wes Matthews,WAS,Washington Bullets,0028000436,1980-12-27,WAS vs. HOU,W,0,5,,,0.0,,,5,6,0.833,,,,,,,,,15,,0
5308,21980,77324,Mitch Kupchak,WAS,Washington Bullets,0028000436,1980-12-27,WAS vs. HOU,W,0,6,,,0.0,,,3,4,0.75,,,,,,,,,15,,0
5309,21980,76091,Greg Ballard,WAS,Washington Bullets,0028000436,1980-12-27,WAS vs. HOU,W,0,6,,,0.0,,,3,3,1.0,,,,,,,,,15,,0
5310,21980,78310,Reggie Theus,CHI,Chicago Bulls,0028000429,1980-12-27,CHI vs. DET,W,0,6,,,0.0,,,3,4,0.75,,,,,,,,,15,,0
5311,21980,77498,Bob McAdoo,DET,Detroit Pistons,0028000429,1980-12-27,DET @ CHI,L,0,6,,,0.0,,,3,4,0.75,,,,,,,,,15,,0
5312,21980,77246,Larry Kenon,CHI,Chicago Bulls,0028000429,1980-12-27,CHI vs. DET,W,0,5,,,0.0,,,5,9,0.556,,,,,,,,,15,,0
5313,21980,77944,Kevin Restani,SAN,San Antonio Spurs,0028000428,1980-12-27,SAN vs. UTH,W,0,7,,,0.0,,,1,2,0.5,,,,,,,,,15,,0
5314,21980,77911,Kelvin Ransey,POR,Portland Trail Blazers,0028000426,1980-12-26,POR @ SEA,W,0,7,,,0.0,,,1,2,0.5,,,,,,,,,15,,0
5315,21980,76890,Darrell Griffith,UTH,Utah Jazz,0028000425,1980-12-26,UTH vs. GOS,L,0,7,,,0.0,,,1,1,1.0,,,,,,,,,15,,0
5316,21980,76874,Rickey Green,UTH,Utah Jazz,0028000425,1980-12-26,UTH vs. GOS,L,0,6,,,0.0,,,3,4,0.75,,,,,,,,,15,,0
5317,21980,76170,Otis Birdsong,KCK,Kansas City Kings,0028000424,1980-12-26,KCK vs. PHL,L,0,6,,,0.0,,,3,4,0.75,,,,,,,,,15,,0
5318,21980,77498,Bob McAdoo,DET,Detroit Pistons,0028000422,1980-12-26,DET vs. HOU,L,0,6,,,0.0,,,3,5,0.6,,,,,,,,,15,,0
5319,21980,76242,Mike Bratz,CLE,Cleveland Cavaliers,0028000423,1980-12-26,CLE vs. CHI,L,0,7,,,1.0,,,0,0,,,,,,,,,,15,,0
5320,21980,78195,Larry Smith,GOS,Golden State Warriors,0028000417,1980-12-25,GOS @ POR,L,0,6,,,0.0,,,3,4,0.75,,,,,,,,6.0,15,,0
5321,21980,78532,Jamaal Wilkes,LAL,Los Angeles Lakers,0028000415,1980-12-23,LAL @ POR,L,0,7,,,0.0,,,1,1,1.0,,,,,,,,,15,,0
5322,21980,76353,Joe Barry Carroll,GOS,Golden State Warriors,0028000413,1980-12-23,GOS @ HOU,W,0,5,,,0.0,,,5,6,0.833,,,,,,,,,15,,0
5323,21980,77136,Clemon Johnson,IND,Indiana Pacers,0028000411,1980-12-23,IND vs. NJN,W,0,4,,,0.0,,,7,9,0.778,,,,,,,,,15,,0
5324,21980,76418,Don Collins,ATL,Atlanta Hawks,0028000410,1980-12-23,ATL vs. WAS,W,0,7,,,0.0,,,1,2,0.5,,,,,,,,,15,,0
5325,21980,77071,Phil Hubbard,DET,Detroit Pistons,0028000409,1980-12-23,DET @ PHX,L,0,6,,,0.0,,,3,5,0.6,,,,,,,,,15,,0
5326,21980,77432,Ollie Mack,DAL,Dallas Mavericks,0028000407,1980-12-23,DAL vs. UTH,L,0,5,,,0.0,,,5,5,1.0,,,,,,,,,15,,0
5327,21980,600005,Bob Lanier,MIL,Milwaukee Bucks,0028000403,1980-12-21,MIL vs. HOU,W,0,7,,,0.0,,,1,1,1.0,,,,,,,,,15,,0
5328,21980,77786,Tom Owens,POR,Portland Trail Blazers,0028000401,1980-12-20,POR vs. ATL,W,0,6,,,0.0,,,3,4,0.75,,,,,,,,6.0,15,,0
5329,21980,78481,Marvin Webster,NYK,New York Knicks,0028000398,1980-12-20,NYK vs. DEN,W,0,7,,,0.0,,,1,2,0.5,,,,,,,,,15,,0
5330,21980,78404,Kiki Vandeweghe,DEN,Denver Nuggets,0028000398,1980-12-20,DEN @ NYK,L,0,4,,,0.0,,,7,10,0.7,,,,,,,,,15,,0
5331,21980,76095,Mike Bantom,IND,Indiana Pacers,0028000397,1980-12-20,IND @ KCK,W,0,4,,,0.0,,,7,10,0.7,,,,,,,,,15,,0
5332,21980,77264,Bernard King,GOS,Golden State Warriors,0028000396,1980-12-20,GOS @ DAL,W,0,5,,,0.0,,,5,11,0.455,,,,,,,,,15,,0
5333,21980,77449,Moses Malone,HOU,Houston Rockets,0028000394,1980-12-19,HOU @ BOS,L,0,5,,,0.0,,,5,7,0.714,,,,,,,,,15,,0
5334,21980,77756,Mark Olberding,SAN,San Antonio Spurs,0028000389,1980-12-19,SAN vs. GOS,W,0,5,,,0.0,,,5,5,1.0,,,,,,,,,15,,0
5335,21980,77993,Truck Robinson,PHX,Phoenix Suns,0028000386,1980-12-19,PHX vs. UTH,W,0,7,,,0.0,,,1,2,0.5,,,,,,,,,15,,0
5336,21980,76321,Marty Byrnes,DAL,Dallas Mavericks,0028000385,1980-12-18,DAL @ SDC,L,0,7,,,0.0,,,1,4,0.25,,,,,,,,,15,,0
5337,21980,78623,Larry Wright,DET,Detroit Pistons,0028000384,1980-12-18,DET @ MIL,L,0,7,,,0.0,,,1,3,0.333,,,,,,,,,15,,0
5338,21980,78390,Terry Tyler,DET,Detroit Pistons,0028000384,1980-12-18,DET @ MIL,L,0,7,,,0.0,,,1,4,0.25,,,,,,,,,15,,0
5339,21980,76483,Pat Cummings,MIL,Milwaukee Bucks,0028000384,1980-12-18,MIL vs. DET,W,0,7,,,0.0,,,1,1,1.0,,,,,,,,,15,,0
5340,21980,78149,Jack Sikma,SEA,Seattle SuperSonics,0028000381,1980-12-17,SEA vs. KCK,W,0,6,,,0.0,,,3,3,1.0,,,,,,,,,15,,0
5341,21980,77163,Reggie Johnson,SAN,San Antonio Spurs,0028000377,1980-12-17,SAN @ HOU,W,0,7,,,0.0,,,1,4,0.25,,,,,,,,,15,,0
5342,21980,78481,Marvin Webster,NYK,New York Knicks,0028000374,1980-12-17,NYK @ DET,W,0,6,,,0.0,,,3,5,0.6,,,,,,,,,15,,0
5343,21980,76416,Art Collins,ATL,Atlanta Hawks,0028000373,1980-12-16,ATL vs. NJN,W,0,6,,,,,,3,3,1.0,,,,,,,,,15,,0
5344,21980,78404,Kiki Vandeweghe,DEN,Denver Nuggets,0028000368,1980-12-16,DEN vs. KCK,L,0,5,,,0.0,,,5,5,1.0,,,,,,,,,15,,0
5345,21980,76257,Allan Bristow,UTH,Utah Jazz,0028000372,1980-12-16,UTH @ NYK,L,0,5,,,0.0,,,5,5,1.0,,,,,,,,,15,,0
5346,21980,77175,Caldwell Jones,PHL,Philadelphia 76ers,0028000371,1980-12-16,PHL @ IND,W,0,4,,,0.0,,,7,8,0.875,,,,,,,,,15,,0
5347,21980,77997,Bill Robinzine,DAL,Dallas Mavericks,0028000370,1980-12-16,DAL vs. SAN,L,0,6,,,0.0,,,3,4,0.75,,,,,,,,,15,,0
5348,21980,78392,Wes Unseld,WAS,Washington Bullets,0028000367,1980-12-16,WAS vs. CHI,L,0,7,,,0.0,,,1,1,1.0,,,,,,,,,15,,0
5349,21980,76979,Elvin Hayes,WAS,Washington Bullets,0028000367,1980-12-16,WAS vs. CHI,L,0,4,,,0.0,,,7,7,1.0,,,,,,,,,15,,0
5350,21980,76121,Billyray Bates,POR,Portland Trail Blazers,0028000363,1980-12-14,POR @ PHX,W,0,5,,,0.0,,,5,5,1.0,,,,,,,,,15,,0
5351,21980,76771,Mike Gale,SAN,San Antonio Spurs,0028000360,1980-12-13,SAN vs. DEN,W,0,7,,,0.0,,,1,2,0.5,,,,,,,,,15,,0
5352,21980,76979,Elvin Hayes,WAS,Washington Bullets,0028000359,1980-12-13,WAS vs. IND,W,0,6,,,0.0,,,3,5,0.6,,,,,,,,,15,,0
5353,21980,76095,Mike Bantom,IND,Indiana Pacers,0028000359,1980-12-13,IND @ WAS,L,0,6,,,0.0,,,3,5,0.6,,,,,,,,,15,,0
5354,21980,76881,David Greenwood,CHI,Chicago Bulls,0028000351,1980-12-12,CHI vs. UTH,W,0,7,,,0.0,,,1,2,0.5,,,,,,,,,15,,0
5355,21980,76979,Elvin Hayes,WAS,Washington Bullets,0028000350,1980-12-12,WAS @ PHL,L,0,6,,,0.0,,,3,5,0.6,,,,,,,,,15,,0
5356,21980,1449,Larry Bird,BOS,Boston Celtics,0028000348,1980-12-12,BOS vs. NJN,W,0,7,,,0.0,,,1,1,1.0,,,,,,,,,15,,0
5357,21980,77819,Jim Paxson,POR,Portland Trail Blazers,0028000347,1980-12-12,POR vs. HOU,W,0,7,,,0.0,,,1,3,0.333,,,,,,,,,15,,0
5358,21980,77691,Calvin Natt,POR,Portland Trail Blazers,0028000347,1980-12-12,POR vs. HOU,W,0,6,,,0.0,,,3,3,1.0,,,,,,,,,15,,0
5359,21980,78468,Richard Washington,CLE,Cleveland Cavaliers,0028000344,1980-12-11,CLE vs. IND,L,0,6,,,0.0,,,3,3,1.0,,,,,,,,,15,,0
5360,21980,76095,Mike Bantom,IND,Indiana Pacers,0028000343,1980-12-10,IND vs. PHX,W,0,6,,,0.0,,,3,5,0.6,,,,,,,,,15,,0
5361,21980,600014,Artis Gilmore,CHI,Chicago Bulls,0028000342,1980-12-10,CHI @ PHL,L,0,5,,,0.0,,,5,6,0.833,,,,,,,,,15,,0
5362,21980,77487,Cedric Maxwell,BOS,Boston Celtics,0028000338,1980-12-10,BOS @ WAS,W,0,5,,,0.0,,,5,6,0.833,,,,,,,,,15,,0
5363,21980,77689,Swen Nater,SDC,San Diego Clippers,0028000331,1980-12-09,SDC @ ATL,L,0,6,,,0.0,,,3,4,0.75,,,,,,,,,15,,0
5364,21980,76362,Bill Cartwright,NYK,New York Knicks,0028000332,1980-12-09,NYK vs. WAS,W,0,7,,,0.0,,,1,3,0.333,,,,,,,,,15,,0
5365,21980,77328,Tom LaGarde,DAL,Dallas Mavericks,0028000329,1980-12-09,DAL vs. LAL,L,0,6,,,0.0,,,3,4,0.75,,,,,,,,,15,,0
5366,21980,78215,Ricky Sobers,CHI,Chicago Bulls,0028000327,1980-12-09,CHI vs. PHX,L,0,5,,,0.0,,,5,5,1.0,,,,,,,,,15,,0
5367,21980,76881,David Greenwood,CHI,Chicago Bulls,0028000327,1980-12-09,CHI vs. PHX,L,0,7,,,0.0,,,1,1,1.0,,,,,,,,,15,,0
5368,21980,78442,Wally Walker,SEA,Seattle SuperSonics,0028000326,1980-12-08,SEA vs. SAN,W,0,7,,,0.0,,,1,2,0.5,,,,,,,,,15,,0
5369,21980,77324,Mitch Kupchak,WAS,Washington Bullets,0028000323,1980-12-07,WAS @ BOS,W,0,6,,,0.0,,,3,7,0.429,,,,,,,,,15,,0
5370,21980,76095,Mike Bantom,IND,Indiana Pacers,0028000319,1980-12-06,IND vs. KCK,W,0,5,,,0.0,,,5,6,0.833,,,,,,,,,15,,0
5371,21980,76971,Steve Hawes,ATL,Atlanta Hawks,0028000318,1980-12-06,ATL vs. DAL,W,0,4,,,0.0,,,7,8,0.875,,,,,,,,,15,,0
5372,21980,76471,Charlie Criss,ATL,Atlanta Hawks,0028000318,1980-12-06,ATL vs. DAL,W,0,5,,,0.0,,,5,6,0.833,,,,,,,,,15,,0
5373,21980,78350,Rudy Tomjanovich,HOU,Houston Rockets,0028000315,1980-12-06,HOU vs. DEN,W,0,6,,,0.0,,,3,5,0.6,,,,,,,,,15,,0
5374,21980,77770,Louis Orr,IND,Indiana Pacers,0028000313,1980-12-05,IND @ MIL,L,0,7,,,0.0,,,1,1,1.0,,,,,,,,,15,,0
5375,21980,76252,Junior Bridgeman,MIL,Milwaukee Bucks,0028000313,1980-12-05,MIL vs. IND,W,0,6,,,0.0,,,3,3,1.0,,,,,,,,6.0,15,,0
5376,21980,78195,Larry Smith,GOS,Golden State Warriors,0028000311,1980-12-05,GOS @ DEN,W,0,4,,,0.0,,,7,8,0.875,,,,,,,,,15,,0
5377,21980,76054,Nate Archibald,BOS,Boston Celtics,0028000310,1980-12-05,BOS vs. DAL,W,0,6,,,0.0,,,3,3,1.0,,,,,,,,,15,,0
5378,21980,78025,Dan Roundfield,ATL,Atlanta Hawks,0028000309,1980-12-05,ATL @ PHL,L,0,6,,,0.0,,,3,4,0.75,,,,,,,,,15,,0
5379,21980,77936,Robert Reid,HOU,Houston Rockets,0028000308,1980-12-05,HOU @ KCK,L,0,6,,,0.0,,,3,6,0.5,,,,,,,,,15,,0
5380,21980,76242,Mike Bratz,CLE,Cleveland Cavaliers,0028000304,1980-12-04,CLE @ SAN,L,0,6,,,1.0,,,2,2,1.0,,,,,,,,,15,,0
5381,21980,76441,Wayne Cooper,UTH,Utah Jazz,0028000305,1980-12-04,UTH vs. DEN,W,0,6,,,0.0,,,3,5,0.6,,,,,,,,,15,,0
5382,21980,77786,Tom Owens,POR,Portland Trail Blazers,0028000303,1980-12-04,POR @ SDC,W,0,6,,,0.0,,,3,6,0.5,,,,,,,,,15,,0
5383,21980,76290,Joe Bryant,SDC,San Diego Clippers,0028000303,1980-12-04,SDC vs. POR,L,0,7,,,0.0,,,1,1,1.0,,,,,,,,,15,,0
5384,21980,76121,Billyray Bates,POR,Portland Trail Blazers,0028000303,1980-12-04,POR @ SDC,W,0,7,,,1.0,,,0,0,,,,,,,,,,15,,0
5385,21980,77420,Maurice Lucas,NJN,New Jersey Nets,0028000298,1980-12-03,NJN @ GOS,L,0,7,,,0.0,,,1,3,0.333,,,,,,,,,15,,0
5386,21980,76993,Gerald Henderson,BOS,Boston Celtics,0028000300,1980-12-03,BOS vs. ATL,W,0,7,,,0.0,,,1,2,0.5,,,,,,,,,15,,0
5387,21980,76272,Fred Brown,SEA,Seattle SuperSonics,0028000299,1980-12-03,SEA vs. CHI,W,0,5,,,0.0,,,5,5,1.0,,,,,,,,,15,,0
5388,21980,76353,Joe Barry Carroll,GOS,Golden State Warriors,0028000298,1980-12-03,GOS vs. NJN,W,0,6,,,0.0,,,3,4,0.75,,,,,,,,,15,,0
5389,21980,78548,Freeman Williams,SDC,San Diego Clippers,0028000296,1980-12-03,SDC @ LAL,W,0,7,,,0.0,,,1,2,0.5,,,,,,,,,15,,0
5390,21980,76362,Bill Cartwright,NYK,New York Knicks,0028000295,1980-12-03,NYK @ PHL,L,0,5,,,0.0,,,5,8,0.625,,,,,,,,,15,,0
5391,21980,76054,Nate Archibald,BOS,Boston Celtics,0028000292,1980-12-02,BOS @ DET,W,0,3,,,0.0,,,9,11,0.818,,,,,,,,,15,,0
5392,21980,77168,Mickey Johnson,MIL,Milwaukee Bucks,0028000289,1980-12-02,MIL vs. UTH,W,0,4,,,0.0,,,7,9,0.778,,,,,,,,,15,,0
5393,21980,77487,Cedric Maxwell,BOS,Boston Celtics,0028000283,1980-11-30,BOS @ MIL,L,0,5,,,0.0,,,5,8,0.625,,,,,,,,,15,,0
5394,21980,76753,World Free,GOS,Golden State Warriors,0028000281,1980-11-30,GOS @ SDC,L,0,5,,,0.0,,,5,6,0.833,,,,,,,,,15,,0
5395,21980,77168,Mickey Johnson,MIL,Milwaukee Bucks,0028000278,1980-11-29,MIL @ WAS,L,0,7,,,0.0,,,1,2,0.5,,,,,,,,,15,,0
5396,21980,76296,Quinn Buckner,MIL,Milwaukee Bucks,0028000278,1980-11-29,MIL @ WAS,L,0,6,,,0.0,,,3,4,0.75,,,,,,,,,15,,0
5397,21980,77087,Geoff Huston,DAL,Dallas Mavericks,0028000276,1980-11-29,DAL @ HOU,L,0,7,,,0.0,,,1,2,0.5,,,,,,,,,15,,0
5398,21980,76539,Darryl Dawkins,PHL,Philadelphia 76ers,0028000273,1980-11-29,PHL vs. UTH,W,0,5,,,0.0,,,5,7,0.714,,,,,,,,,15,,0
5399,21980,78350,Rudy Tomjanovich,HOU,Houston Rockets,0028000270,1980-11-28,HOU @ SAN,W,0,7,,,0.0,,,1,1,1.0,,,,,,,,,15,,0
5400,21980,76362,Bill Cartwright,NYK,New York Knicks,0028000268,1980-11-28,NYK @ BOS,L,0,5,,,0.0,,,5,7,0.714,,,,,,,,,15,,0
5401,21980,77547,Billy McKinney,UTH,Utah Jazz,0028000266,1980-11-28,UTH @ NJN,L,0,6,,,0.0,,,3,4,0.75,,,,,,,,,15,,0
5402,21980,77144,Eddie Johnson,ATL,Atlanta Hawks,0028000265,1980-11-28,ATL @ MIL,L,0,5,,,0.0,,,5,6,0.833,,,,,,,,,15,,0
5403,21980,76881,David Greenwood,CHI,Chicago Bulls,0028000262,1980-11-28,CHI @ PHX,L,0,6,,,0.0,,,3,4,0.75,,,,,,,,,15,,0
5404,21980,76283,Rickey Brown,GOS,Golden State Warriors,0028000261,1980-11-27,GOS vs. LAL,L,0,6,,,0.0,,,3,3,1.0,,,,,,,,,15,,0
5405,21980,77754,Mike O'Koren,NJN,New Jersey Nets,0028000255,1980-11-26,NJN @ KCK,L,0,4,,,0.0,,,7,10,0.7,,,,,,,,,15,,0
5406,21980,77710,Mike Newlin,NJN,New Jersey Nets,0028000255,1980-11-26,NJN @ KCK,L,0,4,,,0.0,,,7,8,0.875,,,,,,,,,15,,0
5407,21980,76121,Billyray Bates,POR,Portland Trail Blazers,0028000251,1980-11-26,POR @ BOS,L,0,4,,,0.0,,,7,10,0.7,,,,,,,,,15,,0
5408,21980,77126,Abdul Jeelani,DAL,Dallas Mavericks,0028000248,1980-11-25,DAL vs. PHL,L,0,6,,,0.0,,,3,5,0.6,,,,,,,,,15,,0
5409,21980,77056,Cedrick Hordges,DEN,Denver Nuggets,0028000247,1980-11-25,DEN @ SDC,L,0,4,,,0.0,,,7,10,0.7,,,,,,,,,15,,0
5410,21980,1453,Walter Davis,PHX,Phoenix Suns,0028000244,1980-11-23,PHX vs. DEN,W,0,7,,,0.0,,,1,1,1.0,,,,,,,,,15,,0
5411,21980,76252,Junior Bridgeman,MIL,Milwaukee Bucks,0028000243,1980-11-23,MIL @ LAL,W,0,7,,,0.0,,,1,2,0.5,,,,,,,,,15,,0
5412,21980,77876,Kevin Porter,WAS,Washington Bullets,0028000242,1980-11-22,WAS @ CHI,L,0,7,,,0.0,,,1,1,1.0,,,,,,,,,15,,0
5413,21980,77324,Mitch Kupchak,WAS,Washington Bullets,0028000242,1980-11-22,WAS @ CHI,L,0,5,,,0.0,,,5,8,0.625,,,,,,,,,15,,0
5414,21980,77756,Mark Olberding,SAN,San Antonio Spurs,0028000238,1980-11-22,SAN vs. PHL,L,0,6,,,0.0,,,3,4,0.75,,,,,,,,,15,,0
5415,21980,76231,Dudley Bradley,IND,Indiana Pacers,0028000237,1980-11-22,IND vs. HOU,W,0,3,,,0.0,,,9,13,0.692,,,,,,,,,15,,0
5416,21980,76054,Nate Archibald,BOS,Boston Celtics,0028000234,1980-11-21,BOS vs. GOS,W,0,5,,,0.0,,,5,5,1.0,,,,,,,,,15,,0
5417,21980,229,James Edwards,IND,Indiana Pacers,0028000229,1980-11-21,IND @ PHL,L,0,7,,,0.0,,,1,3,0.333,,,,,,,,,15,,0
5418,21980,77626,Sidney Moncrief,MIL,Milwaukee Bucks,0028000226,1980-11-20,MIL @ POR,W,0,6,,,0.0,,,3,4,0.75,,,,,,,,,15,,0
5419,21980,76154,Kent Benson,DET,Detroit Pistons,0028000224,1980-11-20,DET vs. SDC,W,0,6,,,0.0,,,3,4,0.75,,,,,,,,,15,,0
5420,21980,229,James Edwards,IND,Indiana Pacers,0028000216,1980-11-18,IND @ DET,W,0,6,,,0.0,,,3,3,1.0,,,,,,,,,15,,0
5421,21980,78199,Phil Smith,SDC,San Diego Clippers,0028000215,1980-11-18,SDC @ CLE,L,0,7,,,0.0,,,1,2,0.5,,,,,,,,,15,,0
5422,21980,76003,Kareem Abdul-Jabbar,LAL,Los Angeles Lakers,0028000213,1980-11-18,LAL vs. KCK,W,0,6,,,0.0,,,3,3,1.0,,,,,,,,,15,,0
5423,21980,78571,Ray Williams,NYK,New York Knicks,0028000212,1980-11-18,NYK vs. PHL,L,0,7,,,0.0,,,1,2,0.5,,,,,,,,,15,,0
5424,21980,78467,Kermit Washington,POR,Portland Trail Blazers,0028000209,1980-11-16,POR @ PHX,L,0,7,,,0.0,,,1,3,0.333,,,,,,,,,15,,0
5425,21980,76881,David Greenwood,CHI,Chicago Bulls,0028000208,1980-11-16,CHI @ MIL,W,0,7,,,0.0,,,1,1,1.0,,,,,,,,,15,,0
5426,21980,76385,Maurice Cheeks,PHL,Philadelphia 76ers,0028000205,1980-11-15,PHL vs. NJN,W,0,7,,,0.0,,,1,1,1.0,,,,,,,,,15,,0
5427,21980,940,Earl Cureton,PHL,Philadelphia 76ers,0028000205,1980-11-15,PHL vs. NJN,W,0,7,,,0.0,,,1,3,0.333,,,,,,,,,15,,0
5428,21980,77689,Swen Nater,SDC,San Diego Clippers,0028000203,1980-11-15,SDC vs. KCK,L,0,5,,,0.0,,,5,6,0.833,,,,,,,,6.0,15,,0
5429,21980,77097,Dan Issel,DEN,Denver Nuggets,0028000201,1980-11-15,DEN vs. POR,W,0,4,,,0.0,,,7,11,0.636,,,,,,,,,15,,0
5430,21980,78143,John Shumate,SAN,San Antonio Spurs,0028000199,1980-11-15,SAN vs. UTH,W,0,5,,,0.0,,,5,5,1.0,,,,,,,,,15,,0
5431,21980,76257,Allan Bristow,UTH,Utah Jazz,0028000199,1980-11-15,UTH @ SAN,L,0,4,,,0.0,,,7,10,0.7,,,,,,,,,15,,0
5432,21980,77364,Ron Lee,DET,Detroit Pistons,0028000195,1980-11-14,DET vs. CHI,W,0,7,,,0.0,,,1,2,0.5,,,,,,,,,15,,0
5433,21980,77754,Mike O'Koren,NJN,New Jersey Nets,0028000190,1980-11-14,NJN @ BOS,L,0,7,,,0.0,,,1,2,0.5,,,,,,,,,15,,0
5434,21980,76733,Chris Ford,BOS,Boston Celtics,0028000190,1980-11-14,BOS vs. NJN,W,0,7,,,0.0,,,1,2,0.5,,,,,,,,,15,,0
5435,21980,940,Earl Cureton,PHL,Philadelphia 76ers,0028000189,1980-11-13,PHL @ IND,W,0,7,,,0.0,,,1,3,0.333,,,,,,,,,15,,0
5436,21980,76290,Joe Bryant,SDC,San Diego Clippers,0028000187,1980-11-13,SDC vs. SAN,L,0,6,,,0.0,,,3,4,0.75,,,,,,,,,15,,0
5437,21980,1449,Larry Bird,BOS,Boston Celtics,0028000184,1980-11-12,BOS vs. WAS,W,0,6,,,2.0,,,1,2,0.5,,,,,,,,6.0,15,,0
5438,21980,76085,James Bailey,SEA,Seattle SuperSonics,0028000186,1980-11-12,SEA vs. UTH,L,0,5,,,0.0,,,5,7,0.714,,,,,,,,,15,,0
5439,21980,76441,Wayne Cooper,UTH,Utah Jazz,0028000186,1980-11-12,UTH @ SEA,W,0,7,,,0.0,,,1,2,0.5,,,,,,,,,15,,0
5440,21980,76353,Joe Barry Carroll,GOS,Golden State Warriors,0028000185,1980-11-12,GOS vs. KCK,W,0,5,,,0.0,,,5,5,1.0,,,,,,,,,15,,0
5441,21980,305,Robert Parish,BOS,Boston Celtics,0028000184,1980-11-12,BOS vs. WAS,W,0,6,,,0.0,,,3,3,1.0,,,,,,,,,15,,0
5442,21980,77633,Johnny Moore,SAN,San Antonio Spurs,0028000182,1980-11-12,SAN @ PHX,L,0,7,,,0.0,,,1,1,1.0,,,,,,,,,15,,0
5443,21980,76154,Kent Benson,DET,Detroit Pistons,0028000180,1980-11-12,DET vs. MIL,L,0,5,,,0.0,,,5,5,1.0,,,,,,,,,15,,0
5444,21980,78350,Rudy Tomjanovich,HOU,Houston Rockets,0028000183,1980-11-12,HOU vs. LAL,W,0,6,,,2.0,,,1,1,1.0,,,,,,,,,15,,0
5445,21980,78351,Andrew Toney,PHL,Philadelphia 76ers,0028000177,1980-11-11,PHL @ CHI,W,0,7,,,0.0,,,1,2,0.5,,,,,,,,,15,,0
5446,21980,76736,Phil Ford,KCK,Kansas City Kings,0028000173,1980-11-11,KCK @ POR,W,0,3,,,0.0,,,9,10,0.9,,,,,,,,,15,,0
5447,21980,77148,George Johnson,IND,Indiana Pacers,0028000171,1980-11-11,IND @ SAN,W,0,6,,,0.0,,,3,4,0.75,,,,,,,,,15,,0
5448,21980,77087,Geoff Huston,DAL,Dallas Mavericks,0028000170,1980-11-11,DAL vs. HOU,L,0,7,,,0.0,,,1,1,1.0,,,,,,,,,15,,0
5449,21980,76608,Terry Duerod,DAL,Dallas Mavericks,0028000170,1980-11-11,DAL vs. HOU,L,0,6,,,0.0,,,3,3,1.0,,,,,,,,,15,,0
5450,21980,76257,Allan Bristow,UTH,Utah Jazz,0028000169,1980-11-10,UTH vs. IND,W,0,5,,,0.0,,,5,6,0.833,,,,,,,,,15,,0
5451,21980,78215,Ricky Sobers,CHI,Chicago Bulls,0028000161,1980-11-08,CHI vs. DEN,L,0,5,,,1.0,,,4,4,1.0,,,,,,,,,15,,0
5452,21980,77141,Dennis Johnson,PHX,Phoenix Suns,0028000166,1980-11-08,PHX @ HOU,W,0,6,,,0.0,,,3,3,1.0,,,,,,,,,15,,0
5453,21980,78199,Phil Smith,SDC,San Diego Clippers,0028000165,1980-11-08,SDC @ POR,W,0,7,,,0.0,,,1,5,0.2,,,,,,,,,15,,0
5454,21980,77950,Clint Richardson,PHL,Philadelphia 76ers,0028000157,1980-11-07,PHL vs. KCK,W,0,6,,,0.0,,,3,5,0.6,,,,,,,,,15,,0
5455,21980,77689,Swen Nater,SDC,San Diego Clippers,0028000154,1980-11-07,SDC @ SEA,L,0,7,,,0.0,,,1,4,0.25,,,,,,,,,15,,0
5456,21980,76599,Larry Drew,DET,Detroit Pistons,0028000151,1980-11-07,DET @ WAS,L,0,6,,,0.0,,,3,4,0.75,,,,,,,,,15,,0
5457,21980,77691,Calvin Natt,POR,Portland Trail Blazers,0028000150,1980-11-07,POR vs. GOS,W,0,7,,,0.0,,,1,1,1.0,,,,,,,,,15,,0
5458,21980,76895,Bob Gross,POR,Portland Trail Blazers,0028000150,1980-11-07,POR vs. GOS,W,0,5,,,0.0,,,5,5,1.0,,,,,,,,,15,,0
5459,21980,77328,Tom LaGarde,DAL,Dallas Mavericks,0028000148,1980-11-06,DAL @ WAS,L,0,6,,,0.0,,,3,5,0.6,,,,,,,,,15,,0
5460,21980,77710,Mike Newlin,NJN,New Jersey Nets,0028000147,1980-11-05,NJN vs. CHI,L,0,6,,,0.0,,,3,3,1.0,,,,,,,,,15,,0
5461,21980,76435,Darwin Cook,NJN,New Jersey Nets,0028000147,1980-11-05,NJN vs. CHI,L,0,7,,,0.0,,,1,2,0.5,,,,,,,,,15,,0
5462,21980,77984,Rick Robey,BOS,Boston Celtics,0028000145,1980-11-05,BOS vs. ATL,W,0,7,,,0.0,,,1,1,1.0,,,,,,,,,15,,0
5463,21980,77553,Tom McMillen,ATL,Atlanta Hawks,0028000145,1980-11-05,ATL @ BOS,L,0,6,,,0.0,,,3,4,0.75,,,,,,,,,15,,0
5464,21980,78482,Scott Wedman,KCK,Kansas City Kings,0028000142,1980-11-05,KCK vs. NYK,W,0,7,,,0.0,,,1,2,0.5,,,,,,,,,15,,0
5465,21980,77996,Wayne Robinson,DET,Detroit Pistons,0028000139,1980-11-04,DET @ MIL,W,0,5,,,0.0,,,5,5,1.0,,,,,,,,,15,,0
5466,21980,77160,Marques Johnson,MIL,Milwaukee Bucks,0028000139,1980-11-04,MIL vs. DET,L,0,7,,,0.0,,,1,2,0.5,,,,,,,,,15,,0
5467,21980,76471,Charlie Criss,ATL,Atlanta Hawks,0028000126,1980-11-01,ATL vs. MIL,L,0,4,,,0.0,,,7,8,0.875,,,,,,,,,15,,0
5468,21980,78000,John Roche,DEN,Denver Nuggets,0028000124,1980-11-01,DEN vs. SEA,W,0,6,,,0.0,,,3,5,0.6,,,,,,,,,15,,0
5469,21980,77721,Norm Nixon,LAL,Los Angeles Lakers,0028000117,1980-10-31,LAL vs. CLE,W,0,4,,,0.0,,,7,7,1.0,,,,,,,,,15,,0
5470,21980,76003,Kareem Abdul-Jabbar,LAL,Los Angeles Lakers,0028000117,1980-10-31,LAL vs. CLE,W,0,5,,,0.0,,,5,6,0.833,,,,,,,,,15,,0
5471,21980,76979,Elvin Hayes,WAS,Washington Bullets,0028000115,1980-10-31,WAS @ NJN,L,0,6,,,0.0,,,3,5,0.6,,,,,,,,,15,,0
5472,21980,76887,Kevin Grevey,WAS,Washington Bullets,0028000115,1980-10-31,WAS @ NJN,L,0,7,,,1.0,,,0,0,,,,,,,,,,15,,0
5473,21980,78047,Campy Russell,NYK,New York Knicks,0028000111,1980-10-30,NYK vs. ATL,W,0,4,,,0.0,,,7,8,0.875,,,,,,,,6.0,15,,0
5474,21980,76966,Joey Hassett,DAL,Dallas Mavericks,0028000106,1980-10-29,DAL @ HOU,L,0,6,,,1.0,,,2,2,1.0,,,,,,,,,15,,0
5475,21980,78600,Brian Winters,MIL,Milwaukee Bucks,0028000108,1980-10-29,MIL @ NJN,W,0,6,,,1.0,,,2,2,1.0,,,,,,,,,15,,0
5476,21980,78467,Kermit Washington,POR,Portland Trail Blazers,0028000110,1980-10-29,POR @ KCK,L,0,5,,,0.0,,,5,8,0.625,,,,,,,,6.0,15,,0
5477,21980,77582,Joe Meriweather,KCK,Kansas City Kings,0028000110,1980-10-29,KCK vs. POR,W,0,5,,,0.0,,,5,6,0.833,,,,,,,,,15,,0
5478,21980,77273,Reggie King,KCK,Kansas City Kings,0028000110,1980-10-29,KCK vs. POR,W,0,4,,,0.0,,,7,9,0.778,,,,,,,,,15,,0
5479,21980,77149,George Johnson,SAN,San Antonio Spurs,0028000109,1980-10-29,SAN @ UTH,L,0,6,,,0.0,,,3,3,1.0,,,,,,,,,15,,0
5480,21980,77328,Tom LaGarde,DAL,Dallas Mavericks,0028000106,1980-10-29,DAL @ HOU,L,0,6,,,0.0,,,3,5,0.6,,,,,,,,,15,,0
5481,21980,77984,Rick Robey,BOS,Boston Celtics,0028000105,1980-10-29,BOS @ DET,W,0,5,,,0.0,,,5,6,0.833,,,,,,,,,15,,0
5482,21980,77328,Tom LaGarde,DAL,Dallas Mavericks,0028000100,1980-10-28,DAL vs. UTH,L,0,3,,,0.0,,,9,10,0.9,,,,,,,,,15,,0
5483,21980,77689,Swen Nater,SDC,San Diego Clippers,0028000098,1980-10-28,SDC vs. LAL,L,0,6,,,0.0,,,3,5,0.6,,,,,,,,,15,,0
5484,21980,77848,Roger Phegley,CLE,Cleveland Cavaliers,0028000097,1980-10-28,CLE vs. PHL,L,0,7,,,0.0,,,1,1,1.0,,,,,,,,,15,,0
5485,21980,77819,Jim Paxson,POR,Portland Trail Blazers,0028000094,1980-10-26,POR @ SEA,L,0,7,,,0.0,,,1,1,1.0,,,,,,,,,15,,0
5486,21980,78532,Jamaal Wilkes,LAL,Los Angeles Lakers,0028000093,1980-10-26,LAL vs. SAN,L,0,7,,,0.0,,,1,4,0.25,,,,,,,,,15,,0
5487,21980,78392,Wes Unseld,WAS,Washington Bullets,0028000092,1980-10-26,WAS @ MIL,L,0,6,,,0.0,,,3,5,0.6,,,,,,,,,15,,0
5488,21980,78600,Brian Winters,MIL,Milwaukee Bucks,0028000084,1980-10-25,MIL vs. CHI,W,0,7,,,0.0,,,1,1,1.0,,,,,,,,,15,,0
5489,21980,78310,Reggie Theus,CHI,Chicago Bulls,0028000084,1980-10-25,CHI @ MIL,L,0,4,,,0.0,,,7,8,0.875,,,,,,,,,15,,0
5490,21980,77754,Mike O'Koren,NJN,New Jersey Nets,0028000075,1980-10-24,NJN vs. CLE,L,0,6,,,1.0,,,2,4,0.5,,,,,,,,,15,,0
5491,21980,77438,Kyle Macy,PHX,Phoenix Suns,0028000080,1980-10-24,PHX @ DEN,W,0,6,,,0.0,,,3,3,1.0,,,,,,,,,15,,0
5492,21980,76011,Alvan Adams,PHX,Phoenix Suns,0028000080,1980-10-24,PHX @ DEN,W,0,7,,,0.0,,,1,1,1.0,,,,,,,,,15,,0
5493,21980,77182,Dwight Jones,CHI,Chicago Bulls,0028000078,1980-10-24,CHI vs. WAS,W,0,7,,,0.0,,,1,1,1.0,,,,,,,,,15,,0
5494,21980,76979,Elvin Hayes,WAS,Washington Bullets,0028000078,1980-10-24,WAS @ CHI,L,0,4,,,0.0,,,7,8,0.875,,,,,,,,,15,,0
5495,21980,76441,Wayne Cooper,UTH,Utah Jazz,0028000077,1980-10-24,UTH @ SDC,L,0,7,,,0.0,,,1,2,0.5,,,,,,,,6.0,15,,0
5496,21980,100263,Bill Laimbeer,CLE,Cleveland Cavaliers,0028000075,1980-10-24,CLE @ NJN,W,0,7,,,0.0,,,1,1,1.0,,,,,,,,,15,,0
5497,21980,77986,Cliff T. Robinson,NJN,New Jersey Nets,0028000075,1980-10-24,NJN vs. CLE,L,0,6,,,0.0,,,3,4,0.75,,,,,,,,,15,,0
5498,21980,76054,Nate Archibald,BOS,Boston Celtics,0028000073,1980-10-23,BOS vs. NYK,L,0,6,,,0.0,,,3,3,1.0,,,,,,,,,15,,0
5499,21980,77353,Allen Leavell,HOU,Houston Rockets,0028000072,1980-10-23,HOU vs. KCK,L,0,7,,,0.0,,,1,2,0.5,,,,,,,,,15,,0
5500,21980,77163,Reggie Johnson,SAN,San Antonio Spurs,0028000071,1980-10-23,SAN vs. GOS,W,0,7,,,0.0,,,1,2,0.5,,,,,,,,6.0,15,,0
5501,21980,76539,Darryl Dawkins,PHL,Philadelphia 76ers,0028000069,1980-10-22,PHL @ DET,W,0,7,,,0.0,,,1,3,0.333,,,,,,,,,15,,0
5502,21980,77142,Magic Johnson,LAL,Los Angeles Lakers,0028000064,1980-10-21,LAL @ POR,L,0,6,,,0.0,,,3,4,0.75,,,,,,,,,15,,0
5503,21980,76392,Jim Chones,LAL,Los Angeles Lakers,0028000064,1980-10-21,LAL @ POR,L,0,5,,,0.0,,,5,6,0.833,,,,,,,,,15,,0
5504,21980,78326,David Thompson,DEN,Denver Nuggets,0028000063,1980-10-21,DEN vs. HOU,L,0,5,,,0.0,,,5,8,0.625,,,,,,,,,15,,0
5505,21980,76471,Charlie Criss,ATL,Atlanta Hawks,0028000060,1980-10-21,ATL vs. IND,L,0,3,,,0.0,,,9,10,0.9,,,,,,,,,15,,0
5506,21980,76418,Don Collins,ATL,Atlanta Hawks,0028000060,1980-10-21,ATL vs. IND,L,0,5,,,0.0,,,5,6,0.833,,,,,,,,,15,,0
5507,21980,76656,Bob Elliott,NJN,New Jersey Nets,0028000051,1980-10-18,NJN @ CHI,W,0,7,,,0.0,,,1,2,0.5,,,,,,,,,15,,0
5508,21980,78150,James Silas,SAN,San Antonio Spurs,0028000047,1980-10-18,SAN vs. DAL,W,0,6,,,0.0,,,3,5,0.6,,,,,,,,,15,,0
5509,21980,76830,Glen Gondrezick,DEN,Denver Nuggets,0028000045,1980-10-18,DEN @ UTH,L,0,6,,,0.0,,,3,5,0.6,,,,,,,,,15,,0
5510,21980,77692,Kenny Natt,IND,Indiana Pacers,0028000048,1980-10-18,IND vs. BOS,W,0,5,,,1.0,,,4,4,1.0,,,,,,,,,15,,0
5511,21980,76392,Jim Chones,LAL,Los Angeles Lakers,0028000040,1980-10-17,LAL vs. PHX,W,0,6,,,0.0,,,3,4,0.75,,,,,,,,,15,,0
5512,21980,78531,Bob Wilkerson,CHI,Chicago Bulls,0028000038,1980-10-17,CHI vs. CLE,W,0,7,,,0.0,,,1,1,1.0,,,,,,,,,15,,0
5513,21980,77984,Rick Robey,BOS,Boston Celtics,0028000035,1980-10-16,BOS @ MIL,W,0,5,,,0.0,,,5,8,0.625,,,,,,,,,15,,0
5514,21980,77182,Dwight Jones,CHI,Chicago Bulls,0028000034,1980-10-15,CHI @ IND,W,0,5,,,0.0,,,5,7,0.714,,,,,,,,,15,,0
5515,21980,76095,Mike Bantom,IND,Indiana Pacers,0028000034,1980-10-15,IND vs. CHI,L,0,6,,,0.0,,,3,3,1.0,,,,,,,,6.0,15,,0
5516,21980,76204,Ron Boone,UTH,Utah Jazz,0028000031,1980-10-15,UTH vs. PHX,L,0,6,,,0.0,,,3,4,0.75,,,,,,,,,15,,0
5517,21980,78222,Jim Spanarkel,DAL,Dallas Mavericks,0028000029,1980-10-15,DAL @ DEN,L,0,5,,,0.0,,,5,6,0.833,,,,,,,,,15,,0
5518,21980,76733,Chris Ford,BOS,Boston Celtics,0028000025,1980-10-14,BOS @ ATL,L,0,6,,,1.0,,,2,3,0.667,,,,,,,,,15,,0
5519,21980,76154,Kent Benson,DET,Detroit Pistons,0028000022,1980-10-13,DET @ NJN,L,0,5,,,0.0,,,5,6,0.833,,,,,,,,,15,,0
5520,21980,77273,Reggie King,KCK,Kansas City Kings,0028000020,1980-10-12,KCK @ PHX,L,0,7,,,0.0,,,1,2,0.5,,,,,,,,,15,,0
5521,21980,76353,Joe Barry Carroll,GOS,Golden State Warriors,0028000015,1980-10-11,GOS vs. SDC,W,0,7,,,0.0,,,1,1,1.0,,,,,,,,,15,,0
5522,21980,77193,Bobby Jones,PHL,Philadelphia 76ers,0028000014,1980-10-11,PHL @ WAS,W,0,6,,,0.0,,,3,3,1.0,,,,,,,,,15,,0
5523,21980,76421,Doug Collins,PHL,Philadelphia 76ers,0028000014,1980-10-11,PHL @ WAS,W,0,7,,,0.0,,,1,1,1.0,,,,,,,,,15,,0
5524,21980,76971,Steve Hawes,ATL,Atlanta Hawks,0028000013,1980-10-11,ATL vs. CHI,W,0,7,,,0.0,,,1,1,1.0,,,,,,,,6.0,15,,0
5525,21980,77996,Wayne Robinson,DET,Detroit Pistons,0028000011,1980-10-11,DET @ IND,L,0,5,,,0.0,,,5,6,0.833,,,,,,,,,15,,0
5526,21980,76095,Mike Bantom,IND,Indiana Pacers,0028000011,1980-10-11,IND vs. DET,W,0,6,,,0.0,,,3,5,0.6,,,,,,,,6.0,15,,0
5527,21980,78520,Sidney Wicks,SDC,San Diego Clippers,0028000004,1980-10-10,SDC vs. HOU,W,0,7,,,0.0,,,1,3,0.333,,,23.0,,,,,,15,,0
5528,21980,77710,Mike Newlin,NJN,New Jersey Nets,0028000009,1980-10-10,NJN vs. IND,L,0,5,,,0.0,,,5,6,0.833,,,,,,,,,15,,0
5529,21980,77532,George McGinnis,IND,Indiana Pacers,0028000009,1980-10-10,IND @ NJN,W,0,6,,,0.0,,,3,6,0.5,,,,,,,,,15,,0
5530,21980,76826,Mike Gminski,NJN,New Jersey Nets,0028000009,1980-10-10,NJN vs. IND,L,0,4,,,0.0,,,7,8,0.875,,,,,,,,,15,,0
5531,21980,76003,Kareem Abdul-Jabbar,LAL,Los Angeles Lakers,0028000006,1980-10-10,LAL @ SEA,W,0,6,,,0.0,,,3,5,0.6,,,,,,,,,15,,0
5532,21980,77626,Sidney Moncrief,MIL,Milwaukee Bucks,0028000003,1980-10-10,MIL @ PHL,W,0,3,,,0.0,,,9,11,0.818,,,,,,,,,15,,0
5533,21980,77756,Mark Olberding,SAN,San Antonio Spurs,0028000002,1980-10-10,SAN @ DEN,W,0,3,,,0.0,,,9,10,0.9,,,,,,,,,15,,0
5534,21980,76979,Elvin Hayes,WAS,Washington Bullets,0028000943,1981-03-29,WAS vs. CLE,W,0,6,,,0.0,,,2,3,0.667,,,,,,,,,14,,0
5535,21980,76231,Dudley Bradley,IND,Indiana Pacers,0028000942,1981-03-29,IND vs. CHI,L,0,7,,,0.0,,,0,0,,,,,,,,,,14,,0
5536,21980,77669,Calvin Murphy,HOU,Houston Rockets,0028000935,1981-03-29,HOU @ SAN,L,0,5,,,0.0,,,4,4,1.0,,,,,,,,,14,,0
5537,21980,76252,Junior Bridgeman,MIL,Milwaukee Bucks,0028000934,1981-03-29,MIL @ ATL,W,0,6,,,0.0,,,2,4,0.5,,,,,,,,,14,,0
5538,21980,76362,Bill Cartwright,NYK,New York Knicks,0028000940,1981-03-29,NYK vs. NJN,W,0,6,,,0.0,,,2,4,0.5,,,,,,,,,14,,0
5539,21980,77984,Rick Robey,BOS,Boston Celtics,0028000928,1981-03-27,BOS vs. DET,L,0,7,,,0.0,,,0,0,,,,,,,,,,14,,0
5540,21980,1449,Larry Bird,BOS,Boston Celtics,0028000928,1981-03-27,BOS vs. DET,L,0,5,,,0.0,,,4,4,1.0,,,,,,,,,14,,0
5541,21980,78149,Jack Sikma,SEA,Seattle SuperSonics,0028000927,1981-03-27,SEA vs. LAL,L,0,7,,,0.0,,,0,0,,,,,,,,,,14,,0
5542,21980,77950,Clint Richardson,PHL,Philadelphia 76ers,0028000925,1981-03-27,PHL @ CLE,W,0,4,,,0.0,,,6,7,0.857,,,,,,,,,14,,0
5543,21980,78199,Phil Smith,SDC,San Diego Clippers,0028000924,1981-03-27,SDC @ PHX,L,0,7,,,0.0,,,0,0,,,,,,,,,,14,,0
5544,21980,78548,Freeman Williams,SDC,San Diego Clippers,0028000924,1981-03-27,SDC @ PHX,L,0,6,,,2.0,,,0,0,,,,,,,,,,14,,0
5545,21980,77756,Mark Olberding,SAN,San Antonio Spurs,0028000920,1981-03-26,SAN @ UTH,W,0,5,,,0.0,,,4,5,0.8,,,,,,,,,14,,0
5546,21980,77829,Sam Pellom,ATL,Atlanta Hawks,0028000919,1981-03-26,ATL vs. IND,L,0,6,,,0.0,,,2,2,1.0,,,,,,,,,14,,0
5547,21980,77484,Wes Matthews,ATL,Atlanta Hawks,0028000919,1981-03-26,ATL vs. IND,L,0,6,,,0.0,,,2,2,1.0,,,,,,,,,14,,0
5548,21980,76526,Johnny Davis,IND,Indiana Pacers,0028000919,1981-03-26,IND @ ATL,W,0,3,,,0.0,,,8,8,1.0,,,,,,,,,14,,0
5549,21980,77615,Mike Mitchell,CLE,Cleveland Cavaliers,0028000918,1981-03-26,CLE @ MIL,L,0,6,,,0.0,,,2,4,0.5,,,,,,,,,14,,0
5550,21980,77087,Geoff Huston,CLE,Cleveland Cavaliers,0028000918,1981-03-26,CLE @ MIL,L,0,7,,,0.0,,,0,0,,,,,,,,,,14,,0
5551,21980,76365,Harvey Catchings,MIL,Milwaukee Bucks,0028000918,1981-03-26,MIL vs. CLE,W,0,6,,,0.0,,,2,3,0.667,,,,,,,,,14,,0
5552,21980,76350,Kenny Carr,CLE,Cleveland Cavaliers,0028000918,1981-03-26,CLE @ MIL,L,0,6,,,0.0,,,2,5,0.4,,,,,,,,,14,,0
5553,21980,1450,Kevin McHale,BOS,Boston Celtics,0028000916,1981-03-25,BOS @ NJN,W,0,5,,,0.0,,,4,5,0.8,,,,,,,,,14,,0
5554,21980,77396,Scott Lloyd,DAL,Dallas Mavericks,0028000914,1981-03-25,DAL @ DEN,W,0,6,,,0.0,,,2,2,1.0,,,,,,,,6.0,14,,0
5555,21980,76321,Marty Byrnes,DAL,Dallas Mavericks,0028000914,1981-03-25,DAL @ DEN,W,0,6,,,0.0,,,2,2,1.0,,,,,,,,,14,,0
5556,21980,77997,Bill Robinzine,DAL,Dallas Mavericks,0028000906,1981-03-24,DAL vs. HOU,L,0,5,,,0.0,,,4,6,0.667,,,,,,,,,14,,0
5557,21980,77848,Roger Phegley,CLE,Cleveland Cavaliers,0028000905,1981-03-24,CLE @ CHI,L,0,5,,,0.0,,,4,6,0.667,,,,,,,,,14,,0
5558,21980,76881,David Greenwood,CHI,Chicago Bulls,0028000905,1981-03-24,CHI vs. CLE,W,0,4,,,0.0,,,6,6,1.0,,,,,,,,,14,,0
5559,21980,77184,Edgar Jones,NJN,New Jersey Nets,0028000903,1981-03-24,NJN @ MIL,L,0,4,,,0.0,,,6,8,0.75,,,,,,,,6.0,14,,0
5560,21980,76011,Alvan Adams,PHX,Phoenix Suns,0028000902,1981-03-24,PHX @ POR,L,0,5,,,0.0,,,4,5,0.8,,,,,,,,,14,,0
5561,21980,76351,M.L. Carr,BOS,Boston Celtics,0028000900,1981-03-24,BOS @ NYK,W,0,6,,,0.0,,,2,2,1.0,,,,,,,,,14,,0
5562,21980,1450,Kevin McHale,BOS,Boston Celtics,0028000900,1981-03-24,BOS @ NYK,W,0,6,,,0.0,,,2,2,1.0,,,,,,,,,14,,0
5563,21980,78149,Jack Sikma,SEA,Seattle SuperSonics,0028000899,1981-03-22,SEA @ PHX,L,0,5,,,0.0,,,4,4,1.0,,,,,,,,,14,,0
5564,21980,77618,Steve Mix,PHL,Philadelphia 76ers,0028000892,1981-03-22,PHL vs. BOS,W,0,5,,,0.0,,,4,5,0.8,,,,,,,,,14,,0
5565,21980,76290,Joe Bryant,SDC,San Diego Clippers,0028000891,1981-03-22,SDC @ SAN,L,0,7,,,0.0,,,0,0,,,,,,,,,,14,,0
5566,21980,78390,Terry Tyler,DET,Detroit Pistons,0028000885,1981-03-20,DET vs. MIL,L,0,6,,,0.0,,,2,3,0.667,,,,,,,,,14,,0
5567,21980,77626,Sidney Moncrief,MIL,Milwaukee Bucks,0028000885,1981-03-20,MIL @ DET,W,0,7,,,0.0,,,0,0,,,,,,,,,,14,,0
5568,21980,77168,Mickey Johnson,MIL,Milwaukee Bucks,0028000885,1981-03-20,MIL @ DET,W,0,6,,,0.0,,,2,2,1.0,,,,,,,,,14,,0
5569,21980,77817,Billy Paultz,HOU,Houston Rockets,0028000881,1981-03-20,HOU @ POR,L,0,7,,,0.0,,,0,0,,,,,,,,,,14,,0
5570,21980,77691,Calvin Natt,POR,Portland Trail Blazers,0028000881,1981-03-20,POR vs. HOU,W,0,5,,,0.0,,,4,4,1.0,,,,,,,,,14,,0
5571,21980,76444,Michael Cooper,LAL,Los Angeles Lakers,0028000879,1981-03-20,LAL vs. SEA,W,0,7,,,0.0,,,0,1,0.0,,,,,,,,,14,,0
5572,21980,77182,Dwight Jones,CHI,Chicago Bulls,0028000878,1981-03-20,CHI vs. PHL,W,0,6,,,0.0,,,2,3,0.667,,,,,,,,,14,,0
5573,21980,78404,Kiki Vandeweghe,DEN,Denver Nuggets,0028000877,1981-03-20,DEN @ DAL,L,0,3,,,0.0,,,8,10,0.8,,,,,,,,,14,,0
5574,21980,77800,Sonny Parker,GOS,Golden State Warriors,0028000876,1981-03-19,GOS @ SDC,L,0,5,,,0.0,,,4,5,0.8,,,,,,,,,14,,0
5575,21980,76290,Joe Bryant,SDC,San Diego Clippers,0028000876,1981-03-19,SDC vs. GOS,W,0,6,,,0.0,,,2,2,1.0,,,,,,,,,14,,0
5576,21980,77182,Dwight Jones,CHI,Chicago Bulls,0028000874,1981-03-19,CHI @ CLE,W,0,7,,,0.0,,,0,0,,,,,,,,,,14,,0
5577,21980,76242,Mike Bratz,CLE,Cleveland Cavaliers,0028000874,1981-03-19,CLE vs. CHI,L,0,6,,,1.0,,,1,2,0.5,,,,,,,,,14,,0
5578,21980,78577,Bill Willoughby,HOU,Houston Rockets,0028000873,1981-03-18,HOU @ GOS,L,0,7,,,0.0,,,0,0,,,,,,,,,,14,,0
5579,21980,78195,Larry Smith,GOS,Golden State Warriors,0028000873,1981-03-18,GOS vs. HOU,W,0,5,,,0.0,,,4,4,1.0,,,,,,,,,14,,0
5580,21980,77353,Allen Leavell,HOU,Houston Rockets,0028000873,1981-03-18,HOU @ GOS,L,0,4,,,0.0,,,6,7,0.857,,,,,,,,,14,,0
5581,21980,77618,Steve Mix,PHL,Philadelphia 76ers,0028000872,1981-03-18,PHL vs. IND,W,0,6,,,0.0,,,2,2,1.0,,,,,,,,,14,,0
5582,21980,76899,Ernie Grunfeld,KCK,Kansas City Kings,0028000870,1981-03-18,KCK vs. DEN,L,0,5,,,0.0,,,4,4,1.0,,,,,,,,,14,,0
5583,21980,76170,Otis Birdsong,KCK,Kansas City Kings,0028000870,1981-03-18,KCK vs. DEN,L,0,5,,,0.0,,,4,7,0.571,,,,,,,,,14,,0
5584,21980,78532,Jamaal Wilkes,LAL,Los Angeles Lakers,0028000869,1981-03-18,LAL @ PHX,L,0,4,,,0.0,,,6,6,1.0,,,,,,,,,14,,0
5585,21980,76011,Alvan Adams,PHX,Phoenix Suns,0028000869,1981-03-18,PHX vs. LAL,W,0,6,,,0.0,,,2,2,1.0,,,,,,,,,14,,0
5586,21980,78570,Sly Williams,NYK,New York Knicks,0028000868,1981-03-18,NYK @ MIL,W,0,7,,,0.0,,,0,0,,,,,,,,,,14,,0
5587,21980,77160,Marques Johnson,MIL,Milwaukee Bucks,0028000868,1981-03-18,MIL vs. NYK,L,0,6,,,0.0,,,2,4,0.5,,,,,,,,,14,,0
5588,21980,78390,Terry Tyler,DET,Detroit Pistons,0028000866,1981-03-18,DET vs. NJN,W,0,6,,,0.0,,,2,2,1.0,,,,,,,,,14,,0
5589,21980,77996,Wayne Robinson,DET,Detroit Pistons,0028000866,1981-03-18,DET vs. NJN,W,0,5,,,0.0,,,4,4,1.0,,,,,,,,,14,,0
5590,21980,76887,Kevin Grevey,WAS,Washington Bullets,0028000865,1981-03-17,WAS vs. BOS,L,0,7,,,0.0,,,0,0,,,,,,,,,,14,,0
5591,21980,76091,Greg Ballard,WAS,Washington Bullets,0028000865,1981-03-17,WAS vs. BOS,L,0,6,,,0.0,,,2,2,1.0,,,,,,,,,14,,0
5592,21980,78199,Phil Smith,SDC,San Diego Clippers,0028000864,1981-03-17,SDC @ POR,L,0,6,,,0.0,,,2,2,1.0,,,,,,,,,14,,0
5593,21980,76266,Michael Brooks,SDC,San Diego Clippers,0028000864,1981-03-17,SDC @ POR,L,0,7,,,0.0,,,0,0,,,,,,,,,,14,,0
5594,21980,76881,David Greenwood,CHI,Chicago Bulls,0028000863,1981-03-17,CHI vs. MIL,W,0,4,,,0.0,,,6,7,0.857,,,,,,,,,14,,0
5595,21980,77547,Billy McKinney,DEN,Denver Nuggets,0028000861,1981-03-17,DEN vs. SEA,W,0,4,,,0.0,,,6,6,1.0,,,,,,,,,14,,0
5596,21980,76830,Glen Gondrezick,DEN,Denver Nuggets,0028000861,1981-03-17,DEN vs. SEA,W,0,6,,,0.0,,,2,2,1.0,,,,,,,,,14,,0
5597,21980,78570,Sly Williams,NYK,New York Knicks,0028000859,1981-03-17,NYK vs. IND,W,0,7,,,0.0,,,0,0,,,,,,,,,,14,,0
5598,21980,77770,Louis Orr,IND,Indiana Pacers,0028000859,1981-03-17,IND @ NYK,L,0,6,,,0.0,,,2,4,0.5,,,,,,,,,14,,0
5599,21980,77290,Billy Knight,IND,Indiana Pacers,0028000859,1981-03-17,IND @ NYK,L,0,5,,,0.0,,,4,4,1.0,,,,,,,,,14,,0
5600,21980,77334,Mark Landsberger,LAL,Los Angeles Lakers,0028000858,1981-03-17,LAL @ DAL,W,0,7,,,0.0,,,0,1,0.0,,,,,,,,,14,,0
5601,21980,78351,Andrew Toney,PHL,Philadelphia 76ers,0028000857,1981-03-17,PHL @ NJN,L,0,4,,,0.0,,,6,9,0.667,,,,,,,,,14,,0
5602,21980,77618,Steve Mix,PHL,Philadelphia 76ers,0028000857,1981-03-17,PHL @ NJN,L,0,5,,,0.0,,,4,7,0.571,,,,,,,,,14,,0
5603,21980,76516,Brad Davis,DAL,Dallas Mavericks,0028000855,1981-03-15,DAL @ POR,L,0,4,,,0.0,,,6,9,0.667,,,,,,,,,14,,0
5604,21980,77848,Roger Phegley,CLE,Cleveland Cavaliers,0028000853,1981-03-15,CLE @ WAS,W,0,6,,,0.0,,,2,2,1.0,,,,,,,,,14,,0
5605,21980,76242,Mike Bratz,CLE,Cleveland Cavaliers,0028000853,1981-03-15,CLE @ WAS,W,0,5,,,0.0,,,4,6,0.667,,,,,,,,,14,,0
5606,21980,77669,Calvin Murphy,HOU,Houston Rockets,0028000852,1981-03-15,HOU @ DEN,L,0,5,,,0.0,,,4,4,1.0,,,,,,,,,14,,0
5607,21980,77021,Kenny Higgs,DEN,Denver Nuggets,0028000852,1981-03-15,DEN vs. HOU,W,0,3,,,0.0,,,8,9,0.889,,,,,,,,,14,,0
5608,21980,76385,Maurice Cheeks,PHL,Philadelphia 76ers,0028000851,1981-03-15,PHL @ NYK,L,0,6,,,0.0,,,2,3,0.667,,,,,,,,,14,,0
5609,21980,77168,Mickey Johnson,MIL,Milwaukee Bucks,0028000849,1981-03-15,MIL vs. SEA,W,0,6,,,0.0,,,2,2,1.0,,,,,,,,,14,,0
5610,21980,1381,John Long,DET,Detroit Pistons,0028000847,1981-03-14,DET @ IND,W,0,6,,,0.0,,,2,2,1.0,,,,,,,,,14,,0
5611,21980,77829,Sam Pellom,ATL,Atlanta Hawks,0028000845,1981-03-14,ATL vs. CLE,L,0,6,,,0.0,,,2,3,0.667,,,,,,,,,14,,0
5612,21980,76616,Mike Dunleavy,HOU,Houston Rockets,0028000844,1981-03-14,HOU vs. UTH,W,0,7,,,0.0,,,0,0,,,,,,,,,,14,,0
5613,21980,77449,Moses Malone,HOU,Houston Rockets,0028000842,1981-03-13,HOU vs. POR,W,0,5,,,0.0,,,4,4,1.0,,,,,,,,,14,,0
5614,21980,77353,Allen Leavell,HOU,Houston Rockets,0028000842,1981-03-13,HOU vs. POR,W,0,7,,,0.0,,,0,0,,,,,,,,,,14,,0
5615,21980,78482,Scott Wedman,KCK,Kansas City Kings,0028000840,1981-03-13,KCK @ LAL,L,0,7,,,0.0,,,0,0,,,,,,,,,,14,,0
5616,21980,76170,Otis Birdsong,KCK,Kansas City Kings,0028000840,1981-03-13,KCK @ LAL,L,0,7,,,0.0,,,0,0,,,,,,,,,,14,,0
5617,21980,77998,Dave Robisch,DEN,Denver Nuggets,0028000839,1981-03-13,DEN @ ATL,L,0,6,,,0.0,,,2,3,0.667,,,,,,,,,14,,0
5618,21980,77829,Sam Pellom,ATL,Atlanta Hawks,0028000839,1981-03-13,ATL vs. DEN,W,0,6,,,0.0,,,2,2,1.0,,,,,,,,6.0,14,,0
5619,21980,77848,Roger Phegley,CLE,Cleveland Cavaliers,0028000838,1981-03-13,CLE vs. NJN,L,0,7,,,0.0,,,0,0,,,,,,,,,,14,,0
5620,21980,77168,Mickey Johnson,MIL,Milwaukee Bucks,0028000836,1981-03-13,MIL vs. PHL,W,0,6,,,0.0,,,2,2,1.0,,,,,,,,,14,,0
5621,21980,940,Earl Cureton,PHL,Philadelphia 76ers,0028000836,1981-03-13,PHL @ MIL,L,0,6,,,0.0,,,2,2,1.0,,,,,,,,,14,,0
5622,21980,77876,Kevin Porter,WAS,Washington Bullets,0028000834,1981-03-12,WAS vs. IND,L,0,7,,,0.0,,,0,0,,,,,,,,,6.0,14,,0
5623,21980,77876,Kevin Porter,WAS,Washington Bullets,0028000830,1981-03-11,WAS @ NJN,L,0,5,,,0.0,,,4,5,0.8,,,,,,,,6.0,14,,0
5624,21980,77184,Edgar Jones,NJN,New Jersey Nets,0028000830,1981-03-11,NJN vs. WAS,W,0,6,,,0.0,,,2,2,1.0,,,,,,,,,14,,0
5625,21980,77484,Wes Matthews,ATL,Atlanta Hawks,0028000829,1981-03-11,ATL @ DET,L,0,5,,,0.0,,,4,4,1.0,,,,,,,,,14,,0
5626,21980,76971,Steve Hawes,ATL,Atlanta Hawks,0028000829,1981-03-11,ATL @ DET,L,0,4,,,0.0,,,6,9,0.667,,,,,,,,,14,,0
5627,21980,1381,John Long,DET,Detroit Pistons,0028000829,1981-03-11,DET vs. ATL,W,0,4,,,0.0,,,6,6,1.0,,,,,,,,,14,,0
5628,21980,1450,Kevin McHale,BOS,Boston Celtics,0028000826,1981-03-11,BOS vs. MIL,W,0,6,,,0.0,,,2,4,0.5,,,,,,,,,14,,0
5629,21980,305,Robert Parish,BOS,Boston Celtics,0028000826,1981-03-11,BOS vs. MIL,W,0,6,,,0.0,,,2,4,0.5,,,,,,,,,14,,0
5630,21980,77326,Sam Lacey,KCK,Kansas City Kings,0028000823,1981-03-10,KCK @ SDC,W,0,6,,,0.0,,,2,2,1.0,,,,,,,,,14,,0
5631,21980,78467,Kermit Washington,POR,Portland Trail Blazers,0028000822,1981-03-10,POR @ DEN,W,0,5,,,0.0,,,4,4,1.0,,,,,,,,,14,,0
5632,21980,78331,Mychal Thompson,POR,Portland Trail Blazers,0028000822,1981-03-10,POR @ DEN,W,0,5,,,0.0,,,4,4,1.0,,,,,,,,,14,,0
5633,21980,77097,Dan Issel,DEN,Denver Nuggets,0028000822,1981-03-10,DEN vs. POR,L,0,6,,,0.0,,,2,2,1.0,,,,,,,,,14,,0
5634,21980,76971,Steve Hawes,ATL,Atlanta Hawks,0028000821,1981-03-10,ATL vs. CHI,L,0,6,,,0.0,,,2,4,0.5,,,,,,,,6.0,14,,0
5635,21980,77944,Kevin Restani,SAN,San Antonio Spurs,0028000818,1981-03-08,SAN vs. DAL,W,0,5,,,0.0,,,4,6,0.667,,,,,,,,,14,,0
5636,21980,77163,Reggie Johnson,SAN,San Antonio Spurs,0028000818,1981-03-08,SAN vs. DAL,W,0,7,,,0.0,,,0,0,,,,,,,,,6.0,14,,0
5637,21980,76321,Marty Byrnes,DAL,Dallas Mavericks,0028000818,1981-03-08,DAL @ SAN,L,0,6,,,0.0,,,2,2,1.0,,,,,,,,,14,,0
5638,21980,77993,Truck Robinson,PHX,Phoenix Suns,0028000815,1981-03-08,PHX @ KCK,L,0,6,,,0.0,,,2,2,1.0,,,,,,,,,14,,0
5639,21980,77152,John Johnson,SEA,Seattle SuperSonics,0028000814,1981-03-08,SEA vs. SDC,L,0,5,,,0.0,,,4,5,0.8,,,,,,,,,14,,0
5640,21980,77950,Clint Richardson,PHL,Philadelphia 76ers,0028000811,1981-03-08,PHL vs. MIL,W,0,4,,,0.0,,,6,7,0.857,,,,,,,,,14,,0
5641,21980,77193,Bobby Jones,PHL,Philadelphia 76ers,0028000811,1981-03-08,PHL vs. MIL,W,0,6,,,0.0,,,2,2,1.0,,,,,,,,,14,,0
5642,21980,77553,Tom McMillen,ATL,Atlanta Hawks,0028000809,1981-03-07,ATL vs. HOU,W,0,6,,,0.0,,,2,2,1.0,,,,,,,,,14,,0
5643,21980,77484,Wes Matthews,ATL,Atlanta Hawks,0028000809,1981-03-07,ATL vs. HOU,W,0,6,,,0.0,,,2,2,1.0,,,,,,,,,14,,0
5644,21980,77353,Allen Leavell,HOU,Houston Rockets,0028000809,1981-03-07,HOU @ ATL,L,0,5,,,0.0,,,4,4,1.0,,,,,,,,,14,,0
5645,21980,76971,Steve Hawes,ATL,Atlanta Hawks,0028000809,1981-03-07,ATL vs. HOU,W,0,5,,,0.0,,,4,4,1.0,,,,,,,,,14,,0
5646,21980,78195,Larry Smith,GOS,Golden State Warriors,0028000807,1981-03-07,GOS vs. SEA,W,0,6,,,0.0,,,2,4,0.5,,,,,,,,,14,,0
5647,21980,78149,Jack Sikma,SEA,Seattle SuperSonics,0028000807,1981-03-07,SEA @ GOS,L,0,6,,,0.0,,,2,2,1.0,,,,,,,,,14,,0
5648,21980,77438,Kyle Macy,PHX,Phoenix Suns,0028000806,1981-03-06,PHX vs. POR,W,0,7,,,0.0,,,0,0,,,,,,,,,,14,,0
5649,21980,76436,Jeff Cook,PHX,Phoenix Suns,0028000806,1981-03-06,PHX vs. POR,W,0,5,,,0.0,,,4,6,0.667,,,,,,,,,14,,0
5650,21980,78150,James Silas,SAN,San Antonio Spurs,0028000804,1981-03-06,SAN @ SEA,L,0,5,,,0.0,,,4,4,1.0,,,,,,,,,14,,0
5651,21980,77163,Reggie Johnson,SAN,San Antonio Spurs,0028000804,1981-03-06,SAN @ SEA,L,0,7,,,0.0,,,0,0,,,,,,,,,,14,,0
5652,21980,77353,Allen Leavell,HOU,Houston Rockets,0028000802,1981-03-06,HOU vs. WAS,L,0,6,,,0.0,,,2,2,1.0,,,,,,,,,14,,0
5653,21980,77754,Mike O'Koren,NJN,New Jersey Nets,0028000801,1981-03-06,NJN @ ATL,L,0,6,,,0.0,,,2,4,0.5,,,,,,,,,14,,0
5654,21980,76435,Darwin Cook,NJN,New Jersey Nets,0028000801,1981-03-06,NJN @ ATL,L,0,5,,,0.0,,,4,5,0.8,,,,,,,,6.0,14,,0
5655,21980,77487,Cedric Maxwell,BOS,Boston Celtics,0028000800,1981-03-06,BOS @ IND,L,0,6,,,0.0,,,2,4,0.5,,,,,,,,,14,,0
5656,21980,77626,Sidney Moncrief,MIL,Milwaukee Bucks,0028000799,1981-03-06,MIL @ NYK,W,0,5,,,0.0,,,4,5,0.8,,,,,,,,,14,,0
5657,21980,77618,Steve Mix,PHL,Philadelphia 76ers,0028000798,1981-03-06,PHL vs. DEN,W,0,6,,,0.0,,,2,5,0.4,,,,,,,,,14,,0
5658,21980,76539,Darryl Dawkins,PHL,Philadelphia 76ers,0028000798,1981-03-06,PHL vs. DEN,W,0,6,,,0.0,,,2,3,0.667,,,,,,,,6.0,14,,0
5659,21980,76385,Maurice Cheeks,PHL,Philadelphia 76ers,0028000798,1981-03-06,PHL vs. DEN,W,0,6,,,0.0,,,2,2,1.0,,,,,,,,,14,,0
5660,21980,78025,Dan Roundfield,ATL,Atlanta Hawks,0028000797,1981-03-05,ATL @ MIL,L,0,7,,,0.0,,,0,2,0.0,,,,,,,,,14,,0
5661,21980,77582,Joe Meriweather,KCK,Kansas City Kings,0028000796,1981-03-05,KCK vs. POR,W,0,4,,,0.0,,,6,8,0.75,,,,,,,,,14,,0
5662,21980,78570,Sly Williams,NYK,New York Knicks,0028000795,1981-03-05,NYK @ DET,W,0,6,,,0.0,,,2,3,0.667,,,,,,,,,14,,0
5663,21980,1453,Walter Davis,PHX,Phoenix Suns,0028000794,1981-03-05,PHX @ UTH,W,0,6,,,0.0,,,2,2,1.0,,,,,,,,,14,,0
5664,21980,77273,Reggie King,KCK,Kansas City Kings,0028000793,1981-03-04,KCK @ SAN,W,0,4,,,0.0,,,6,7,0.857,,,,,,,,,14,,0
5665,21980,76804,George Gervin,SAN,San Antonio Spurs,0028000793,1981-03-04,SAN vs. KCK,L,0,6,,,0.0,,,2,4,0.5,,,,,,,,,14,,0
5666,21980,78195,Larry Smith,GOS,Golden State Warriors,0028000790,1981-03-04,GOS vs. UTH,W,0,4,,,0.0,,,6,10,0.6,,,,,,,,,14,,0
5667,21980,76272,Fred Brown,SEA,Seattle SuperSonics,0028000788,1981-03-04,SEA vs. IND,W,0,5,,,0.0,,,4,4,1.0,,,,,,,,,14,,0
5668,21980,78531,Bob Wilkerson,CHI,Chicago Bulls,0028000785,1981-03-03,CHI vs. NJN,W,0,7,,,0.0,,,0,0,,,,,,,,,,14,,0
5669,21980,78215,Ricky Sobers,CHI,Chicago Bulls,0028000785,1981-03-03,CHI vs. NJN,W,0,6,,,0.0,,,2,2,1.0,,,,,,,,6.0,14,,0
5670,21980,76656,Bob Elliott,NJN,New Jersey Nets,0028000785,1981-03-03,NJN @ CHI,L,0,6,,,0.0,,,2,2,1.0,,,,,,,,,14,,0
5671,21980,77984,Rick Robey,BOS,Boston Celtics,0028000783,1981-03-03,BOS @ DAL,W,0,6,,,0.0,,,2,4,0.5,,,,,,,,,14,,0
5672,21980,1450,Kevin McHale,BOS,Boston Celtics,0028000783,1981-03-03,BOS @ DAL,W,0,7,,,0.0,,,0,0,,,,,,,,,,14,,0
5673,21980,78047,Campy Russell,NYK,New York Knicks,0028000782,1981-03-03,NYK vs. ATL,L,0,5,,,0.0,,,4,4,1.0,,,,,,,,,14,,0
5674,21980,77071,Phil Hubbard,DET,Detroit Pistons,0028000781,1981-03-03,DET @ MIL,L,0,5,,,0.0,,,4,6,0.667,,,,,,,,6.0,14,,0
5675,21980,77715,Carl Nicks,UTH,Utah Jazz,0028000780,1981-03-03,UTH vs. WAS,L,0,5,,,0.0,,,4,7,0.571,,,,,,,,,14,,0
5676,21980,77290,Billy Knight,IND,Indiana Pacers,0028000779,1981-03-03,IND @ POR,L,0,6,,,0.0,,,2,2,1.0,,,,,,,,,14,,0
5677,21980,76385,Maurice Cheeks,PHL,Philadelphia 76ers,0028000776,1981-03-01,PHL @ BOS,L,0,6,,,1.0,,,1,1,1.0,,,,,,,,,14,,0
5678,21980,1381,John Long,DET,Detroit Pistons,0028000777,1981-03-01,DET @ NJN,W,0,7,,,0.0,,,0,0,,,,,,,,,,14,,0
5679,21980,77193,Bobby Jones,PHL,Philadelphia 76ers,0028000776,1981-03-01,PHL @ BOS,L,0,5,,,0.0,,,4,4,1.0,,,,,,,,,14,,0
5680,21980,76483,Pat Cummings,MIL,Milwaukee Bucks,0028000774,1981-03-01,MIL vs. WAS,W,0,6,,,0.0,,,2,2,1.0,,,,,,,,,14,,0
5681,21980,77848,Roger Phegley,CLE,Cleveland Cavaliers,0028000773,1981-03-01,CLE @ DEN,L,0,6,,,0.0,,,2,2,1.0,,,,,,,,6.0,14,,0
5682,21980,77689,Swen Nater,SDC,San Diego Clippers,0028000772,1981-03-01,SDC @ DAL,L,0,7,,,0.0,,,0,0,,,,,,,,,,14,,0
5683,21980,78331,Mychal Thompson,POR,Portland Trail Blazers,0028000770,1981-03-01,POR vs. UTH,W,0,5,,,0.0,,,4,5,0.8,,,,,,,,,14,,0
5684,21980,76733,Chris Ford,BOS,Boston Celtics,0028000776,1981-03-01,BOS vs. PHL,W,0,4,,,2.0,,,4,5,0.8,,,,,,,,,14,,0
5685,21980,77326,Sam Lacey,KCK,Kansas City Kings,0028000768,1981-02-28,KCK vs. GOS,L,0,6,,,1.0,,,1,2,0.5,,,,,,,,,14,,0
5686,21980,78047,Campy Russell,NYK,New York Knicks,0028000769,1981-02-28,NYK vs. CHI,L,0,6,,,0.0,,,2,2,1.0,,,,,,,,,14,,0
5687,21980,76362,Bill Cartwright,NYK,New York Knicks,0028000769,1981-02-28,NYK vs. CHI,L,0,4,,,0.0,,,6,8,0.75,,,,,,,,,14,,0
5688,21980,77936,Robert Reid,HOU,Houston Rockets,0028000767,1981-02-28,HOU vs. SDC,L,0,3,,,0.0,,,8,10,0.8,,,,,,,,,14,,0
5689,21980,78222,Jim Spanarkel,DAL,Dallas Mavericks,0028000765,1981-02-27,DAL vs. IND,L,0,6,,,0.0,,,2,2,1.0,,,,,,,,,14,,0
5690,21980,76095,Mike Bantom,IND,Indiana Pacers,0028000765,1981-02-27,IND @ DAL,W,0,6,,,0.0,,,2,3,0.667,,,,,,,,,14,,0
5691,21980,78149,Jack Sikma,SEA,Seattle SuperSonics,0028000763,1981-02-27,SEA @ HOU,L,0,6,,,0.0,,,2,4,0.5,,,,,,,,,14,,0
5692,21980,77623,Paul Mokeski,DET,Detroit Pistons,0028000761,1981-02-27,DET vs. CLE,W,0,4,,,0.0,,,6,8,0.75,,,,,,,,6.0,14,,0
5693,21980,77087,Geoff Huston,CLE,Cleveland Cavaliers,0028000761,1981-02-27,CLE @ DET,L,0,6,,,0.0,,,2,3,0.667,,,,,,,,,14,,0
5694,21980,77993,Truck Robinson,PHX,Phoenix Suns,0028000760,1981-02-27,PHX @ POR,L,0,6,,,0.0,,,2,2,1.0,,,,,,,,,14,,0
5695,21980,600014,Artis Gilmore,CHI,Chicago Bulls,0028000759,1981-02-27,CHI vs. WAS,W,0,6,,,0.0,,,2,2,1.0,,,,,,,,,14,,0
5696,21980,78442,Wally Walker,SEA,Seattle SuperSonics,0028000757,1981-02-26,SEA @ SAN,L,0,6,,,0.0,,,2,3,0.667,,,,,,,,,14,,0
5697,21980,77152,John Johnson,SEA,Seattle SuperSonics,0028000757,1981-02-26,SEA @ SAN,L,0,7,,,0.0,,,0,0,,,,,,,,,6.0,14,,0
5698,21980,77273,Reggie King,KCK,Kansas City Kings,0028000756,1981-02-26,KCK vs. DAL,W,0,6,,,0.0,,,2,6,0.333,,,,,,,,,14,,0
5699,21980,76321,Marty Byrnes,DAL,Dallas Mavericks,0028000756,1981-02-26,DAL @ KCK,L,0,6,,,0.0,,,2,2,1.0,,,,,,,,,14,,0
5700,21980,76272,Fred Brown,SEA,Seattle SuperSonics,0028000757,1981-02-26,SEA @ SAN,L,0,5,,,1.0,,,3,3,1.0,,,,,,,,,14,,0
5701,21980,77353,Allen Leavell,HOU,Houston Rockets,0028000755,1981-02-25,HOU vs. IND,W,0,5,,,0.0,,,4,4,1.0,,,,,,,,,14,,0
5702,21980,76441,Wayne Cooper,UTH,Utah Jazz,0028000752,1981-02-25,UTH vs. NJN,W,0,4,,,0.0,,,6,8,0.75,,,,,,,,,14,,0
5703,21980,78047,Campy Russell,NYK,New York Knicks,0028000754,1981-02-25,NYK @ WAS,L,0,6,,,1.0,,,1,2,0.5,,,,,,,,,14,,0
5704,21980,76598,John Drew,ATL,Atlanta Hawks,0028000749,1981-02-24,ATL vs. NYK,L,0,4,,,0.0,,,6,8,0.75,,,,,,,,6.0,14,,0
5705,21980,600014,Artis Gilmore,CHI,Chicago Bulls,0028000748,1981-02-24,CHI vs. LAL,L,0,6,,,0.0,,,2,2,1.0,,,,,,,,,14,,0
5706,21980,77691,Calvin Natt,POR,Portland Trail Blazers,0028000746,1981-02-24,POR vs. SDC,L,0,4,,,0.0,,,6,7,0.857,,,,,,,,6.0,14,,0
5707,21980,77396,Scott Lloyd,DAL,Dallas Mavericks,0028000745,1981-02-24,DAL vs. SEA,L,0,5,,,0.0,,,4,4,1.0,,,,,,,,,14,,0
5708,21980,77328,Tom LaGarde,DAL,Dallas Mavericks,0028000745,1981-02-24,DAL vs. SEA,L,0,7,,,0.0,,,0,0,,,,,,,,,,14,,0
5709,21980,77152,John Johnson,SEA,Seattle SuperSonics,0028000745,1981-02-24,SEA @ DAL,W,0,6,,,0.0,,,2,2,1.0,,,,,,,,,14,,0
5710,21980,77936,Robert Reid,HOU,Houston Rockets,0028000743,1981-02-23,HOU @ UTH,W,0,6,,,0.0,,,2,3,0.667,,,,,,,,,14,,0
5711,21980,78351,Andrew Toney,PHL,Philadelphia 76ers,0028000741,1981-02-22,PHL @ PHX,L,0,7,,,0.0,,,0,0,,,,,,,,,6.0,14,,0
5712,21980,77193,Bobby Jones,PHL,Philadelphia 76ers,0028000741,1981-02-22,PHL @ PHX,L,0,6,,,0.0,,,2,6,0.333,,,,,,,,,14,,0
5713,21980,78149,Jack Sikma,SEA,Seattle SuperSonics,0028000740,1981-02-22,SEA vs. HOU,L,0,7,,,0.0,,,0,0,,,,,,,,,,14,,0
5714,21980,77873,Ben Poquette,UTH,Utah Jazz,0028000738,1981-02-22,UTH @ SDC,L,0,5,,,0.0,,,4,4,1.0,,,,,,,,,14,,0
5715,21980,77998,Dave Robisch,DEN,Denver Nuggets,0028000737,1981-02-22,DEN @ SAN,L,0,6,,,0.0,,,2,2,1.0,,,,,,,,,14,,0
5716,21980,76249,Ron Brewer,SAN,San Antonio Spurs,0028000737,1981-02-22,SAN vs. DEN,W,0,5,,,0.0,,,4,4,1.0,,,,,,,,,14,,0
5717,21980,77246,Larry Kenon,CHI,Chicago Bulls,0028000735,1981-02-22,CHI vs. ATL,L,0,7,,,0.0,,,0,0,,,,,,,,,,14,,0
5718,21980,77997,Bill Robinzine,DAL,Dallas Mavericks,0028000733,1981-02-22,DAL @ NJN,W,0,4,,,0.0,,,6,7,0.857,,,,,,,,,14,,0
5719,21980,76887,Kevin Grevey,WAS,Washington Bullets,0028000734,1981-02-22,WAS vs. MIL,L,0,6,,,1.0,,,1,1,1.0,,,,,,,,,14,,0
5720,21980,78326,David Thompson,DEN,Denver Nuggets,0028000732,1981-02-21,DEN vs. KCK,W,0,4,,,0.0,,,6,9,0.667,,,,,,,,,14,,0
5721,21980,77071,Phil Hubbard,DET,Detroit Pistons,0028000731,1981-02-21,DET vs. BOS,L,0,4,,,0.0,,,6,9,0.667,,,,,,,,,14,,0
5722,21980,78467,Kermit Washington,POR,Portland Trail Blazers,0028000727,1981-02-20,POR @ NJN,L,0,7,,,0.0,,,0,0,,,,,,,,,,14,,0
5723,21980,76272,Fred Brown,SEA,Seattle SuperSonics,0028000726,1981-02-20,SEA vs. PHX,W,0,6,,,0.0,,,2,3,0.667,,,,,,,,,14,,0
5724,21980,78531,Bob Wilkerson,CHI,Chicago Bulls,0028000724,1981-02-20,CHI @ UTH,W,0,7,,,0.0,,,0,0,,,,,,,,,,14,,0
5725,21980,77817,Billy Paultz,HOU,Houston Rockets,0028000723,1981-02-20,HOU @ LAL,W,0,7,,,0.0,,,0,0,,,,,,,,,,14,,0
5726,21980,76539,Darryl Dawkins,PHL,Philadelphia 76ers,0028000722,1981-02-20,PHL vs. DAL,W,0,7,,,0.0,,,0,0,,,,,,,,,,14,,0
5727,21980,77547,Billy McKinney,DEN,Denver Nuggets,0028000875,1981-02-19,DEN vs. PHX,W,0,4,,,0.0,,,6,6,1.0,,,,,,,,,14,,0
5728,21980,76618,T.R. Dunn,DEN,Denver Nuggets,0028000875,1981-02-19,DEN vs. PHX,W,0,3,,,0.0,,,8,12,0.667,,,,,,,,,14,,0
5729,21980,78331,Mychal Thompson,POR,Portland Trail Blazers,0028000718,1981-02-19,POR @ DET,W,0,5,,,0.0,,,4,5,0.8,,,,,,,,,14,,0
5730,21980,77996,Wayne Robinson,DET,Detroit Pistons,0028000718,1981-02-19,DET vs. POR,L,0,3,,,0.0,,,8,10,0.8,,,,,,,,,14,,0
5731,21980,77936,Robert Reid,HOU,Houston Rockets,0028000717,1981-02-19,HOU @ SDC,L,0,5,,,0.0,,,4,6,0.667,,,,,,,,,14,,0
5732,21980,76616,Mike Dunleavy,HOU,Houston Rockets,0028000717,1981-02-19,HOU @ SDC,L,0,5,,,0.0,,,4,4,1.0,,,,,,,,,14,,0
5733,21980,76534,Ron Davis,SDC,San Diego Clippers,0028000717,1981-02-19,SDC vs. HOU,W,0,6,,,0.0,,,2,6,0.333,,,,,,,,,14,,0
5734,21980,77487,Cedric Maxwell,BOS,Boston Celtics,0028000712,1981-02-18,BOS @ KCK,L,0,4,,,0.0,,,6,11,0.545,,,,,,,,,14,,0
5735,21980,76170,Otis Birdsong,KCK,Kansas City Kings,0028000712,1981-02-18,KCK vs. BOS,W,0,7,,,0.0,,,0,0,,,,,,,,,,14,,0
5736,21980,76526,Johnny Davis,IND,Indiana Pacers,0028000711,1981-02-18,IND vs. ATL,L,0,4,,,0.0,,,6,8,0.75,,,,,,,,,14,,0
5737,21980,229,James Edwards,IND,Indiana Pacers,0028000711,1981-02-18,IND vs. ATL,L,0,6,,,0.0,,,2,2,1.0,,,,,,,,,14,,0
5738,21980,76272,Fred Brown,SEA,Seattle SuperSonics,0028000709,1981-02-17,SEA @ UTH,W,0,7,,,0.0,,,0,0,,,,,,,,,,14,,0
5739,21980,77786,Tom Owens,POR,Portland Trail Blazers,0028000707,1981-02-17,POR @ WAS,W,0,5,,,0.0,,,4,6,0.667,,,,,,,,,14,,0
5740,21980,78195,Larry Smith,GOS,Golden State Warriors,0028000706,1981-02-17,GOS @ PHX,L,0,6,,,0.0,,,2,4,0.5,,,,,,,,,14,,0
5741,21980,600005,Bob Lanier,MIL,Milwaukee Bucks,0028000705,1981-02-17,MIL @ DAL,W,0,5,,,0.0,,,4,5,0.8,,,,,,,,,14,,0
5742,21980,77432,Ollie Mack,DAL,Dallas Mavericks,0028000705,1981-02-17,DAL vs. MIL,L,0,6,,,0.0,,,2,2,1.0,,,,,,,,,14,,0
5743,21980,77328,Tom LaGarde,DAL,Dallas Mavericks,0028000705,1981-02-17,DAL vs. MIL,L,0,5,,,0.0,,,4,6,0.667,,,,,,,,,14,,0
5744,21980,1450,Kevin McHale,BOS,Boston Celtics,0028000704,1981-02-17,BOS @ SAN,W,0,6,,,0.0,,,2,2,1.0,,,,,,,,,14,,0
5745,21980,76483,Pat Cummings,MIL,Milwaukee Bucks,0028000698,1981-02-15,MIL @ SAN,L,0,6,,,0.0,,,2,2,1.0,,,,,,,,,14,,0
5746,21980,76733,Chris Ford,BOS,Boston Celtics,0028000696,1981-02-15,BOS @ DEN,W,0,5,,,0.0,,,4,4,1.0,,,,,,,,,14,,0
5747,21980,305,Robert Parish,BOS,Boston Celtics,0028000696,1981-02-15,BOS @ DEN,W,0,5,,,0.0,,,4,4,1.0,,,,,,,,6.0,14,,0
5748,21980,78482,Scott Wedman,KCK,Kansas City Kings,0028000700,1981-02-15,KCK vs. SEA,W,0,6,,,1.0,,,1,4,0.25,,,,,,,,,14,,0
5749,21980,76944,Bill Hanzlik,SEA,Seattle SuperSonics,0028000693,1981-02-14,SEA @ CHI,L,0,5,,,0.0,,,4,4,1.0,,,,,,,,,14,,0
5750,21980,77633,Johnny Moore,SAN,San Antonio Spurs,0028000692,1981-02-14,SAN @ DAL,W,0,4,,,0.0,,,6,7,0.857,,,,,,,,,14,,0
5751,21980,77623,Paul Mokeski,DET,Detroit Pistons,0028000691,1981-02-14,DET vs. WAS,W,0,5,,,0.0,,,4,5,0.8,,,,,,,,,14,,0
5752,21980,76686,Mike Evans,MIL,Milwaukee Bucks,0028000689,1981-02-14,MIL @ HOU,W,0,4,,,0.0,,,6,7,0.857,,,,,,,,,14,,0
5753,21980,76242,Mike Bratz,CLE,Cleveland Cavaliers,0028000690,1981-02-14,CLE vs. GOS,W,0,6,,,2.0,,,0,0,,,,,,,,,,14,,0
5754,21980,76296,Quinn Buckner,MIL,Milwaukee Bucks,0028000686,1981-02-13,MIL vs. GOS,L,0,6,,,0.0,,,2,3,0.667,,,,,,,,,14,,0
5755,21980,76616,Mike Dunleavy,HOU,Houston Rockets,0028000685,1981-02-13,HOU vs. LAL,L,0,6,,,0.0,,,2,3,0.667,,,,,,,,,14,,0
5756,21980,229,James Edwards,IND,Indiana Pacers,0028000683,1981-02-13,IND @ NJN,L,0,5,,,0.0,,,4,6,0.667,,,,,,,,,14,,0
5757,21980,77911,Kelvin Ransey,POR,Portland Trail Blazers,0028000678,1981-02-12,POR vs. SEA,L,0,6,,,0.0,,,2,2,1.0,,,,,,,,,14,,0
5758,21980,76272,Fred Brown,SEA,Seattle SuperSonics,0028000678,1981-02-12,SEA @ POR,W,0,7,,,0.0,,,0,0,,,,,,,,,,14,,0
5759,21980,78222,Jim Spanarkel,DAL,Dallas Mavericks,0028000675,1981-02-11,DAL @ PHX,L,0,5,,,0.0,,,4,5,0.8,,,,,,,,,14,,0
5760,21980,77756,Mark Olberding,SAN,San Antonio Spurs,0028000673,1981-02-11,SAN @ HOU,L,0,5,,,0.0,,,4,4,1.0,,,,,,,,,14,,0
5761,21980,76616,Mike Dunleavy,HOU,Houston Rockets,0028000673,1981-02-11,HOU vs. SAN,W,0,4,,,0.0,,,6,6,1.0,,,,,,,,6.0,14,,0
5762,21980,76453,Dave Corzine,SAN,San Antonio Spurs,0028000673,1981-02-11,SAN @ HOU,L,0,7,,,0.0,,,0,2,0.0,,,,,,,,,14,,0
5763,21980,76249,Ron Brewer,SAN,San Antonio Spurs,0028000673,1981-02-11,SAN @ HOU,L,0,5,,,0.0,,,4,4,1.0,,,,,,,,,14,,0
5764,21980,77873,Ben Poquette,UTH,Utah Jazz,0028000672,1981-02-11,UTH @ KCK,L,0,6,,,0.0,,,2,2,1.0,,,,,,,,,14,,0
5765,21980,77532,George McGinnis,IND,Indiana Pacers,0028000671,1981-02-11,IND vs. MIL,L,0,5,,,0.0,,,4,7,0.571,,,,,,,,,14,,0
5766,21980,76520,Monti Davis,DAL,Dallas Mavericks,0028000667,1981-02-10,DAL vs. DET,L,0,6,,,,,,2,2,1.0,,,,,,,,,14,,0
5767,21980,1381,John Long,DET,Detroit Pistons,0028000667,1981-02-10,DET @ DAL,W,0,7,,,0.0,,,0,0,,,,,,,,,,14,,0
5768,21980,76526,Johnny Davis,IND,Indiana Pacers,0028000663,1981-02-08,IND @ DET,W,0,7,,,0.0,,,0,0,,,,,,,,,,14,,0
5769,21980,1450,Kevin McHale,BOS,Boston Celtics,0028000662,1981-02-08,BOS vs. SDC,W,0,5,,,0.0,,,4,5,0.8,,,,,,,,,14,,0
5770,21980,77626,Sidney Moncrief,MIL,Milwaukee Bucks,0028000660,1981-02-08,MIL vs. CHI,W,0,6,,,0.0,,,2,2,1.0,,,,,,,,,14,,0
5771,21980,76483,Pat Cummings,MIL,Milwaukee Bucks,0028000660,1981-02-08,MIL vs. CHI,W,0,6,,,0.0,,,2,4,0.5,,,,,,,,,14,,0
5772,21980,77152,John Johnson,SEA,Seattle SuperSonics,0028000659,1981-02-08,SEA vs. DEN,W,0,7,,,0.0,,,0,0,,,,,,,,,,14,,0
5773,21980,78467,Kermit Washington,POR,Portland Trail Blazers,0028000658,1981-02-08,POR vs. KCK,W,0,6,,,0.0,,,2,2,1.0,,,,,,,,,14,,0
5774,21980,76321,Marty Byrnes,DAL,Dallas Mavericks,0028000656,1981-02-08,DAL @ SAN,L,0,3,,,0.0,,,8,10,0.8,,,,,,,,,14,,0
5775,21980,77876,Kevin Porter,WAS,Washington Bullets,0028000654,1981-02-08,WAS @ PHX,L,0,5,,,0.0,,,4,6,0.667,,,,,,,,,14,,0
5776,21980,77754,Mike O'Koren,NJN,New Jersey Nets,0028000650,1981-02-07,NJN @ NYK,L,0,6,,,1.0,,,1,2,0.5,,,,,,,,,14,,0
5777,21980,77152,John Johnson,SEA,Seattle SuperSonics,0028000653,1981-02-07,SEA vs. UTH,W,0,7,,,0.0,,,0,0,,,,,,,,,,14,,0
5778,21980,100263,Bill Laimbeer,CLE,Cleveland Cavaliers,0028000652,1981-02-07,CLE @ IND,L,0,4,,,0.0,,,6,8,0.75,,,,,,,,,14,,0
5779,21980,77848,Roger Phegley,CLE,Cleveland Cavaliers,0028000652,1981-02-07,CLE @ IND,L,0,5,,,0.0,,,4,5,0.8,,,,,,,,,14,,0
5780,21980,77532,George McGinnis,IND,Indiana Pacers,0028000652,1981-02-07,IND vs. CLE,W,0,4,,,0.0,,,6,7,0.857,,,,,,,,,14,,0
5781,21980,76826,Mike Gminski,NJN,New Jersey Nets,0028000650,1981-02-07,NJN @ NYK,L,0,4,,,0.0,,,6,7,0.857,,,,,,,,,14,,0
5782,21980,77246,Larry Kenon,CHI,Chicago Bulls,0028000645,1981-02-06,CHI vs. NYK,L,0,6,,,0.0,,,2,2,1.0,,,,,,,,,14,,0
5783,21980,77756,Mark Olberding,SAN,San Antonio Spurs,0028000644,1981-02-06,SAN vs. POR,W,0,5,,,0.0,,,4,5,0.8,,,,,,,,,14,,0
5784,21980,77721,Norm Nixon,LAL,Los Angeles Lakers,0028000643,1981-02-06,LAL @ DET,W,0,5,,,0.0,,,4,4,1.0,,,,,,,,,14,,0
5785,21980,77353,Allen Leavell,HOU,Houston Rockets,0028000642,1981-02-06,HOU @ PHX,L,0,6,,,0.0,,,2,2,1.0,,,,,,,,,14,,0
5786,21980,77022,Johnny High,PHX,Phoenix Suns,0028000642,1981-02-06,PHX vs. HOU,W,0,4,,,0.0,,,6,6,1.0,,,,,,,,,14,,0
5787,21980,78025,Dan Roundfield,ATL,Atlanta Hawks,0028000641,1981-02-06,ATL @ DAL,W,0,4,,,0.0,,,6,10,0.6,,,,,,,,,14,,0
5788,21980,78139,Purvis Short,GOS,Golden State Warriors,0028000639,1981-02-06,GOS vs. WAS,L,0,7,,,0.0,,,0,0,,,,,,,,,,14,,0
5789,21980,77264,Bernard King,GOS,Golden State Warriors,0028000639,1981-02-06,GOS vs. WAS,L,0,6,,,0.0,,,2,2,1.0,,,,,,,,,14,,0
5790,21980,76979,Elvin Hayes,WAS,Washington Bullets,0028000639,1981-02-06,WAS @ GOS,W,0,5,,,0.0,,,4,4,1.0,,,,,,,,,14,,0
5791,21980,77168,Mickey Johnson,MIL,Milwaukee Bucks,0028000636,1981-02-05,MIL vs. BOS,W,0,5,,,0.0,,,4,6,0.667,,,,,,,,,14,,0
5792,21980,77997,Bill Robinzine,DAL,Dallas Mavericks,0028000632,1981-02-04,DAL @ HOU,L,0,5,,,0.0,,,4,4,1.0,,,,,,,,,14,,0
5793,21980,77936,Robert Reid,HOU,Houston Rockets,0028000632,1981-02-04,HOU vs. DAL,W,0,6,,,0.0,,,2,2,1.0,,,,,,,,,14,,0
5794,21980,78548,Freeman Williams,SDC,San Diego Clippers,0028000631,1981-02-04,SDC @ NJN,W,0,6,,,0.0,,,2,2,1.0,,,,,,,,,14,,0
5795,21980,78296,Brian Taylor,SDC,San Diego Clippers,0028000631,1981-02-04,SDC @ NJN,W,0,5,,,0.0,,,4,6,0.667,,,,,,,,,14,,0
5796,21980,78095,Alvin Scott,PHX,Phoenix Suns,0028000630,1981-02-04,PHX vs. UTH,W,0,6,,,0.0,,,2,2,1.0,,,,,,,,,14,,0
5797,21980,76257,Allan Bristow,UTH,Utah Jazz,0028000630,1981-02-04,UTH @ PHX,L,0,6,,,0.0,,,2,2,1.0,,,,,,,,,14,,0
5798,21980,76385,Maurice Cheeks,PHL,Philadelphia 76ers,0028000629,1981-02-04,PHL vs. BOS,W,0,6,,,0.0,,,2,2,1.0,,,,,,,,,14,,0
5799,21980,77615,Mike Mitchell,CLE,Cleveland Cavaliers,0028000627,1981-02-04,CLE vs. CHI,L,0,6,,,0.0,,,2,3,0.667,,,,,,,,,14,,0
5800,21980,78404,Kiki Vandeweghe,DEN,Denver Nuggets,0028000626,1981-02-04,DEN vs. SAN,L,0,5,,,0.0,,,4,5,0.8,,,,,,,,,14,,0
5801,21980,76242,Mike Bratz,CLE,Cleveland Cavaliers,0028000627,1981-02-04,CLE vs. CHI,L,0,6,,,1.0,,,1,1,1.0,,,,,,,,,14,,0
5802,21980,78577,Bill Willoughby,HOU,Houston Rockets,0028000622,1981-02-03,HOU vs. DEN,W,0,7,,,0.0,,,0,0,,,,,,,,,,14,,0
5803,21980,77547,Billy McKinney,DEN,Denver Nuggets,0028000622,1981-02-03,DEN @ HOU,L,0,6,,,0.0,,,2,4,0.5,,,,,,,,,14,,0
5804,21980,76616,Mike Dunleavy,HOU,Houston Rockets,0028000622,1981-02-03,HOU vs. DEN,W,0,4,,,0.0,,,6,8,0.75,,,,,,,,,14,,0
5805,21980,77326,Sam Lacey,KCK,Kansas City Kings,0028000621,1981-02-03,KCK @ DAL,W,0,6,,,0.0,,,2,2,1.0,,,,,,,,,14,,0
5806,21980,78199,Phil Smith,SDC,San Diego Clippers,0028000619,1981-02-03,SDC @ NYK,L,0,6,,,0.0,,,2,2,1.0,,,,,,,,,14,,0
5807,21980,78195,Larry Smith,GOS,Golden State Warriors,0028000615,1981-01-29,GOS @ DET,W,0,6,,,0.0,,,2,3,0.667,,,,,,,,,14,,0
5808,21980,77168,Mickey Johnson,MIL,Milwaukee Bucks,0028000614,1981-01-29,MIL @ DEN,L,0,5,,,0.0,,,4,6,0.667,,,,,,,,,14,,0
5809,21980,78570,Sly Williams,NYK,New York Knicks,0028000611,1981-01-29,NYK @ ATL,W,0,7,,,0.0,,,0,0,,,,,,,,,,14,,0
5810,21980,76874,Rickey Green,UTH,Utah Jazz,0028000610,1981-01-29,UTH vs. HOU,W,0,4,,,0.0,,,6,11,0.545,,,,,,,,,14,,0
5811,21980,600005,Bob Lanier,MIL,Milwaukee Bucks,0028000609,1981-01-28,MIL @ SEA,W,0,7,,,0.0,,,0,0,,,,,,,,,,14,,0
5812,21980,77626,Sidney Moncrief,MIL,Milwaukee Bucks,0028000609,1981-01-28,MIL @ SEA,W,0,5,,,0.0,,,4,5,0.8,,,,,,,,,14,,0
5813,21980,76272,Fred Brown,SEA,Seattle SuperSonics,0028000609,1981-01-28,SEA vs. MIL,L,0,4,,,0.0,,,6,6,1.0,,,,,,,,,14,,0
5814,21980,78392,Wes Unseld,WAS,Washington Bullets,0028000608,1981-01-28,WAS vs. PHX,W,0,7,,,0.0,,,0,1,0.0,,,,,,,,,14,,0
5815,21980,78351,Andrew Toney,PHL,Philadelphia 76ers,0028000606,1981-01-28,PHL @ BOS,L,0,7,,,0.0,,,0,2,0.0,,,,,,,,,14,,0
5816,21980,77193,Bobby Jones,PHL,Philadelphia 76ers,0028000606,1981-01-28,PHL @ BOS,L,0,7,,,0.0,,,0,0,,,,,,,,,,14,,0
5817,21980,77290,Billy Knight,IND,Indiana Pacers,0028000605,1981-01-28,IND vs. GOS,W,0,6,,,0.0,,,2,2,1.0,,,,,,,,,14,,0
5818,21980,78390,Terry Tyler,DET,Detroit Pistons,0028000599,1981-01-27,DET @ DEN,L,0,6,,,0.0,,,2,2,1.0,,,,,,,,,14,,0
5819,21980,78531,Bob Wilkerson,CHI,Chicago Bulls,0028000604,1981-01-27,CHI vs. GOS,W,0,7,,,0.0,,,0,0,,,,,,,,,,14,,0
5820,21980,78310,Reggie Theus,CHI,Chicago Bulls,0028000604,1981-01-27,CHI vs. GOS,W,0,3,,,0.0,,,8,8,1.0,,,,,,,,,14,,0
5821,21980,78215,Ricky Sobers,CHI,Chicago Bulls,0028000604,1981-01-27,CHI vs. GOS,W,0,6,,,0.0,,,2,2,1.0,,,,,,,,,14,,0
5822,21980,78139,Purvis Short,GOS,Golden State Warriors,0028000604,1981-01-27,GOS @ CHI,L,0,7,,,0.0,,,0,0,,,,,,,,,,14,,0
5823,21980,78199,Phil Smith,SDC,San Diego Clippers,0028000602,1981-01-27,SDC vs. KCK,W,0,6,,,0.0,,,2,4,0.5,,,,,,,,6.0,14,,0
5824,21980,77553,Tom McMillen,ATL,Atlanta Hawks,0028000601,1981-01-27,ATL vs. WAS,L,0,7,,,0.0,,,0,0,,,,,,,,,,14,,0
5825,21980,77324,Mitch Kupchak,WAS,Washington Bullets,0028000601,1981-01-27,WAS @ ATL,W,0,6,,,0.0,,,2,4,0.5,,,,,,,,,14,,0
5826,21980,77770,Louis Orr,IND,Indiana Pacers,0028000600,1981-01-27,IND @ CLE,L,0,6,,,0.0,,,2,2,1.0,,,,,,,,,14,,0
5827,21980,229,James Edwards,IND,Indiana Pacers,0028000600,1981-01-27,IND @ CLE,L,0,6,,,0.0,,,2,2,1.0,,,,,,,,,14,,0
5828,21980,76673,Alex English,DEN,Denver Nuggets,0028000599,1981-01-27,DEN vs. DET,W,0,4,,,0.0,,,6,7,0.857,,,,,,,,,14,,0
5829,21980,78467,Kermit Washington,POR,Portland Trail Blazers,0028000596,1981-01-26,POR @ LAL,L,0,4,,,0.0,,,6,7,0.857,,,,,,,,,14,,0
5830,21980,77756,Mark Olberding,SAN,San Antonio Spurs,0028000592,1981-01-25,SAN @ POR,L,0,5,,,0.0,,,4,5,0.8,,,,,,,,,14,,0
5831,21980,1453,Walter Davis,PHX,Phoenix Suns,0028000590,1981-01-25,PHX @ PHL,L,0,6,,,0.0,,,2,3,0.667,,,,,,,,,14,,0
5832,21980,78577,Bill Willoughby,HOU,Houston Rockets,0028000589,1981-01-24,HOU vs. UTH,W,0,7,,,0.0,,,0,0,,,,,,,,,,14,,0
5833,21980,77353,Allen Leavell,HOU,Houston Rockets,0028000589,1981-01-24,HOU vs. UTH,W,0,6,,,0.0,,,2,2,1.0,,,,,,,,,14,,0
5834,21980,76616,Mike Dunleavy,HOU,Houston Rockets,0028000589,1981-01-24,HOU vs. UTH,W,0,6,,,0.0,,,2,2,1.0,,,,,,,,,14,,0
5835,21980,76734,Don Ford,CLE,Cleveland Cavaliers,0028000587,1981-01-24,CLE @ DET,L,0,6,,,0.0,,,2,2,1.0,,,,,,,,,14,,0
5836,21980,77136,Clemon Johnson,IND,Indiana Pacers,0028000586,1981-01-24,IND vs. DAL,W,0,7,,,0.0,,,0,0,,,,,,,,,,14,,0
5837,21980,77056,Cedrick Hordges,DEN,Denver Nuggets,0028000583,1981-01-24,DEN vs. SAN,W,0,7,,,0.0,,,0,0,,,,,,,,,,14,,0
5838,21980,77626,Sidney Moncrief,MIL,Milwaukee Bucks,0028000581,1981-01-23,MIL @ PHX,L,0,5,,,0.0,,,4,4,1.0,,,,,,,,,14,,0
5839,21980,77087,Geoff Huston,DAL,Dallas Mavericks,0028000582,1981-01-23,DAL @ CHI,L,0,5,,,0.0,,,4,6,0.667,,,,,,,,,14,,0
5840,21980,76444,Michael Cooper,LAL,Los Angeles Lakers,0028000579,1981-01-23,LAL vs. DEN,W,0,7,,,0.0,,,0,0,,,,,,,,,,14,,0
5841,21980,77353,Allen Leavell,HOU,Houston Rockets,0028000576,1981-01-23,HOU @ KCK,L,0,3,,,0.0,,,8,9,0.889,,,,,,,,,14,,0
5842,21980,77273,Reggie King,KCK,Kansas City Kings,0028000576,1981-01-23,KCK vs. HOU,W,0,5,,,0.0,,,4,4,1.0,,,,,,,,,14,,0
5843,21980,78331,Mychal Thompson,POR,Portland Trail Blazers,0028000574,1981-01-23,POR vs. NYK,W,0,7,,,0.0,,,0,0,,,,,,,,,,14,,0
5844,21980,77691,Calvin Natt,POR,Portland Trail Blazers,0028000574,1981-01-23,POR vs. NYK,W,0,6,,,0.0,,,2,5,0.4,,,,,,,,,14,,0
5845,21980,76539,Darryl Dawkins,PHL,Philadelphia 76ers,0028000573,1981-01-22,PHL @ WAS,W,0,5,,,0.0,,,4,5,0.8,,,,,,,,,14,,0
5846,21980,78047,Campy Russell,NYK,New York Knicks,0028000572,1981-01-22,NYK @ SDC,W,0,6,,,0.0,,,2,2,1.0,,,,,,,,,14,,0
5847,21980,77952,Micheal Ray Richardson,NYK,New York Knicks,0028000572,1981-01-22,NYK @ SDC,W,0,6,,,0.0,,,2,3,0.667,,,,,,,,,14,,0
5848,21980,77848,Roger Phegley,CLE,Cleveland Cavaliers,0028000571,1981-01-22,CLE vs. NJN,W,0,7,,,0.0,,,0,1,0.0,,,,,,,,,14,,0
5849,21980,78404,Kiki Vandeweghe,DEN,Denver Nuggets,0028000567,1981-01-21,DEN vs. SDC,L,0,5,,,0.0,,,4,4,1.0,,,,,,,,,14,,0
5850,21980,77162,Ollie Johnson,PHL,Philadelphia 76ers,0028000568,1981-01-21,PHL vs. IND,W,0,7,,,0.0,,,0,0,,,,,,,,,,14,,0
5851,21980,77043,Lionel Hollins,PHL,Philadelphia 76ers,0028000568,1981-01-21,PHL vs. IND,W,0,7,,,0.0,,,0,0,,,,,,,,,,14,,0
5852,21980,77829,Sam Pellom,ATL,Atlanta Hawks,0028000566,1981-01-21,ATL @ LAL,L,0,7,,,0.0,,,0,0,,,,,,,,,,14,,0
5853,21980,77873,Ben Poquette,UTH,Utah Jazz,0028000565,1981-01-21,UTH @ BOS,L,0,5,,,0.0,,,4,5,0.8,,,,,,,,,14,,0
5854,21980,76296,Quinn Buckner,MIL,Milwaukee Bucks,0028000563,1981-01-21,MIL @ GOS,W,0,5,,,0.0,,,4,9,0.444,,,,,,,,,14,,0
5855,21980,77141,Dennis Johnson,PHX,Phoenix Suns,0028000564,1981-01-21,PHX @ HOU,L,0,6,,,0.0,,,2,2,1.0,,,,,,,,,14,,0
5856,21980,77532,George McGinnis,IND,Indiana Pacers,0028000561,1981-01-20,IND @ CHI,L,0,7,,,0.0,,,0,5,0.0,,,,,,,,,14,,0
5857,21980,78390,Terry Tyler,DET,Detroit Pistons,0028000560,1981-01-20,DET vs. PHL,W,0,7,,,0.0,,,0,1,0.0,,,,,,,,,14,,0
5858,21980,77235,Rich Kelley,PHX,Phoenix Suns,0028000558,1981-01-20,PHX @ SAN,L,0,5,,,0.0,,,4,5,0.8,,,,,,,,,14,,0
5859,21980,1453,Walter Davis,PHX,Phoenix Suns,0028000558,1981-01-20,PHX @ SAN,L,0,6,,,0.0,,,2,2,1.0,,,,,,,,6.0,14,,0
5860,21980,77873,Ben Poquette,UTH,Utah Jazz,0028000556,1981-01-20,UTH @ WAS,L,0,7,,,0.0,,,0,0,,,,,,,,,,14,,0
5861,21980,77984,Rick Robey,BOS,Boston Celtics,0028000554,1981-01-19,BOS vs. DET,W,0,6,,,0.0,,,2,3,0.667,,,,,,,,,14,,0
5862,21980,77438,Kyle Macy,PHX,Phoenix Suns,0028000551,1981-01-18,PHX vs. ATL,W,0,5,,,1.0,,,3,3,1.0,,,,,,,,,14,,0
5863,21980,77975,Anthony Roberts,WAS,Washington Bullets,0028000553,1981-01-18,WAS vs. NJN,W,0,5,,,0.0,,,4,6,0.667,,,,,,,,,14,,0
5864,21980,77184,Edgar Jones,NJN,New Jersey Nets,0028000553,1981-01-18,NJN @ WAS,L,0,2,,,0.0,,,10,13,0.769,,,,,,,,,14,,0
5865,21980,78222,Jim Spanarkel,DAL,Dallas Mavericks,0028000552,1981-01-18,DAL @ SDC,L,0,6,,,0.0,,,2,2,1.0,,,,,,,,,14,,0
5866,21980,77432,Ollie Mack,DAL,Dallas Mavericks,0028000552,1981-01-18,DAL @ SDC,L,0,6,,,0.0,,,2,3,0.667,,,,,,,,,14,,0
5867,21980,77936,Robert Reid,HOU,Houston Rockets,0028000549,1981-01-18,HOU @ DEN,W,0,6,,,0.0,,,2,2,1.0,,,,,,,,,14,,0
5868,21980,77097,Dan Issel,DEN,Denver Nuggets,0028000549,1981-01-18,DEN vs. HOU,L,0,4,,,0.0,,,6,7,0.857,,,,,,,,,14,,0
5869,21980,78500,Paul Westphal,SEA,Seattle SuperSonics,0028000548,1981-01-18,SEA @ PHL,L,0,3,,,0.0,,,8,8,1.0,,,,,,,,,14,,0
5870,21980,78442,Wally Walker,SEA,Seattle SuperSonics,0028000548,1981-01-18,SEA @ PHL,L,0,6,,,0.0,,,2,2,1.0,,,,,,,,,14,,0
5871,21980,76887,Kevin Grevey,WAS,Washington Bullets,0028000553,1981-01-18,WAS vs. NJN,W,0,6,,,1.0,,,1,2,0.5,,,,,,,,,14,,0
5872,21980,76435,Darwin Cook,NJN,New Jersey Nets,0028000543,1981-01-17,NJN @ DET,W,0,5,,,0.0,,,4,4,1.0,,,,,,,,,14,,0
5873,21980,78310,Reggie Theus,CHI,Chicago Bulls,0028000545,1981-01-17,CHI vs. CLE,L,0,6,,,0.0,,,2,2,1.0,,,,,,,,,14,,0
5874,21980,77273,Reggie King,KCK,Kansas City Kings,0028000544,1981-01-17,KCK vs. DEN,L,0,4,,,0.0,,,6,6,1.0,,,,,,,,,14,,0
5875,21980,77097,Dan Issel,DEN,Denver Nuggets,0028000544,1981-01-17,DEN @ KCK,W,0,5,,,0.0,,,4,5,0.8,,,,,,,,,14,,0
5876,21980,78150,James Silas,SAN,San Antonio Spurs,0028000542,1981-01-17,SAN @ WAS,L,0,6,,,0.0,,,2,2,1.0,,,,,,,,,14,,0
5877,21980,76786,Calvin Garrett,HOU,Houston Rockets,0028000541,1981-01-17,HOU vs. NYK,L,0,5,,,0.0,,,4,4,1.0,,,,,,,,,14,,0
5878,21980,78310,Reggie Theus,CHI,Chicago Bulls,0028000539,1981-01-16,CHI vs. POR,L,0,6,,,0.0,,,2,2,1.0,,,,,,,,,14,,0
5879,21980,76249,Ron Brewer,SAN,San Antonio Spurs,0028000540,1981-01-16,SAN @ BOS,L,0,7,,,0.0,,,0,0,,,,,,,,,,14,,0
5880,21980,78331,Mychal Thompson,POR,Portland Trail Blazers,0028000539,1981-01-16,POR @ CHI,W,0,7,,,0.0,,,0,0,,,,,,,,,,14,,0
5881,21980,76121,Billyray Bates,POR,Portland Trail Blazers,0028000539,1981-01-16,POR @ CHI,W,0,6,,,0.0,,,2,2,1.0,,,,,,,,,14,,0
5882,21980,76350,Kenny Carr,CLE,Cleveland Cavaliers,0028000538,1981-01-16,CLE @ PHL,L,0,4,,,0.0,,,6,6,1.0,,,,,,,,,14,,0
5883,21980,77873,Ben Poquette,UTH,Utah Jazz,0028000535,1981-01-16,UTH vs. SDC,W,0,5,,,0.0,,,4,5,0.8,,,,,,,,,14,,0
5884,21980,76290,Joe Bryant,SDC,San Diego Clippers,0028000535,1981-01-16,SDC @ UTH,L,0,7,,,0.0,,,0,0,,,,,,,,,,14,,0
5885,21980,76204,Ron Boone,UTH,Utah Jazz,0028000535,1981-01-16,UTH vs. SDC,W,0,5,,,0.0,,,4,5,0.8,,,,,,,,,14,,0
5886,21980,76753,World Free,GOS,Golden State Warriors,0028000533,1981-01-16,GOS vs. ATL,L,0,4,,,0.0,,,6,7,0.857,,,,,,,,,14,,0
5887,21980,76444,Michael Cooper,LAL,Los Angeles Lakers,0028000531,1981-01-16,LAL @ NJN,W,0,5,,,0.0,,,4,6,0.667,,,,,,,,,14,,0
5888,21980,78500,Paul Westphal,SEA,Seattle SuperSonics,0028000534,1981-01-16,SEA @ IND,W,0,5,,,0.0,,,4,5,0.8,,,,,,,,,14,,0
5889,21980,78571,Ray Williams,NYK,New York Knicks,0028000522,1981-01-14,NYK @ SAN,L,0,5,,,2.0,,,2,2,1.0,,,,,,,,,14,,0
5890,21980,76444,Michael Cooper,LAL,Los Angeles Lakers,0028000528,1981-01-14,LAL @ WAS,L,0,6,,,0.0,,,2,2,1.0,,,,,,,,,14,,0
5891,21980,78482,Scott Wedman,KCK,Kansas City Kings,0028000527,1981-01-14,KCK vs. POR,L,0,6,,,0.0,,,2,2,1.0,,,,,,,,,14,,0
5892,21980,78351,Andrew Toney,PHL,Philadelphia 76ers,0028000525,1981-01-14,PHL vs. NJN,W,0,5,,,0.0,,,4,4,1.0,,,,,,,,,14,,0
5893,21980,77193,Bobby Jones,PHL,Philadelphia 76ers,0028000525,1981-01-14,PHL vs. NJN,W,0,7,,,0.0,,,0,0,,,,,,,,,,14,,0
5894,21980,77829,Sam Pellom,ATL,Atlanta Hawks,0028000523,1981-01-14,ATL @ SDC,L,0,7,,,0.0,,,0,0,,,,,,,,,,14,,0
5895,21980,77756,Mark Olberding,SAN,San Antonio Spurs,0028000522,1981-01-14,SAN vs. NYK,W,0,5,,,0.0,,,4,4,1.0,,,,,,,,,14,,0
5896,21980,77633,Johnny Moore,SAN,San Antonio Spurs,0028000522,1981-01-14,SAN vs. NYK,W,0,5,,,0.0,,,4,7,0.571,,,,,,,,,14,,0
5897,21980,76453,Dave Corzine,SAN,San Antonio Spurs,0028000522,1981-01-14,SAN vs. NYK,W,0,7,,,0.0,,,0,0,,,,,,,,,,14,,0
5898,21980,77547,Billy McKinney,DEN,Denver Nuggets,0028000521,1981-01-14,DEN @ PHX,L,0,6,,,0.0,,,2,3,0.667,,,,,,,,,14,,0
5899,21980,77022,Johnny High,PHX,Phoenix Suns,0028000521,1981-01-14,PHX vs. DEN,W,0,5,,,0.0,,,4,6,0.667,,,,,,,,6.0,14,,0
5900,21980,76095,Mike Bantom,IND,Indiana Pacers,0028000519,1981-01-14,IND vs. DET,W,0,6,,,0.0,,,2,3,0.667,,,,,,,,,14,,0
5901,21980,77167,Vinnie Johnson,SEA,Seattle SuperSonics,0028000518,1981-01-13,SEA @ PHX,L,0,4,,,0.0,,,6,6,1.0,,,,,,,,,14,,0
5902,21980,1453,Walter Davis,PHX,Phoenix Suns,0028000518,1981-01-13,PHX vs. SEA,W,0,6,,,0.0,,,2,4,0.5,,,,,,,,,14,,0
5903,21980,76971,Steve Hawes,ATL,Atlanta Hawks,0028000514,1981-01-13,ATL @ DEN,L,0,4,,,0.0,,,6,7,0.857,,,,,,,,6.0,14,,0
5904,21980,78222,Jim Spanarkel,DAL,Dallas Mavericks,0028000513,1981-01-13,DAL vs. CHI,W,0,5,,,0.0,,,4,4,1.0,,,,,,,,,14,,0
5905,21980,76516,Brad Davis,DAL,Dallas Mavericks,0028000513,1981-01-13,DAL vs. CHI,W,0,4,,,0.0,,,6,7,0.857,,,,,,,,,14,,0
5906,21980,78215,Ricky Sobers,CHI,Chicago Bulls,0028000513,1981-01-13,CHI @ DAL,L,0,5,,,2.0,,,2,2,1.0,,,,,,,,,14,,0
5907,21980,76054,Nate Archibald,BOS,Boston Celtics,0028000515,1981-01-13,BOS @ NYK,W,0,6,,,0.0,,,2,2,1.0,,,,,,,,,14,,0
5908,21980,76091,Greg Ballard,WAS,Washington Bullets,0028000510,1981-01-11,WAS @ SAN,L,0,6,,,1.0,,,1,1,1.0,,,,,,,,,14,,0
5909,21980,76296,Quinn Buckner,MIL,Milwaukee Bucks,0028000509,1981-01-11,MIL vs. PHX,W,0,6,,,0.0,,,2,2,1.0,,,,,,,,,14,,0
5910,21980,1453,Walter Davis,PHX,Phoenix Suns,0028000509,1981-01-11,PHX @ MIL,L,0,6,,,0.0,,,2,2,1.0,,,,,,,,,14,,0
5911,21980,76985,Garfield Heard,SDC,San Diego Clippers,0028000508,1981-01-11,SDC @ KCK,W,0,5,,,0.0,,,4,4,1.0,,,,,,,,,14,,0
5912,21980,76874,Rickey Green,UTH,Utah Jazz,0028000504,1981-01-10,UTH vs. KCK,L,0,7,,,0.0,,,0,0,,,,,,,,,,14,,0
5913,21980,77353,Allen Leavell,HOU,Houston Rockets,0028000503,1981-01-10,HOU vs. POR,W,0,5,,,0.0,,,4,4,1.0,,,,,,,,,14,,0
5914,21980,78390,Terry Tyler,DET,Detroit Pistons,0028000502,1981-01-10,DET @ GOS,L,0,6,,,0.0,,,2,3,0.667,,,,,,,,,14,,0
5915,21980,77848,Roger Phegley,CLE,Cleveland Cavaliers,0028000501,1981-01-10,CLE vs. NYK,L,0,5,,,0.0,,,4,4,1.0,,,,,,,,,14,,0
5916,21980,77021,Kenny Higgs,DEN,Denver Nuggets,0028000500,1981-01-10,DEN @ SEA,L,0,6,,,0.0,,,2,2,1.0,,,,,,,,,14,,0
5917,21980,78500,Paul Westphal,SEA,Seattle SuperSonics,0028000496,1981-01-09,SEA @ LAL,L,0,7,,,0.0,,,0,0,,,,,,,,,,14,,0
5918,21980,76416,Art Collins,ATL,Atlanta Hawks,0028000489,1981-01-08,ATL @ MIL,L,0,5,,,,,,4,5,0.8,,,,,,,,,14,,0
5919,21980,77504,Andre McCarter,WAS,Washington Bullets,0028000491,1981-01-08,WAS @ KCK,L,0,6,,,0.0,,,2,3,0.667,,,,,,,,,14,,0
5920,21980,77770,Louis Orr,IND,Indiana Pacers,0028000488,1981-01-08,IND @ NYK,W,0,6,,,0.0,,,2,2,1.0,,,,,,,,,14,,0
5921,21980,78351,Andrew Toney,PHL,Philadelphia 76ers,0028000483,1981-01-07,PHL vs. SAN,W,0,5,,,0.0,,,4,6,0.667,,,,,,,,,14,,0
5922,21980,77937,Billy Reid,GOS,Golden State Warriors,0028000481,1981-01-07,GOS vs. DAL,L,0,7,,,0.0,,,0,0,,,,,,,,,,14,,0
5923,21980,77396,Scott Lloyd,DAL,Dallas Mavericks,0028000481,1981-01-07,DAL @ GOS,W,0,6,,,0.0,,,2,3,0.667,,,,,,,,,14,,0
5924,21980,77484,Wes Matthews,WAS,Washington Bullets,0028000480,1981-01-06,WAS @ LAL,L,0,5,,,0.0,,,4,4,1.0,,,,,,,,,14,,0
5925,21980,76154,Kent Benson,DET,Detroit Pistons,0028000479,1981-01-06,DET @ POR,L,0,4,,,0.0,,,6,6,1.0,,,,,,,,,14,,0
5926,21980,76362,Bill Cartwright,NYK,New York Knicks,0028000477,1981-01-06,NYK vs. SAN,L,0,5,,,0.0,,,4,9,0.444,,,,,,,,,14,,0
5927,21980,77141,Dennis Johnson,PHX,Phoenix Suns,0028000476,1981-01-06,PHX @ ATL,W,0,6,,,0.0,,,2,2,1.0,,,,,,,,,14,,0
5928,21980,78531,Bob Wilkerson,CHI,Chicago Bulls,0028000475,1981-01-06,CHI vs. SDC,W,0,7,,,0.0,,,0,0,,,,,,,,,,14,,0
5929,21980,78222,Jim Spanarkel,DAL,Dallas Mavericks,0028000474,1981-01-05,DAL @ SEA,L,0,6,,,0.0,,,2,2,1.0,,,,,,,,,14,,0
5930,21980,76483,Pat Cummings,MIL,Milwaukee Bucks,0028000472,1981-01-04,MIL vs. SDC,W,0,6,,,0.0,,,2,3,0.667,,,,,,,,,14,,0
5931,21980,76753,World Free,GOS,Golden State Warriors,0028000468,1981-01-03,GOS vs. PHL,L,0,4,,,0.0,,,6,6,1.0,,,,,,,,,14,,0
5932,21980,76539,Darryl Dawkins,PHL,Philadelphia 76ers,0028000468,1981-01-03,PHL @ GOS,W,0,7,,,0.0,,,0,0,,,,,,,,,,14,,0
5933,21980,77770,Louis Orr,IND,Indiana Pacers,0028000467,1981-01-03,IND vs. SDC,W,0,4,,,0.0,,,6,7,0.857,,,,,,,,,14,,0
5934,21980,100263,Bill Laimbeer,CLE,Cleveland Cavaliers,0028000466,1981-01-03,CLE vs. WAS,W,0,7,,,0.0,,,0,0,,,,,,,,,,14,,0
5935,21980,77324,Mitch Kupchak,WAS,Washington Bullets,0028000466,1981-01-03,WAS @ CLE,L,0,4,,,0.0,,,6,6,1.0,,,,,,,,,14,,0
5936,21980,76786,Calvin Garrett,HOU,Houston Rockets,0028000453,1981-01-01,HOU vs. UTH,W,0,6,,,0.0,,,2,2,1.0,,,,,,,,,14,,0
5937,21980,1450,Kevin McHale,BOS,Boston Celtics,0028000452,1981-01-01,BOS @ SDC,W,0,6,,,0.0,,,2,3,0.667,,,,,,,,,14,,0
5938,21980,77911,Kelvin Ransey,POR,Portland Trail Blazers,0028000449,1980-12-30,POR vs. PHL,W,0,6,,,0.0,,,2,2,1.0,,,,,,,,,14,,0
5939,21980,77819,Jim Paxson,POR,Portland Trail Blazers,0028000449,1980-12-30,POR vs. PHL,W,0,7,,,0.0,,,0,0,,,,,,,,,,14,,0
5940,21980,77786,Tom Owens,POR,Portland Trail Blazers,0028000449,1980-12-30,POR vs. PHL,W,0,6,,,0.0,,,2,3,0.667,,,,,,,,,14,,0
5941,21980,78025,Dan Roundfield,ATL,Atlanta Hawks,0028000448,1980-12-30,ATL vs. DET,W,0,6,,,0.0,,,2,2,1.0,,,,,,,,,14,,0
5942,21980,78482,Scott Wedman,KCK,Kansas City Kings,0028000447,1980-12-30,KCK vs. GOS,L,0,7,,,0.0,,,0,0,,,,,,,,,,14,,0
5943,21980,78150,James Silas,SAN,San Antonio Spurs,0028000445,1980-12-30,SAN vs. SEA,W,0,6,,,0.0,,,2,2,1.0,,,,,,,,,14,,0
5944,21980,600014,Artis Gilmore,CHI,Chicago Bulls,0028000444,1980-12-30,CHI vs. NJN,W,0,5,,,0.0,,,4,6,0.667,,,,,,,,,14,,0
5945,21980,600009,Rory Sparrow,NJN,New Jersey Nets,0028000444,1980-12-30,NJN @ CHI,L,0,6,,,0.0,,,2,2,1.0,,,,,,,,,14,,0
5946,21980,77936,Robert Reid,HOU,Houston Rockets,0028000443,1980-12-30,HOU vs. SDC,W,0,4,,,0.0,,,6,6,1.0,,,,,,,,,14,,0
5947,21980,600005,Bob Lanier,MIL,Milwaukee Bucks,0028000441,1980-12-30,MIL @ WAS,W,0,4,,,0.0,,,6,6,1.0,,,,,,,,,14,,0
5948,21980,78200,Randy Smith,CLE,Cleveland Cavaliers,0028000439,1980-12-29,CLE vs. DAL,W,0,5,,,0.0,,,4,5,0.8,,,,,,,,,14,,0
5949,21980,77721,Norm Nixon,LAL,Los Angeles Lakers,0028000438,1980-12-28,LAL vs. PHL,W,0,4,,,0.0,,,6,6,1.0,,,,,,,,,14,,0
5950,21980,78199,Phil Smith,SDC,San Diego Clippers,0028000603,1980-12-27,SDC vs. IND,W,0,6,,,0.0,,,2,2,1.0,,,,,,,,,14,,0
5951,21980,76385,Maurice Cheeks,PHL,Philadelphia 76ers,0028000434,1980-12-27,PHL @ DEN,L,0,6,,,0.0,,,2,2,1.0,,,,,,,,,14,,0
5952,21980,78222,Jim Spanarkel,DAL,Dallas Mavericks,0028000433,1980-12-27,DAL @ MIL,L,0,5,,,0.0,,,4,4,1.0,,,,,,,,,14,,0
5953,21980,77721,Norm Nixon,LAL,Los Angeles Lakers,0028000432,1980-12-27,LAL @ PHX,L,0,7,,,0.0,,,0,0,,,,,,,,,,14,,0
5954,21980,76054,Nate Archibald,BOS,Boston Celtics,0028000431,1980-12-27,BOS @ ATL,W,0,6,,,0.0,,,2,3,0.667,,,,,,,,,14,,0
5955,21980,77167,Vinnie Johnson,SEA,Seattle SuperSonics,0028000430,1980-12-27,SEA @ GOS,L,0,6,,,0.0,,,2,4,0.5,,,,,,,,,14,,0
5956,21980,77010,Keith Herron,DET,Detroit Pistons,0028000429,1980-12-27,DET @ CHI,L,0,7,,,0.0,,,0,0,,,,,,,,,,14,,0
5957,21980,76599,Larry Drew,DET,Detroit Pistons,0028000429,1980-12-27,DET @ CHI,L,0,5,,,0.0,,,4,4,1.0,,,,,,,,,14,,0
5958,21980,77163,Reggie Johnson,SAN,San Antonio Spurs,0028000428,1980-12-27,SAN vs. UTH,W,0,6,,,0.0,,,2,2,1.0,,,,,,,,,14,,0
5959,21980,76350,Kenny Carr,CLE,Cleveland Cavaliers,0028000423,1980-12-26,CLE vs. CHI,L,0,6,,,0.0,,,2,5,0.4,,,,,,,,,14,,0
5960,21980,77669,Calvin Murphy,HOU,Houston Rockets,0028000422,1980-12-26,HOU @ DET,W,0,6,,,0.0,,,2,2,1.0,,,,,,,,,14,,0
5961,21980,77010,Keith Herron,DET,Detroit Pistons,0028000422,1980-12-26,DET vs. HOU,L,0,6,,,0.0,,,2,2,1.0,,,,,,,,,14,,0
5962,21980,77163,Reggie Johnson,SAN,San Antonio Spurs,0028000418,1980-12-25,SAN @ PHX,L,0,6,,,0.0,,,2,4,0.5,,,,,,,,,14,,0
5963,21980,328,Rick Mahorn,WAS,Washington Bullets,0028000416,1980-12-25,WAS vs. NJN,W,0,5,,,0.0,,,4,4,1.0,,,,,,,,,14,,0
5964,21980,77290,Billy Knight,IND,Indiana Pacers,0028000411,1980-12-23,IND vs. NJN,W,0,6,,,0.0,,,2,2,1.0,,,,,,,,,14,,0
5965,21980,78025,Dan Roundfield,ATL,Atlanta Hawks,0028000410,1980-12-23,ATL vs. WAS,W,0,6,,,0.0,,,2,2,1.0,,,,,,,,,14,,0
5966,21980,78014,Tree Rollins,ATL,Atlanta Hawks,0028000410,1980-12-23,ATL vs. WAS,W,0,7,,,0.0,,,0,0,,,,,,,,,,14,,0
5967,21980,77993,Truck Robinson,PHX,Phoenix Suns,0028000409,1980-12-23,PHX vs. DET,W,0,6,,,0.0,,,2,2,1.0,,,,,,,,,14,,0
5968,21980,77022,Johnny High,PHX,Phoenix Suns,0028000409,1980-12-23,PHX vs. DET,W,0,4,,,0.0,,,6,6,1.0,,,,,,,,,14,,0
5969,21980,78095,Alvin Scott,PHX,Phoenix Suns,0028000406,1980-12-22,PHX @ SEA,W,0,4,,,0.0,,,6,6,1.0,,,,,,,,,14,,0
5970,21980,77993,Truck Robinson,PHX,Phoenix Suns,0028000406,1980-12-22,PHX @ SEA,W,0,6,,,0.0,,,2,4,0.5,,,,,,,,,14,,0
5971,21980,76272,Fred Brown,SEA,Seattle SuperSonics,0028000406,1980-12-22,SEA vs. PHX,L,0,7,,,0.0,,,0,1,0.0,,,,,,,,,14,,0
5972,21980,76085,James Bailey,SEA,Seattle SuperSonics,0028000406,1980-12-22,SEA vs. PHX,L,0,7,,,0.0,,,0,0,,,,,,,,,,14,,0
5973,21980,76436,Jeff Cook,PHX,Phoenix Suns,0028000405,1980-12-21,PHX @ POR,W,0,7,,,0.0,,,0,2,0.0,,,,,,,,,14,,0
5974,21980,78390,Terry Tyler,DET,Detroit Pistons,0028000404,1980-12-21,DET @ SDC,L,0,6,,,0.0,,,2,3,0.667,,,,,,,,,14,,0
5975,21980,78482,Scott Wedman,KCK,Kansas City Kings,0028000397,1980-12-20,KCK vs. IND,L,0,7,,,0.0,,,0,0,,,,,,,,,,14,,0
5976,21980,77770,Louis Orr,IND,Indiana Pacers,0028000397,1980-12-20,IND @ KCK,W,0,7,,,0.0,,,0,0,,,,,,,,,,14,,0
5977,21980,77432,Ollie Mack,DAL,Dallas Mavericks,0028000396,1980-12-20,DAL vs. GOS,L,0,7,,,0.0,,,0,0,,,,,,,,,,14,,0
5978,21980,77328,Tom LaGarde,DAL,Dallas Mavericks,0028000396,1980-12-20,DAL vs. GOS,L,0,5,,,0.0,,,4,8,0.5,,,,,,,,,14,,0
5979,21980,77189,Major Jones,HOU,Houston Rockets,0028000395,1980-12-20,HOU @ CHI,L,0,6,,,0.0,,,2,2,1.0,,,,,,,,,14,,0
5980,21980,77669,Calvin Murphy,HOU,Houston Rockets,0028000394,1980-12-19,HOU @ BOS,L,0,6,,,0.0,,,2,2,1.0,,,,,,,,,14,,0
5981,21980,600014,Artis Gilmore,CHI,Chicago Bulls,0028000393,1980-12-19,CHI vs. MIL,W,0,5,,,0.0,,,4,5,0.8,,,,,,,,,14,,0
5982,21980,77626,Sidney Moncrief,MIL,Milwaukee Bucks,0028000393,1980-12-19,MIL @ CHI,L,0,5,,,0.0,,,4,4,1.0,,,,,,,,,14,,0
5983,21980,76272,Fred Brown,SEA,Seattle SuperSonics,0028000391,1980-12-19,SEA vs. ATL,W,0,7,,,0.0,,,0,0,,,,,,,,,,14,,0
5984,21980,78623,Larry Wright,DET,Detroit Pistons,0028000390,1980-12-19,DET vs. IND,W,0,6,,,0.0,,,2,2,1.0,,,,,,,,,14,,0
5985,21980,77419,John Lucas,GOS,Golden State Warriors,0028000389,1980-12-19,GOS @ SAN,L,0,5,,,0.0,,,4,4,1.0,,,,,,,,,14,,0
5986,21980,78068,Dewayne Scales,NYK,New York Knicks,0028000388,1980-12-19,NYK @ WAS,W,0,7,,,0.0,,,0,0,,,,,,,,,,14,,0
5987,21980,77876,Kevin Porter,WAS,Washington Bullets,0028000388,1980-12-19,WAS vs. NYK,L,0,5,,,0.0,,,4,6,0.667,,,,,,,,,14,,0
5988,21980,76418,Don Collins,ATL,Atlanta Hawks,0028000382,1980-12-18,ATL @ UTH,W,0,7,,,0.0,,,0,0,,,,,,,,,,14,,0
5989,21980,77167,Vinnie Johnson,SEA,Seattle SuperSonics,0028000381,1980-12-17,SEA vs. KCK,W,0,5,,,0.0,,,4,4,1.0,,,,,,,,,14,,0
5990,21980,76054,Nate Archibald,BOS,Boston Celtics,0028000380,1980-12-17,BOS vs. CHI,W,0,5,,,0.0,,,4,4,1.0,,,,,,,,,14,,0
5991,21980,78200,Randy Smith,CLE,Cleveland Cavaliers,0028000378,1980-12-17,CLE @ PHL,L,0,5,,,0.0,,,4,4,1.0,,,,,,,,,14,,0
5992,21980,77043,Lionel Hollins,PHL,Philadelphia 76ers,0028000378,1980-12-17,PHL vs. CLE,W,0,7,,,0.0,,,0,0,,,,,,,,,,14,,0
5993,21980,78150,James Silas,SAN,San Antonio Spurs,0028000377,1980-12-17,SAN @ HOU,W,0,7,,,0.0,,,0,0,,,,,,,,,,14,,0
5994,21980,77944,Kevin Restani,SAN,San Antonio Spurs,0028000377,1980-12-17,SAN @ HOU,W,0,7,,,0.0,,,0,0,,,,,,,,,,14,,0
5995,21980,76453,Dave Corzine,SAN,San Antonio Spurs,0028000377,1980-12-17,SAN @ HOU,W,0,5,,,0.0,,,4,6,0.667,,,,,,,,,14,,0
5996,21980,77635,Lowes Moore,NJN,New Jersey Nets,0028000376,1980-12-17,NJN vs. MIL,W,0,7,,,0.0,,,0,0,,,,,,,,,,14,,0
5997,21980,76296,Quinn Buckner,MIL,Milwaukee Bucks,0028000376,1980-12-17,MIL @ NJN,L,0,7,,,0.0,,,0,0,,,,,,,,,,14,,0
5998,21980,76252,Junior Bridgeman,MIL,Milwaukee Bucks,0028000376,1980-12-17,MIL @ NJN,L,0,7,,,0.0,,,0,0,,,,,,,,,,14,,0
5999,21980,77691,Calvin Natt,POR,Portland Trail Blazers,0028000375,1980-12-17,POR @ GOS,W,0,7,,,0.0,,,0,1,0.0,,,,,,,,,14,,0
6000,21980,78571,Ray Williams,NYK,New York Knicks,0028000372,1980-12-16,NYK vs. UTH,W,0,6,,,0.0,,,2,2,1.0,,,,,,,,,14,,0
6001,21980,78532,Jamaal Wilkes,LAL,Los Angeles Lakers,0028000369,1980-12-16,LAL @ SDC,L,0,6,,,0.0,,,2,2,1.0,,,,,,,,,14,,0
6002,21980,76162,Henry Bibby,SDC,San Diego Clippers,0028000369,1980-12-16,SDC vs. LAL,W,0,5,,,2.0,,,2,2,1.0,,,,,,,,,14,,0
6003,21980,78015,Lorenzo Romar,GOS,Golden State Warriors,0028000366,1980-12-14,GOS @ LAL,L,0,7,,,0.0,,,0,0,,,,,,,,,,14,,0
6004,21980,77800,Sonny Parker,GOS,Golden State Warriors,0028000366,1980-12-14,GOS @ LAL,L,0,7,,,0.0,,,0,1,0.0,,,,,,,,,14,,0
6005,21980,77264,Bernard King,GOS,Golden State Warriors,0028000366,1980-12-14,GOS @ LAL,L,0,6,,,0.0,,,2,3,0.667,,,,,,,,,14,,0
6006,21980,76385,Maurice Cheeks,PHL,Philadelphia 76ers,0028000364,1980-12-14,PHL @ NJN,W,0,6,,,0.0,,,2,2,1.0,,,,,,,,,14,,0
6007,21980,78150,James Silas,SAN,San Antonio Spurs,0028000360,1980-12-13,SAN vs. DEN,W,0,4,,,0.0,,,6,6,1.0,,,,,,,,,14,,0
6008,21980,77163,Reggie Johnson,SAN,San Antonio Spurs,0028000360,1980-12-13,SAN vs. DEN,W,0,6,,,0.0,,,2,2,1.0,,,,,,,,,14,,0
6009,21980,76321,Marty Byrnes,DAL,Dallas Mavericks,0028000358,1980-12-13,DAL @ KCK,L,0,6,,,0.0,,,2,2,1.0,,,,,,,,,14,,0
6010,21980,76616,Mike Dunleavy,HOU,Houston Rockets,0028000357,1980-12-13,HOU @ GOS,W,0,7,,,0.0,,,0,0,,,,,,,,,,14,,0
6011,21980,76257,Allan Bristow,UTH,Utah Jazz,0028000355,1980-12-13,UTH @ CLE,L,0,6,,,0.0,,,2,2,1.0,,,,,,,,,14,,0
6012,21980,77490,Scott May,CHI,Chicago Bulls,0028000354,1980-12-13,CHI vs. BOS,L,0,5,,,0.0,,,4,6,0.667,,,,,,,,,14,,0
6013,21980,77618,Steve Mix,PHL,Philadelphia 76ers,0028000350,1980-12-12,PHL vs. WAS,W,0,3,,,0.0,,,8,8,1.0,,,,,,,,,14,,0
6014,21980,77420,Maurice Lucas,NJN,New Jersey Nets,0028000348,1980-12-12,NJN @ BOS,L,0,4,,,0.0,,,6,6,1.0,,,,,,,,,14,,0
6015,21980,76435,Darwin Cook,NJN,New Jersey Nets,0028000348,1980-12-12,NJN @ BOS,L,0,6,,,0.0,,,2,2,1.0,,,,,,,,,14,,0
6016,21980,77936,Robert Reid,HOU,Houston Rockets,0028000347,1980-12-12,HOU @ POR,L,0,6,,,0.0,,,2,2,1.0,,,,,,,,,14,,0
6017,21980,78571,Ray Williams,NYK,New York Knicks,0028000346,1980-12-11,NYK @ MIL,L,0,6,,,0.0,,,2,4,0.5,,,,,,,,,14,,0
6018,21980,76252,Junior Bridgeman,MIL,Milwaukee Bucks,0028000346,1980-12-11,MIL vs. NYK,W,0,6,,,0.0,,,2,2,1.0,,,,,,,,,14,,0
6019,21980,77148,George Johnson,IND,Indiana Pacers,0028000344,1980-12-11,IND @ CLE,W,0,6,,,0.0,,,2,2,1.0,,,,,,,,,14,,0
6020,21980,76095,Mike Bantom,IND,Indiana Pacers,0028000344,1980-12-11,IND @ CLE,W,0,5,,,0.0,,,4,5,0.8,,,,,,,,,14,,0
6021,21980,77532,George McGinnis,IND,Indiana Pacers,0028000343,1980-12-10,IND vs. PHX,W,0,5,,,0.0,,,4,7,0.571,,,,,,,,,14,,0
6022,21980,76436,Jeff Cook,PHX,Phoenix Suns,0028000343,1980-12-10,PHX @ IND,L,0,7,,,0.0,,,0,0,,,,,,,,,,14,,0
6023,21980,76321,Marty Byrnes,DAL,Dallas Mavericks,0028000341,1980-12-10,DAL @ DEN,L,0,4,,,0.0,,,6,8,0.75,,,,,,,,,14,,0
6024,21980,77817,Billy Paultz,HOU,Houston Rockets,0028000340,1980-12-10,HOU vs. LAL,L,0,6,,,0.0,,,2,2,1.0,,,,,,,,,14,,0
6025,21980,77689,Swen Nater,SDC,San Diego Clippers,0028000337,1980-12-10,SDC @ KCK,L,0,5,,,0.0,,,4,5,0.8,,,,,,,,,14,,0
6026,21980,78571,Ray Williams,NYK,New York Knicks,0028000335,1980-12-10,NYK @ NJN,W,0,7,,,0.0,,,0,0,,,,,,,,,,14,,0
6027,21980,77944,Kevin Restani,SAN,San Antonio Spurs,0028000334,1980-12-09,SAN @ UTH,W,0,6,,,0.0,,,2,2,1.0,,,,,,,,,14,,0
6028,21980,77043,Lionel Hollins,PHL,Philadelphia 76ers,0028000333,1980-12-09,PHL @ CLE,W,0,6,,,0.0,,,2,2,1.0,,,,,,,,,14,,0
6029,21980,78307,Carlos Terry,WAS,Washington Bullets,0028000332,1980-12-09,WAS @ NYK,L,0,7,,,0.0,,,0,0,,,,,,,,,,14,,0
6030,21980,77952,Micheal Ray Richardson,NYK,New York Knicks,0028000332,1980-12-09,NYK vs. WAS,W,0,7,,,0.0,,,0,0,,,,,,,,,,14,,0
6031,21980,76471,Charlie Criss,ATL,Atlanta Hawks,0028000331,1980-12-09,ATL vs. SDC,W,0,7,,,0.0,,,0,0,,,,,,,,,,14,,0
6032,21980,77168,Mickey Johnson,MIL,Milwaukee Bucks,0028000330,1980-12-09,MIL @ BOS,L,0,3,,,0.0,,,8,8,1.0,,,,,,,,,14,,0
6033,21980,77721,Norm Nixon,LAL,Los Angeles Lakers,0028000329,1980-12-09,LAL @ DAL,W,0,7,,,0.0,,,0,0,,,,,,,,,,14,,0
6034,21980,77396,Scott Lloyd,DAL,Dallas Mavericks,0028000329,1980-12-09,DAL vs. LAL,L,0,7,,,0.0,,,0,0,,,,,,,,,,14,,0
6035,21980,77152,John Johnson,SEA,Seattle SuperSonics,0028000326,1980-12-08,SEA vs. SAN,W,0,3,,,0.0,,,8,11,0.727,,,,,,,,,14,,0
6036,21980,76085,James Bailey,SEA,Seattle SuperSonics,0028000326,1980-12-08,SEA vs. SAN,W,0,6,,,0.0,,,2,2,1.0,,,,,,,,,14,,0
6037,21980,78548,Freeman Williams,SDC,San Diego Clippers,0028000324,1980-12-07,SDC vs. NJN,W,0,3,,,0.0,,,8,9,0.889,,,,,,,,,14,,0
6038,21980,77484,Wes Matthews,WAS,Washington Bullets,0028000323,1980-12-07,WAS @ BOS,W,0,6,,,0.0,,,2,2,1.0,,,,,,,,,14,,0
6039,21980,76733,Chris Ford,BOS,Boston Celtics,0028000323,1980-12-07,BOS vs. WAS,L,0,7,,,0.0,,,0,0,,,,,,,,,,14,,0
6040,21980,78571,Ray Williams,NYK,New York Knicks,0028000317,1980-12-06,NYK vs. MIL,W,0,6,,,0.0,,,2,2,1.0,,,,,,,,,14,,0
6041,21980,77817,Billy Paultz,HOU,Houston Rockets,0028000315,1980-12-06,HOU vs. DEN,W,0,6,,,0.0,,,2,4,0.5,,,,,,,,,14,,0
6042,21980,77168,Mickey Johnson,MIL,Milwaukee Bucks,0028000317,1980-12-06,MIL @ NYK,L,0,3,,,0.0,,,8,8,1.0,,,,,,,,,14,,0
6043,21980,78274,John Stroud,HOU,Houston Rockets,0028000308,1980-12-05,HOU @ KCK,L,0,5,,,,,,4,5,0.8,,,,,,,,,14,,0
6044,21980,78331,Mychal Thompson,POR,Portland Trail Blazers,0028000312,1980-12-05,POR vs. CHI,W,0,6,,,0.0,,,2,4,0.5,,,,,,,,,14,,0
6045,21980,77819,Jim Paxson,POR,Portland Trail Blazers,0028000312,1980-12-05,POR vs. CHI,W,0,5,,,0.0,,,4,4,1.0,,,,,,,,,14,,0
6046,21980,77490,Scott May,CHI,Chicago Bulls,0028000312,1980-12-05,CHI @ POR,L,0,5,,,0.0,,,4,4,1.0,,,,,,,,,14,,0
6047,21980,76471,Charlie Criss,ATL,Atlanta Hawks,0028000309,1980-12-05,ATL @ PHL,L,0,4,,,0.0,,,6,9,0.667,,,,,,,,,14,,0
6048,21980,78482,Scott Wedman,KCK,Kansas City Kings,0028000308,1980-12-05,KCK vs. HOU,W,0,7,,,0.0,,,0,0,,,,,,,,,,14,,0
6049,21980,76616,Mike Dunleavy,HOU,Houston Rockets,0028000308,1980-12-05,HOU @ KCK,L,0,5,,,0.0,,,4,5,0.8,,,,,,,,,14,,0
6050,21980,76011,Alvan Adams,PHX,Phoenix Suns,0028000306,1980-12-05,PHX vs. NJN,L,0,7,,,0.0,,,0,0,,,,,,,,,,14,,0
6051,21980,77848,Roger Phegley,CLE,Cleveland Cavaliers,0028000304,1980-12-04,CLE @ SAN,L,0,6,,,1.0,,,1,2,0.5,,,,,,,,,14,,0
6052,21980,78296,Brian Taylor,SDC,San Diego Clippers,0028000303,1980-12-04,SDC vs. POR,L,0,6,,,1.0,,,1,2,0.5,,,,,,,,,14,,0
6053,21980,77911,Kelvin Ransey,POR,Portland Trail Blazers,0028000303,1980-12-04,POR @ SDC,W,0,7,,,0.0,,,0,0,,,,,,,,,,14,,0
6054,21980,77952,Micheal Ray Richardson,NYK,New York Knicks,0028000295,1980-12-03,NYK @ PHL,L,0,5,,,1.0,,,3,5,0.6,,,,,,,,,14,,0
6055,21980,78200,Randy Smith,CLE,Cleveland Cavaliers,0028000302,1980-12-03,CLE @ HOU,L,0,7,,,0.0,,,0,0,,,,,,,,,,14,,0
6056,21980,76979,Elvin Hayes,WAS,Washington Bullets,0028000301,1980-12-03,WAS @ IND,L,0,6,,,0.0,,,2,4,0.5,,,,,,,,6.0,14,,0
6057,21980,328,Rick Mahorn,WAS,Washington Bullets,0028000301,1980-12-03,WAS @ IND,L,0,7,,,0.0,,,0,0,,,,,,,,,,14,,0
6058,21980,76471,Charlie Criss,ATL,Atlanta Hawks,0028000300,1980-12-03,ATL @ BOS,L,0,6,,,0.0,,,2,2,1.0,,,,,,,,,14,,0
6059,21980,77167,Vinnie Johnson,SEA,Seattle SuperSonics,0028000299,1980-12-03,SEA vs. CHI,W,0,7,,,0.0,,,0,0,,,,,,,,,,14,,0
6060,21980,77993,Truck Robinson,PHX,Phoenix Suns,0028000297,1980-12-03,PHX @ KCK,L,0,5,,,0.0,,,4,6,0.667,,,,,,,,,14,,0
6061,21980,76736,Phil Ford,KCK,Kansas City Kings,0028000297,1980-12-03,KCK vs. PHX,W,0,6,,,0.0,,,2,2,1.0,,,,,,,,,14,,0
6062,21980,1453,Walter Davis,PHX,Phoenix Suns,0028000297,1980-12-03,PHX @ KCK,L,0,7,,,0.0,,,0,0,,,,,,,,,,14,,0
6063,21980,78532,Jamaal Wilkes,LAL,Los Angeles Lakers,0028000296,1980-12-03,LAL vs. SDC,L,0,6,,,0.0,,,2,2,1.0,,,,,,,,,14,,0
6064,21980,78199,Phil Smith,SDC,San Diego Clippers,0028000296,1980-12-03,SDC @ LAL,W,0,6,,,0.0,,,2,4,0.5,,,,,,,,,14,,0
6065,21980,78570,Sly Williams,NYK,New York Knicks,0028000295,1980-12-03,NYK @ PHL,L,0,3,,,0.0,,,8,10,0.8,,,,,,,,,14,,0
6066,21980,76826,Mike Gminski,NJN,New Jersey Nets,0028000298,1980-12-03,NJN @ GOS,L,0,7,,,0.0,,,0,0,,,,,,,,,,14,,0
6067,21980,77141,Dennis Johnson,PHX,Phoenix Suns,0028000294,1980-12-02,PHX @ SAN,W,0,5,,,0.0,,,4,4,1.0,,,,,,,,,14,,0
6068,21980,76733,Chris Ford,BOS,Boston Celtics,0028000292,1980-12-02,BOS @ DET,W,0,7,,,0.0,,,0,0,,,,,,,,,,14,,0
6069,21980,78436,Foots Walker,NJN,New Jersey Nets,0028000290,1980-12-02,NJN @ POR,W,0,3,,,0.0,,,8,12,0.667,,,,,,,,,14,,0
6070,21980,77043,Lionel Hollins,PHL,Philadelphia 76ers,0028000288,1980-12-02,PHL @ ATL,L,0,7,,,0.0,,,0,0,,,,,,,,,,14,,0
6071,21980,76471,Charlie Criss,ATL,Atlanta Hawks,0028000288,1980-12-02,ATL vs. PHL,W,0,5,,,0.0,,,4,5,0.8,,,,,,,,,14,,0
6072,21980,77126,Abdul Jeelani,DAL,Dallas Mavericks,0028000287,1980-12-02,DAL vs. CLE,L,0,3,,,0.0,,,8,11,0.727,,,,,,,,,14,,0
6073,21980,76350,Kenny Carr,CLE,Cleveland Cavaliers,0028000287,1980-12-02,CLE @ DAL,W,0,7,,,0.0,,,0,4,0.0,,,,,,,,,14,,0
6074,21980,78531,Bob Wilkerson,CHI,Chicago Bulls,0028000286,1980-12-02,CHI @ DEN,W,0,5,,,0.0,,,4,4,1.0,,,,,,,,,14,,0
6075,21980,77721,Norm Nixon,LAL,Los Angeles Lakers,0028000284,1980-11-30,LAL vs. CHI,L,0,5,,,0.0,,,4,4,1.0,,,,,,,,6.0,14,,0
6076,21980,77205,Eddie Jordan,LAL,Los Angeles Lakers,0028000284,1980-11-30,LAL vs. CHI,L,0,5,,,1.0,,,3,4,0.75,,,,,,,,,14,,0
6077,21980,76881,David Greenwood,CHI,Chicago Bulls,0028000284,1980-11-30,CHI @ LAL,W,0,7,,,0.0,,,0,0,,,,,,,,,,14,,0
6078,21980,76733,Chris Ford,BOS,Boston Celtics,0028000283,1980-11-30,BOS @ MIL,L,0,7,,,0.0,,,0,0,,,,,,,,,,14,,0
6079,21980,76736,Phil Ford,KCK,Kansas City Kings,0028000279,1980-11-29,KCK vs. SAN,L,0,5,,,0.0,,,4,4,1.0,,,,,,,,,14,,0
6080,21980,77324,Mitch Kupchak,WAS,Washington Bullets,0028000278,1980-11-29,WAS vs. MIL,W,0,6,,,0.0,,,2,3,0.667,,,,,,,,,14,,0
6081,21980,77056,Cedrick Hordges,DEN,Denver Nuggets,0028000277,1980-11-29,DEN vs. LAL,L,0,5,,,0.0,,,4,4,1.0,,,,,,,,,14,,0
6082,21980,77936,Robert Reid,HOU,Houston Rockets,0028000276,1980-11-29,HOU vs. DAL,W,0,5,,,0.0,,,4,4,1.0,,,,,,,,,14,,0
6083,21980,77819,Jim Paxson,POR,Portland Trail Blazers,0028000274,1980-11-29,POR @ NYK,L,0,6,,,0.0,,,2,4,0.5,,,,,,,,,14,,0
6084,21980,229,James Edwards,IND,Indiana Pacers,0028000272,1980-11-29,IND vs. CLE,W,0,6,,,0.0,,,2,2,1.0,,,,,,,,,14,,0
6085,21980,76085,James Bailey,SEA,Seattle SuperSonics,0028000271,1980-11-28,SEA vs. SDC,L,0,6,,,0.0,,,2,4,0.5,,,,,,,,,14,,0
6086,21980,76385,Maurice Cheeks,PHL,Philadelphia 76ers,0028000269,1980-11-28,PHL vs. POR,W,0,5,,,0.0,,,4,7,0.571,,,,,,,,,14,,0
6087,21980,78571,Ray Williams,NYK,New York Knicks,0028000268,1980-11-28,NYK @ BOS,L,0,6,,,0.0,,,2,2,1.0,,,,,,,,,14,,0
6088,21980,76257,Allan Bristow,UTH,Utah Jazz,0028000266,1980-11-28,UTH @ NJN,L,0,5,,,0.0,,,4,4,1.0,,,,,,,,,14,,0
6089,21980,77324,Mitch Kupchak,WAS,Washington Bullets,0028000264,1980-11-28,WAS @ CLE,L,0,2,,,0.0,,,10,14,0.714,,,,,,,,,14,,0
6090,21980,76736,Phil Ford,KCK,Kansas City Kings,0028000263,1980-11-28,KCK @ DET,L,0,6,,,0.0,,,2,2,1.0,,,,,,,,,14,,0
6091,21980,76355,Butch Carter,LAL,Los Angeles Lakers,0028000261,1980-11-27,LAL @ GOS,W,0,6,,,0.0,,,2,2,1.0,,,,,,,,,14,,0
6092,21980,77715,Carl Nicks,DEN,Denver Nuggets,0028000258,1980-11-26,DEN vs. SDC,W,0,7,,,0.0,,,0,0,,,,,,,,,,14,,0
6093,21980,77326,Sam Lacey,KCK,Kansas City Kings,0028000255,1980-11-26,KCK vs. NJN,W,0,5,,,0.0,,,4,6,0.667,,,,,,,,,14,,0
6094,21980,1453,Walter Davis,PHX,Phoenix Suns,0028000254,1980-11-26,PHX vs. SEA,W,0,7,,,0.0,,,0,0,,,,,,,,,,14,,0
6095,21980,78025,Dan Roundfield,ATL,Atlanta Hawks,0028000252,1980-11-26,ATL @ IND,L,0,4,,,0.0,,,6,10,0.6,,,,,,,,,14,,0
6096,21980,77144,Eddie Johnson,ATL,Atlanta Hawks,0028000249,1980-11-25,ATL vs. POR,W,0,6,,,0.0,,,2,2,1.0,,,,,,,,,14,,0
6097,21980,76895,Bob Gross,POR,Portland Trail Blazers,0028000246,1980-11-23,POR vs. DAL,W,0,6,,,0.0,,,2,2,1.0,,,,,,,,,14,,0
6098,21980,77168,Mickey Johnson,MIL,Milwaukee Bucks,0028000243,1980-11-23,MIL @ LAL,W,0,4,,,0.0,,,6,6,1.0,,,,,,,,,14,,0
6099,21980,76539,Darryl Dawkins,PHL,Philadelphia 76ers,0028000238,1980-11-22,PHL @ SAN,W,0,5,,,0.0,,,4,4,1.0,,,,,,,,,14,,0
6100,21980,76526,Johnny Davis,IND,Indiana Pacers,0028000237,1980-11-22,IND vs. HOU,W,0,5,,,0.0,,,4,4,1.0,,,,,,,,,14,,0
6101,21980,76095,Mike Bantom,IND,Indiana Pacers,0028000237,1980-11-22,IND vs. HOU,W,0,6,,,0.0,,,2,2,1.0,,,,,,,,,14,,0
6102,21980,77487,Cedric Maxwell,BOS,Boston Celtics,0028000236,1980-11-22,BOS @ CLE,L,0,6,,,0.0,,,2,2,1.0,,,,,,,,,14,,0
6103,21980,76242,Mike Bratz,CLE,Cleveland Cavaliers,0028000236,1980-11-22,CLE vs. BOS,W,0,7,,,0.0,,,0,0,,,,,,,,,,14,,0
6104,21980,78307,Carlos Terry,WAS,Washington Bullets,0028000235,1980-11-21,WAS vs. SDC,W,0,6,,,0.0,,,2,2,1.0,,,,,,,,,14,,0
6105,21980,76091,Greg Ballard,WAS,Washington Bullets,0028000235,1980-11-21,WAS vs. SDC,W,0,6,,,0.0,,,2,2,1.0,,,,,,,,,14,,0
6106,21980,78222,Jim Spanarkel,DAL,Dallas Mavericks,0028000233,1980-11-21,DAL vs. SEA,L,0,4,,,0.0,,,6,7,0.857,,,,,,,,,14,,0
6107,21980,77721,Norm Nixon,LAL,Los Angeles Lakers,0028000232,1980-11-21,LAL vs. PHX,W,0,7,,,0.0,,,0,1,0.0,,,,,,,,,14,,0
6108,21980,77141,Dennis Johnson,PHX,Phoenix Suns,0028000232,1980-11-21,PHX @ LAL,L,0,6,,,0.0,,,2,3,0.667,,,,,,,,,14,,0
6109,21980,77986,Cliff T. Robinson,NJN,New Jersey Nets,0028000230,1980-11-21,NJN vs. HOU,L,0,7,,,0.0,,,0,0,,,,,,,,,,14,,0
6110,21980,77786,Tom Owens,POR,Portland Trail Blazers,0028000226,1980-11-20,POR vs. MIL,L,0,4,,,0.0,,,6,7,0.857,,,,,,,,,14,,0
6111,21980,76252,Junior Bridgeman,MIL,Milwaukee Bucks,0028000226,1980-11-20,MIL @ POR,W,0,7,,,0.0,,,0,0,,,,,,,,,,14,,0
6112,21980,77689,Swen Nater,SDC,San Diego Clippers,0028000224,1980-11-20,SDC @ DET,L,0,4,,,0.0,,,6,6,1.0,,,,,,,,,14,,0
6113,21980,77770,Louis Orr,IND,Indiana Pacers,0028000223,1980-11-19,IND vs. BOS,L,0,6,,,0.0,,,2,2,1.0,,,,,,,,,14,,0
6114,21980,77754,Mike O'Koren,NJN,New Jersey Nets,0028000222,1980-11-19,NJN vs. SAN,L,0,7,,,0.0,,,0,0,,,,,,,,,,14,,0
6115,21980,78195,Larry Smith,GOS,Golden State Warriors,0028000219,1980-11-18,GOS @ WAS,W,0,6,,,0.0,,,2,4,0.5,,,,,,,,,14,,0
6116,21980,77264,Bernard King,GOS,Golden State Warriors,0028000219,1980-11-18,GOS @ WAS,W,0,7,,,0.0,,,0,5,0.0,,,,,,,,,14,,0
6117,21980,1453,Walter Davis,PHX,Phoenix Suns,0028000218,1980-11-18,PHX @ DAL,W,0,6,,,0.0,,,2,2,1.0,,,,,,,,,14,,0
6118,21980,77148,George Johnson,IND,Indiana Pacers,0028000216,1980-11-18,IND @ DET,W,0,4,,,0.0,,,6,8,0.75,,,,,,,,,14,,0
6119,21980,77689,Swen Nater,SDC,San Diego Clippers,0028000215,1980-11-18,SDC @ CLE,L,0,6,,,0.0,,,2,2,1.0,,,,,,,,6.0,14,,0
6120,21980,76296,Quinn Buckner,MIL,Milwaukee Bucks,0028000214,1980-11-18,MIL @ UTH,W,0,7,,,0.0,,,0,0,,,,,,,,,,14,,0
6121,21980,76444,Michael Cooper,LAL,Los Angeles Lakers,0028000213,1980-11-18,LAL vs. KCK,W,0,7,,,0.0,,,0,0,,,,,,,,,,14,,0
6122,21980,77043,Lionel Hollins,PHL,Philadelphia 76ers,0028000212,1980-11-18,PHL @ NYK,W,0,6,,,0.0,,,2,2,1.0,,,,,,,,,14,,0
6123,21980,78442,Wally Walker,SEA,Seattle SuperSonics,0028000211,1980-11-18,SEA @ HOU,L,0,6,,,0.0,,,2,2,1.0,,,,,,,,,14,,0
6124,21980,77911,Kelvin Ransey,POR,Portland Trail Blazers,0028000210,1980-11-18,POR vs. DEN,W,0,5,,,0.0,,,4,5,0.8,,,,,,,,,14,,0
6125,21980,77944,Kevin Restani,SAN,San Antonio Spurs,0028000220,1980-11-18,SAN @ ATL,L,0,6,,,1.0,,,1,1,1.0,,,,,,,,,14,,0
6126,21980,77235,Rich Kelley,PHX,Phoenix Suns,0028000209,1980-11-16,PHX vs. POR,W,0,7,,,0.0,,,0,0,,,,,,,,,,14,,0
6127,21980,78310,Reggie Theus,CHI,Chicago Bulls,0028000208,1980-11-16,CHI @ MIL,W,0,4,,,0.0,,,6,10,0.6,,,,,,,,,14,,0
6128,21980,76154,Kent Benson,DET,Detroit Pistons,0028000206,1980-11-16,DET @ NJN,L,0,6,,,0.0,,,2,2,1.0,,,,,,,,,14,,0
6129,21980,78482,Scott Wedman,KCK,Kansas City Kings,0028000203,1980-11-15,KCK @ SDC,W,0,7,,,0.0,,,0,0,,,,,,,,,,14,,0
6130,21980,77419,John Lucas,GOS,Golden State Warriors,0028000202,1980-11-15,GOS vs. PHX,W,0,7,,,0.0,,,0,0,,,,,,,,,,14,,0
6131,21980,76453,Dave Corzine,SAN,San Antonio Spurs,0028000199,1980-11-15,SAN vs. UTH,W,0,6,,,0.0,,,2,2,1.0,,,,,,,,,14,,0
6132,21980,229,James Edwards,IND,Indiana Pacers,0028000194,1980-11-14,IND vs. WAS,W,0,7,,,0.0,,,0,3,0.0,,,,,,,,,14,,0
6133,21980,78222,Jim Spanarkel,DAL,Dallas Mavericks,0028000193,1980-11-14,DAL vs. POR,W,0,6,,,0.0,,,2,2,1.0,,,,,,,,,14,,0
6134,21980,76392,Jim Chones,LAL,Los Angeles Lakers,0028000192,1980-11-14,LAL vs. SDC,W,0,7,,,0.0,,,0,2,0.0,,,,,,,,,14,,0
6135,21980,78548,Freeman Williams,SDC,San Diego Clippers,0028000187,1980-11-13,SDC vs. SAN,L,0,6,,,1.0,,,1,2,0.5,,,,,,,,,14,,0
6136,21980,229,James Edwards,IND,Indiana Pacers,0028000189,1980-11-13,IND vs. PHL,L,0,6,,,0.0,,,2,2,1.0,,,,,,,,,14,,0
6137,21980,77615,Mike Mitchell,CLE,Cleveland Cavaliers,0028000188,1980-11-13,CLE vs. ATL,W,0,3,,,0.0,,,8,10,0.8,,,,,,,,,14,,0
6138,21980,78199,Phil Smith,SDC,San Diego Clippers,0028000187,1980-11-13,SDC vs. SAN,L,0,6,,,0.0,,,2,2,1.0,,,,,,,,,14,,0
6139,21980,77873,Ben Poquette,UTH,Utah Jazz,0028000186,1980-11-12,UTH @ SEA,W,0,4,,,0.0,,,6,7,0.857,,,,,,,,,14,,0
6140,21980,76979,Elvin Hayes,WAS,Washington Bullets,0028000184,1980-11-12,WAS @ BOS,L,0,4,,,0.0,,,6,9,0.667,,,,,,,,,14,,0
6141,21980,76887,Kevin Grevey,WAS,Washington Bullets,0028000184,1980-11-12,WAS @ BOS,L,0,5,,,0.0,,,4,6,0.667,,,,,,,,,14,,0
6142,21980,77756,Mark Olberding,SAN,San Antonio Spurs,0028000182,1980-11-12,SAN @ PHX,L,0,6,,,0.0,,,2,2,1.0,,,,,,,,,14,,0
6143,21980,77235,Rich Kelley,PHX,Phoenix Suns,0028000182,1980-11-12,PHX vs. SAN,W,0,4,,,0.0,,,6,6,1.0,,,,,,,,,14,,0
6144,21980,77950,Clint Richardson,PHL,Philadelphia 76ers,0028000179,1980-11-12,PHL vs. NYK,L,0,7,,,0.0,,,0,0,,,,,,,,,,14,,0
6145,21980,77193,Bobby Jones,PHL,Philadelphia 76ers,0028000179,1980-11-12,PHL vs. NYK,L,0,5,,,0.0,,,4,4,1.0,,,,,,,,,14,,0
6146,21980,78570,Sly Williams,NYK,New York Knicks,0028000176,1980-11-11,NYK vs. DET,W,0,7,,,0.0,,,0,0,,,,,,,,,,14,,0
6147,21980,78481,Marvin Webster,NYK,New York Knicks,0028000176,1980-11-11,NYK vs. DET,W,0,7,,,0.0,,,0,0,,,,,,,,,,14,,0
6148,21980,77071,Phil Hubbard,DET,Detroit Pistons,0028000176,1980-11-11,DET @ NYK,L,0,6,,,0.0,,,2,6,0.333,,,,,,,,,14,,0
6149,21980,76154,Kent Benson,DET,Detroit Pistons,0028000176,1980-11-11,DET @ NYK,L,0,7,,,0.0,,,0,0,,,,,,,,,,14,,0
6150,21980,77097,Dan Issel,DEN,Denver Nuggets,0028000175,1980-11-11,DEN @ WAS,L,0,5,,,0.0,,,4,6,0.667,,,,,,,,,14,,0
6151,21980,76418,Don Collins,ATL,Atlanta Hawks,0028000174,1980-11-11,ATL vs. LAL,L,0,5,,,0.0,,,4,4,1.0,,,,,,,,,14,,0
6152,21980,76248,Jim Brewer,LAL,Los Angeles Lakers,0028000174,1980-11-11,LAL @ ATL,W,0,7,,,0.0,,,0,0,,,,,,,,,,14,,0
6153,21980,77626,Sidney Moncrief,MIL,Milwaukee Bucks,0028000172,1980-11-11,MIL @ CLE,W,0,2,,,0.0,,,10,11,0.909,,,,,,,,,14,,0
6154,21980,76095,Mike Bantom,IND,Indiana Pacers,0028000171,1980-11-11,IND @ SAN,W,0,5,,,0.0,,,4,6,0.667,,,,,,,,,14,,0
6155,21980,76231,Dudley Bradley,IND,Indiana Pacers,0028000169,1980-11-10,IND @ UTH,L,0,6,,,0.0,,,2,2,1.0,,,,,,,,,14,,0
6156,21980,78600,Brian Winters,MIL,Milwaukee Bucks,0028000168,1980-11-09,MIL vs. PHL,L,0,3,,,0.0,,,8,9,0.889,,,,,,,,,14,,0
6157,21980,77193,Bobby Jones,PHL,Philadelphia 76ers,0028000168,1980-11-09,PHL @ MIL,W,0,4,,,0.0,,,6,7,0.857,,,,,,,,,14,,0
6158,21980,77175,Caldwell Jones,PHL,Philadelphia 76ers,0028000168,1980-11-09,PHL @ MIL,W,0,5,,,0.0,,,4,5,0.8,,,,,,,,,14,,0
6159,21980,76385,Maurice Cheeks,PHL,Philadelphia 76ers,0028000168,1980-11-09,PHL @ MIL,W,0,5,,,0.0,,,4,4,1.0,,,,,,,,,14,,0
6160,21980,76436,Jeff Cook,PHX,Phoenix Suns,0028000166,1980-11-08,PHX @ HOU,W,0,6,,,0.0,,,2,4,0.5,,,,,,,,,14,,0
6161,21980,77163,Reggie Johnson,SAN,San Antonio Spurs,0028000164,1980-11-08,SAN vs. LAL,W,0,6,,,0.0,,,2,4,0.5,,,,,,,,,14,,0
6162,21980,77937,Billy Reid,GOS,Golden State Warriors,0028000162,1980-11-08,GOS vs. IND,W,0,6,,,0.0,,,2,3,0.667,,,,,,,,,14,,0
6163,21980,76095,Mike Bantom,IND,Indiana Pacers,0028000162,1980-11-08,IND @ GOS,L,0,6,,,0.0,,,2,2,1.0,,,,,,,,,14,,0
6164,21980,77056,Cedrick Hordges,DEN,Denver Nuggets,0028000161,1980-11-08,DEN @ CHI,W,0,3,,,0.0,,,8,10,0.8,,,,,,,,,14,,0
6165,21980,76656,Bob Elliott,NJN,New Jersey Nets,0028000160,1980-11-08,NJN vs. ATL,W,0,6,,,0.0,,,2,5,0.4,,,,,,,,,14,,0
6166,21980,77997,Bill Robinzine,DAL,Dallas Mavericks,0028000158,1980-11-08,DAL @ DET,L,0,6,,,0.0,,,2,4,0.5,,,,,,,,,14,,0
6167,21980,77087,Geoff Huston,DAL,Dallas Mavericks,0028000158,1980-11-08,DAL @ DET,L,0,5,,,0.0,,,4,4,1.0,,,,,,,,,14,,0
6168,21980,76887,Kevin Grevey,WAS,Washington Bullets,0028000151,1980-11-07,WAS vs. DET,W,0,5,,,1.0,,,3,3,1.0,,,,,,,,,14,,0
6169,21980,78532,Jamaal Wilkes,LAL,Los Angeles Lakers,0028000156,1980-11-07,LAL @ DAL,W,0,7,,,0.0,,,0,0,,,,,,,,,,14,,0
6170,21980,78222,Jim Spanarkel,DAL,Dallas Mavericks,0028000156,1980-11-07,DAL vs. LAL,L,0,5,,,0.0,,,4,5,0.8,,,,,,,,,14,,0
6171,21980,78548,Freeman Williams,SDC,San Diego Clippers,0028000154,1980-11-07,SDC @ SEA,L,0,7,,,0.0,,,0,0,,,,,,,,,,14,,0
6172,21980,78310,Reggie Theus,CHI,Chicago Bulls,0028000153,1980-11-07,CHI vs. ATL,W,0,5,,,0.0,,,4,5,0.8,,,,,,,,,14,,0
6173,21980,77182,Dwight Jones,CHI,Chicago Bulls,0028000153,1980-11-07,CHI vs. ATL,W,0,4,,,0.0,,,6,10,0.6,,,,,,,,,14,,0
6174,21980,77056,Cedrick Hordges,DEN,Denver Nuggets,0028000152,1980-11-07,DEN vs. NYK,L,0,7,,,0.0,,,0,2,0.0,,,,,,,,,14,,0
6175,21980,77937,Billy Reid,GOS,Golden State Warriors,0028000150,1980-11-07,GOS @ POR,L,0,6,,,0.0,,,2,3,0.667,,,,,,,,,14,,0
6176,21980,76441,Wayne Cooper,UTH,Utah Jazz,0028000149,1980-11-06,UTH vs. CLE,W,0,7,,,0.0,,,0,0,,,,,,,,,,14,,0
6177,21980,76881,David Greenwood,CHI,Chicago Bulls,0028000147,1980-11-05,CHI @ NJN,W,0,6,,,0.0,,,2,2,1.0,,,,,,,,,14,,0
6178,21980,77144,Eddie Johnson,ATL,Atlanta Hawks,0028000145,1980-11-05,ATL @ BOS,L,0,5,,,0.0,,,4,4,1.0,,,,,,,,,14,,0
6179,21980,76804,George Gervin,SAN,San Antonio Spurs,0028000143,1980-11-05,SAN vs. PHX,W,0,4,,,0.0,,,6,6,1.0,,,,,,,,,14,,0
6180,21980,78519,Charles Whitney,KCK,Kansas City Kings,0028000142,1980-11-05,KCK vs. NYK,W,0,6,,,0.0,,,2,2,1.0,,,,,,,,,14,,0
6181,21980,77326,Sam Lacey,KCK,Kansas City Kings,0028000142,1980-11-05,KCK vs. NYK,W,0,7,,,0.0,,,0,0,,,,,,,,,,14,,0
6182,21980,78222,Jim Spanarkel,DAL,Dallas Mavericks,0028000137,1980-11-04,DAL vs. SDC,L,0,4,,,0.0,,,6,6,1.0,,,,,,,,,14,,0
6183,21980,77087,Geoff Huston,DAL,Dallas Mavericks,0028000137,1980-11-04,DAL vs. SDC,L,0,6,,,0.0,,,2,3,0.667,,,,,,,,,14,,0
6184,21980,76985,Garfield Heard,SDC,San Diego Clippers,0028000137,1980-11-04,SDC @ DAL,W,0,7,,,0.0,,,0,0,,,,,,,,,,14,,0
6185,21980,77438,Kyle Macy,PHX,Phoenix Suns,0028000136,1980-11-04,PHX vs. IND,W,0,6,,,0.0,,,2,2,1.0,,,,,,,,,14,,0
6186,21980,229,James Edwards,IND,Indiana Pacers,0028000136,1980-11-04,IND @ PHX,L,0,4,,,0.0,,,6,6,1.0,,,,,,,,,14,,0
6187,21980,76257,Allan Bristow,UTH,Utah Jazz,0028000135,1980-11-04,UTH vs. KCK,W,0,7,,,0.0,,,0,0,,,,,,,,,,14,,0
6188,21980,77848,Roger Phegley,CLE,Cleveland Cavaliers,0028000133,1980-11-03,CLE @ SEA,L,0,6,,,0.0,,,2,2,1.0,,,,,,,,,14,,0
6189,21980,76944,Bill Hanzlik,SEA,Seattle SuperSonics,0028000133,1980-11-03,SEA vs. CLE,W,0,6,,,0.0,,,2,2,1.0,,,,,,,,,14,,0
6190,21980,77168,Mickey Johnson,MIL,Milwaukee Bucks,0028000132,1980-11-02,MIL vs. IND,W,0,3,,,0.0,,,8,9,0.889,,,,,,,,,14,,0
6191,21980,77056,Cedrick Hordges,DEN,Denver Nuggets,0028000131,1980-11-02,DEN @ LAL,W,0,6,,,0.0,,,2,2,1.0,,,,,,,,6.0,14,,0
6192,21980,78467,Kermit Washington,POR,Portland Trail Blazers,0028000130,1980-11-02,POR vs. CLE,W,0,3,,,0.0,,,8,10,0.8,,,,,,,,,14,,0
6193,21980,77691,Calvin Natt,POR,Portland Trail Blazers,0028000130,1980-11-02,POR vs. CLE,W,0,6,,,0.0,,,2,3,0.667,,,,,,,,,14,,0
6194,21980,77438,Kyle Macy,PHX,Phoenix Suns,0028000129,1980-11-01,PHX @ KCK,W,0,6,,,0.0,,,2,2,1.0,,,,,,,,,14,,0
6195,21980,76011,Alvan Adams,PHX,Phoenix Suns,0028000129,1980-11-01,PHX @ KCK,W,0,6,,,0.0,,,2,2,1.0,,,,,,,,,14,,0
6196,21980,77819,Jim Paxson,POR,Portland Trail Blazers,0028000128,1980-11-01,POR vs. UTH,L,0,7,,,0.0,,,0,0,,,,,,,,,,14,,0
6197,21980,77691,Calvin Natt,POR,Portland Trail Blazers,0028000128,1980-11-01,POR vs. UTH,L,0,5,,,0.0,,,4,4,1.0,,,,,,,,,14,,0
6198,21980,600005,Bob Lanier,MIL,Milwaukee Bucks,0028000126,1980-11-01,MIL @ ATL,W,0,4,,,0.0,,,6,6,1.0,,,,,,,,,14,,0
6199,21980,76296,Quinn Buckner,MIL,Milwaukee Bucks,0028000126,1980-11-01,MIL @ ATL,W,0,6,,,0.0,,,2,2,1.0,,,,,,,,,14,,0
6200,21980,77490,Scott May,CHI,Chicago Bulls,0028000125,1980-11-01,CHI vs. DET,W,0,6,,,0.0,,,2,2,1.0,,,,,,,,,14,,0
6201,21980,78149,Jack Sikma,SEA,Seattle SuperSonics,0028000124,1980-11-01,SEA @ DEN,L,0,6,,,0.0,,,2,3,0.667,,,,,,,,6.0,14,,0
6202,21980,77944,Kevin Restani,SAN,San Antonio Spurs,0028000120,1980-10-31,SAN @ SEA,W,0,7,,,0.0,,,0,0,,,,,,,,,,14,,0
6203,21980,78296,Brian Taylor,SDC,San Diego Clippers,0028000118,1980-10-31,SDC vs. GOS,W,0,3,,,0.0,,,8,8,1.0,,,,,,,,,14,,0
6204,21980,77419,John Lucas,GOS,Golden State Warriors,0028000118,1980-10-31,GOS @ SDC,L,0,6,,,0.0,,,2,2,1.0,,,,,,,,,14,,0
6205,21980,76154,Kent Benson,DET,Detroit Pistons,0028000113,1980-10-31,DET vs. PHX,L,0,5,,,0.0,,,4,6,0.667,,,,,,,,,14,,0
6206,21980,78570,Sly Williams,NYK,New York Knicks,0028000111,1980-10-30,NYK vs. ATL,W,0,6,,,0.0,,,2,2,1.0,,,,,,,,,14,,0
6207,21980,77829,Sam Pellom,ATL,Atlanta Hawks,0028000111,1980-10-30,ATL @ NYK,L,0,6,,,0.0,,,2,3,0.667,,,,,,,,,14,,0
6208,21980,77205,Eddie Jordan,NJN,New Jersey Nets,0028000108,1980-10-29,NJN vs. MIL,L,0,5,,,2.0,,,2,3,0.667,,,,,,,,,14,,0
6209,21980,78519,Charles Whitney,KCK,Kansas City Kings,0028000110,1980-10-29,KCK vs. POR,W,0,6,,,0.0,,,2,2,1.0,,,,,,,,,14,,0
6210,21980,78150,James Silas,SAN,San Antonio Spurs,0028000109,1980-10-29,SAN @ UTH,L,0,6,,,0.0,,,2,3,0.667,,,,,,,,,14,,0
6211,21980,77168,Mickey Johnson,MIL,Milwaukee Bucks,0028000108,1980-10-29,MIL @ NJN,W,0,4,,,0.0,,,6,7,0.857,,,,,,,,,14,,0
6212,21980,78516,Jerome Whitehead,DAL,Dallas Mavericks,0028000106,1980-10-29,DAL @ HOU,L,0,5,,,0.0,,,4,4,1.0,,,,,,,,,14,,0
6213,21980,77936,Robert Reid,HOU,Houston Rockets,0028000106,1980-10-29,HOU vs. DAL,W,0,6,,,0.0,,,2,3,0.667,,,,,,,,,14,,0
6214,21980,76608,Terry Duerod,DAL,Dallas Mavericks,0028000106,1980-10-29,DAL @ HOU,L,0,6,,,0.0,,,2,8,0.25,,,,,,,,,14,,0
6215,21980,78390,Terry Tyler,DET,Detroit Pistons,0028000105,1980-10-29,DET vs. BOS,L,0,7,,,0.0,,,0,0,,,,,,,,,,14,,0
6216,21980,77487,Cedric Maxwell,BOS,Boston Celtics,0028000105,1980-10-29,BOS @ DET,W,0,5,,,0.0,,,4,6,0.667,,,,,,,,,14,,0
6217,21980,78570,Sly Williams,NYK,New York Knicks,0028000102,1980-10-29,NYK @ IND,L,0,5,,,0.0,,,4,9,0.444,,,,,,,,,14,,0
6218,21980,78139,Purvis Short,GOS,Golden State Warriors,0028000101,1980-10-28,GOS @ SEA,L,0,5,,,0.0,,,4,5,0.8,,,,,,,,,14,,0
6219,21980,77419,John Lucas,GOS,Golden State Warriors,0028000101,1980-10-28,GOS @ SEA,L,0,7,,,0.0,,,0,0,,,,,,,,,,14,,0
6220,21980,77126,Abdul Jeelani,DAL,Dallas Mavericks,0028000100,1980-10-28,DAL vs. UTH,L,0,6,,,0.0,,,2,2,1.0,,,,,,,,,14,,0
6221,21980,77168,Mickey Johnson,MIL,Milwaukee Bucks,0028000099,1980-10-28,MIL @ CHI,W,0,4,,,0.0,,,6,6,1.0,,,,,,,,,14,,0
6222,21980,76296,Quinn Buckner,MIL,Milwaukee Bucks,0028000099,1980-10-28,MIL @ CHI,W,0,6,,,0.0,,,2,2,1.0,,,,,,,,,14,,0
6223,21980,78532,Jamaal Wilkes,LAL,Los Angeles Lakers,0028000098,1980-10-28,LAL @ SDC,W,0,7,,,0.0,,,0,0,,,,,,,,,,14,,0
6224,21980,77721,Norm Nixon,LAL,Los Angeles Lakers,0028000098,1980-10-28,LAL @ SDC,W,0,7,,,0.0,,,0,0,,,,,,,,,,14,,0
6225,21980,76385,Maurice Cheeks,PHL,Philadelphia 76ers,0028000097,1980-10-28,PHL @ CLE,W,0,7,,,0.0,,,0,0,,,,,,,,,,14,,0
6226,21980,77944,Kevin Restani,SAN,San Antonio Spurs,0028000096,1980-10-28,SAN vs. POR,W,0,6,,,0.0,,,2,2,1.0,,,,,,,,,14,,0
6227,21980,77819,Jim Paxson,POR,Portland Trail Blazers,0028000096,1980-10-28,POR @ SAN,L,0,5,,,0.0,,,4,4,1.0,,,,,,,,,14,,0
6228,21980,76249,Ron Brewer,POR,Portland Trail Blazers,0028000096,1980-10-28,POR @ SAN,L,0,7,,,0.0,,,0,0,,,,,,,,,,14,,0
6229,21980,76736,Phil Ford,KCK,Kansas City Kings,0028000095,1980-10-28,KCK @ ATL,L,0,4,,,0.0,,,6,6,1.0,,,,,,,,,14,,0
6230,21980,77691,Calvin Natt,POR,Portland Trail Blazers,0028000094,1980-10-26,POR @ SEA,L,0,6,,,0.0,,,2,6,0.333,,,,,,,,,14,,0
6231,21980,77484,Wes Matthews,WAS,Washington Bullets,0028000092,1980-10-26,WAS @ MIL,L,0,5,,,0.0,,,4,4,1.0,,,,,,,,,14,,0
6232,21980,78571,Ray Williams,NYK,New York Knicks,0028000090,1980-10-25,NYK vs. NJN,W,0,7,,,0.0,,,0,0,,,,,,,,,,14,,0
6233,21980,78532,Jamaal Wilkes,LAL,Los Angeles Lakers,0028000088,1980-10-25,LAL @ UTH,W,0,5,,,0.0,,,4,6,0.667,,,,,,,,,14,,0
6234,21980,77721,Norm Nixon,LAL,Los Angeles Lakers,0028000088,1980-10-25,LAL @ UTH,W,0,7,,,0.0,,,0,0,,,,,,,,,,14,,0
6235,21980,77334,Mark Landsberger,LAL,Los Angeles Lakers,0028000088,1980-10-25,LAL @ UTH,W,0,6,,,0.0,,,2,4,0.5,,,,,,,,,14,,0
6236,21980,76355,Butch Carter,LAL,Los Angeles Lakers,0028000088,1980-10-25,LAL @ UTH,W,0,6,,,0.0,,,2,2,1.0,,,,,,,,,14,,0
6237,21980,78500,Paul Westphal,SEA,Seattle SuperSonics,0028000081,1980-10-25,SEA vs. PHX,L,0,3,,,0.0,,,8,8,1.0,,,,,,,,,14,,0
6238,21980,76242,Mike Bratz,CLE,Cleveland Cavaliers,0028000083,1980-10-25,CLE vs. IND,W,0,4,,,4.0,,,2,2,1.0,,,,,,,,,14,,0
6239,21980,77022,Johnny High,PHX,Phoenix Suns,0028000080,1980-10-24,PHX @ DEN,W,0,4,,,0.0,,,6,7,0.857,,,,,,,,,14,,0
6240,21980,76881,David Greenwood,CHI,Chicago Bulls,0028000078,1980-10-24,CHI vs. WAS,W,0,7,,,0.0,,,0,1,0.0,,,,,,,,,14,,0
6241,21980,78468,Richard Washington,DAL,Dallas Mavericks,0028000076,1980-10-24,DAL @ POR,L,0,7,,,0.0,,,0,0,,,,,,,,,,14,,0
6242,21980,78467,Kermit Washington,POR,Portland Trail Blazers,0028000076,1980-10-24,POR vs. DAL,W,0,4,,,0.0,,,6,7,0.857,,,,,,,,,14,,0
6243,21980,77786,Tom Owens,POR,Portland Trail Blazers,0028000076,1980-10-24,POR vs. DAL,W,0,5,,,0.0,,,4,7,0.571,,,,,,,,,14,,0
6244,21980,77126,Abdul Jeelani,DAL,Dallas Mavericks,0028000076,1980-10-24,DAL @ POR,L,0,4,,,0.0,,,6,7,0.857,,,,,,,,,14,,0
6245,21980,76608,Terry Duerod,DAL,Dallas Mavericks,0028000076,1980-10-24,DAL @ POR,L,0,5,,,0.0,,,4,4,1.0,,,,,,,,,14,,0
6246,21980,76350,Kenny Carr,CLE,Cleveland Cavaliers,0028000075,1980-10-24,CLE @ NJN,W,0,4,,,0.0,,,6,9,0.667,,,,,,,,,14,,0
6247,21980,76471,Charlie Criss,ATL,Atlanta Hawks,0028000074,1980-10-24,ATL @ IND,L,0,5,,,0.0,,,4,6,0.667,,,,,,,,,14,,0
6248,21980,76771,Mike Gale,SAN,San Antonio Spurs,0028000071,1980-10-23,SAN vs. GOS,W,0,6,,,0.0,,,2,2,1.0,,,,,,,,,14,,0
6249,21980,77087,Geoff Huston,DAL,Dallas Mavericks,0028000070,1980-10-22,DAL @ SEA,W,0,7,,,0.0,,,0,0,,,,,,,,,,14,,0
6250,21980,76296,Quinn Buckner,MIL,Milwaukee Bucks,0028000068,1980-10-22,MIL @ IND,W,0,7,,,0.0,,,0,0,,,,,,,,,,14,,0
6251,21980,76249,Ron Brewer,POR,Portland Trail Blazers,0028000064,1980-10-21,POR vs. LAL,W,0,6,,,0.0,,,2,2,1.0,,,,,,,,,14,,0
6252,21980,76353,Joe Barry Carroll,GOS,Golden State Warriors,0028000062,1980-10-21,GOS @ KCK,W,0,5,,,0.0,,,4,5,0.8,,,,,,,,,14,,0
6253,21980,78150,James Silas,SAN,San Antonio Spurs,0028000061,1980-10-21,SAN vs. SDC,W,0,6,,,0.0,,,2,2,1.0,,,,,,,,,14,,0
6254,21980,77290,Billy Knight,IND,Indiana Pacers,0028000060,1980-10-21,IND @ ATL,W,0,5,,,0.0,,,4,4,1.0,,,,,,,,,14,,0
6255,21980,600014,Artis Gilmore,CHI,Chicago Bulls,0028000058,1980-10-21,CHI @ NYK,L,0,6,,,0.0,,,2,2,1.0,,,,,,,,,14,,0
6256,21980,76966,Joey Hassett,DAL,Dallas Mavericks,0028000059,1980-10-21,DAL @ PHX,L,0,6,,,2.0,,,0,0,,,,,,,,,,14,,0
6257,21980,78149,Jack Sikma,SEA,Seattle SuperSonics,0028000057,1980-10-20,SEA @ UTH,W,0,5,,,0.0,,,4,4,1.0,,,,,,,,,14,,0
6258,21980,76290,Joe Bryant,SDC,San Diego Clippers,0028000056,1980-10-19,SDC vs. PHX,L,0,5,,,0.0,,,4,5,0.8,,,,,,,,,14,,0
6259,21980,76353,Joe Barry Carroll,GOS,Golden State Warriors,0028000055,1980-10-19,GOS @ LAL,L,0,6,,,0.0,,,2,2,1.0,,,,,,,,,14,,0
6260,21980,76154,Kent Benson,DET,Detroit Pistons,0028000052,1980-10-18,DET vs. ATL,L,0,4,,,0.0,,,6,6,1.0,,,,,,,,6.0,14,,0
6261,21980,76881,David Greenwood,CHI,Chicago Bulls,0028000051,1980-10-18,CHI vs. NJN,L,0,6,,,0.0,,,2,4,0.5,,,,,,,,,14,,0
6262,21980,76500,Bob Dandridge,WAS,Washington Bullets,0028000050,1980-10-18,WAS @ PHL,L,0,6,,,0.0,,,2,2,1.0,,,,,,,,,14,,0
6263,21980,76385,Maurice Cheeks,PHL,Philadelphia 76ers,0028000050,1980-10-18,PHL vs. WAS,W,0,5,,,0.0,,,4,5,0.8,,,,,,,,,14,,0
6264,21980,77148,George Johnson,IND,Indiana Pacers,0028000048,1980-10-18,IND vs. BOS,W,0,5,,,0.0,,,4,4,1.0,,,,,,,,,14,,0
6265,21980,76095,Mike Bantom,IND,Indiana Pacers,0028000048,1980-10-18,IND vs. BOS,W,0,5,,,0.0,,,4,4,1.0,,,,,,,,,14,,0
6266,21980,77168,Mickey Johnson,MIL,Milwaukee Bucks,0028000046,1980-10-18,MIL @ CLE,W,0,4,,,0.0,,,6,8,0.75,,,,,,,,,14,,0
6267,21980,76350,Kenny Carr,CLE,Cleveland Cavaliers,0028000046,1980-10-18,CLE vs. MIL,L,0,3,,,0.0,,,8,9,0.889,,,,,,,,,14,,0
6268,21980,76618,T.R. Dunn,DEN,Denver Nuggets,0028000045,1980-10-18,DEN @ UTH,L,0,7,,,0.0,,,0,0,,,,,,,,,,14,,0
6269,21980,77484,Wes Matthews,WAS,Washington Bullets,0028000050,1980-10-18,WAS @ PHL,L,0,6,,,2.0,,,0,0,,,,,,,,,,14,,0
6270,21980,77324,Mitch Kupchak,WAS,Washington Bullets,0028000043,1980-10-17,WAS vs. NJN,L,0,7,,,0.0,,,0,0,,,,,,,,,,14,,0
6271,21980,76826,Mike Gminski,NJN,New Jersey Nets,0028000043,1980-10-17,NJN @ WAS,W,0,7,,,0.0,,,0,0,,,,,,,,,,14,,0
6272,21980,76435,Darwin Cook,NJN,New Jersey Nets,0028000043,1980-10-17,NJN @ WAS,W,0,7,,,0.0,,,0,0,,,,,,,,,,14,,0
6273,21980,76121,Billyray Bates,POR,Portland Trail Blazers,0028000042,1980-10-17,POR vs. HOU,L,0,7,,,0.0,,,0,0,,,,,,,,,,14,,0
6274,21980,78520,Sidney Wicks,SDC,San Diego Clippers,0028000039,1980-10-17,SDC vs. DEN,L,0,6,,,0.0,,,2,4,0.5,,,,,,,,,14,,0
6275,21980,78200,Randy Smith,CLE,Cleveland Cavaliers,0028000038,1980-10-17,CLE @ CHI,L,0,5,,,0.0,,,4,6,0.667,,,,,,,,,14,,0
6276,21980,77998,Dave Robisch,CLE,Cleveland Cavaliers,0028000038,1980-10-17,CLE @ CHI,L,0,7,,,0.0,,,0,0,,,,,,,,,,14,,0
6277,21980,76453,Dave Corzine,SAN,San Antonio Spurs,0028000037,1980-10-16,SAN @ DET,W,0,5,,,0.0,,,4,5,0.8,,,,,,,,,14,,0
6278,21980,1381,John Long,DET,Detroit Pistons,0028000037,1980-10-16,DET vs. SAN,L,0,7,,,0.0,,,0,0,,,,,,,,,6.0,14,,0
6279,21980,76351,M.L. Carr,BOS,Boston Celtics,0028000035,1980-10-16,BOS @ MIL,W,0,6,,,0.0,,,2,2,1.0,,,,,,,,,14,,0
6280,21980,76252,Junior Bridgeman,MIL,Milwaukee Bucks,0028000035,1980-10-16,MIL vs. BOS,L,0,7,,,0.0,,,0,0,,,,,,,,,,14,,0
6281,21980,76887,Kevin Grevey,WAS,Washington Bullets,0028000036,1980-10-16,WAS @ CLE,L,0,6,,,2.0,,,0,0,,,,,,,,,,14,,0
6282,21980,77691,Calvin Natt,POR,Portland Trail Blazers,0028000028,1980-10-15,POR @ GOS,L,0,5,,,0.0,,,4,4,1.0,,,,,,,,,14,,0
6283,21980,76257,Allan Bristow,UTH,Utah Jazz,0028000031,1980-10-15,UTH vs. PHX,L,0,6,,,0.0,,,2,2,1.0,,,,,,,,,14,,0
6284,21980,78516,Jerome Whitehead,DAL,Dallas Mavericks,0028000029,1980-10-15,DAL @ DEN,L,0,7,,,0.0,,,0,1,0.0,,,,,,,,,14,,0
6285,21980,78468,Richard Washington,DAL,Dallas Mavericks,0028000029,1980-10-15,DAL @ DEN,L,0,5,,,0.0,,,4,7,0.571,,,,,,,,,14,,0
6286,21980,76830,Glen Gondrezick,DEN,Denver Nuggets,0028000029,1980-10-15,DEN vs. DAL,W,0,3,,,0.0,,,8,10,0.8,,,,,,,,,14,,0
6287,21980,77024,Armond Hill,ATL,Atlanta Hawks,0028000025,1980-10-14,ATL vs. BOS,W,0,4,,,0.0,,,6,6,1.0,,,,,,,,,14,,0
6288,21980,76272,Fred Brown,SEA,Seattle SuperSonics,0028000024,1980-10-14,SEA @ DAL,W,0,6,,,1.0,,,1,1,1.0,,,,,,,,,14,,0
6289,21980,77618,Steve Mix,PHL,Philadelphia 76ers,0028000027,1980-10-14,PHL @ NYK,L,0,5,,,0.0,,,4,4,1.0,,,,,,,,,14,,0
6290,21980,77756,Mark Olberding,SAN,San Antonio Spurs,0028000026,1980-10-14,SAN vs. KCK,W,0,4,,,0.0,,,6,7,0.857,,,,,,,,,14,,0
6291,21980,77273,Reggie King,KCK,Kansas City Kings,0028000026,1980-10-14,KCK @ SAN,L,0,7,,,0.0,,,0,0,,,,,,,,,,14,,0
6292,21980,78468,Richard Washington,DAL,Dallas Mavericks,0028000024,1980-10-14,DAL vs. SEA,L,0,5,,,0.0,,,4,4,1.0,,,,,,,,,14,,0
6293,21980,76225,Winford Boynes,DAL,Dallas Mavericks,0028000024,1980-10-14,DAL vs. SEA,L,0,3,,,0.0,,,8,9,0.889,,,,,,,,,14,,0
6294,21980,76435,Darwin Cook,NJN,New Jersey Nets,0028000022,1980-10-13,NJN vs. DET,W,0,6,,,0.0,,,2,4,0.5,,,,,,,,,14,,0
6295,21980,76899,Ernie Grunfeld,KCK,Kansas City Kings,0028000020,1980-10-12,KCK @ PHX,L,0,6,,,0.0,,,2,2,1.0,,,,,,,,,14,,0
6296,21980,77152,John Johnson,SEA,Seattle SuperSonics,0028000021,1980-10-12,SEA @ POR,L,0,7,,,0.0,,,0,0,,,,,,,,,,14,,0
6297,21980,76966,Joey Hassett,DAL,Dallas Mavericks,0028000010,1980-10-11,DAL vs. SAN,W,0,5,,,2.0,,,2,2,1.0,,,,,,,,,14,,0
6298,21980,78296,Brian Taylor,SDC,San Diego Clippers,0028000015,1980-10-11,SDC @ GOS,L,0,6,,,0.0,,,2,2,1.0,,,,,,,,,14,,0
6299,21980,78199,Phil Smith,SDC,San Diego Clippers,0028000015,1980-10-11,SDC @ GOS,L,0,6,,,0.0,,,2,2,1.0,,,,,,,,,14,,0
6300,21980,76296,Quinn Buckner,MIL,Milwaukee Bucks,0028000016,1980-10-11,MIL @ NYK,L,0,7,,,0.0,,,0,0,,,,,,,,,,14,,0
6301,21980,76252,Junior Bridgeman,MIL,Milwaukee Bucks,0028000016,1980-10-11,MIL @ NYK,L,0,6,,,0.0,,,2,2,1.0,,,,,,,,,14,,0
6302,21980,76418,Don Collins,ATL,Atlanta Hawks,0028000013,1980-10-11,ATL vs. CHI,W,0,6,,,0.0,,,2,2,1.0,,,,,,,,,14,,0
6303,21980,77848,Roger Phegley,CLE,Cleveland Cavaliers,0028000012,1980-10-11,CLE vs. NJN,L,0,7,,,0.0,,,0,0,,,,,,,,,,14,,0
6304,21980,77239,Greg Kelser,DET,Detroit Pistons,0028000011,1980-10-11,DET @ IND,L,0,5,,,0.0,,,4,9,0.444,,,,,,,,,14,,0
6305,21980,229,James Edwards,IND,Indiana Pacers,0028000011,1980-10-11,IND vs. DET,W,0,6,,,0.0,,,2,2,1.0,,,,,,,,,14,,0
6306,21980,77273,Reggie King,KCK,Kansas City Kings,0028000017,1980-10-11,KCK vs. UTH,W,0,5,,,0.0,,,4,5,0.8,,,,,,,,,14,,0
6307,21980,76257,Allan Bristow,UTH,Utah Jazz,0028000008,1980-10-10,UTH vs. POR,W,0,4,,,0.0,,,6,6,1.0,,,,,,,,,14,,0
6308,21980,77142,Magic Johnson,LAL,Los Angeles Lakers,0028000006,1980-10-10,LAL @ SEA,W,0,6,,,0.0,,,2,2,1.0,,,,,,,,,14,,0
6309,21980,78390,Terry Tyler,DET,Detroit Pistons,0028000005,1980-10-10,DET vs. WAS,L,0,5,,,0.0,,,4,6,0.667,,,,,,,,,14,,0
6310,21980,78296,Brian Taylor,SDC,San Diego Clippers,0028000004,1980-10-10,SDC vs. HOU,W,0,6,,,0.0,,,2,3,0.667,,,,,,,,,14,,0
6311,21980,77353,Allen Leavell,HOU,Houston Rockets,0028000004,1980-10-10,HOU @ SDC,L,0,5,,,0.0,,,4,6,0.667,,,,,,,,,14,,0
6312,21980,77618,Steve Mix,PHL,Philadelphia 76ers,0028000003,1980-10-10,PHL vs. MIL,L,0,7,,,0.0,,,0,0,,,,,,,,,,14,,0
6313,21980,77056,Cedrick Hordges,DEN,Denver Nuggets,0028000002,1980-10-10,DEN vs. SAN,L,0,5,,,0.0,,,4,5,0.8,,,,,,,,6.0,14,,0
6314,21980,600014,Artis Gilmore,CHI,Chicago Bulls,0028000942,1981-03-29,CHI @ IND,W,0,6,,,0.0,,,1,4,0.25,,,,,,,,,13,,0
6315,21980,77021,Kenny Higgs,DEN,Denver Nuggets,0028000933,1981-03-29,DEN @ LAL,W,0,4,,,0.0,,,5,7,0.714,,,,,,,,,13,,0
6316,21980,77952,Micheal Ray Richardson,NYK,New York Knicks,0028000940,1981-03-29,NYK vs. NJN,W,0,5,,,0.0,,,3,3,1.0,,,,,,,,,13,,0
6317,21980,76874,Rickey Green,UTH,Utah Jazz,0028000936,1981-03-29,UTH @ PHX,L,0,5,,,0.0,,,3,4,0.75,,,,,,,,,13,,0
6318,21980,76054,Nate Archibald,BOS,Boston Celtics,0028000937,1981-03-29,BOS vs. PHL,W,0,4,,,0.0,,,5,8,0.625,,,,,,,,,13,,0
6319,21980,76242,Mike Bratz,CLE,Cleveland Cavaliers,0028000943,1981-03-29,CLE @ WAS,L,0,5,,,3.0,,,0,0,,,,,,,,,,13,,0
6320,21980,78570,Sly Williams,NYK,New York Knicks,0028000931,1981-03-28,NYK @ NJN,W,0,6,,,0.0,,,1,2,0.5,,,,,,,,,13,,0
6321,21980,78047,Campy Russell,NYK,New York Knicks,0028000931,1981-03-28,NYK @ NJN,W,0,6,,,0.0,,,1,2,0.5,,,,,,,,,13,,0
6322,21980,77142,Magic Johnson,LAL,Los Angeles Lakers,0028000927,1981-03-27,LAL @ SEA,W,0,4,,,0.0,,,5,8,0.625,,,,,,,,,13,,0
6323,21980,77432,Ollie Mack,DAL,Dallas Mavericks,0028000926,1981-03-27,DAL vs. POR,L,0,5,,,0.0,,,3,5,0.6,,,,,,,,,13,,0
6324,21980,76771,Mike Gale,POR,Portland Trail Blazers,0028000926,1981-03-27,POR @ DAL,W,0,5,,,0.0,,,3,3,1.0,,,,,,,,,13,,0
6325,21980,78200,Randy Smith,CLE,Cleveland Cavaliers,0028000925,1981-03-27,CLE vs. PHL,L,0,4,,,0.0,,,5,6,0.833,,,,,,,,,13,,0
6326,21980,77326,Sam Lacey,KCK,Kansas City Kings,0028000923,1981-03-27,KCK @ HOU,L,0,6,,,0.0,,,1,2,0.5,,,,,,,,,13,,0
6327,21980,77160,Marques Johnson,MIL,Milwaukee Bucks,0028000918,1981-03-26,MIL vs. CLE,W,0,6,,,0.0,,,1,1,1.0,,,,,,,,,13,,0
6328,21980,77950,Clint Richardson,PHL,Philadelphia 76ers,0028000917,1981-03-25,PHL vs. DET,W,0,6,,,0.0,,,1,1,1.0,,,,,,,,,13,,0
6329,21980,76681,Julius Erving,PHL,Philadelphia 76ers,0028000917,1981-03-25,PHL vs. DET,W,0,4,,,0.0,,,5,5,1.0,,,,,,,,,13,,0
6330,21980,76993,Gerald Henderson,BOS,Boston Celtics,0028000916,1981-03-25,BOS @ NJN,W,0,4,,,0.0,,,5,7,0.714,,,,,,,,,13,,0
6331,21980,76054,Nate Archibald,BOS,Boston Celtics,0028000916,1981-03-25,BOS @ NJN,W,0,3,,,0.0,,,7,9,0.778,,,,,,,,,13,,0
6332,21980,78467,Kermit Washington,POR,Portland Trail Blazers,0028000911,1981-03-25,POR @ SEA,W,0,6,,,0.0,,,1,4,0.25,,,,,,,,,13,,0
6333,21980,76272,Fred Brown,SEA,Seattle SuperSonics,0028000911,1981-03-25,SEA vs. POR,L,0,6,,,0.0,,,1,1,1.0,,,,,,,,,13,,0
6334,21980,76966,Joey Hassett,GOS,Golden State Warriors,0028000915,1981-03-25,GOS vs. SDC,W,0,6,,,1.0,,,0,0,,,,,,,,,,13,,0
6335,21980,77547,Billy McKinney,DEN,Denver Nuggets,0028000909,1981-03-24,DEN @ SAN,W,0,3,,,0.0,,,7,9,0.778,,,,,,,,,13,,0
6336,21980,76599,Larry Drew,DET,Detroit Pistons,0028000908,1981-03-24,DET @ ATL,L,0,5,,,0.0,,,3,6,0.5,,,,,,,,,13,,0
6337,21980,78222,Jim Spanarkel,DAL,Dallas Mavericks,0028000906,1981-03-24,DAL vs. HOU,L,0,4,,,0.0,,,5,5,1.0,,,,,,,,,13,,0
6338,21980,76616,Mike Dunleavy,HOU,Houston Rockets,0028000906,1981-03-24,HOU @ DAL,W,0,6,,,0.0,,,1,2,0.5,,,,,,,,,13,,0
6339,21980,78600,Brian Winters,MIL,Milwaukee Bucks,0028000903,1981-03-24,MIL vs. NJN,W,0,6,,,0.0,,,1,1,1.0,,,,,,,,,13,,0
6340,21980,78467,Kermit Washington,POR,Portland Trail Blazers,0028000902,1981-03-24,POR vs. PHX,W,0,5,,,0.0,,,3,5,0.6,,,,,,,,,13,,0
6341,21980,77691,Calvin Natt,POR,Portland Trail Blazers,0028000902,1981-03-24,POR vs. PHX,W,0,5,,,0.0,,,3,3,1.0,,,,,,,,,13,,0
6342,21980,77152,John Johnson,SEA,Seattle SuperSonics,0028000899,1981-03-22,SEA @ PHX,L,0,2,,,0.0,,,9,9,1.0,,,,,,,,,13,,0
6343,21980,77754,Mike O'Koren,NJN,New Jersey Nets,0028000898,1981-03-22,NJN vs. MIL,L,0,6,,,0.0,,,1,1,1.0,,,,,,,,,13,,0
6344,21980,78195,Larry Smith,GOS,Golden State Warriors,0028000896,1981-03-22,GOS vs. LAL,L,0,4,,,0.0,,,5,6,0.833,,,,,,,,,13,,0
6345,21980,76753,World Free,GOS,Golden State Warriors,0028000896,1981-03-22,GOS vs. LAL,L,0,4,,,0.0,,,5,9,0.556,,,,,,,,,13,,0
6346,21980,77876,Kevin Porter,WAS,Washington Bullets,0028000895,1981-03-22,WAS vs. ATL,W,0,5,,,0.0,,,3,5,0.6,,,,,,,,,13,,0
6347,21980,76500,Bob Dandridge,WAS,Washington Bullets,0028000895,1981-03-22,WAS vs. ATL,W,0,6,,,0.0,,,1,3,0.333,,,,,,,,,13,,0
6348,21980,77487,Cedric Maxwell,BOS,Boston Celtics,0028000892,1981-03-22,BOS @ PHL,L,0,5,,,0.0,,,3,4,0.75,,,,,,,,,13,,0
6349,21980,77071,Phil Hubbard,DET,Detroit Pistons,0028000890,1981-03-22,DET vs. CHI,L,0,5,,,0.0,,,3,4,0.75,,,,,,,,,13,,0
6350,21980,76966,Joey Hassett,GOS,Golden State Warriors,0028000896,1981-03-22,GOS vs. LAL,L,0,5,,,3.0,,,0,0,,,,,,,,,,13,,0
6351,21980,78467,Kermit Washington,POR,Portland Trail Blazers,0028000889,1981-03-21,POR vs. LAL,L,0,6,,,0.0,,,1,3,0.333,,,,,,,,6.0,13,,0
6352,21980,76242,Mike Bratz,CLE,Cleveland Cavaliers,0028000886,1981-03-21,CLE @ NYK,L,0,5,,,1.0,,,2,3,0.667,,,,,,,,,13,,0
6353,21980,78057,Frankie Sanders,KCK,Kansas City Kings,0028000880,1981-03-20,KCK vs. SAN,L,0,3,,,0.0,,,7,7,1.0,,,,,,,,,13,,0
6354,21980,76583,James Donaldson,SEA,Seattle SuperSonics,0028000879,1981-03-20,SEA @ LAL,L,0,5,,,0.0,,,3,4,0.75,,,,,,,,,13,,0
6355,21980,78351,Andrew Toney,PHL,Philadelphia 76ers,0028000878,1981-03-20,PHL @ CHI,L,0,6,,,1.0,,,0,0,,,,,,,,,,13,,0
6356,21980,76350,Kenny Carr,CLE,Cleveland Cavaliers,0028000874,1981-03-19,CLE vs. CHI,L,0,5,,,0.0,,,3,4,0.75,,,,,,,,,13,,0
6357,21980,77290,Billy Knight,IND,Indiana Pacers,0028000872,1981-03-18,IND @ PHL,L,0,5,,,0.0,,,3,3,1.0,,,,,,,,,13,,0
6358,21980,77273,Reggie King,KCK,Kansas City Kings,0028000870,1981-03-18,KCK vs. DEN,L,0,4,,,0.0,,,5,6,0.833,,,,,,,,,13,,0
6359,21980,76054,Nate Archibald,BOS,Boston Celtics,0028000867,1981-03-18,BOS vs. ATL,L,0,5,,,0.0,,,3,3,1.0,,,,,,,,,13,,0
6360,21980,77487,Cedric Maxwell,BOS,Boston Celtics,0028000865,1981-03-17,BOS @ WAS,W,0,6,,,0.0,,,1,1,1.0,,,,,,,,,13,,0
6361,21980,76054,Nate Archibald,BOS,Boston Celtics,0028000865,1981-03-17,BOS @ WAS,W,0,3,,,0.0,,,7,8,0.875,,,,,,,,,13,,0
6362,21980,1450,Kevin McHale,BOS,Boston Celtics,0028000865,1981-03-17,BOS @ WAS,W,0,6,,,0.0,,,1,1,1.0,,,,,,,,,13,,0
6363,21980,76121,Billyray Bates,POR,Portland Trail Blazers,0028000864,1981-03-17,POR vs. SDC,W,0,6,,,0.0,,,1,2,0.5,,,,,,,,,13,,0
6364,21980,77328,Tom LaGarde,DAL,Dallas Mavericks,0028000858,1981-03-17,DAL vs. LAL,L,0,4,,,0.0,,,5,6,0.833,,,,,,,,,13,,0
6365,21980,77986,Cliff T. Robinson,NJN,New Jersey Nets,0028000857,1981-03-17,NJN vs. PHL,W,0,5,,,0.0,,,3,4,0.75,,,,,,,,,13,,0
6366,21980,77420,Maurice Lucas,NJN,New Jersey Nets,0028000857,1981-03-17,NJN vs. PHL,W,0,5,,,0.0,,,3,3,1.0,,,,,,,,,13,,0
6367,21980,76385,Maurice Cheeks,PHL,Philadelphia 76ers,0028000857,1981-03-17,PHL @ NJN,L,0,4,,,0.0,,,5,7,0.714,,,,,,,,,13,,0
6368,21980,78047,Campy Russell,NYK,New York Knicks,0028000859,1981-03-17,NYK vs. IND,W,0,6,,,1.0,,,0,0,,,,,,,,,,13,,0
6369,21980,78467,Kermit Washington,POR,Portland Trail Blazers,0028000855,1981-03-15,POR vs. DAL,W,0,5,,,0.0,,,3,4,0.75,,,,,,,,,13,,0
6370,21980,77911,Kelvin Ransey,POR,Portland Trail Blazers,0028000855,1981-03-15,POR vs. DAL,W,0,6,,,0.0,,,1,1,1.0,,,,,,,,,13,,0
6371,21980,78570,Sly Williams,NYK,New York Knicks,0028000851,1981-03-15,NYK vs. PHL,W,0,3,,,0.0,,,7,10,0.7,,,,,,,,,13,,0
6372,21980,76085,James Bailey,SEA,Seattle SuperSonics,0028000849,1981-03-15,SEA @ MIL,L,0,5,,,0.0,,,3,5,0.6,,,,,,,,,13,,0
6373,21980,78296,Brian Taylor,SDC,San Diego Clippers,0028000846,1981-03-14,SDC vs. SAN,W,0,4,,,0.0,,,5,6,0.833,,,,,,,,,13,,0
6374,21980,77633,Johnny Moore,SAN,San Antonio Spurs,0028000846,1981-03-14,SAN @ SDC,L,0,6,,,0.0,,,1,2,0.5,,,,,,,,,13,,0
6375,21980,1449,Larry Bird,BOS,Boston Celtics,0028000841,1981-03-13,BOS vs. IND,L,0,6,,,0.0,,,1,1,1.0,,,,,,,,,13,,0
6376,21980,76553,Larry Demic,NYK,New York Knicks,0028000837,1981-03-13,NYK vs. CHI,W,0,6,,,0.0,,,1,1,1.0,,,,,,,,,13,,0
6377,21980,78351,Andrew Toney,PHL,Philadelphia 76ers,0028000836,1981-03-13,PHL @ MIL,L,0,5,,,0.0,,,3,6,0.5,,,,,,,,,13,,0
6378,21980,77160,Marques Johnson,MIL,Milwaukee Bucks,0028000835,1981-03-12,MIL vs. DEN,W,0,5,,,0.0,,,3,3,1.0,,,,,,,,,13,,0
6379,21980,78195,Larry Smith,GOS,Golden State Warriors,0028000833,1981-03-12,GOS @ DAL,L,0,6,,,0.0,,,1,4,0.25,,,,,,,,,13,,0
6380,21980,77328,Tom LaGarde,DAL,Dallas Mavericks,0028000833,1981-03-12,DAL vs. GOS,W,0,3,,,0.0,,,7,9,0.778,,,,,,,,,13,,0
6381,21980,76350,Kenny Carr,CLE,Cleveland Cavaliers,0028000831,1981-03-11,CLE vs. SEA,L,0,6,,,0.0,,,1,2,0.5,,,,,,,,,13,,0
6382,21980,76085,James Bailey,SEA,Seattle SuperSonics,0028000831,1981-03-11,SEA @ CLE,W,0,4,,,0.0,,,5,7,0.714,,,,,,,,,13,,0
6383,21980,77364,Ron Lee,DET,Detroit Pistons,0028000829,1981-03-11,DET vs. ATL,W,0,5,,,0.0,,,3,4,0.75,,,,,,,,,13,,0
6384,21980,77419,John Lucas,GOS,Golden State Warriors,0028000828,1981-03-11,GOS @ HOU,L,0,5,,,0.0,,,3,4,0.75,,,,,,,,,13,,0
6385,21980,78571,Ray Williams,NYK,New York Knicks,0028000827,1981-03-11,NYK @ PHL,L,0,5,,,0.0,,,3,5,0.6,,,,,,,,,13,,0
6386,21980,76095,Mike Bantom,IND,Indiana Pacers,0028000825,1981-03-10,IND vs. PHL,L,0,6,,,0.0,,,1,2,0.5,,,,,,,,,13,,0
6387,21980,77235,Rich Kelley,PHX,Phoenix Suns,0028000824,1981-03-10,PHX @ DAL,L,0,4,,,0.0,,,5,6,0.833,,,,,,,,,13,,0
6388,21980,76350,Kenny Carr,CLE,Cleveland Cavaliers,0028000819,1981-03-09,CLE @ MIL,L,0,3,,,0.0,,,7,11,0.636,,,,,,,,,13,,0
6389,21980,76249,Ron Brewer,SAN,San Antonio Spurs,0028000818,1981-03-08,SAN vs. DAL,W,0,5,,,0.0,,,3,4,0.75,,,,,,,,,13,,0
6390,21980,76290,Joe Bryant,SDC,San Diego Clippers,0028000814,1981-03-08,SDC @ SEA,W,0,5,,,0.0,,,3,6,0.5,,,,,,,,,13,,0
6391,21980,77021,Kenny Higgs,DEN,Denver Nuggets,0028000813,1981-03-08,DEN @ IND,L,0,5,,,0.0,,,3,3,1.0,,,,,,,,,13,,0
6392,21980,76252,Junior Bridgeman,MIL,Milwaukee Bucks,0028000811,1981-03-08,MIL @ PHL,L,0,4,,,0.0,,,5,6,0.833,,,,,,,,,13,,0
6393,21980,78296,Brian Taylor,SDC,San Diego Clippers,0028000805,1981-03-06,SDC vs. CLE,W,0,5,,,1.0,,,2,3,0.667,,,,,,,,,13,,0
6394,21980,77819,Jim Paxson,POR,Portland Trail Blazers,0028000806,1981-03-06,POR @ PHX,L,0,5,,,0.0,,,3,4,0.75,,,,,,,,,13,,0
6395,21980,76121,Billyray Bates,POR,Portland Trail Blazers,0028000806,1981-03-06,POR @ PHX,L,0,6,,,0.0,,,1,1,1.0,,,,,,,,,13,,0
6396,21980,77324,Mitch Kupchak,WAS,Washington Bullets,0028000802,1981-03-06,WAS @ HOU,W,0,4,,,0.0,,,5,6,0.833,,,,,,,,,13,,0
6397,21980,305,Robert Parish,BOS,Boston Celtics,0028000800,1981-03-06,BOS @ IND,L,0,5,,,0.0,,,3,6,0.5,,,,,,,,,13,,0
6398,21980,77215,Jeff Judkins,UTH,Utah Jazz,0028000794,1981-03-05,UTH vs. PHX,L,0,4,,,3.0,,,2,2,1.0,,,,,,,,,13,,0
6399,21980,78467,Kermit Washington,POR,Portland Trail Blazers,0028000796,1981-03-05,POR @ KCK,L,0,6,,,0.0,,,1,1,1.0,,,,,,,,,13,,0
6400,21980,77438,Kyle Macy,PHX,Phoenix Suns,0028000794,1981-03-05,PHX @ UTH,W,0,4,,,0.0,,,5,6,0.833,,,,,,,,,13,,0
6401,21980,76890,Darrell Griffith,UTH,Utah Jazz,0028000794,1981-03-05,UTH vs. PHX,L,0,5,,,0.0,,,3,4,0.75,,,,,,,,,13,,0
6402,21980,77582,Joe Meriweather,KCK,Kansas City Kings,0028000793,1981-03-04,KCK @ SAN,W,0,5,,,0.0,,,3,5,0.6,,,,,,,,,13,,0
6403,21980,78533,James Wilkes,CHI,Chicago Bulls,0028000792,1981-03-04,CHI @ PHL,W,0,5,,,0.0,,,3,3,1.0,,,,,,,,,13,,0
6404,21980,76616,Mike Dunleavy,HOU,Houston Rockets,0028000789,1981-03-04,HOU vs. BOS,L,0,6,,,0.0,,,1,2,0.5,,,,,,,,,13,,0
6405,21980,77148,George Johnson,IND,Indiana Pacers,0028000788,1981-03-04,IND @ SEA,L,0,6,,,0.0,,,1,3,0.333,,,,,,,,,13,,0
6406,21980,229,James Edwards,IND,Indiana Pacers,0028000788,1981-03-04,IND @ SEA,L,0,4,,,0.0,,,5,7,0.714,,,,,,,,,13,,0
6407,21980,76966,Joey Hassett,GOS,Golden State Warriors,0028000790,1981-03-04,GOS vs. UTH,W,0,5,,,3.0,,,0,0,,,,,,,,,,13,,0
6408,21980,77952,Micheal Ray Richardson,NYK,New York Knicks,0028000782,1981-03-03,NYK vs. ATL,L,0,5,,,0.0,5.0,0.0,3,4,0.75,,,,,,,,,13,,0
6409,21980,77142,Magic Johnson,LAL,Los Angeles Lakers,0028000784,1981-03-03,LAL @ KCK,W,0,6,,,0.0,,,1,2,0.5,,,,,,,,,13,,0
6410,21980,77010,Keith Herron,DET,Detroit Pistons,0028000781,1981-03-03,DET @ MIL,L,0,3,,,0.0,,,7,10,0.7,,,,,,,,,13,,0
6411,21980,78351,Andrew Toney,PHL,Philadelphia 76ers,0028000776,1981-03-01,PHL @ BOS,L,0,4,,,0.0,,,5,8,0.625,,,,,,,,6.0,13,,0
6412,21980,76453,Dave Corzine,SAN,San Antonio Spurs,0028000775,1981-03-01,SAN vs. HOU,W,0,6,,,0.0,,,1,2,0.5,,,,,,,,,13,,0
6413,21980,76516,Brad Davis,DAL,Dallas Mavericks,0028000772,1981-03-01,DAL vs. SDC,W,0,5,,,0.0,,,3,5,0.6,,,,,,,,,13,,0
6414,21980,77419,John Lucas,GOS,Golden State Warriors,0028000768,1981-02-28,GOS @ KCK,W,0,6,,,0.0,,,1,1,1.0,,,,,,,,,13,,0
6415,21980,76170,Otis Birdsong,KCK,Kansas City Kings,0028000768,1981-02-28,KCK vs. GOS,L,0,6,,,0.0,,,1,3,0.333,,,,,,,,,13,,0
6416,21980,305,Robert Parish,BOS,Boston Celtics,0028000766,1981-02-27,BOS @ ATL,W,0,4,,,0.0,,,5,5,1.0,,,,,,,,,13,,0
6417,21980,77936,Robert Reid,HOU,Houston Rockets,0028000763,1981-02-27,HOU vs. SEA,W,0,6,,,0.0,,,1,2,0.5,,,,,,,,,13,,0
6418,21980,76539,Darryl Dawkins,PHL,Philadelphia 76ers,0028000762,1981-02-27,PHL @ UTH,W,0,4,,,0.0,,,5,8,0.625,,,,,,,,,13,,0
6419,21980,78467,Kermit Washington,POR,Portland Trail Blazers,0028000760,1981-02-27,POR vs. PHX,W,0,5,,,0.0,,,3,4,0.75,,,,,,,,,13,,0
6420,21980,77419,John Lucas,GOS,Golden State Warriors,0028000758,1981-02-27,GOS @ DEN,L,0,4,,,0.0,,,5,7,0.714,,,,,,,,,13,,0
6421,21980,77056,Cedrick Hordges,DEN,Denver Nuggets,0028000758,1981-02-27,DEN vs. GOS,W,0,5,,,0.0,,,3,3,1.0,,,,,,,,,13,,0
6422,21980,76453,Dave Corzine,SAN,San Antonio Spurs,0028000757,1981-02-26,SAN vs. SEA,W,0,5,,,0.0,,,3,3,1.0,,,,,,,,,13,,0
6423,21980,76656,Bob Elliott,NJN,New Jersey Nets,0028000752,1981-02-25,NJN @ UTH,L,0,5,,,0.0,,,3,7,0.429,,,,,,,,,13,,0
6424,21980,77848,Roger Phegley,CLE,Cleveland Cavaliers,0028000751,1981-02-25,CLE @ BOS,L,0,3,,,0.0,,,7,8,0.875,,,,,,,,,13,,0
6425,21980,76266,Michael Brooks,SDC,San Diego Clippers,0028000750,1981-02-25,SDC vs. PHL,L,0,5,,,0.0,,,3,5,0.6,,,,,,,,,13,,0
6426,21980,78442,Wally Walker,SEA,Seattle SuperSonics,0028000740,1981-02-22,SEA vs. HOU,L,0,5,,,0.0,,,3,6,0.5,,,,,,,,,13,,0
6427,21980,78571,Ray Williams,NYK,New York Knicks,0028000739,1981-02-22,NYK vs. LAL,L,0,6,,,0.0,,,1,2,0.5,,,,,,,,,13,,0
6428,21980,78531,Bob Wilkerson,CHI,Chicago Bulls,0028000735,1981-02-22,CHI vs. ATL,L,0,4,,,0.0,,,5,5,1.0,,,,,,,,,13,,0
6429,21980,600005,Bob Lanier,MIL,Milwaukee Bucks,0028000734,1981-02-22,MIL @ WAS,W,0,4,,,1.0,,,4,9,0.444,,,,,,,,,13,,0
6430,21980,76385,Maurice Cheeks,PHL,Philadelphia 76ers,0028000741,1981-02-22,PHL @ PHX,L,0,6,,,1.0,,,0,0,,,,,,,,,,13,,0
6431,21980,77998,Dave Robisch,DEN,Denver Nuggets,0028000732,1981-02-21,DEN vs. KCK,W,0,6,,,0.0,,,1,3,0.333,,,,,,,,,13,,0
6432,21980,77326,Sam Lacey,KCK,Kansas City Kings,0028000732,1981-02-21,KCK @ DEN,L,0,6,,,0.0,,,1,2,0.5,,,,,,,,,13,,0
6433,21980,77754,Mike O'Koren,NJN,New Jersey Nets,0028000727,1981-02-20,NJN vs. POR,W,0,6,,,0.0,,,1,2,0.5,,,,,,,,,13,,0
6434,21980,76453,Dave Corzine,SAN,San Antonio Spurs,0028000725,1981-02-20,SAN @ IND,L,0,6,,,0.0,,,1,2,0.5,,,,,,,,,13,,0
6435,21980,78310,Reggie Theus,CHI,Chicago Bulls,0028000724,1981-02-20,CHI @ UTH,W,0,5,,,0.0,,,3,5,0.6,,,,,,,,,13,,0
6436,21980,77997,Bill Robinzine,DAL,Dallas Mavericks,0028000722,1981-02-20,DAL @ PHL,L,0,5,,,0.0,,,3,4,0.75,,,,,,,,,13,,0
6437,21980,76385,Maurice Cheeks,PHL,Philadelphia 76ers,0028000722,1981-02-20,PHL vs. DAL,W,0,5,,,0.0,,,3,4,0.75,,,,,,,,,13,,0
6438,21980,76321,Marty Byrnes,DAL,Dallas Mavericks,0028000722,1981-02-20,DAL @ PHL,L,0,5,,,0.0,,,3,3,1.0,,,,,,,,,13,,0
6439,21980,77235,Rich Kelley,PHX,Phoenix Suns,0028000875,1981-02-19,PHX @ DEN,L,0,5,,,0.0,,,3,3,1.0,,,,,,,,,13,,0
6440,21980,76436,Jeff Cook,PHX,Phoenix Suns,0028000875,1981-02-19,PHX @ DEN,L,0,5,,,0.0,,,3,5,0.6,,,,,,,,,13,,0
6441,21980,76539,Darryl Dawkins,PHL,Philadelphia 76ers,0028000719,1981-02-19,PHL @ WAS,L,0,6,,,0.0,,,1,3,0.333,,,,,,,,,13,,0
6442,21980,77152,John Johnson,SEA,Seattle SuperSonics,0028000713,1981-02-18,SEA vs. NYK,L,0,5,,,0.0,,,3,3,1.0,,,,,,,,,13,,0
6443,21980,78623,Larry Wright,DET,Detroit Pistons,0028000703,1981-02-17,DET @ CLE,L,0,4,,,1.0,,,4,5,0.8,,,,,,,,,13,,0
6444,21980,78047,Campy Russell,NYK,New York Knicks,0028000710,1981-02-17,NYK @ LAL,L,0,6,,,0.0,,,1,1,1.0,,,,,,,,,13,,0
6445,21980,78215,Ricky Sobers,CHI,Chicago Bulls,0028000708,1981-02-17,CHI @ SDC,L,0,4,,,0.0,,,5,5,1.0,,,,,,,,,13,,0
6446,21980,77396,Scott Lloyd,DAL,Dallas Mavericks,0028000705,1981-02-17,DAL vs. MIL,L,0,3,,,0.0,,,7,9,0.778,,,,,,,,,13,,0
6447,21980,76483,Pat Cummings,MIL,Milwaukee Bucks,0028000705,1981-02-17,MIL @ DAL,W,0,5,,,0.0,,,3,3,1.0,,,,,,,,,13,,0
6448,21980,77756,Mark Olberding,SAN,San Antonio Spurs,0028000704,1981-02-17,SAN vs. BOS,L,0,5,,,0.0,,,3,4,0.75,,,,,,,,6.0,13,,0
6449,21980,77010,Keith Herron,DET,Detroit Pistons,0028000703,1981-02-17,DET @ CLE,L,0,5,,,0.0,,,3,4,0.75,,,,,,,,,13,,0
6450,21980,78296,Brian Taylor,SDC,San Diego Clippers,0028000708,1981-02-17,SDC vs. CHI,W,0,6,,,1.0,,,0,0,,,,,,,,,,13,,0
6451,21980,78139,Purvis Short,GOS,Golden State Warriors,0028000702,1981-02-15,GOS @ NJN,L,0,6,,,0.0,,,1,2,0.5,,,,,,,,,13,,0
6452,21980,76441,Wayne Cooper,UTH,Utah Jazz,0028000699,1981-02-15,UTH @ POR,L,0,5,,,0.0,,,3,4,0.75,,,,,,,,,13,,0
6453,21980,78404,Kiki Vandeweghe,DEN,Denver Nuggets,0028000696,1981-02-15,DEN vs. BOS,L,0,5,,,0.0,,,3,3,1.0,,,,,,,,,13,,0
6454,21980,77056,Cedrick Hordges,DEN,Denver Nuggets,0028000696,1981-02-15,DEN vs. BOS,L,0,6,,,0.0,,,1,2,0.5,,,,,,,,,13,,0
6455,21980,77182,Dwight Jones,CHI,Chicago Bulls,0028000693,1981-02-14,CHI vs. SEA,W,0,6,,,0.0,,,1,1,1.0,,,,,,,,,13,,0
6456,21980,77876,Kevin Porter,WAS,Washington Bullets,0028000691,1981-02-14,WAS @ DET,L,0,6,,,0.0,,,1,1,1.0,,,,,,,,6.0,13,,0
6457,21980,77324,Mitch Kupchak,WAS,Washington Bullets,0028000691,1981-02-14,WAS @ DET,L,0,6,,,0.0,,,1,1,1.0,,,,,,,,,13,,0
6458,21980,76353,Joe Barry Carroll,GOS,Golden State Warriors,0028000690,1981-02-14,GOS @ CLE,L,0,6,,,0.0,,,1,1,1.0,,,,,,,,,13,,0
6459,21980,76966,Joey Hassett,GOS,Golden State Warriors,0028000690,1981-02-14,GOS @ CLE,L,0,5,,,3.0,,,0,0,,,,,,,,,,13,,0
6460,21980,76162,Henry Bibby,SDC,San Diego Clippers,0028000687,1981-02-13,SDC @ PHX,L,0,5,,,2.0,,,1,5,0.2,,,,,,,,,13,,0
6461,21980,77911,Kelvin Ransey,POR,Portland Trail Blazers,0028000688,1981-02-13,POR @ DEN,L,0,5,,,0.0,,,3,6,0.5,,,,,,,,,13,,0
6462,21980,76534,Ron Davis,SDC,San Diego Clippers,0028000687,1981-02-13,SDC @ PHX,L,0,4,,,0.0,,,5,6,0.833,,,,,,,,,13,,0
6463,21980,76436,Jeff Cook,PHX,Phoenix Suns,0028000687,1981-02-13,PHX vs. SDC,W,0,6,,,0.0,,,1,1,1.0,,,,,,,,,13,,0
6464,21980,77168,Mickey Johnson,MIL,Milwaukee Bucks,0028000686,1981-02-13,MIL vs. GOS,L,0,6,,,0.0,,,1,2,0.5,,,,,,,,,13,,0
6465,21980,76993,Gerald Henderson,BOS,Boston Celtics,0028000684,1981-02-13,BOS @ UTH,L,0,6,,,0.0,,,1,2,0.5,,,,,,,,,13,,0
6466,21980,77532,George McGinnis,IND,Indiana Pacers,0028000683,1981-02-13,IND @ NJN,L,0,6,,,0.0,,,1,4,0.25,,,,,,,,,13,,0
6467,21980,77010,Keith Herron,DET,Detroit Pistons,0028000681,1981-02-13,DET @ NYK,L,0,3,,,0.0,,,7,8,0.875,,,,,,,,,13,,0
6468,21980,78571,Ray Williams,NYK,New York Knicks,0028000681,1981-02-13,NYK vs. DET,W,0,5,,,1.0,,,2,2,1.0,,,,,,,,,13,,0
6469,21980,77152,John Johnson,SEA,Seattle SuperSonics,0028000678,1981-02-12,SEA @ POR,W,0,5,,,0.0,,,3,3,1.0,,,,,,,,,13,,0
6470,21980,78468,Richard Washington,CLE,Cleveland Cavaliers,0028000677,1981-02-12,CLE vs. NYK,L,0,4,,,0.0,,,5,6,0.833,,,,,,,,,13,,0
6471,21980,77022,Johnny High,PHX,Phoenix Suns,0028000675,1981-02-11,PHX vs. DAL,W,0,3,,,0.0,,,7,7,1.0,,,,,,,,,13,,0
6472,21980,76321,Marty Byrnes,DAL,Dallas Mavericks,0028000667,1981-02-10,DAL vs. DET,L,0,4,,,0.0,,,5,5,1.0,,,,,,,,,13,,0
6473,21980,76993,Gerald Henderson,BOS,Boston Celtics,0028000662,1981-02-08,BOS vs. SDC,W,0,6,,,0.0,,,1,1,1.0,,,,,,,,,13,,0
6474,21980,76534,Ron Davis,SDC,San Diego Clippers,0028000662,1981-02-08,SDC @ BOS,L,0,4,,,0.0,,,5,6,0.833,,,,,,,,,13,,0
6475,21980,77126,Abdul Jeelani,DAL,Dallas Mavericks,0028000656,1981-02-08,DAL @ SAN,L,0,4,,,0.0,,,5,7,0.714,,,,,,,,,13,,0
6476,21980,76392,Jim Chones,LAL,Los Angeles Lakers,0028000655,1981-02-08,LAL @ PHL,L,0,5,,,0.0,,,3,5,0.6,,,,,,,,,13,,0
6477,21980,76526,Johnny Davis,IND,Indiana Pacers,0028000652,1981-02-07,IND vs. CLE,W,0,6,,,0.0,,,1,2,0.5,,,,,,,,,13,,0
6478,21980,76350,Kenny Carr,CLE,Cleveland Cavaliers,0028000652,1981-02-07,CLE @ IND,L,0,5,,,0.0,,,3,4,0.75,,,,,,,,,13,,0
6479,21980,78139,Purvis Short,GOS,Golden State Warriors,0028000649,1981-02-07,GOS @ DEN,L,0,6,,,0.0,,,1,2,0.5,,,,,,,,,13,,0
6480,21980,77056,Cedrick Hordges,DEN,Denver Nuggets,0028000649,1981-02-07,DEN vs. GOS,W,0,3,,,0.0,,,7,8,0.875,,,,,,,,,13,,0
6481,21980,78531,Bob Wilkerson,CHI,Chicago Bulls,0028000645,1981-02-06,CHI vs. NYK,L,0,6,,,0.0,,,1,4,0.25,,,,,,,,,13,,0
6482,21980,78150,James Silas,SAN,San Antonio Spurs,0028000644,1981-02-06,SAN vs. POR,W,0,4,,,0.0,,,5,5,1.0,,,,,,,,,13,,0
6483,21980,77126,Abdul Jeelani,DAL,Dallas Mavericks,0028000641,1981-02-06,DAL vs. ATL,L,0,6,,,0.0,,,1,1,1.0,,,,,,,,,13,,0
6484,21980,78215,Ricky Sobers,CHI,Chicago Bulls,0028000645,1981-02-06,CHI vs. NYK,L,0,4,,,1.0,,,4,4,1.0,,,,,,,,,13,,0
6485,21980,78015,Lorenzo Romar,GOS,Golden State Warriors,0028000639,1981-02-06,GOS vs. WAS,L,0,5,,,1.0,,,2,2,1.0,,,,,,,,,13,,0
6486,21980,77786,Tom Owens,POR,Portland Trail Blazers,0028000635,1981-02-04,POR @ GOS,L,0,6,,,0.0,,,1,2,0.5,,,,,,,,,13,,0
6487,21980,76353,Joe Barry Carroll,GOS,Golden State Warriors,0028000635,1981-02-04,GOS vs. POR,W,0,6,,,0.0,,,1,1,1.0,,,,,,,,,13,,0
6488,21980,600014,Artis Gilmore,CHI,Chicago Bulls,0028000627,1981-02-04,CHI @ CLE,W,0,6,,,0.0,,,1,1,1.0,,,,,,,,,13,,0
6489,21980,76121,Billyray Bates,POR,Portland Trail Blazers,0028000635,1981-02-04,POR @ GOS,L,0,6,,,1.0,,,0,0,,,,,,,,,,13,,0
6490,21980,78467,Kermit Washington,POR,Portland Trail Blazers,0028000624,1981-02-03,POR vs. WAS,W,0,5,,,0.0,,,3,4,0.75,,,,,,,,,13,,0
6491,21980,77997,Bill Robinzine,DAL,Dallas Mavericks,0028000621,1981-02-03,DAL vs. KCK,L,0,5,,,0.0,,,3,5,0.6,,,,,,,,,13,,0
6492,21980,76895,Bob Gross,POR,Portland Trail Blazers,0028000617,1981-01-29,POR @ SDC,W,0,5,,,0.0,,,3,4,0.75,,,,,,,,,13,,0
6493,21980,77996,Wayne Robinson,DET,Detroit Pistons,0028000615,1981-01-29,DET vs. GOS,L,0,2,,,0.0,,,9,11,0.818,,,,,,,,,13,,0
6494,21980,76435,Darwin Cook,NJN,New Jersey Nets,0028000612,1981-01-29,NJN @ SAN,L,0,5,,,0.0,,,3,4,0.75,,,,,,,,,13,,0
6495,21980,77952,Micheal Ray Richardson,NYK,New York Knicks,0028000611,1981-01-29,NYK @ ATL,W,0,5,,,0.0,,,3,4,0.75,,,,,,,,,13,,0
6496,21980,77168,Mickey Johnson,MIL,Milwaukee Bucks,0028000609,1981-01-28,MIL @ SEA,W,0,5,,,0.0,,,3,4,0.75,,,,,,,,,13,,0
6497,21980,76539,Darryl Dawkins,PHL,Philadelphia 76ers,0028000606,1981-01-28,PHL @ BOS,L,0,5,,,0.0,,,3,3,1.0,,,,,,,,,13,,0
6498,21980,1450,Kevin McHale,BOS,Boston Celtics,0028000606,1981-01-28,BOS vs. PHL,W,0,6,,,0.0,,,1,1,1.0,,,,,,,,,13,,0
6499,21980,600014,Artis Gilmore,CHI,Chicago Bulls,0028000604,1981-01-27,CHI vs. GOS,W,0,6,,,0.0,,,1,1,1.0,,,,,,,,,13,,0
6500,21980,78548,Freeman Williams,SDC,San Diego Clippers,0028000602,1981-01-27,SDC vs. KCK,W,0,5,,,0.0,,,3,4,0.75,,,,,,,,,13,,0
6501,21980,78482,Scott Wedman,KCK,Kansas City Kings,0028000602,1981-01-27,KCK @ SDC,L,0,5,,,0.0,,,3,4,0.75,,,,,,,,,13,,0
6502,21980,76971,Steve Hawes,ATL,Atlanta Hawks,0028000601,1981-01-27,ATL vs. WAS,L,0,5,,,0.0,,,3,3,1.0,,,,,,,,6.0,13,,0
6503,21980,77167,Vinnie Johnson,SEA,Seattle SuperSonics,0028000593,1981-01-25,SEA @ BOS,L,0,5,,,0.0,,,3,4,0.75,,,,,,,,,13,,0
6504,21980,78467,Kermit Washington,POR,Portland Trail Blazers,0028000592,1981-01-25,POR vs. SAN,W,0,5,,,0.0,,,3,3,1.0,,,,,,,,,13,,0
6505,21980,77691,Calvin Natt,POR,Portland Trail Blazers,0028000592,1981-01-25,POR vs. SAN,W,0,5,,,0.0,,,3,3,1.0,,,,,,,,,13,,0
6506,21980,76121,Billyray Bates,POR,Portland Trail Blazers,0028000592,1981-01-25,POR vs. SAN,W,0,5,,,0.0,,,3,3,1.0,,,,,,,,,13,,0
6507,21980,77043,Lionel Hollins,PHL,Philadelphia 76ers,0028000590,1981-01-25,PHL vs. PHX,W,0,3,,,0.0,,,7,10,0.7,,,,,,,,,13,,0
6508,21980,77848,Roger Phegley,CLE,Cleveland Cavaliers,0028000587,1981-01-24,CLE @ DET,L,0,3,,,0.0,,,7,7,1.0,,,,,,,,,13,,0
6509,21980,76154,Kent Benson,DET,Detroit Pistons,0028000587,1981-01-24,DET vs. CLE,W,0,6,,,0.0,,,1,1,1.0,,,,,,,,,13,,0
6510,21980,77770,Louis Orr,IND,Indiana Pacers,0028000586,1981-01-24,IND vs. DAL,W,0,6,,,0.0,,,1,1,1.0,,,,,,,,,13,,0
6511,21980,76257,Allan Bristow,UTH,Utah Jazz,0028000589,1981-01-24,UTH @ HOU,L,0,6,,,0.0,,,1,1,1.0,,,,,,,,,13,,0
6512,21980,76441,Wayne Cooper,UTH,Utah Jazz,0028000589,1981-01-24,UTH @ HOU,L,0,6,,,1.0,,,0,0,,,,,,,,,,13,,0
6513,21980,78047,Campy Russell,NYK,New York Knicks,0028000574,1981-01-23,NYK @ POR,L,0,5,,,0.0,,,3,4,0.75,,,,,,,,,13,,0
6514,21980,76362,Bill Cartwright,NYK,New York Knicks,0028000574,1981-01-23,NYK @ POR,L,0,4,,,0.0,,,5,6,0.833,,,,,,,,,13,,0
6515,21980,76826,Mike Gminski,NJN,New Jersey Nets,0028000571,1981-01-22,NJN @ CLE,L,0,4,,,0.0,,,5,7,0.714,,,,,,,,,13,,0
6516,21980,600014,Artis Gilmore,CHI,Chicago Bulls,0028000570,1981-01-22,CHI @ DET,W,0,5,,,0.0,,,3,3,1.0,,,,,,,,,13,,0
6517,21980,76599,Larry Drew,DET,Detroit Pistons,0028000570,1981-01-22,DET vs. CHI,L,0,6,,,0.0,,,1,2,0.5,,,,,,,,,13,,0
6518,21980,76154,Kent Benson,DET,Detroit Pistons,0028000570,1981-01-22,DET vs. CHI,L,0,5,,,0.0,,,3,4,0.75,,,,,,,,,13,,0
6519,21980,1450,Kevin McHale,BOS,Boston Celtics,0028000565,1981-01-21,BOS vs. UTH,W,0,6,,,0.0,,,1,2,0.5,,,,,,,,,13,,0
6520,21980,76539,Darryl Dawkins,PHL,Philadelphia 76ers,0028000568,1981-01-21,PHL vs. IND,W,0,5,,,0.0,,,3,3,1.0,,,,,,,,,13,,0
6521,21980,76353,Joe Barry Carroll,GOS,Golden State Warriors,0028000563,1981-01-21,GOS vs. MIL,L,0,5,,,0.0,,,3,4,0.75,,,,,,,,,13,,0
6522,21980,77487,Cedric Maxwell,BOS,Boston Celtics,0028000565,1981-01-21,BOS vs. UTH,W,0,5,,,0.0,,,3,6,0.5,,,,,,,,,13,,0
6523,21980,76011,Alvan Adams,PHX,Phoenix Suns,0028000564,1981-01-21,PHX @ HOU,L,0,5,,,0.0,,,3,6,0.5,,,,,,,,,13,,0
6524,21980,76257,Allan Bristow,UTH,Utah Jazz,0028000556,1981-01-20,UTH @ WAS,L,0,4,,,0.0,,,5,6,0.833,,,,,,,,,13,,0
6525,21980,76985,Garfield Heard,SDC,San Diego Clippers,0028000552,1981-01-18,SDC vs. DAL,W,0,4,,,0.0,,,5,5,1.0,,,,,,,,,13,,0
6526,21980,78025,Dan Roundfield,ATL,Atlanta Hawks,0028000551,1981-01-18,ATL @ PHX,L,0,5,,,0.0,,,3,4,0.75,,,,,,,,,13,,0
6527,21980,76252,Junior Bridgeman,MIL,Milwaukee Bucks,0028000550,1981-01-18,MIL vs. POR,W,0,6,,,0.0,,,1,2,0.5,,,,,,,,,13,,0
6528,21980,78531,Bob Wilkerson,CHI,Chicago Bulls,0028000539,1981-01-16,CHI vs. POR,L,0,5,,,0.0,,,3,3,1.0,,,,,,,,,13,,0
6529,21980,1449,Larry Bird,BOS,Boston Celtics,0028000540,1981-01-16,BOS vs. SAN,W,0,5,,,0.0,,,3,4,0.75,,,,,,,,,13,,0
6530,21980,78351,Andrew Toney,PHL,Philadelphia 76ers,0028000538,1981-01-16,PHL vs. CLE,W,0,6,,,0.0,,,1,2,0.5,,,,,,,,,13,,0
6531,21980,76385,Maurice Cheeks,PHL,Philadelphia 76ers,0028000538,1981-01-16,PHL vs. CLE,W,0,6,,,0.0,,,1,1,1.0,,,,,,,,,13,,0
6532,21980,76899,Ernie Grunfeld,KCK,Kansas City Kings,0028000537,1981-01-16,KCK @ MIL,L,0,5,,,0.0,,,3,3,1.0,,,,,,,,,13,,0
6533,21980,77189,Major Jones,HOU,Houston Rockets,0028000536,1981-01-16,HOU @ PHX,L,0,6,,,0.0,,,1,2,0.5,,,,,,,,,13,,0
6534,21980,76436,Jeff Cook,PHX,Phoenix Suns,0028000536,1981-01-16,PHX vs. HOU,W,0,6,,,0.0,,,1,2,0.5,,,,,,,,,13,,0
6535,21980,76822,Mike Glenn,NYK,New York Knicks,0028000532,1981-01-16,NYK @ DAL,L,0,6,,,0.0,,,1,1,1.0,,,,,,,,,13,,0
6536,21980,76242,Mike Bratz,CLE,Cleveland Cavaliers,0028000538,1981-01-16,CLE @ PHL,L,0,6,,,1.0,,,0,0,,,,,,,,,,13,,0
6537,21980,77193,Bobby Jones,PHL,Philadelphia 76ers,0028000529,1981-01-15,PHL @ MIL,L,0,4,,,0.0,,,5,6,0.833,,,,,,,,,13,,0
6538,21980,76252,Junior Bridgeman,MIL,Milwaukee Bucks,0028000529,1981-01-15,MIL vs. PHL,W,0,6,,,0.0,,,1,2,0.5,,,,,,,,,13,,0
6539,21980,78520,Sidney Wicks,SDC,San Diego Clippers,0028000523,1981-01-14,SDC vs. ATL,W,0,5,,,0.0,,,3,3,1.0,,,,,,,,,13,,0
6540,21980,76290,Joe Bryant,SDC,San Diego Clippers,0028000523,1981-01-14,SDC vs. ATL,W,0,5,,,0.0,,,3,4,0.75,,,,,,,,,13,,0
6541,21980,77993,Truck Robinson,PHX,Phoenix Suns,0028000521,1981-01-14,PHX vs. DEN,W,0,5,,,0.0,,,3,4,0.75,,,,,,,,,13,,0
6542,21980,77438,Kyle Macy,PHX,Phoenix Suns,0028000521,1981-01-14,PHX vs. DEN,W,0,5,,,0.0,,,3,3,1.0,,,,,,,,,13,,0
6543,21980,76317,Don Buse,IND,Indiana Pacers,0028000519,1981-01-14,IND vs. DET,W,0,3,,,0.0,,,7,8,0.875,,,,,,,,,13,,0
6544,21980,76154,Kent Benson,DET,Detroit Pistons,0028000517,1981-01-13,DET vs. MIL,L,0,5,,,0.0,,,3,6,0.5,,,,,,,,,13,,0
6545,21980,77547,Billy McKinney,DEN,Denver Nuggets,0028000514,1981-01-13,DEN vs. ATL,W,0,5,,,0.0,,,3,3,1.0,,,,,,,,,13,,0
6546,21980,77246,Larry Kenon,CHI,Chicago Bulls,0028000513,1981-01-13,CHI @ DAL,L,0,5,,,0.0,,,3,3,1.0,,,,,,,,6.0,13,,0
6547,21980,77487,Cedric Maxwell,BOS,Boston Celtics,0028000515,1981-01-13,BOS @ NYK,W,0,6,,,0.0,,,1,2,0.5,,,,,,,,,13,,0
6548,21980,77876,Kevin Porter,WAS,Washington Bullets,0028000510,1981-01-11,WAS @ SAN,L,0,6,,,0.0,,,1,1,1.0,,,,,,,,,13,,0
6549,21980,76204,Ron Boone,UTH,Utah Jazz,0028000504,1981-01-10,UTH vs. KCK,L,0,5,,,1.0,,,2,2,1.0,,,,,,,,,13,,0
6550,21980,77532,George McGinnis,IND,Indiana Pacers,0028000507,1981-01-10,IND vs. MIL,W,0,4,,,0.0,,,5,11,0.455,,,,,,,,,13,,0
6551,21980,78404,Kiki Vandeweghe,DEN,Denver Nuggets,0028000500,1981-01-10,DEN @ SEA,L,0,5,,,0.0,,,3,6,0.5,,,,,,,,,13,,0
6552,21980,76681,Julius Erving,PHL,Philadelphia 76ers,0028000499,1981-01-10,PHL @ CHI,W,0,5,,,0.0,,,3,6,0.5,,,,,,,,,13,,0
6553,21980,76598,John Drew,ATL,Atlanta Hawks,0028000497,1981-01-09,ATL vs. CLE,L,0,5,,,0.0,,,3,3,1.0,,,,,,,,6.0,13,,0
6554,21980,77193,Bobby Jones,PHL,Philadelphia 76ers,0028000495,1981-01-09,PHL vs. HOU,W,0,3,,,0.0,,,7,9,0.778,,,,,,,,,13,,0
6555,21980,77786,Tom Owens,POR,Portland Trail Blazers,0028000492,1981-01-09,POR @ SAN,L,0,5,,,0.0,,,3,3,1.0,,,,,,,,,13,,0
6556,21980,77021,Kenny Higgs,DEN,Denver Nuggets,0028000482,1981-01-07,DEN vs. UTH,L,0,5,,,1.0,,,2,4,0.5,,,,,,,,,13,,0
6557,21980,1381,John Long,DET,Detroit Pistons,0028000486,1981-01-07,DET @ SEA,L,0,6,,,0.0,,,1,1,1.0,,,,,,,,6.0,13,,0
6558,21980,76054,Nate Archibald,BOS,Boston Celtics,0028000485,1981-01-07,BOS vs. PHX,W,0,5,,,0.0,,,3,7,0.429,,,,,,,,,13,,0
6559,21980,77944,Kevin Restani,SAN,San Antonio Spurs,0028000483,1981-01-07,SAN @ PHL,L,0,5,,,0.0,,,3,5,0.6,,,,,,,,,13,,0
6560,21980,78326,David Thompson,DEN,Denver Nuggets,0028000482,1981-01-07,DEN vs. UTH,L,0,5,,,0.0,,,3,4,0.75,,,,,,,,,13,,0
6561,21980,77873,Ben Poquette,UTH,Utah Jazz,0028000482,1981-01-07,UTH @ DEN,W,0,6,,,0.0,,,1,1,1.0,,,,,,,,,13,,0
6562,21980,76890,Darrell Griffith,UTH,Utah Jazz,0028000482,1981-01-07,UTH @ DEN,W,0,6,,,0.0,,,1,2,0.5,,,,,,,,,13,,0
6563,21980,76436,Jeff Cook,PHX,Phoenix Suns,0028000476,1981-01-06,PHX @ ATL,W,0,5,,,0.0,,,3,4,0.75,,,,,,,,,13,,0
6564,21980,78199,Phil Smith,SDC,San Diego Clippers,0028000475,1981-01-06,SDC @ CHI,L,0,6,,,0.0,,,1,2,0.5,,,,,,,,,13,,0
6565,21980,77997,Bill Robinzine,DAL,Dallas Mavericks,0028000474,1981-01-05,DAL @ SEA,L,0,6,,,0.0,,,1,2,0.5,,,,,,,,,13,,0
6566,21980,76085,James Bailey,SEA,Seattle SuperSonics,0028000474,1981-01-05,SEA vs. DAL,W,0,6,,,0.0,,,1,2,0.5,,,,,,,,,13,,0
6567,21980,77911,Kelvin Ransey,POR,Portland Trail Blazers,0028000473,1981-01-04,POR vs. BOS,L,0,6,,,0.0,,,1,2,0.5,,,,,,,,,13,,0
6568,21980,76121,Billyray Bates,POR,Portland Trail Blazers,0028000473,1981-01-04,POR vs. BOS,L,0,5,,,0.0,,,3,4,0.75,,,,,,,,,13,,0
6569,21980,600005,Bob Lanier,MIL,Milwaukee Bucks,0028000472,1981-01-04,MIL vs. SDC,W,0,4,,,0.0,,,5,6,0.833,,,,,,,,,13,,0
6570,21980,77754,Mike O'Koren,NJN,New Jersey Nets,0028000471,1981-01-04,NJN vs. IND,L,0,5,,,0.0,,,3,4,0.75,,,,,,,,6.0,13,,0
6571,21980,77876,Kevin Porter,WAS,Washington Bullets,0028000466,1981-01-03,WAS @ CLE,L,0,6,,,0.0,,,1,1,1.0,,,,,,,,,13,,0
6572,21980,76598,John Drew,ATL,Atlanta Hawks,0028000464,1981-01-03,ATL @ NYK,L,0,3,,,0.0,,,7,9,0.778,,,,,,,,,13,,0
6573,21980,76553,Larry Demic,NYK,New York Knicks,0028000464,1981-01-03,NYK vs. ATL,W,0,4,,,0.0,,,5,7,0.714,,,,,,,,,13,,0
6574,21980,78195,Larry Smith,GOS,Golden State Warriors,0028000463,1981-01-02,GOS vs. BOS,W,0,4,,,0.0,,,5,9,0.556,,,,,,,,,13,,0
6575,21980,76753,World Free,GOS,Golden State Warriors,0028000463,1981-01-02,GOS vs. BOS,W,0,2,,,0.0,,,9,11,0.818,,,,,,,,,13,,0
6576,21980,77635,Lowes Moore,NJN,New Jersey Nets,0028000460,1981-01-02,NJN vs. CLE,L,0,6,,,0.0,,,1,2,0.5,,,,,,,,,13,,0
6577,21980,77022,Johnny High,PHX,Phoenix Suns,0028000458,1981-01-02,PHX @ DEN,W,0,5,,,0.0,,,3,3,1.0,,,,,,,,,13,,0
6578,21980,78351,Andrew Toney,PHL,Philadelphia 76ers,0028000457,1981-01-02,PHL @ SEA,W,0,5,,,0.0,,,3,3,1.0,,,,,,,,,13,,0
6579,21980,1449,Larry Bird,BOS,Boston Celtics,0028000452,1981-01-01,BOS @ SDC,W,0,4,,,1.0,,,4,6,0.667,,,,,,,,,13,,0
6580,21980,76993,Gerald Henderson,BOS,Boston Celtics,0028000452,1981-01-01,BOS @ SDC,W,0,5,,,0.0,,,3,4,0.75,,,,,,,,,13,,0
6581,21980,77290,Billy Knight,IND,Indiana Pacers,0028000450,1980-12-30,IND @ DEN,L,0,6,,,0.0,,,1,4,0.25,,,,,,,,,13,,0
6582,21980,77184,Edgar Jones,NJN,New Jersey Nets,0028000444,1980-12-30,NJN @ CHI,L,0,4,,,0.0,,,5,6,0.833,,,,,,,,,13,,0
6583,21980,76435,Darwin Cook,NJN,New Jersey Nets,0028000444,1980-12-30,NJN @ CHI,L,0,5,,,0.0,,,3,6,0.5,,,,,,,,,13,,0
6584,21980,77669,Calvin Murphy,HOU,Houston Rockets,0028000443,1980-12-30,HOU vs. SDC,W,0,5,,,0.0,,,3,3,1.0,,,,,,,,,13,,0
6585,21980,77984,Rick Robey,BOS,Boston Celtics,0028000442,1980-12-30,BOS @ PHX,W,0,6,,,0.0,,,1,4,0.25,,,,,,,,,13,,0
6586,21980,76011,Alvan Adams,PHX,Phoenix Suns,0028000442,1980-12-30,PHX vs. BOS,L,0,5,,,0.0,,,3,4,0.75,,,,,,,,,13,,0
6587,21980,78296,Brian Taylor,SDC,San Diego Clippers,0028000443,1980-12-30,SDC @ HOU,L,0,5,,,1.0,,,2,2,1.0,,,,,,,,,13,,0
6588,21980,78468,Richard Washington,CLE,Cleveland Cavaliers,0028000439,1980-12-29,CLE vs. DAL,W,0,5,,,0.0,,,3,3,1.0,,,,,,,,,13,,0
6589,21980,77532,George McGinnis,IND,Indiana Pacers,0028000603,1980-12-27,IND @ SDC,L,0,4,,,0.0,,,5,10,0.5,,,,,,,,,13,,0
6590,21980,77193,Bobby Jones,PHL,Philadelphia 76ers,0028000434,1980-12-27,PHL @ DEN,L,0,5,,,0.0,,,3,3,1.0,,,,,,,,,13,,0
6591,21980,76121,Billyray Bates,POR,Portland Trail Blazers,0028000426,1980-12-26,POR @ SEA,W,0,6,,,0.0,,,1,1,1.0,,,,,,,,,13,,0
6592,21980,78519,Charles Whitney,KCK,Kansas City Kings,0028000424,1980-12-26,KCK vs. PHL,L,0,6,,,0.0,,,1,2,0.5,,,,,,,,,13,,0
6593,21980,77997,Bill Robinzine,DAL,Dallas Mavericks,0028000421,1980-12-26,DAL vs. DEN,W,0,4,,,0.0,,,5,6,0.833,,,,,,,,,13,,0
6594,21980,77328,Tom LaGarde,DAL,Dallas Mavericks,0028000421,1980-12-26,DAL vs. DEN,W,0,6,,,0.0,,,1,1,1.0,,,,,,,,,13,,0
6595,21980,76231,Dudley Bradley,IND,Indiana Pacers,0028000420,1980-12-26,IND @ LAL,L,0,6,,,0.0,,,1,4,0.25,,,,,,,,,13,,0
6596,21980,77215,Jeff Judkins,UTH,Utah Jazz,0028000425,1980-12-26,UTH vs. GOS,L,0,6,,,1.0,,,0,0,,,,,,,,,,13,,0
6597,21980,78150,James Silas,SAN,San Antonio Spurs,0028000418,1980-12-25,SAN @ PHX,L,0,5,,,0.0,,,3,4,0.75,,,,,,,,,13,,0
6598,21980,78139,Purvis Short,GOS,Golden State Warriors,0028000417,1980-12-25,GOS @ POR,L,0,6,,,0.0,,,1,2,0.5,,,,,,,,,13,,0
6599,21980,78331,Mychal Thompson,POR,Portland Trail Blazers,0028000415,1980-12-23,POR vs. LAL,W,0,5,,,0.0,,,3,3,1.0,,,,,,,,,13,,0
6600,21980,76444,Michael Cooper,LAL,Los Angeles Lakers,0028000415,1980-12-23,LAL @ POR,L,0,5,,,0.0,,,3,5,0.6,,,,,,,,,13,,0
6601,21980,76993,Gerald Henderson,BOS,Boston Celtics,0028000412,1980-12-23,BOS vs. DEN,W,0,4,,,0.0,,,5,6,0.833,,,,,,,,,13,,0
6602,21980,77754,Mike O'Koren,NJN,New Jersey Nets,0028000411,1980-12-23,NJN @ IND,L,0,6,,,0.0,,,1,1,1.0,,,,,,,,,13,,0
6603,21980,78215,Ricky Sobers,CHI,Chicago Bulls,0028000408,1980-12-23,CHI vs. NYK,W,0,5,,,0.0,,,3,3,1.0,,,,,,,,,13,,0
6604,21980,78442,Wally Walker,SEA,Seattle SuperSonics,0028000406,1980-12-22,SEA vs. PHX,L,0,6,,,0.0,,,1,1,1.0,,,,,,,,,13,,0
6605,21980,77819,Jim Paxson,POR,Portland Trail Blazers,0028000405,1980-12-21,POR vs. PHX,L,0,6,,,0.0,,,1,1,1.0,,,,,,,,,13,,0
6606,21980,77449,Moses Malone,HOU,Houston Rockets,0028000403,1980-12-21,HOU @ MIL,L,0,5,,,0.0,,,3,6,0.5,,,,,,,,,13,,0
6607,21980,77756,Mark Olberding,SAN,San Antonio Spurs,0028000402,1980-12-21,SAN @ LAL,L,0,2,,,0.0,,,9,9,1.0,,,,,,,,,13,,0
6608,21980,77721,Norm Nixon,LAL,Los Angeles Lakers,0028000402,1980-12-21,LAL vs. SAN,W,0,6,,,0.0,,,1,3,0.333,,,,,,,,,13,,0
6609,21980,77163,Reggie Johnson,SAN,San Antonio Spurs,0028000402,1980-12-21,SAN @ LAL,L,0,5,,,0.0,,,3,4,0.75,,,,,,,,6.0,13,,0
6610,21980,77487,Cedric Maxwell,BOS,Boston Celtics,0028000400,1980-12-20,BOS @ CLE,W,0,5,,,0.0,,,3,4,0.75,,,,,,,,,13,,0
6611,21980,76890,Darrell Griffith,UTH,Utah Jazz,0028000399,1980-12-20,UTH vs. SDC,L,0,5,,,0.0,,,3,4,0.75,,,,,,,,,13,,0
6612,21980,77097,Dan Issel,DEN,Denver Nuggets,0028000398,1980-12-20,DEN @ NYK,L,0,5,,,0.0,,,3,5,0.6,,,,,,,,6.0,13,,0
6613,21980,77273,Reggie King,KCK,Kansas City Kings,0028000397,1980-12-20,KCK vs. IND,L,0,4,,,0.0,,,5,6,0.833,,,,,,,,,13,,0
6614,21980,76516,Brad Davis,DAL,Dallas Mavericks,0028000396,1980-12-20,DAL vs. GOS,L,0,6,,,0.0,,,1,1,1.0,,,,,,,,,13,,0
6615,21980,76353,Joe Barry Carroll,GOS,Golden State Warriors,0028000396,1980-12-20,GOS @ DAL,W,0,5,,,0.0,,,3,4,0.75,,,,,,,,6.0,13,,0
6616,21980,78531,Bob Wilkerson,CHI,Chicago Bulls,0028000393,1980-12-19,CHI vs. MIL,W,0,6,,,0.0,,,1,1,1.0,,,,,,,,,13,,0
6617,21980,77167,Vinnie Johnson,SEA,Seattle SuperSonics,0028000391,1980-12-19,SEA vs. ATL,W,0,5,,,0.0,,,3,4,0.75,,,,,,,,,13,,0
6618,21980,76085,James Bailey,SEA,Seattle SuperSonics,0028000391,1980-12-19,SEA vs. ATL,W,0,4,,,0.0,,,5,6,0.833,,,,,,,,,13,,0
6619,21980,77944,Kevin Restani,SAN,San Antonio Spurs,0028000389,1980-12-19,SAN vs. GOS,W,0,5,,,0.0,,,3,4,0.75,,,,,,,,,13,,0
6620,21980,77786,Tom Owens,POR,Portland Trail Blazers,0028000387,1980-12-19,POR @ LAL,W,0,6,,,0.0,,,1,2,0.5,,,,,,,,,13,,0
6621,21980,78296,Brian Taylor,SDC,San Diego Clippers,0028000385,1980-12-18,SDC vs. DAL,W,0,5,,,0.0,,,3,6,0.5,,,,12.0,,,,,13,,0
6622,21980,77626,Sidney Moncrief,MIL,Milwaukee Bucks,0028000384,1980-12-18,MIL vs. DET,W,0,5,,,0.0,,,3,3,1.0,,,,,,,,6.0,13,,0
6623,21980,76598,John Drew,ATL,Atlanta Hawks,0028000382,1980-12-18,ATL @ UTH,W,0,3,,,0.0,,,7,8,0.875,,,,,,,,,13,,0
6624,21980,77487,Cedric Maxwell,BOS,Boston Celtics,0028000380,1980-12-17,BOS vs. CHI,W,0,6,,,0.0,,,1,2,0.5,,,,,,,,,13,,0
6625,21980,77396,Scott Lloyd,DAL,Dallas Mavericks,0028000379,1980-12-17,DAL @ PHX,L,0,6,,,0.0,,,1,1,1.0,,,,,,,,,13,,0
6626,21980,1453,Walter Davis,PHX,Phoenix Suns,0028000379,1980-12-17,PHX vs. DAL,W,0,6,,,0.0,,,1,1,1.0,,,,,,,,,13,,0
6627,21980,77786,Tom Owens,POR,Portland Trail Blazers,0028000375,1980-12-17,POR @ GOS,W,0,6,,,0.0,,,1,1,1.0,,,,,,,,,13,,0
6628,21980,77071,Phil Hubbard,DET,Detroit Pistons,0028000374,1980-12-17,DET vs. NYK,L,0,6,,,0.0,,,1,2,0.5,,,,,,,,,13,,0
6629,21980,76822,Mike Glenn,NYK,New York Knicks,0028000374,1980-12-17,NYK @ DET,W,0,6,,,0.0,,,1,2,0.5,,,,,,,,,13,,0
6630,21980,1381,John Long,DET,Detroit Pistons,0028000374,1980-12-17,DET vs. NYK,L,0,5,,,0.0,,,3,5,0.6,,,,,,,,,13,,0
6631,21980,78350,Rudy Tomjanovich,HOU,Houston Rockets,0028000377,1980-12-17,HOU vs. SAN,L,0,6,,,1.0,,,0,0,,,,,,,,,,13,,0
6632,21980,76095,Mike Bantom,IND,Indiana Pacers,0028000371,1980-12-16,IND vs. PHL,L,0,6,,,0.0,,,1,1,1.0,,,,,,,,,13,,0
6633,21980,78222,Jim Spanarkel,DAL,Dallas Mavericks,0028000370,1980-12-16,DAL vs. SAN,L,0,4,,,0.0,,,5,5,1.0,,,,,,,,,13,,0
6634,21980,78215,Ricky Sobers,CHI,Chicago Bulls,0028000367,1980-12-16,CHI @ WAS,W,0,5,,,0.0,,,3,3,1.0,,,,,,,,,13,,0
6635,21980,77876,Kevin Porter,WAS,Washington Bullets,0028000367,1980-12-16,WAS vs. CHI,L,0,5,,,0.0,,,3,4,0.75,,,,,,,,,13,,0
6636,21980,76091,Greg Ballard,WAS,Washington Bullets,0028000367,1980-12-16,WAS vs. CHI,L,0,5,,,0.0,,,3,4,0.75,,,,,,,,,13,,0
6637,21980,77626,Sidney Moncrief,MIL,Milwaukee Bucks,0028000365,1980-12-14,MIL vs. SAN,W,0,6,,,0.0,,,1,1,1.0,,,,,,,,,13,,0
6638,21980,77168,Mickey Johnson,MIL,Milwaukee Bucks,0028000365,1980-12-14,MIL vs. SAN,W,0,6,,,0.0,,,1,2,0.5,,,,,,,,,13,,0
6639,21980,77163,Reggie Johnson,SAN,San Antonio Spurs,0028000365,1980-12-14,SAN @ MIL,L,0,6,,,0.0,,,1,4,0.25,,,,,,,,,13,,0
6640,21980,77160,Marques Johnson,MIL,Milwaukee Bucks,0028000365,1980-12-14,MIL vs. SAN,W,0,6,,,0.0,,,1,1,1.0,,,,,,,,,13,,0
6641,21980,77193,Bobby Jones,PHL,Philadelphia 76ers,0028000364,1980-12-14,PHL @ NJN,W,0,5,,,0.0,,,3,4,0.75,,,,,,,,,13,,0
6642,21980,77635,Lowes Moore,NJN,New Jersey Nets,0028000364,1980-12-14,NJN vs. PHL,L,0,6,,,1.0,,,0,0,,,,,,,,,,13,,0
6643,21980,78014,Tree Rollins,ATL,Atlanta Hawks,0028000361,1980-12-13,ATL vs. MIL,W,0,6,,,0.0,,,1,1,1.0,,,,,,,,,13,,0
6644,21980,76971,Steve Hawes,ATL,Atlanta Hawks,0028000361,1980-12-13,ATL vs. MIL,W,0,6,,,0.0,,,1,1,1.0,,,,,,,,,13,,0
6645,21980,77484,Wes Matthews,WAS,Washington Bullets,0028000359,1980-12-13,WAS vs. IND,W,0,6,,,0.0,,,1,1,1.0,,,,,,,,,13,,0
6646,21980,76154,Kent Benson,DET,Detroit Pistons,0028000356,1980-12-13,DET @ NYK,L,0,4,,,0.0,,,5,7,0.714,,,,,,,,,13,,0
6647,21980,77547,Billy McKinney,UTH,Utah Jazz,0028000355,1980-12-13,UTH @ CLE,L,0,6,,,0.0,,,1,2,0.5,,,,,,,,,13,,0
6648,21980,77487,Cedric Maxwell,BOS,Boston Celtics,0028000354,1980-12-13,BOS @ CHI,W,0,4,,,0.0,,,5,7,0.714,,,,,,,,,13,,0
6649,21980,76887,Kevin Grevey,WAS,Washington Bullets,0028000350,1980-12-12,WAS @ PHL,L,0,5,,,1.0,,,2,2,1.0,,,,,,,,,13,,0
6650,21980,78351,Andrew Toney,PHL,Philadelphia 76ers,0028000350,1980-12-12,PHL vs. WAS,W,0,5,,,0.0,,,3,4,0.75,,,,,,,,,13,,0
6651,21980,77623,Paul Mokeski,DET,Detroit Pistons,0028000349,1980-12-12,DET vs. CLE,W,0,6,,,0.0,,,1,1,1.0,,,,,,,,,13,,0
6652,21980,77710,Mike Newlin,NJN,New Jersey Nets,0028000348,1980-12-12,NJN @ BOS,L,0,3,,,0.0,,,7,7,1.0,,,,,,,,,13,,0
6653,21980,77163,Reggie Johnson,SAN,San Antonio Spurs,0028000345,1980-12-11,SAN vs. KCK,W,0,3,,,0.0,,,7,10,0.7,,,,,,,,,13,,0
6654,21980,78351,Andrew Toney,PHL,Philadelphia 76ers,0028000333,1980-12-09,PHL @ CLE,W,0,6,,,0.0,,,1,3,0.333,,,,,,,,,13,,0
6655,21980,76162,Henry Bibby,SDC,San Diego Clippers,0028000331,1980-12-09,SDC @ ATL,L,0,4,,,3.0,,,2,2,1.0,,,,,,,,,13,,0
6656,21980,78467,Kermit Washington,POR,Portland Trail Blazers,0028000325,1980-12-07,POR vs. SAN,W,0,6,,,0.0,,,1,3,0.333,,,,,,,,,13,,0
6657,21980,78331,Mychal Thompson,POR,Portland Trail Blazers,0028000325,1980-12-07,POR vs. SAN,W,0,5,,,0.0,,,3,6,0.5,,,,,,,,,13,,0
6658,21980,76054,Nate Archibald,BOS,Boston Celtics,0028000323,1980-12-07,BOS vs. WAS,L,0,4,,,0.0,,,5,5,1.0,,,,,,,,,13,,0
6659,21980,77264,Bernard King,GOS,Golden State Warriors,0028000322,1980-12-07,GOS @ PHX,L,0,6,,,0.0,,,1,4,0.25,,,,,,,,,13,,0
6660,21980,76355,Butch Carter,LAL,Los Angeles Lakers,0028000320,1980-12-06,LAL @ GOS,L,0,3,,,1.0,,,6,8,0.75,,,,,,,,,13,,0
6661,21980,77721,Norm Nixon,LAL,Los Angeles Lakers,0028000320,1980-12-06,LAL @ GOS,L,0,5,,,0.0,,,3,4,0.75,,,,,,,,,13,,0
6662,21980,76231,Dudley Bradley,IND,Indiana Pacers,0028000319,1980-12-06,IND vs. KCK,W,0,5,,,0.0,,,3,4,0.75,,,,,,,,,13,,0
6663,21980,78025,Dan Roundfield,ATL,Atlanta Hawks,0028000318,1980-12-06,ATL vs. DAL,W,0,5,,,0.0,,,3,5,0.6,,,,,,,,6.0,13,,0
6664,21980,77215,Jeff Judkins,UTH,Utah Jazz,0028000316,1980-12-06,UTH vs. SEA,L,0,4,,,0.0,,,5,6,0.833,,,,,,,,,13,,0
6665,21980,76441,Wayne Cooper,UTH,Utah Jazz,0028000316,1980-12-06,UTH vs. SEA,L,0,4,,,0.0,,,5,5,1.0,,,,,,,,,13,,0
6666,21980,76085,James Bailey,SEA,Seattle SuperSonics,0028000316,1980-12-06,SEA @ UTH,W,0,5,,,0.0,,,3,5,0.6,,,,,,,,6.0,13,,0
6667,21980,78222,Jim Spanarkel,DAL,Dallas Mavericks,0028000310,1980-12-05,DAL @ BOS,L,0,4,,,0.0,,,5,6,0.833,,,,,,,,,13,,0
6668,21980,76733,Chris Ford,BOS,Boston Celtics,0028000310,1980-12-05,BOS vs. DAL,W,0,6,,,0.0,,,1,2,0.5,,,,,,,,,13,,0
6669,21980,77043,Lionel Hollins,PHL,Philadelphia 76ers,0028000309,1980-12-05,PHL vs. ATL,W,0,5,,,0.0,,,3,4,0.75,,,,,,,,,13,,0
6670,21980,76786,Calvin Garrett,HOU,Houston Rockets,0028000308,1980-12-05,HOU @ KCK,L,0,6,,,0.0,,,1,1,1.0,,,,,,,,,13,,0
6671,21980,1453,Walter Davis,PHX,Phoenix Suns,0028000306,1980-12-05,PHX vs. NJN,L,0,6,,,1.0,,,0,0,,,,,,,,,,13,,0
6672,21980,78520,Sidney Wicks,SDC,San Diego Clippers,0028000303,1980-12-04,SDC vs. POR,L,0,6,,,0.0,,,1,3,0.333,,,,,,,,,13,,0
6673,21980,77770,Louis Orr,IND,Indiana Pacers,0028000301,1980-12-03,IND vs. WAS,W,0,6,,,0.0,,,1,1,1.0,,,,,,,,,13,,0
6674,21980,76266,Michael Brooks,SDC,San Diego Clippers,0028000296,1980-12-03,SDC @ LAL,W,0,5,,,0.0,,,3,3,1.0,,,,,,,,,13,,0
6675,21980,76539,Darryl Dawkins,PHL,Philadelphia 76ers,0028000295,1980-12-03,PHL vs. NYK,W,0,6,,,0.0,,,1,5,0.2,,,,,,,,,13,,0
6676,21980,77756,Mark Olberding,SAN,San Antonio Spurs,0028000294,1980-12-02,SAN vs. PHX,L,0,4,,,0.0,,,5,6,0.833,,,,,,,,,13,,0
6677,21980,76091,Greg Ballard,WAS,Washington Bullets,0028000293,1980-12-02,WAS vs. KCK,W,0,5,,,0.0,,,3,3,1.0,,,,,,,,,13,,0
6678,21980,77786,Tom Owens,POR,Portland Trail Blazers,0028000290,1980-12-02,POR vs. NJN,L,0,6,,,0.0,,,1,2,0.5,,,,,,,,6.0,13,,0
6679,21980,76385,Maurice Cheeks,PHL,Philadelphia 76ers,0028000288,1980-12-02,PHL @ ATL,L,0,4,,,0.0,,,5,6,0.833,,,,,,,,,13,,0
6680,21980,77246,Larry Kenon,CHI,Chicago Bulls,0028000286,1980-12-02,CHI @ DEN,W,0,5,,,0.0,,,3,3,1.0,,,,,,,,,13,,0
6681,21980,77056,Cedrick Hordges,DEN,Denver Nuggets,0028000286,1980-12-02,DEN vs. CHI,L,0,4,,,0.0,,,5,6,0.833,,,,,,,,,13,,0
6682,21980,78531,Bob Wilkerson,CHI,Chicago Bulls,0028000284,1980-11-30,CHI @ LAL,W,0,6,,,0.0,,,1,1,1.0,,,,,,,,,13,,0
6683,21980,76085,James Bailey,SEA,Seattle SuperSonics,0028000282,1980-11-30,SEA vs. NJN,W,0,4,,,0.0,,,5,8,0.625,,,,,,,,,13,,0
6684,21980,600005,Bob Lanier,MIL,Milwaukee Bucks,0028000278,1980-11-29,MIL @ WAS,L,0,4,,,0.0,,,5,6,0.833,,,,,,,,,13,,0
6685,21980,77721,Norm Nixon,LAL,Los Angeles Lakers,0028000277,1980-11-29,LAL @ DEN,W,0,5,,,0.0,,,3,3,1.0,,,,,,,,,13,,0
6686,21980,76011,Alvan Adams,PHX,Phoenix Suns,0028000275,1980-11-29,PHX @ GOS,W,0,6,,,0.0,,,1,2,0.5,,,,,,,,,13,,0
6687,21980,77193,Bobby Jones,PHL,Philadelphia 76ers,0028000273,1980-11-29,PHL vs. UTH,W,0,6,,,0.0,,,1,1,1.0,,,,,,,,,13,,0
6688,21980,76441,Wayne Cooper,UTH,Utah Jazz,0028000273,1980-11-29,UTH @ PHL,L,0,5,,,0.0,,,3,4,0.75,,,,,,,,,13,,0
6689,21980,76890,Darrell Griffith,UTH,Utah Jazz,0028000266,1980-11-28,UTH @ NJN,L,0,4,,,1.0,,,4,4,1.0,,,,,,,,,13,,0
6690,21980,78199,Phil Smith,SDC,San Diego Clippers,0028000271,1980-11-28,SDC @ SEA,W,0,6,,,0.0,,,1,2,0.5,,,,,,,,,13,,0
6691,21980,77817,Billy Paultz,HOU,Houston Rockets,0028000270,1980-11-28,HOU @ SAN,W,0,6,,,0.0,,,1,3,0.333,,,,,,,,,13,,0
6692,21980,77786,Tom Owens,POR,Portland Trail Blazers,0028000269,1980-11-28,POR @ PHL,L,0,5,,,0.0,,,3,4,0.75,,,,,,,,,13,,0
6693,21980,76895,Bob Gross,POR,Portland Trail Blazers,0028000269,1980-11-28,POR @ PHL,L,0,6,,,0.0,,,1,2,0.5,,,,,,,,,13,,0
6694,21980,76296,Quinn Buckner,MIL,Milwaukee Bucks,0028000265,1980-11-28,MIL vs. ATL,W,0,4,,,0.0,,,5,6,0.833,,,,,,,,,13,,0
6695,21980,77273,Reggie King,KCK,Kansas City Kings,0028000263,1980-11-28,KCK @ DET,L,0,6,,,0.0,,,1,4,0.25,,,,,,,,,13,,0
6696,21980,600014,Artis Gilmore,CHI,Chicago Bulls,0028000262,1980-11-28,CHI @ PHX,L,0,4,,,0.0,,,5,6,0.833,,,,,,,,,13,,0
6697,21980,76054,Nate Archibald,BOS,Boston Celtics,0028000268,1980-11-28,BOS vs. NYK,W,0,3,,,0.0,,,7,7,1.0,,,,,,,,,13,,0
6698,21980,76567,Coby Dietrick,CHI,Chicago Bulls,0028000259,1980-11-26,CHI @ SAN,L,0,2,,,0.0,,,9,13,0.692,,,,,,,,,13,,0
6699,21980,78326,David Thompson,DEN,Denver Nuggets,0028000258,1980-11-26,DEN vs. SDC,W,0,4,,,0.0,,,5,7,0.714,,,,,,,,,13,,0
6700,21980,77998,Dave Robisch,DEN,Denver Nuggets,0028000258,1980-11-26,DEN vs. SDC,W,0,4,,,0.0,,,5,6,0.833,,,,,,,,,13,,0
6701,21980,77056,Cedrick Hordges,DEN,Denver Nuggets,0028000258,1980-11-26,DEN vs. SDC,W,0,5,,,0.0,,,3,6,0.5,,,,,,,,,13,,0
6702,21980,78350,Rudy Tomjanovich,HOU,Houston Rockets,0028000256,1980-11-26,HOU vs. PHL,L,0,6,,,0.0,,,1,3,0.333,,,,,,,,,13,,0
6703,21980,77193,Bobby Jones,PHL,Philadelphia 76ers,0028000256,1980-11-26,PHL @ HOU,W,0,5,,,0.0,,,3,3,1.0,,,,,,,,,13,,0
6704,21980,76590,Leon Douglas,KCK,Kansas City Kings,0028000255,1980-11-26,KCK vs. NJN,W,0,4,,,0.0,,,5,8,0.625,,,,,,,,6.0,13,,0
6705,21980,76526,Johnny Davis,IND,Indiana Pacers,0028000252,1980-11-26,IND vs. ATL,W,0,5,,,0.0,,,3,4,0.75,,,,,,,,,13,,0
6706,21980,78331,Mychal Thompson,POR,Portland Trail Blazers,0028000251,1980-11-26,POR @ BOS,L,0,5,,,0.0,,,3,6,0.5,,,,,,,,,13,,0
6707,21980,77691,Calvin Natt,POR,Portland Trail Blazers,0028000251,1980-11-26,POR @ BOS,L,0,6,,,0.0,,,1,2,0.5,,,,,,,,,13,,0
6708,21980,1450,Kevin McHale,BOS,Boston Celtics,0028000251,1980-11-26,BOS vs. POR,W,0,6,,,0.0,,,1,2,0.5,,,,,,,,,13,,0
6709,21980,76471,Charlie Criss,ATL,Atlanta Hawks,0028000249,1980-11-25,ATL vs. POR,W,0,6,,,0.0,,,1,1,1.0,,,,,,,,,13,,0
6710,21980,77328,Tom LaGarde,DAL,Dallas Mavericks,0028000248,1980-11-25,DAL vs. PHL,L,0,6,,,0.0,,,1,5,0.2,,,,,,,,,13,,0
6711,21980,77087,Geoff Huston,DAL,Dallas Mavericks,0028000248,1980-11-25,DAL vs. PHL,L,0,5,,,0.0,,,3,3,1.0,,,,,,,,,13,,0
6712,21980,77952,Micheal Ray Richardson,NYK,New York Knicks,0028000250,1980-11-24,NYK vs. HOU,W,0,6,,,0.0,,,1,2,0.5,,,,,,,,,13,,0
6713,21980,76944,Bill Hanzlik,SEA,Seattle SuperSonics,0028000245,1980-11-23,SEA @ SDC,L,0,5,,,1.0,,,2,2,1.0,,,,,,,,,13,,0
6714,21980,77152,John Johnson,SEA,Seattle SuperSonics,0028000245,1980-11-23,SEA @ SDC,L,0,6,,,0.0,,,1,2,0.5,,,,,,,,,13,,0
6715,21980,77626,Sidney Moncrief,MIL,Milwaukee Bucks,0028000243,1980-11-23,MIL @ LAL,W,0,5,,,0.0,,,3,4,0.75,,,,,,,,,13,,0
6716,21980,78025,Dan Roundfield,ATL,Atlanta Hawks,0028000241,1980-11-22,ATL vs. UTH,W,0,6,,,0.0,,,1,5,0.2,,,,,,,,6.0,13,,0
6717,21980,78390,Terry Tyler,DET,Detroit Pistons,0028000239,1980-11-22,DET vs. NJN,W,0,5,,,0.0,,,3,3,1.0,,,,,,,,,13,,0
6718,21980,76444,Michael Cooper,LAL,Los Angeles Lakers,0028000232,1980-11-21,LAL vs. PHX,W,0,4,,,1.0,,,4,4,1.0,,,,,,,,,13,,0
6719,21980,77984,Rick Robey,BOS,Boston Celtics,0028000234,1980-11-21,BOS vs. GOS,W,0,5,,,0.0,,,3,9,0.333,,,,,,,,,13,,0
6720,21980,78047,Campy Russell,NYK,New York Knicks,0028000228,1980-11-21,NYK @ CHI,L,0,5,,,0.0,,,3,4,0.75,,,,,,,,,13,,0
6721,21980,77756,Mark Olberding,SAN,San Antonio Spurs,0028000222,1980-11-19,SAN @ NJN,W,0,5,,,0.0,,,3,3,1.0,,,,,,,,,13,,0
6722,21980,78025,Dan Roundfield,ATL,Atlanta Hawks,0028000220,1980-11-18,ATL vs. SAN,W,0,6,,,0.0,,,1,1,1.0,,,,,,,,,13,,0
6723,21980,1450,Kevin McHale,BOS,Boston Celtics,0028000217,1980-11-18,BOS @ CHI,W,0,6,,,0.0,,,1,2,0.5,,,,,,,,,13,,0
6724,21980,77136,Clemon Johnson,IND,Indiana Pacers,0028000216,1980-11-18,IND @ DET,W,0,4,,,0.0,,,5,8,0.625,,,,,,,,,13,,0
6725,21980,77168,Mickey Johnson,MIL,Milwaukee Bucks,0028000214,1980-11-18,MIL @ UTH,W,0,6,,,0.0,,,1,4,0.25,,,,,,,,,13,,0
6726,21980,77582,Joe Meriweather,KCK,Kansas City Kings,0028000213,1980-11-18,KCK @ LAL,L,0,6,,,0.0,,,1,1,1.0,,,,,,,,,13,,0
6727,21980,77097,Dan Issel,DEN,Denver Nuggets,0028000210,1980-11-18,DEN @ POR,L,0,1,,,0.0,,,11,16,0.688,,,,,,,,,13,,0
6728,21980,77754,Mike O'Koren,NJN,New Jersey Nets,0028000205,1980-11-15,NJN @ PHL,L,0,5,,,0.0,,,3,7,0.429,,,,,,,,,13,,0
6729,21980,76681,Julius Erving,PHL,Philadelphia 76ers,0028000205,1980-11-15,PHL vs. NJN,W,0,5,,,0.0,,,3,4,0.75,,,,,,,,,13,,0
6730,21980,77582,Joe Meriweather,KCK,Kansas City Kings,0028000203,1980-11-15,KCK @ SDC,W,0,4,,,0.0,,,5,9,0.556,,,,,,,,,13,,0
6731,21980,77484,Wes Matthews,WAS,Washington Bullets,0028000198,1980-11-15,WAS @ ATL,W,0,6,,,0.0,,,1,1,1.0,,,,,,,,,13,,0
6732,21980,76736,Phil Ford,KCK,Kansas City Kings,0028000191,1980-11-14,KCK @ SEA,L,0,5,,,1.0,,,2,4,0.5,,,,,,,,,13,,0
6733,21980,76887,Kevin Grevey,WAS,Washington Bullets,0028000194,1980-11-14,WAS @ IND,L,0,4,,,2.0,,,3,4,0.75,,,,,,,,,13,,0
6734,21980,78571,Ray Williams,NYK,New York Knicks,0028000197,1980-11-14,NYK @ MIL,L,0,6,,,0.0,,,1,1,1.0,,,,,,,,,13,,0
6735,21980,77547,Billy McKinney,UTH,Utah Jazz,0028000196,1980-11-14,UTH vs. HOU,W,0,6,,,0.0,,,1,1,1.0,,,,,,,,,13,,0
6736,21980,78307,Carlos Terry,WAS,Washington Bullets,0028000194,1980-11-14,WAS @ IND,L,0,6,,,0.0,,,1,2,0.5,,,,,,,,,13,,0
6737,21980,76091,Greg Ballard,WAS,Washington Bullets,0028000194,1980-11-14,WAS @ IND,L,0,6,,,0.0,,,1,1,1.0,,,,,,,,,13,,0
6738,21980,77689,Swen Nater,SDC,San Diego Clippers,0028000192,1980-11-14,SDC @ LAL,L,0,5,,,0.0,,,3,3,1.0,,,,,,,,,13,,0
6739,21980,77142,Magic Johnson,LAL,Los Angeles Lakers,0028000192,1980-11-14,LAL vs. SDC,W,0,5,,,0.0,,,3,5,0.6,,,,,,,,,13,,0
6740,21980,76590,Leon Douglas,KCK,Kansas City Kings,0028000191,1980-11-14,KCK @ SEA,L,0,5,,,0.0,,,3,7,0.429,,,,,,,,,13,,0
6741,21980,76054,Nate Archibald,BOS,Boston Celtics,0028000190,1980-11-14,BOS vs. NJN,W,0,4,,,0.0,,,5,7,0.714,,,,,,,,,13,,0
6742,21980,78350,Rudy Tomjanovich,HOU,Houston Rockets,0028000196,1980-11-14,HOU @ UTH,L,0,6,,,1.0,,,0,0,,,,,,,,,,13,,0
6743,21980,76453,Dave Corzine,SAN,San Antonio Spurs,0028000187,1980-11-13,SAN @ SDC,W,0,4,,,0.0,,,5,8,0.625,,,,,,,,,13,,0
6744,21980,77944,Kevin Restani,SAN,San Antonio Spurs,0028000182,1980-11-12,SAN @ PHX,L,0,5,,,1.0,,,2,3,0.667,,,,,,,,,13,,0
6745,21980,77993,Truck Robinson,PHX,Phoenix Suns,0028000182,1980-11-12,PHX vs. SAN,W,0,5,,,0.0,,,3,5,0.6,,,,,,,,,13,,0
6746,21980,77626,Sidney Moncrief,MIL,Milwaukee Bucks,0028000180,1980-11-12,MIL @ DET,W,0,5,,,0.0,,,3,3,1.0,,,,,,,,,13,,0
6747,21980,76296,Quinn Buckner,MIL,Milwaukee Bucks,0028000180,1980-11-12,MIL @ DET,W,0,4,,,0.0,,,5,6,0.833,,,,,,,,,13,,0
6748,21980,78351,Andrew Toney,PHL,Philadelphia 76ers,0028000179,1980-11-12,PHL vs. NYK,L,0,5,,,0.0,,,3,4,0.75,,,,,,,,,13,,0
6749,21980,77618,Steve Mix,PHL,Philadelphia 76ers,0028000179,1980-11-12,PHL vs. NYK,L,0,5,,,0.0,,,3,4,0.75,,,,,,,,,13,,0
6750,21980,600014,Artis Gilmore,CHI,Chicago Bulls,0028000177,1980-11-11,CHI vs. PHL,L,0,5,,,0.0,,,3,4,0.75,,,,,,,,,13,,0
6751,21980,77056,Cedrick Hordges,DEN,Denver Nuggets,0028000175,1980-11-11,DEN @ WAS,L,0,5,,,0.0,,,3,5,0.6,,,,,,,,,13,,0
6752,21980,77819,Jim Paxson,POR,Portland Trail Blazers,0028000173,1980-11-11,POR vs. KCK,L,0,5,,,0.0,,,3,4,0.75,,,,,,,,,13,,0
6753,21980,229,James Edwards,IND,Indiana Pacers,0028000171,1980-11-11,IND @ SAN,W,0,6,,,0.0,,,1,2,0.5,,,,,,,,,13,,0
6754,21980,77984,Rick Robey,BOS,Boston Celtics,0028000167,1980-11-09,BOS vs. CHI,W,0,6,,,0.0,,,1,4,0.25,,,,,,,,,13,,0
6755,21980,76242,Mike Bratz,CLE,Cleveland Cavaliers,0028000163,1980-11-08,CLE @ KCK,L,0,5,,,1.0,,,2,2,1.0,,,,,,,,,13,,0
6756,21980,77097,Dan Issel,DEN,Denver Nuggets,0028000161,1980-11-08,DEN @ CHI,W,0,5,,,1.0,,,2,2,1.0,,,,,,,,,13,,0
6757,21980,77669,Calvin Murphy,HOU,Houston Rockets,0028000166,1980-11-08,HOU vs. PHX,L,0,6,,,0.0,,,1,1,1.0,,,,,,,,,13,,0
6758,21980,77438,Kyle Macy,PHX,Phoenix Suns,0028000166,1980-11-08,PHX @ HOU,W,0,6,,,0.0,,,1,1,1.0,,,,,,,,,13,,0
6759,21980,76392,Jim Chones,LAL,Los Angeles Lakers,0028000164,1980-11-08,LAL @ SAN,L,0,6,,,0.0,,,1,3,0.333,,,,,,,,,13,,0
6760,21980,77770,Louis Orr,IND,Indiana Pacers,0028000162,1980-11-08,IND @ GOS,L,0,5,,,0.0,,,3,4,0.75,,,,,,,,,13,,0
6761,21980,76435,Darwin Cook,NJN,New Jersey Nets,0028000160,1980-11-08,NJN vs. ATL,W,0,6,,,0.0,,,1,2,0.5,,,,,,,,,13,,0
6762,21980,76971,Steve Hawes,ATL,Atlanta Hawks,0028000153,1980-11-07,ATL @ CHI,L,0,4,,,1.0,,,4,5,0.8,,,,,,,,,13,,0
6763,21980,76539,Darryl Dawkins,PHL,Philadelphia 76ers,0028000157,1980-11-07,PHL vs. KCK,W,0,5,,,0.0,,,3,6,0.5,,,,,,,,,13,,0
6764,21980,77334,Mark Landsberger,LAL,Los Angeles Lakers,0028000156,1980-11-07,LAL @ DAL,W,0,5,,,0.0,,,3,5,0.6,,,,,,,,,13,,0
6765,21980,1450,Kevin McHale,BOS,Boston Celtics,0028000155,1980-11-07,BOS vs. MIL,L,0,6,,,0.0,,,1,2,0.5,,,,,,,,,13,,0
6766,21980,78513,Rudy White,SEA,Seattle SuperSonics,0028000154,1980-11-07,SEA vs. SDC,W,0,4,,,0.0,,,5,5,1.0,,,,,,,,,13,,0
6767,21980,76881,David Greenwood,CHI,Chicago Bulls,0028000153,1980-11-07,CHI vs. ATL,W,0,6,,,0.0,,,1,1,1.0,,,,,,,,,13,,0
6768,21980,77182,Dwight Jones,CHI,Chicago Bulls,0028000147,1980-11-05,CHI @ NJN,W,0,4,,,0.0,,,5,6,0.833,,,,,,,,,13,,0
6769,21980,76656,Bob Elliott,NJN,New Jersey Nets,0028000147,1980-11-05,NJN vs. CHI,L,0,6,,,0.0,,,1,1,1.0,,,,,,,,6.0,13,,0
6770,21980,76418,Don Collins,ATL,Atlanta Hawks,0028000145,1980-11-05,ATL @ BOS,L,0,5,,,0.0,,,3,3,1.0,,,,,,,,,13,,0
6771,21980,77168,Mickey Johnson,MIL,Milwaukee Bucks,0028000139,1980-11-04,MIL vs. DET,L,0,5,,,0.0,,,3,5,0.6,,,,,,,,6.0,13,,0
6772,21980,77689,Swen Nater,SDC,San Diego Clippers,0028000137,1980-11-04,SDC @ DAL,W,0,6,,,0.0,,,1,1,1.0,,,,,,,,,13,,0
6773,21980,76011,Alvan Adams,PHX,Phoenix Suns,0028000136,1980-11-04,PHX vs. IND,W,0,4,,,0.0,,,5,9,0.556,,,,,,,,,13,,0
6774,21980,78519,Charles Whitney,KCK,Kansas City Kings,0028000135,1980-11-04,KCK @ UTH,L,0,4,,,0.0,,,5,6,0.833,,,,,,,,,13,,0
6775,21980,77873,Ben Poquette,UTH,Utah Jazz,0028000135,1980-11-04,UTH vs. KCK,W,0,6,,,0.0,,,1,1,1.0,,,,,,,,6.0,13,,0
6776,21980,76350,Kenny Carr,CLE,Cleveland Cavaliers,0028000133,1980-11-03,CLE @ SEA,L,0,4,,,0.0,,,5,8,0.625,,,,,,,,,13,,0
6777,21980,100263,Bill Laimbeer,CLE,Cleveland Cavaliers,0028000130,1980-11-02,CLE @ POR,L,0,4,,,0.0,,,5,5,1.0,,,,,,,,,13,,0
6778,21980,76242,Mike Bratz,CLE,Cleveland Cavaliers,0028000130,1980-11-02,CLE @ POR,L,0,6,,,0.0,,,1,2,0.5,,,,,,,,,13,,0
6779,21980,77618,Steve Mix,PHL,Philadelphia 76ers,0028000127,1980-11-01,PHL vs. BOS,W,0,4,,,0.0,,,5,6,0.833,,,,,,,,,13,,0
6780,21980,77484,Wes Matthews,WAS,Washington Bullets,0028000123,1980-11-01,WAS @ NYK,L,0,5,,,0.0,,,3,3,1.0,,,,,,,,,13,,0
6781,21980,76091,Greg Ballard,WAS,Washington Bullets,0028000123,1980-11-01,WAS @ NYK,L,0,5,,,0.0,,,3,4,0.75,,,,,,,,,13,,0
6782,21980,77290,Billy Knight,IND,Indiana Pacers,0028000121,1980-11-01,IND vs. NJN,W,0,5,,,0.0,,,3,5,0.6,,,,,,,,6.0,13,,0
6783,21980,76608,Terry Duerod,DAL,Dallas Mavericks,0028000119,1980-10-31,DAL @ UTH,L,0,5,,,0.0,,,3,3,1.0,,,,,,,,,13,,0
6784,21980,77984,Rick Robey,BOS,Boston Celtics,0028000114,1980-10-31,BOS vs. KCK,W,0,5,,,0.0,,,3,3,1.0,,,,,,,,,13,,0
6785,21980,76054,Nate Archibald,BOS,Boston Celtics,0028000114,1980-10-31,BOS vs. KCK,W,0,5,,,0.0,,,3,4,0.75,,,,,,,,,13,,0
6786,21980,77239,Greg Kelser,DET,Detroit Pistons,0028000113,1980-10-31,DET vs. PHX,L,0,5,,,0.0,,,3,6,0.5,,,,,,,,,13,,0
6787,21980,76436,Jeff Cook,PHX,Phoenix Suns,0028000113,1980-10-31,PHX @ DET,W,0,6,,,0.0,,,1,2,0.5,,,,,,,,,13,,0
6788,21980,77024,Armond Hill,ATL,Atlanta Hawks,0028000111,1980-10-30,ATL @ NYK,L,0,4,,,0.0,,,5,5,1.0,,,,,,,,,13,,0
6789,21980,76656,Bob Elliott,NJN,New Jersey Nets,0028000108,1980-10-29,NJN vs. MIL,L,0,3,,,0.0,,,7,8,0.875,,,,,,,,,13,,0
6790,21980,1453,Walter Davis,PHX,Phoenix Suns,0028000107,1980-10-29,PHX vs. SDC,W,0,6,,,0.0,,,1,2,0.5,,,,,,,,,13,,0
6791,21980,77010,Keith Herron,DET,Detroit Pistons,0028000105,1980-10-29,DET vs. BOS,L,0,6,,,0.0,,,1,2,0.5,,,,,,,,,13,,0
6792,21980,78531,Bob Wilkerson,CHI,Chicago Bulls,0028000104,1980-10-29,CHI @ PHL,L,0,6,,,0.0,,,1,2,0.5,,,,,,,,,13,,0
6793,21980,77056,Cedrick Hordges,DEN,Denver Nuggets,0028000103,1980-10-29,DEN @ GOS,L,0,6,,,0.0,,,1,2,0.5,,,,,,,,,13,,0
6794,21980,78571,Ray Williams,NYK,New York Knicks,0028000102,1980-10-29,NYK @ IND,L,0,6,,,0.0,,,1,3,0.333,,,,,,,,,13,,0
6795,21980,76249,Ron Brewer,POR,Portland Trail Blazers,0028000110,1980-10-29,POR @ KCK,L,0,6,,,1.0,,,0,0,,,,,,,,,,13,,0
6796,21980,76966,Joey Hassett,DAL,Dallas Mavericks,0028000100,1980-10-28,DAL vs. UTH,L,0,5,,,1.0,,,2,2,1.0,,,,,,,,,13,,0
6797,21980,78195,Larry Smith,GOS,Golden State Warriors,0028000101,1980-10-28,GOS @ SEA,L,0,3,,,0.0,,,7,8,0.875,,,,,,,,,13,,0
6798,21980,78133,Lonnie Shelton,SEA,Seattle SuperSonics,0028000101,1980-10-28,SEA vs. GOS,W,0,6,,,0.0,,,1,1,1.0,,,,,,,,,13,,0
6799,21980,77264,Bernard King,GOS,Golden State Warriors,0028000101,1980-10-28,GOS @ SEA,L,0,5,,,0.0,,,3,4,0.75,,,,,,,,,13,,0
6800,21980,78200,Randy Smith,CLE,Cleveland Cavaliers,0028000097,1980-10-28,CLE vs. PHL,L,0,5,,,0.0,,,3,4,0.75,,,,,,,,,13,,0
6801,21980,77175,Caldwell Jones,PHL,Philadelphia 76ers,0028000097,1980-10-28,PHL @ CLE,W,0,4,,,0.0,,,5,6,0.833,,,,,,,,,13,,0
6802,21980,78467,Kermit Washington,POR,Portland Trail Blazers,0028000096,1980-10-28,POR @ SAN,L,0,6,,,0.0,,,1,3,0.333,,,,,,,,,13,,0
6803,21980,76121,Billyray Bates,POR,Portland Trail Blazers,0028000096,1980-10-28,POR @ SAN,L,0,6,,,1.0,,,0,0,,,,,,,,,,13,,0
6804,21980,78390,Terry Tyler,DET,Detroit Pistons,0028000089,1980-10-25,DET @ HOU,W,0,6,,,0.0,,,1,2,0.5,,,,,,,,,13,,0
6805,21980,77996,Wayne Robinson,DET,Detroit Pistons,0028000089,1980-10-25,DET @ HOU,W,0,6,,,0.0,,,1,1,1.0,,,,,,,,,13,,0
6806,21980,77936,Robert Reid,HOU,Houston Rockets,0028000089,1980-10-25,HOU vs. DET,L,0,5,,,0.0,,,3,4,0.75,,,,,,,,,13,,0
6807,21980,76616,Mike Dunleavy,HOU,Houston Rockets,0028000089,1980-10-25,HOU vs. DET,L,0,4,,,0.0,,,5,5,1.0,,,,,,,,,13,,0
6808,21980,78519,Charles Whitney,KCK,Kansas City Kings,0028000086,1980-10-25,KCK vs. DEN,W,0,5,,,0.0,,,3,3,1.0,,,,,,,,,13,,0
6809,21980,600014,Artis Gilmore,CHI,Chicago Bulls,0028000084,1980-10-25,CHI @ MIL,L,0,5,,,0.0,,,3,6,0.5,,,,,,,,,13,,0
6810,21980,76252,Junior Bridgeman,MIL,Milwaukee Bucks,0028000084,1980-10-25,MIL vs. CHI,W,0,6,,,0.0,,,1,1,1.0,,,,,,,,,13,,0
6811,21980,76011,Alvan Adams,PHX,Phoenix Suns,0028000081,1980-10-25,PHX @ SEA,W,0,6,,,0.0,,,1,1,1.0,,,,,,,,,13,,0
6812,21980,77754,Mike O'Koren,NJN,New Jersey Nets,0028000090,1980-10-25,NJN @ NYK,L,0,6,,,1.0,,,0,2,0.0,,,,,,,,,13,,0
6813,21980,76500,Bob Dandridge,WAS,Washington Bullets,0028000078,1980-10-24,WAS @ CHI,L,0,6,,,0.0,,,1,1,1.0,,,,,,,,,13,,0
6814,21980,76091,Greg Ballard,WAS,Washington Bullets,0028000078,1980-10-24,WAS @ CHI,L,0,5,,,0.0,,,3,3,1.0,,,,,,,,,13,,0
6815,21980,76826,Mike Gminski,NJN,New Jersey Nets,0028000075,1980-10-24,NJN vs. CLE,L,0,6,,,0.0,,,1,1,1.0,,,,,,,,,13,,0
6816,21980,77144,Eddie Johnson,ATL,Atlanta Hawks,0028000074,1980-10-24,ATL @ IND,L,0,6,,,0.0,,,1,2,0.5,,,,,,,,,13,,0
6817,21980,78482,Scott Wedman,KCK,Kansas City Kings,0028000072,1980-10-23,KCK @ HOU,W,0,6,,,0.0,,,1,2,0.5,,,,,,,,,13,,0
6818,21980,77944,Kevin Restani,SAN,San Antonio Spurs,0028000071,1980-10-23,SAN vs. GOS,W,0,4,,,0.0,,,5,6,0.833,,,,,,,,,13,,0
6819,21980,76753,World Free,GOS,Golden State Warriors,0028000071,1980-10-23,GOS @ SAN,L,0,4,,,0.0,,,5,7,0.714,,,,,,,,,13,,0
6820,21980,76350,Kenny Carr,CLE,Cleveland Cavaliers,0028000067,1980-10-22,CLE @ WAS,L,0,4,,,0.0,,,5,6,0.833,,,,,,,,,13,,0
6821,21980,76252,Junior Bridgeman,MIL,Milwaukee Bucks,0028000065,1980-10-21,MIL vs. CLE,W,0,6,,,0.0,,,1,1,1.0,,,,,,,,,13,,0
6822,21980,76121,Billyray Bates,POR,Portland Trail Blazers,0028000064,1980-10-21,POR vs. LAL,W,0,6,,,0.0,,,1,2,0.5,,,,,,,,,13,,0
6823,21980,77993,Truck Robinson,PHX,Phoenix Suns,0028000059,1980-10-21,PHX vs. DAL,W,0,6,,,0.0,,,1,8,0.125,,,,,,,,,13,,0
6824,21980,78500,Paul Westphal,SEA,Seattle SuperSonics,0028000057,1980-10-20,SEA @ UTH,W,0,6,,,0.0,,,1,2,0.5,,,,,,,,,13,,0
6825,21980,77873,Ben Poquette,UTH,Utah Jazz,0028000057,1980-10-20,UTH vs. SEA,L,0,5,,,0.0,,,3,3,1.0,,,,,,,,,13,,0
6826,21980,600005,Bob Lanier,MIL,Milwaukee Bucks,0028000054,1980-10-19,MIL vs. NJN,W,0,4,,,0.0,,,5,7,0.714,,,,,,,,,13,,0
6827,21980,76252,Junior Bridgeman,MIL,Milwaukee Bucks,0028000054,1980-10-19,MIL vs. NJN,W,0,6,,,0.0,,,1,1,1.0,,,,,,,,,13,,0
6828,21980,77449,Moses Malone,HOU,Houston Rockets,0028000053,1980-10-18,HOU @ GOS,L,0,4,,,0.0,,,5,9,0.556,,,,,,,,,13,,0
6829,21980,76353,Joe Barry Carroll,GOS,Golden State Warriors,0028000053,1980-10-18,GOS vs. HOU,W,0,6,,,0.0,,,1,3,0.333,,,,,,,,,13,,0
6830,21980,78531,Bob Wilkerson,CHI,Chicago Bulls,0028000051,1980-10-18,CHI vs. NJN,L,0,5,,,0.0,,,3,4,0.75,,,,,,,,,13,,0
6831,21980,77420,Maurice Lucas,NJN,New Jersey Nets,0028000051,1980-10-18,NJN @ CHI,W,0,3,,,0.0,,,7,8,0.875,,,,,,,,,13,,0
6832,21980,78149,Jack Sikma,SEA,Seattle SuperSonics,0028000049,1980-10-18,SEA @ KCK,W,0,5,,,0.0,,,3,6,0.5,,,,,,,,,13,,0
6833,21980,76252,Junior Bridgeman,MIL,Milwaukee Bucks,0028000046,1980-10-18,MIL @ CLE,W,0,6,,,0.0,,,1,1,1.0,,,,,,,,,13,,0
6834,21980,76257,Allan Bristow,UTH,Utah Jazz,0028000045,1980-10-18,UTH vs. DEN,W,0,5,,,0.0,,,3,3,1.0,,,,,,,,,13,,0
6835,21980,76091,Greg Ballard,WAS,Washington Bullets,0028000043,1980-10-17,WAS vs. NJN,L,0,5,,,0.0,,,3,3,1.0,,,,,,,,,13,,0
6836,21980,78350,Rudy Tomjanovich,HOU,Houston Rockets,0028000042,1980-10-17,HOU @ POR,W,0,6,,,0.0,,,1,1,1.0,,,,,,,,,13,,0
6837,21980,76993,Gerald Henderson,BOS,Boston Celtics,0028000035,1980-10-16,BOS @ MIL,W,0,5,,,1.0,,,2,2,1.0,,,,,,,,,13,,0
6838,21980,76979,Elvin Hayes,WAS,Washington Bullets,0028000036,1980-10-16,WAS @ CLE,L,0,5,,,0.0,,,3,4,0.75,,,,,,,,,13,,0
6839,21980,1450,Kevin McHale,BOS,Boston Celtics,0028000035,1980-10-16,BOS @ MIL,W,0,5,,,0.0,,,3,4,0.75,,,,,,,,,13,,0
6840,21980,76249,Ron Brewer,POR,Portland Trail Blazers,0028000028,1980-10-15,POR @ GOS,L,0,6,,,0.0,,,1,1,1.0,,,,,,,,,13,,0
6841,21980,77264,Bernard King,GOS,Golden State Warriors,0028000028,1980-10-15,GOS vs. POR,W,0,6,,,0.0,,,1,2,0.5,,,,,,,,,13,,0
6842,21980,77721,Norm Nixon,LAL,Los Angeles Lakers,0028000032,1980-10-15,LAL @ KCK,W,0,6,,,0.0,,,1,1,1.0,,,,,,,,,13,,0
6843,21980,1453,Walter Davis,PHX,Phoenix Suns,0028000031,1980-10-15,PHX @ UTH,W,0,6,,,0.0,,,1,2,0.5,,,,,,,,,13,,0
6844,21980,1381,John Long,DET,Detroit Pistons,0028000023,1980-10-14,DET @ CLE,L,0,6,,,0.0,,,1,2,0.5,,,,,,,,,13,,0
6845,21980,77984,Rick Robey,BOS,Boston Celtics,0028000025,1980-10-14,BOS @ ATL,L,0,3,,,0.0,,,7,8,0.875,,,,,,,,,13,,0
6846,21980,76971,Steve Hawes,ATL,Atlanta Hawks,0028000025,1980-10-14,ATL vs. BOS,W,0,6,,,0.0,,,1,1,1.0,,,,,,,,,13,,0
6847,21980,76421,Doug Collins,PHL,Philadelphia 76ers,0028000027,1980-10-14,PHL @ NYK,L,0,6,,,0.0,,,1,2,0.5,,,,,,,,,13,,0
6848,21980,77754,Mike O'Koren,NJN,New Jersey Nets,0028000022,1980-10-13,NJN vs. DET,W,0,6,,,0.0,,,1,1,1.0,,,,,,,,,13,,0
6849,21980,77710,Mike Newlin,NJN,New Jersey Nets,0028000022,1980-10-13,NJN vs. DET,W,0,5,,,0.0,,,3,3,1.0,,,,,,,,,13,,0
6850,21980,77420,Maurice Lucas,NJN,New Jersey Nets,0028000022,1980-10-13,NJN vs. DET,W,0,6,,,0.0,,,1,1,1.0,,,,,,,,,13,,0
6851,21980,76786,Calvin Garrett,HOU,Houston Rockets,0028000019,1980-10-12,HOU @ LAL,L,0,6,,,0.0,,,1,1,1.0,,,,,,,,,13,,0
6852,21980,77936,Robert Reid,HOU,Houston Rockets,0028000019,1980-10-12,HOU @ LAL,L,0,5,,,0.0,,,3,5,0.6,,,,,,,,,13,,0
6853,21980,78467,Kermit Washington,POR,Portland Trail Blazers,0028000021,1980-10-12,POR vs. SEA,W,0,5,,,0.0,,,3,5,0.6,,,,,,,,,13,,0
6854,21980,76996,Tom Henderson,HOU,Houston Rockets,0028000019,1980-10-12,HOU @ LAL,L,0,6,,,0.0,,,1,1,1.0,,,,,,,,,13,,0
6855,21980,77022,Johnny High,PHX,Phoenix Suns,0028000020,1980-10-12,PHX vs. KCK,W,0,5,,,0.0,,,3,3,1.0,,,,,,,,,13,,0
6856,21980,76948,James Hardy,UTH,Utah Jazz,0028000018,1980-10-12,UTH @ DEN,W,0,5,,,0.0,,,3,5,0.6,,,,,,,,,13,,0
6857,21980,76890,Darrell Griffith,UTH,Utah Jazz,0028000018,1980-10-12,UTH @ DEN,W,0,6,,,0.0,,,1,2,0.5,,,,,,,,,13,,0
6858,21980,78350,Rudy Tomjanovich,HOU,Houston Rockets,0028000019,1980-10-12,HOU @ LAL,L,0,6,,,1.0,,,0,0,,,,,,,,,,13,,0
6859,21980,77547,Billy McKinney,UTH,Utah Jazz,0028000017,1980-10-11,UTH @ KCK,L,0,6,,,0.0,,,1,1,1.0,,,,,,,,6.0,13,,0
6860,21980,77087,Geoff Huston,DAL,Dallas Mavericks,0028000010,1980-10-11,DAL vs. SAN,W,0,5,,,0.0,,,3,5,0.6,,,,,,,,,13,,0
6861,21980,76881,David Greenwood,CHI,Chicago Bulls,0028000013,1980-10-11,CHI @ ATL,L,0,5,,,0.0,,,3,6,0.5,,,,,,,,,13,,0
6862,21980,77167,Vinnie Johnson,SEA,Seattle SuperSonics,0028000006,1980-10-10,SEA vs. LAL,L,0,5,,,0.0,,,3,3,1.0,,,,,,,,,13,,0
6863,21980,76353,Joe Barry Carroll,GOS,Golden State Warriors,0028000001,1980-10-10,GOS @ PHX,L,0,5,,,0.0,,,3,6,0.5,,,,,,,,,13,,0
6864,21980,76091,Greg Ballard,WAS,Washington Bullets,0028000943,1981-03-29,WAS vs. CLE,W,0,5,,,0.0,,,2,2,1.0,,,,,,,,,12,,0
6865,21980,78531,Bob Wilkerson,CHI,Chicago Bulls,0028000942,1981-03-29,CHI @ IND,W,0,5,,,0.0,,,2,2,1.0,,,,,,,,,12,,0
6866,21980,77182,Dwight Jones,CHI,Chicago Bulls,0028000942,1981-03-29,CHI @ IND,W,0,4,,,0.0,,,4,4,1.0,,,,,,,,,12,,0
6867,21980,78195,Larry Smith,GOS,Golden State Warriors,0028000939,1981-03-29,GOS @ SEA,L,0,5,,,0.0,,,2,2,1.0,,,,,,,,6.0,12,,0
6868,21980,600005,Bob Lanier,MIL,Milwaukee Bucks,0028000934,1981-03-29,MIL @ ATL,W,0,4,,,0.0,,,4,6,0.667,,,,,,,,,12,,0
6869,21980,77829,Sam Pellom,ATL,Atlanta Hawks,0028000934,1981-03-29,ATL vs. MIL,L,0,5,,,0.0,,,2,2,1.0,,,,,,,,6.0,12,,0
6870,21980,76296,Quinn Buckner,MIL,Milwaukee Bucks,0028000934,1981-03-29,MIL @ ATL,W,0,6,,,0.0,,,0,0,,,,,,,,,,12,,0
6871,21980,78404,Kiki Vandeweghe,DEN,Denver Nuggets,0028000933,1981-03-29,DEN @ LAL,W,0,6,,,0.0,,,0,0,,,,,,,,,,12,,0
6872,21980,77323,Kevin Kunnert,POR,Portland Trail Blazers,0028000941,1981-03-29,POR @ SDC,W,0,5,,,0.0,,,2,2,1.0,,,,,,,,,12,,0
6873,21980,77141,Dennis Johnson,PHX,Phoenix Suns,0028000936,1981-03-29,PHX vs. UTH,W,0,5,,,0.0,,,2,2,1.0,,,,,,,,,12,,0
6874,21980,77193,Bobby Jones,PHL,Philadelphia 76ers,0028000937,1981-03-29,PHL @ BOS,L,0,3,,,0.0,,,6,9,0.667,,,,,,,,,12,,0
6875,21980,78614,Mike Woodson,NYK,New York Knicks,0028000940,1981-03-29,NYK vs. NJN,W,0,6,,,0.0,,,0,0,,,,,,,,,,12,,0
6876,21980,77487,Cedric Maxwell,BOS,Boston Celtics,0028000937,1981-03-29,BOS vs. PHL,W,0,6,,,0.0,,,0,0,,,,,,,,,,12,,0
6877,21980,77547,Billy McKinney,DEN,Denver Nuggets,0028000932,1981-03-28,DEN @ GOS,W,0,4,,,0.0,,,4,4,1.0,,,,,,,,,12,,0
6878,21980,77021,Kenny Higgs,DEN,Denver Nuggets,0028000932,1981-03-28,DEN @ GOS,W,0,6,,,0.0,,,0,0,,,,,,,,,6.0,12,,0
6879,21980,77754,Mike O'Koren,NJN,New Jersey Nets,0028000931,1981-03-28,NJN vs. NYK,L,0,6,,,0.0,,,0,0,,,,,,,,,,12,,0
6880,21980,78537,Jeff Wilkins,UTH,Utah Jazz,0028000930,1981-03-28,UTH vs. LAL,W,0,5,,,0.0,,,2,2,1.0,,,,,,,,,12,,0
6881,21980,77010,Keith Herron,DET,Detroit Pistons,0028000928,1981-03-27,DET @ BOS,W,0,2,,,0.0,,,8,8,1.0,,,,,,,,,12,,0
6882,21980,77152,John Johnson,SEA,Seattle SuperSonics,0028000927,1981-03-27,SEA vs. LAL,L,0,3,,,0.0,,,6,8,0.75,,,,,,,,,12,,0
6883,21980,76290,Joe Bryant,SDC,San Diego Clippers,0028000924,1981-03-27,SDC @ PHX,L,0,3,,,0.0,,,6,6,1.0,,,,,,,,,12,,0
6884,21980,77353,Allen Leavell,HOU,Houston Rockets,0028000923,1981-03-27,HOU vs. KCK,W,0,5,,,0.0,,,2,2,1.0,,,,,,,,,12,,0
6885,21980,77975,Anthony Roberts,WAS,Washington Bullets,0028000922,1981-03-27,WAS @ IND,L,0,5,,,0.0,,,2,3,0.667,,,,,,,,,12,,0
6886,21980,328,Rick Mahorn,WAS,Washington Bullets,0028000922,1981-03-27,WAS @ IND,L,0,6,,,0.0,,,0,0,,,,,,,,,,12,,0
6887,21980,600014,Artis Gilmore,CHI,Chicago Bulls,0028000921,1981-03-27,CHI vs. ATL,W,0,4,,,0.0,,,4,7,0.571,,,,,,,,,12,,0
6888,21980,78531,Bob Wilkerson,CHI,Chicago Bulls,0028000921,1981-03-27,CHI vs. ATL,W,0,6,,,0.0,,,0,1,0.0,,,,,,,,,12,,0
6889,21980,76971,Steve Hawes,ATL,Atlanta Hawks,0028000921,1981-03-27,ATL @ CHI,L,0,5,,,0.0,,,2,2,1.0,,,,,,,,,12,,0
6890,21980,76504,Adrian Dantley,UTH,Utah Jazz,0028000920,1981-03-26,UTH vs. SAN,L,0,4,,,0.0,,,4,7,0.571,,,,,,,,,12,,0
6891,21980,76249,Ron Brewer,SAN,San Antonio Spurs,0028000920,1981-03-26,SAN @ UTH,W,0,5,,,0.0,,,2,2,1.0,,,,,,,,,12,,0
6892,21980,76971,Steve Hawes,ATL,Atlanta Hawks,0028000919,1981-03-26,ATL vs. IND,L,0,4,,,0.0,,,4,4,1.0,,,,,,,,6.0,12,,0
6893,21980,77623,Paul Mokeski,DET,Detroit Pistons,0028000917,1981-03-25,DET @ PHL,L,0,5,,,0.0,,,2,3,0.667,,,,,,,,,12,,0
6894,21980,77193,Bobby Jones,PHL,Philadelphia 76ers,0028000917,1981-03-25,PHL vs. DET,W,0,6,,,0.0,,,0,0,,,,,,,,,,12,,0
6895,21980,76154,Kent Benson,DET,Detroit Pistons,0028000917,1981-03-25,DET @ PHL,L,0,5,,,0.0,,,2,4,0.5,,,,,,,,,12,,0
6896,21980,78095,Alvin Scott,PHX,Phoenix Suns,0028000913,1981-03-25,PHX vs. KCK,L,0,6,,,0.0,,,0,0,,,,,,,,,,12,,0
6897,21980,76011,Alvan Adams,PHX,Phoenix Suns,0028000913,1981-03-25,PHX vs. KCK,L,0,6,,,0.0,,,0,2,0.0,,,,,,,,,12,,0
6898,21980,77756,Mark Olberding,SAN,San Antonio Spurs,0028000912,1981-03-25,SAN @ HOU,L,0,5,,,0.0,,,2,4,0.5,,,,,,,,,12,,0
6899,21980,77152,John Johnson,SEA,Seattle SuperSonics,0028000911,1981-03-25,SEA vs. POR,L,0,4,,,0.0,,,4,4,1.0,,,,,,,,,12,,0
6900,21980,76583,James Donaldson,SEA,Seattle SuperSonics,0028000911,1981-03-25,SEA vs. POR,L,0,6,,,0.0,,,0,1,0.0,,,,,,,,,12,,0
6901,21980,78570,Sly Williams,NYK,New York Knicks,0028000910,1981-03-25,NYK @ WAS,L,0,5,,,0.0,,,2,2,1.0,,,,,,,,,12,,0
6902,21980,77952,Micheal Ray Richardson,NYK,New York Knicks,0028000910,1981-03-25,NYK @ WAS,L,0,6,,,0.0,,,0,0,,,,,,,,,,12,,0
6903,21980,76362,Bill Cartwright,NYK,New York Knicks,0028000910,1981-03-25,NYK @ WAS,L,0,4,,,0.0,,,4,4,1.0,,,,,,,,,12,,0
6904,21980,77021,Kenny Higgs,DEN,Denver Nuggets,0028000909,1981-03-24,DEN @ SAN,W,0,5,,,0.0,,,2,3,0.667,,,,,,,,6.0,12,,0
6905,21980,76971,Steve Hawes,ATL,Atlanta Hawks,0028000908,1981-03-24,ATL vs. DET,W,0,4,,,0.0,,,4,4,1.0,,,,,,,,,12,,0
6906,21980,77873,Ben Poquette,UTH,Utah Jazz,0028000907,1981-03-24,UTH vs. KCK,L,0,6,,,0.0,,,0,0,,,,,,,,,,12,,0
6907,21980,76899,Ernie Grunfeld,KCK,Kansas City Kings,0028000907,1981-03-24,KCK @ UTH,W,0,5,,,0.0,,,2,2,1.0,,,,,,,,,12,,0
6908,21980,77396,Scott Lloyd,DAL,Dallas Mavericks,0028000906,1981-03-24,DAL vs. HOU,L,0,6,,,0.0,,,0,0,,,,,,,,,,12,,0
6909,21980,78468,Richard Washington,CLE,Cleveland Cavaliers,0028000905,1981-03-24,CLE @ CHI,L,0,6,,,0.0,,,0,0,,,,,,,,,,12,,0
6910,21980,600010,Len Elmore,MIL,Milwaukee Bucks,0028000903,1981-03-24,MIL vs. NJN,W,0,5,,,0.0,,,2,2,1.0,,,,,,,,,12,,0
6911,21980,600005,Bob Lanier,MIL,Milwaukee Bucks,0028000903,1981-03-24,MIL vs. NJN,W,0,6,,,0.0,,,0,0,,,,,,,,,,12,,0
6912,21980,77420,Maurice Lucas,NJN,New Jersey Nets,0028000903,1981-03-24,NJN @ MIL,L,0,4,,,0.0,,,4,4,1.0,,,,,,,,,12,,0
6913,21980,76296,Quinn Buckner,MIL,Milwaukee Bucks,0028000903,1981-03-24,MIL vs. NJN,W,0,5,,,0.0,,,2,2,1.0,,,,,,,,,12,,0
6914,21980,78047,Campy Russell,NYK,New York Knicks,0028000900,1981-03-24,NYK vs. BOS,L,0,5,,,0.0,,,2,4,0.5,,,,,,,,,12,,0
6915,21980,78482,Scott Wedman,KCK,Kansas City Kings,0028000907,1981-03-24,KCK @ UTH,W,0,5,,,1.0,,,1,2,0.5,,,,,,,,,12,,0
6916,21980,77167,Vinnie Johnson,SEA,Seattle SuperSonics,0028000899,1981-03-22,SEA @ PHX,L,0,5,,,0.0,,,2,2,1.0,,,,,,,,,12,,0
6917,21980,76252,Junior Bridgeman,MIL,Milwaukee Bucks,0028000898,1981-03-22,MIL @ NJN,W,0,4,,,0.0,,,4,4,1.0,,,,,,,,,12,,0
6918,21980,77848,Roger Phegley,CLE,Cleveland Cavaliers,0028000897,1981-03-22,CLE @ IND,L,0,6,,,0.0,,,0,0,,,,,,,,,,12,,0
6919,21980,77087,Geoff Huston,CLE,Cleveland Cavaliers,0028000897,1981-03-22,CLE @ IND,L,0,5,,,0.0,,,2,2,1.0,,,,,,,,,12,,0
6920,21980,77484,Wes Matthews,ATL,Atlanta Hawks,0028000895,1981-03-22,ATL @ WAS,L,0,4,,,0.0,,,4,7,0.571,,,,,,,,,12,,0
6921,21980,77936,Robert Reid,HOU,Houston Rockets,0028000894,1981-03-22,HOU @ KCK,W,0,6,,,0.0,,,0,0,,,,,,,,,,12,,0
6922,21980,76616,Mike Dunleavy,HOU,Houston Rockets,0028000894,1981-03-22,HOU @ KCK,W,0,4,,,0.0,,,4,4,1.0,,,,,,,,,12,,0
6923,21980,76673,Alex English,DEN,Denver Nuggets,0028000893,1981-03-22,DEN vs. UTH,W,0,5,,,0.0,,,2,2,1.0,,,,,,,,,12,,0
6924,21980,78351,Andrew Toney,PHL,Philadelphia 76ers,0028000892,1981-03-22,PHL vs. BOS,W,0,5,,,0.0,,,2,2,1.0,,,,,,,,,12,,0
6925,21980,77756,Mark Olberding,SAN,San Antonio Spurs,0028000891,1981-03-22,SAN vs. SDC,W,0,5,,,0.0,,,2,6,0.333,,,,,,,,,12,,0
6926,21980,76889,Paul Griffin,SAN,San Antonio Spurs,0028000891,1981-03-22,SAN vs. SDC,W,0,4,,,0.0,,,4,5,0.8,,,,,,,,,12,,0
6927,21980,76392,Jim Chones,LAL,Los Angeles Lakers,0028000889,1981-03-21,LAL @ POR,W,0,6,,,0.0,,,0,0,,,,,,,,,,12,,0
6928,21980,77396,Scott Lloyd,DAL,Dallas Mavericks,0028000887,1981-03-21,DAL vs. UTH,W,0,6,,,0.0,,,0,0,,,,,,,,,,12,,0
6929,21980,78614,Mike Woodson,NYK,New York Knicks,0028000886,1981-03-21,NYK vs. CLE,W,0,3,,,0.0,,,6,6,1.0,,,,,,,,,12,,0
6930,21980,78068,Dewayne Scales,NYK,New York Knicks,0028000886,1981-03-21,NYK vs. CLE,W,0,6,,,0.0,,,0,0,,,,,,,,,,12,,0
6931,21980,76483,Pat Cummings,MIL,Milwaukee Bucks,0028000885,1981-03-20,MIL @ DET,W,0,5,,,0.0,,,2,2,1.0,,,,,,,,,12,,0
6932,21980,76296,Quinn Buckner,MIL,Milwaukee Bucks,0028000885,1981-03-20,MIL @ DET,W,0,6,,,0.0,,,0,0,,,,,,,,,,12,,0
6933,21980,76351,M.L. Carr,BOS,Boston Celtics,0028000884,1981-03-20,BOS vs. WAS,W,0,4,,,0.0,,,4,4,1.0,,,,,,,,,12,,0
6934,21980,78331,Mychal Thompson,POR,Portland Trail Blazers,0028000881,1981-03-20,POR vs. HOU,W,0,6,,,0.0,,,0,0,,,,,,,,,,12,,0
6935,21980,76249,Ron Brewer,SAN,San Antonio Spurs,0028000880,1981-03-20,SAN @ KCK,W,0,4,,,0.0,,,4,4,1.0,,,,,,,,,12,,0
6936,21980,76392,Jim Chones,LAL,Los Angeles Lakers,0028000879,1981-03-20,LAL vs. SEA,W,0,6,,,0.0,,,0,0,,,,,,,,,,12,,0
6937,21980,77175,Caldwell Jones,PHL,Philadelphia 76ers,0028000878,1981-03-20,PHL @ CHI,L,0,4,,,0.0,,,4,5,0.8,,,,,,,,,12,,0
6938,21980,77998,Dave Robisch,DEN,Denver Nuggets,0028000877,1981-03-20,DEN @ DAL,L,0,6,,,0.0,,,0,0,,,,,,,,,,12,,0
6939,21980,76966,Joey Hassett,GOS,Golden State Warriors,0028000876,1981-03-19,GOS @ SDC,L,0,4,,,3.0,,,1,1,1.0,,,,,,,,,12,,0
6940,21980,78139,Purvis Short,GOS,Golden State Warriors,0028000876,1981-03-19,GOS @ SDC,L,0,5,,,0.0,,,2,2,1.0,,,,,,,,,12,,0
6941,21980,77848,Roger Phegley,CLE,Cleveland Cavaliers,0028000874,1981-03-19,CLE vs. CHI,L,0,5,,,0.0,,,2,2,1.0,,,,,,,,6.0,12,,0
6942,21980,76567,Coby Dietrick,CHI,Chicago Bulls,0028000874,1981-03-19,CHI @ CLE,W,0,3,,,0.0,,,6,7,0.857,,,,,,,,,12,,0
6943,21980,77936,Robert Reid,HOU,Houston Rockets,0028000873,1981-03-18,HOU @ GOS,L,0,5,,,0.0,,,2,3,0.667,,,,,,,,,12,,0
6944,21980,77800,Sonny Parker,GOS,Golden State Warriors,0028000873,1981-03-18,GOS vs. HOU,W,0,5,,,0.0,,,2,2,1.0,,,,,,,,,12,,0
6945,21980,77175,Caldwell Jones,PHL,Philadelphia 76ers,0028000872,1981-03-18,PHL vs. IND,W,0,5,,,0.0,,,2,2,1.0,,,,,,,,,12,,0
6946,21980,77873,Ben Poquette,UTH,Utah Jazz,0028000871,1981-03-18,UTH vs. DAL,W,0,5,,,0.0,,,2,2,1.0,,,,,,,,,12,,0
6947,21980,77998,Dave Robisch,DEN,Denver Nuggets,0028000870,1981-03-18,DEN @ KCK,W,0,5,,,0.0,,,2,2,1.0,,,,,,,,,12,,0
6948,21980,77420,Maurice Lucas,NJN,New Jersey Nets,0028000866,1981-03-18,NJN @ DET,L,0,5,,,0.0,,,2,2,1.0,,,,,,,,,12,,0
6949,21980,77876,Kevin Porter,WAS,Washington Bullets,0028000865,1981-03-17,WAS vs. BOS,L,0,4,,,0.0,,,4,5,0.8,,,,,,,,,12,,0
6950,21980,600005,Bob Lanier,MIL,Milwaukee Bucks,0028000863,1981-03-17,MIL @ CHI,L,0,6,,,0.0,,,0,0,,,,,,,,,,12,,0
6951,21980,77246,Larry Kenon,CHI,Chicago Bulls,0028000863,1981-03-17,CHI vs. MIL,W,0,5,,,0.0,,,2,7,0.286,,,,,,,,,12,,0
6952,21980,77944,Kevin Restani,SAN,San Antonio Spurs,0028000862,1981-03-17,SAN vs. UTH,W,0,4,,,0.0,,,4,4,1.0,,,,,,,,,12,,0
6953,21980,77528,Jim McElroy,ATL,Atlanta Hawks,0028000860,1981-03-17,ATL @ CLE,L,0,4,,,0.0,,,4,4,1.0,,,,,,,,,12,,0
6954,21980,76971,Steve Hawes,ATL,Atlanta Hawks,0028000860,1981-03-17,ATL @ CLE,L,0,4,,,0.0,,,4,5,0.8,,,,,,,,,12,,0
6955,21980,77721,Norm Nixon,LAL,Los Angeles Lakers,0028000858,1981-03-17,LAL @ DAL,W,0,5,,,0.0,,,2,3,0.667,,,,,,,,,12,,0
6956,21980,78548,Freeman Williams,SDC,San Diego Clippers,0028000856,1981-03-15,SDC @ LAL,W,0,5,,,1.0,,,1,1,1.0,,,,,,,,,12,,0
6957,21980,77689,Swen Nater,SDC,San Diego Clippers,0028000856,1981-03-15,SDC @ LAL,W,0,5,,,0.0,,,2,2,1.0,,,,,,,,,12,,0
6958,21980,78222,Jim Spanarkel,DAL,Dallas Mavericks,0028000855,1981-03-15,DAL @ POR,L,0,2,,,0.0,,,8,8,1.0,,,,,,,,,12,,0
6959,21980,77691,Calvin Natt,POR,Portland Trail Blazers,0028000855,1981-03-15,POR vs. DAL,W,0,5,,,0.0,,,2,6,0.333,,,,,,,,,12,,0
6960,21980,78310,Reggie Theus,CHI,Chicago Bulls,0028000854,1981-03-15,CHI @ KCK,W,0,3,,,0.0,,,6,6,1.0,,,,,,,,,12,,0
6961,21980,76899,Ernie Grunfeld,KCK,Kansas City Kings,0028000854,1981-03-15,KCK vs. CHI,L,0,5,,,0.0,,,2,2,1.0,,,,,,,,,12,,0
6962,21980,78577,Bill Willoughby,HOU,Houston Rockets,0028000852,1981-03-15,HOU @ DEN,L,0,3,,,0.0,,,6,7,0.857,,,,,,,,,12,,0
6963,21980,77353,Allen Leavell,HOU,Houston Rockets,0028000852,1981-03-15,HOU @ DEN,L,0,4,,,0.0,,,4,4,1.0,,,,,,,,,12,,0
6964,21980,77175,Caldwell Jones,PHL,Philadelphia 76ers,0028000851,1981-03-15,PHL @ NYK,L,0,4,,,0.0,,,4,4,1.0,,,,,,,,,12,,0
6965,21980,76252,Junior Bridgeman,MIL,Milwaukee Bucks,0028000849,1981-03-15,MIL vs. SEA,W,0,6,,,0.0,,,0,0,,,,,,,,,,12,,0
6966,21980,77800,Sonny Parker,GOS,Golden State Warriors,0028000848,1981-03-15,GOS vs. SAN,L,0,5,,,0.0,,,2,2,1.0,,,,,,,,,12,,0
6967,21980,77756,Mark Olberding,SAN,San Antonio Spurs,0028000848,1981-03-15,SAN @ GOS,W,0,5,,,0.0,,,2,2,1.0,,,,,,,,6.0,12,,0
6968,21980,76889,Paul Griffin,SAN,San Antonio Spurs,0028000848,1981-03-15,SAN @ GOS,W,0,5,,,0.0,,,2,2,1.0,,,,,,,,,12,,0
6969,21980,77553,Tom McMillen,ATL,Atlanta Hawks,0028000845,1981-03-14,ATL vs. CLE,L,0,6,,,0.0,,,0,0,,,,,,,,,,12,,0
6970,21980,77152,John Johnson,SEA,Seattle SuperSonics,0028000843,1981-03-13,SEA @ DET,W,0,5,,,0.0,,,2,2,1.0,,,,,,,,,12,,0
6971,21980,78467,Kermit Washington,POR,Portland Trail Blazers,0028000842,1981-03-13,POR @ HOU,L,0,5,,,0.0,,,2,2,1.0,,,,,,,,,12,,0
6972,21980,76771,Mike Gale,POR,Portland Trail Blazers,0028000842,1981-03-13,POR @ HOU,L,0,4,,,0.0,,,4,5,0.8,,,,,,,,,12,,0
6973,21980,78533,James Wilkes,CHI,Chicago Bulls,0028000837,1981-03-13,CHI @ NYK,L,0,5,,,0.0,,,2,4,0.5,,,,,,,,,12,,0
6974,21980,600005,Bob Lanier,MIL,Milwaukee Bucks,0028000836,1981-03-13,MIL vs. PHL,W,0,2,,,0.0,,,8,12,0.667,,,,,,,,,12,,0
6975,21980,76365,Harvey Catchings,MIL,Milwaukee Bucks,0028000835,1981-03-12,MIL vs. DEN,W,0,6,,,0.0,,,0,0,,,,,,,,,,12,,0
6976,21980,77770,Louis Orr,IND,Indiana Pacers,0028000834,1981-03-12,IND @ WAS,W,0,4,,,0.0,,,4,4,1.0,,,,,,,,,12,,0
6977,21980,77126,Abdul Jeelani,DAL,Dallas Mavericks,0028000833,1981-03-12,DAL vs. GOS,W,0,4,,,0.0,,,4,6,0.667,,,,,,,,,12,,0
6978,21980,76353,Joe Barry Carroll,GOS,Golden State Warriors,0028000833,1981-03-12,GOS @ DAL,L,0,2,,,0.0,,,8,9,0.889,,,,,,,,6.0,12,,0
6979,21980,78442,Wally Walker,SEA,Seattle SuperSonics,0028000831,1981-03-11,SEA @ CLE,W,0,4,,,0.0,,,4,4,1.0,,,,,,,,,12,,0
6980,21980,77615,Mike Mitchell,CLE,Cleveland Cavaliers,0028000831,1981-03-11,CLE vs. SEA,L,0,5,,,0.0,,,2,2,1.0,,,,,,,,,12,,0
6981,21980,77936,Robert Reid,HOU,Houston Rockets,0028000828,1981-03-11,HOU vs. GOS,W,0,5,,,0.0,,,2,2,1.0,,,,,,,,,12,,0
6982,21980,76616,Mike Dunleavy,HOU,Houston Rockets,0028000828,1981-03-11,HOU vs. GOS,W,0,5,,,0.0,,,2,2,1.0,,,,,,,,,12,,0
6983,21980,77175,Caldwell Jones,PHL,Philadelphia 76ers,0028000827,1981-03-11,PHL vs. NYK,W,0,6,,,0.0,,,0,0,,,,,,,,,,12,,0
6984,21980,77043,Lionel Hollins,PHL,Philadelphia 76ers,0028000827,1981-03-11,PHL vs. NYK,W,0,6,,,0.0,,,0,0,,,,,,,,,,12,,0
6985,21980,76385,Maurice Cheeks,PHL,Philadelphia 76ers,0028000827,1981-03-11,PHL vs. NYK,W,0,5,,,0.0,,,2,4,0.5,,,,,,,,,12,,0
6986,21980,77984,Rick Robey,BOS,Boston Celtics,0028000826,1981-03-11,BOS vs. MIL,W,0,4,,,0.0,,,4,11,0.364,,,,,,,,,12,,0
6987,21980,77168,Mickey Johnson,MIL,Milwaukee Bucks,0028000826,1981-03-11,MIL @ BOS,L,0,6,,,0.0,,,0,2,0.0,,,,,,,,,12,,0
6988,21980,78000,John Roche,DEN,Denver Nuggets,0028000822,1981-03-10,DEN vs. POR,L,0,4,,,,,,4,5,0.8,,,,,,,,,12,,0
6989,21980,229,James Edwards,IND,Indiana Pacers,0028000825,1981-03-10,IND vs. PHL,L,0,6,,,0.0,,,0,0,,,,,,,,,,12,,0
6990,21980,77163,Reggie Johnson,SAN,San Antonio Spurs,0028000820,1981-03-10,SAN @ LAL,L,0,6,,,0.0,,,0,0,,,,,,,,,,12,,0
6991,21980,76444,Michael Cooper,LAL,Los Angeles Lakers,0028000820,1981-03-10,LAL vs. SAN,W,0,6,,,0.0,,,0,0,,,,,,,,,,12,,0
6992,21980,78600,Brian Winters,MIL,Milwaukee Bucks,0028000819,1981-03-09,MIL vs. CLE,W,0,6,,,0.0,,,0,0,,,,,,,,,,12,,0
6993,21980,77168,Mickey Johnson,MIL,Milwaukee Bucks,0028000819,1981-03-09,MIL vs. CLE,W,0,4,,,0.0,,,4,6,0.667,,,,,,,,,12,,0
6994,21980,77126,Abdul Jeelani,DAL,Dallas Mavericks,0028000818,1981-03-08,DAL @ SAN,L,0,4,,,0.0,,,4,4,1.0,,,,,,,,,12,,0
6995,21980,78310,Reggie Theus,CHI,Chicago Bulls,0028000817,1981-03-08,CHI @ WAS,L,0,5,,,0.0,,,2,3,0.667,,,,,,,,,12,,0
6996,21980,77487,Cedric Maxwell,BOS,Boston Celtics,0028000816,1981-03-08,BOS vs. NYK,W,0,6,,,0.0,,,0,0,,,,,,,,,,12,,0
6997,21980,76362,Bill Cartwright,NYK,New York Knicks,0028000816,1981-03-08,NYK @ BOS,L,0,5,,,0.0,,,2,2,1.0,,,,,,,,,12,,0
6998,21980,1453,Walter Davis,PHX,Phoenix Suns,0028000815,1981-03-08,PHX @ KCK,L,0,6,,,0.0,,,0,0,,,,,,,,,,12,,0
6999,21980,78199,Phil Smith,SDC,San Diego Clippers,0028000814,1981-03-08,SDC @ SEA,W,0,4,,,0.0,,,4,5,0.8,,,,,,,,,12,,0
7000,21980,77167,Vinnie Johnson,SEA,Seattle SuperSonics,0028000814,1981-03-08,SEA vs. SDC,L,0,5,,,0.0,,,2,3,0.667,,,,,,,,,12,,0
7001,21980,78600,Brian Winters,MIL,Milwaukee Bucks,0028000811,1981-03-08,MIL @ PHL,L,0,6,,,0.0,,,0,0,,,,,,,,,,12,,0
7002,21980,77168,Mickey Johnson,MIL,Milwaukee Bucks,0028000811,1981-03-08,MIL @ PHL,L,0,4,,,0.0,,,4,4,1.0,,,,,,,,,12,,0
7003,21980,78623,Larry Wright,DET,Detroit Pistons,0028000810,1981-03-07,DET vs. DEN,L,0,4,,,0.0,,,4,4,1.0,,,,,,,,,12,,0
7004,21980,77996,Wayne Robinson,DET,Detroit Pistons,0028000810,1981-03-07,DET vs. DEN,L,0,6,,,0.0,,,0,0,,,,,,,,,,12,,0
7005,21980,76618,T.R. Dunn,DEN,Denver Nuggets,0028000810,1981-03-07,DEN @ DET,W,0,5,,,0.0,,,2,4,0.5,,,,,,,,,12,,0
7006,21980,78296,Brian Taylor,SDC,San Diego Clippers,0028000808,1981-03-07,SDC @ UTH,L,0,3,,,0.0,,,6,6,1.0,,,,,,,,,12,,0
7007,21980,77873,Ben Poquette,UTH,Utah Jazz,0028000808,1981-03-07,UTH vs. SDC,W,0,5,,,0.0,,,2,3,0.667,,,,,,,,,12,,0
7008,21980,76266,Michael Brooks,SDC,San Diego Clippers,0028000808,1981-03-07,SDC @ UTH,L,0,6,,,0.0,,,0,0,,,,,,,,,6.0,12,,0
7009,21980,77087,Geoff Huston,CLE,Cleveland Cavaliers,0028000805,1981-03-06,CLE @ SDC,L,0,5,,,0.0,,,2,3,0.667,,,,,,,,,12,,0
7010,21980,76266,Michael Brooks,SDC,San Diego Clippers,0028000805,1981-03-06,SDC vs. CLE,W,0,5,,,0.0,,,2,2,1.0,,,,,,,,,12,,0
7011,21980,77024,Armond Hill,SEA,Seattle SuperSonics,0028000804,1981-03-06,SEA vs. SAN,W,0,4,,,0.0,,,4,5,0.8,,,,,,,,,12,,0
7012,21980,78222,Jim Spanarkel,DAL,Dallas Mavericks,0028000803,1981-03-06,DAL @ GOS,L,0,4,,,0.0,,,4,4,1.0,,,,,,,,,12,,0
7013,21980,77997,Bill Robinzine,DAL,Dallas Mavericks,0028000803,1981-03-06,DAL @ GOS,L,0,4,,,0.0,,,4,4,1.0,,,,,,,,,12,,0
7014,21980,76616,Mike Dunleavy,HOU,Houston Rockets,0028000802,1981-03-06,HOU vs. WAS,L,0,6,,,0.0,,,0,1,0.0,,,,,,,,,12,,0
7015,21980,77710,Mike Newlin,NJN,New Jersey Nets,0028000801,1981-03-06,NJN @ ATL,L,0,4,,,0.0,,,4,4,1.0,,,,,,,,,12,,0
7016,21980,77148,George Johnson,IND,Indiana Pacers,0028000800,1981-03-06,IND vs. BOS,W,0,4,,,0.0,,,4,4,1.0,,,,,,,,,12,,0
7017,21980,78614,Mike Woodson,NYK,New York Knicks,0028000799,1981-03-06,NYK vs. MIL,L,0,6,,,0.0,,,0,0,,,,,,,,,,12,,0
7018,21980,77626,Sidney Moncrief,MIL,Milwaukee Bucks,0028000797,1981-03-05,MIL vs. ATL,W,0,4,,,0.0,,,4,5,0.8,,,,,,,,,12,,0
7019,21980,76899,Ernie Grunfeld,KCK,Kansas City Kings,0028000796,1981-03-05,KCK vs. POR,W,0,4,,,0.0,,,4,4,1.0,,,,,,,,,12,,0
7020,21980,77623,Paul Mokeski,DET,Detroit Pistons,0028000795,1981-03-05,DET vs. NYK,L,0,5,,,0.0,,,2,3,0.667,,,,,,,,,12,,0
7021,21980,77715,Carl Nicks,UTH,Utah Jazz,0028000794,1981-03-05,UTH vs. PHX,L,0,6,,,0.0,,,0,0,,,,,,,,,,12,,0
7022,21980,76436,Jeff Cook,PHX,Phoenix Suns,0028000794,1981-03-05,PHX @ UTH,W,0,4,,,0.0,,,4,8,0.5,,,,,,,,,12,,0
7023,21980,77163,Reggie Johnson,SAN,San Antonio Spurs,0028000793,1981-03-04,SAN vs. KCK,L,0,6,,,0.0,,,0,1,0.0,,,,,,,,,12,,0
7024,21980,76899,Ernie Grunfeld,KCK,Kansas City Kings,0028000793,1981-03-04,KCK @ SAN,W,0,5,,,0.0,,,2,3,0.667,,,,,,,,,12,,0
7025,21980,78468,Richard Washington,CLE,Cleveland Cavaliers,0028000791,1981-03-04,CLE @ PHX,L,0,5,,,0.0,,,2,2,1.0,,,,,,,,6.0,12,,0
7026,21980,77984,Rick Robey,BOS,Boston Celtics,0028000789,1981-03-04,BOS @ HOU,W,0,6,,,0.0,,,0,0,,,,,,,,,,12,,0
7027,21980,78149,Jack Sikma,SEA,Seattle SuperSonics,0028000788,1981-03-04,SEA vs. IND,W,0,6,,,0.0,,,0,0,,,,,,,,,,12,,0
7028,21980,77876,Kevin Porter,WAS,Washington Bullets,0028000787,1981-03-04,WAS @ SDC,W,0,6,,,0.0,,,0,1,0.0,,,,,,,,,12,,0
7029,21980,76500,Bob Dandridge,WAS,Washington Bullets,0028000787,1981-03-04,WAS @ SDC,W,0,6,,,0.0,,,0,0,,,,,,,,,,12,,0
7030,21980,76567,Coby Dietrick,CHI,Chicago Bulls,0028000785,1981-03-03,CHI vs. NJN,W,0,6,,,0.0,,,0,0,,,,,,,,,,12,,0
7031,21980,76435,Darwin Cook,NJN,New Jersey Nets,0028000785,1981-03-03,NJN @ CHI,L,0,6,,,0.0,,,0,1,0.0,,,,,,,,,12,,0
7032,21980,76590,Leon Douglas,KCK,Kansas City Kings,0028000784,1981-03-03,KCK vs. LAL,L,0,5,,,0.0,,,2,3,0.667,,,,,,,,,12,,0
7033,21980,77432,Ollie Mack,DAL,Dallas Mavericks,0028000783,1981-03-03,DAL vs. BOS,L,0,6,,,0.0,,,0,0,,,,,,,,,,12,,0
7034,21980,76296,Quinn Buckner,MIL,Milwaukee Bucks,0028000781,1981-03-03,MIL vs. DET,W,0,6,,,0.0,,,0,0,,,,,,,,,,12,,0
7035,21980,78392,Wes Unseld,WAS,Washington Bullets,0028000780,1981-03-03,WAS @ UTH,W,0,6,,,0.0,,,0,0,,,,,,,,,,12,,0
7036,21980,77986,Cliff T. Robinson,NJN,New Jersey Nets,0028000777,1981-03-01,NJN vs. DET,L,0,6,,,0.0,,,0,0,,,,,,,,,6.0,12,,0
7037,21980,77163,Reggie Johnson,SAN,San Antonio Spurs,0028000775,1981-03-01,SAN vs. HOU,W,0,6,,,0.0,,,0,0,,,,,,,,,,12,,0
7038,21980,76686,Mike Evans,MIL,Milwaukee Bucks,0028000774,1981-03-01,MIL vs. WAS,W,0,6,,,0.0,,,0,0,,,,,,,,,,12,,0
7039,21980,76418,Don Collins,WAS,Washington Bullets,0028000774,1981-03-01,WAS @ MIL,L,0,4,,,0.0,,,4,6,0.667,,,,,,,,,12,,0
7040,21980,76296,Quinn Buckner,MIL,Milwaukee Bucks,0028000774,1981-03-01,MIL vs. WAS,W,0,6,,,0.0,,,0,0,,,,,,,,,,12,,0
7041,21980,76252,Junior Bridgeman,MIL,Milwaukee Bucks,0028000774,1981-03-01,MIL vs. WAS,W,0,4,,,0.0,,,4,4,1.0,,,,,,,,,12,,0
7042,21980,78468,Richard Washington,CLE,Cleveland Cavaliers,0028000773,1981-03-01,CLE @ DEN,L,0,6,,,0.0,,,0,0,,,,,,,,,6.0,12,,0
7043,21980,78548,Freeman Williams,SDC,San Diego Clippers,0028000772,1981-03-01,SDC @ DAL,L,0,5,,,0.0,,,2,2,1.0,,,,,,,,,12,,0
7044,21980,78296,Brian Taylor,SDC,San Diego Clippers,0028000772,1981-03-01,SDC @ DAL,L,0,6,,,0.0,,,0,1,0.0,,,,,,,,,12,,0
7045,21980,76944,Bill Hanzlik,SEA,Seattle SuperSonics,0028000771,1981-03-01,SEA @ ATL,L,0,4,,,0.0,,,4,4,1.0,,,,,,,,,12,,0
7046,21980,77786,Tom Owens,POR,Portland Trail Blazers,0028000770,1981-03-01,POR vs. UTH,W,0,4,,,0.0,,,4,4,1.0,,,,,,,,,12,,0
7047,21980,600014,Artis Gilmore,CHI,Chicago Bulls,0028000769,1981-02-28,CHI @ NYK,W,0,5,,,0.0,,,2,2,1.0,,,,,,,,,12,,0
7048,21980,78449,Lloyd Walton,KCK,Kansas City Kings,0028000768,1981-02-28,KCK vs. GOS,L,0,6,,,0.0,,,0,0,,,,,,,,,,12,,0
7049,21980,78195,Larry Smith,GOS,Golden State Warriors,0028000768,1981-02-28,GOS @ KCK,W,0,5,,,0.0,,,2,4,0.5,,,,,,,,,12,,0
7050,21980,76231,Dudley Bradley,IND,Indiana Pacers,0028000765,1981-02-27,IND @ DAL,W,0,6,,,0.0,,,0,0,,,,,,,,,,12,,0
7051,21980,77142,Magic Johnson,LAL,Los Angeles Lakers,0028000764,1981-02-27,LAL vs. NJN,W,0,4,,,0.0,,,4,6,0.667,,,,,,,,,12,,0
7052,21980,76392,Jim Chones,LAL,Los Angeles Lakers,0028000764,1981-02-27,LAL vs. NJN,W,0,5,,,0.0,,,2,2,1.0,,,,,,,,,12,,0
7053,21980,77817,Billy Paultz,HOU,Houston Rockets,0028000763,1981-02-27,HOU vs. SEA,W,0,6,,,0.0,,,0,4,0.0,,,,,,,,,12,,0
7054,21980,76085,James Bailey,SEA,Seattle SuperSonics,0028000763,1981-02-27,SEA @ HOU,L,0,5,,,0.0,,,2,2,1.0,,,,,,,,,12,,0
7055,21980,76436,Jeff Cook,PHX,Phoenix Suns,0028000760,1981-02-27,PHX @ POR,L,0,6,,,0.0,,,0,0,,,,,,,,,,12,,0
7056,21980,77547,Billy McKinney,DEN,Denver Nuggets,0028000758,1981-02-27,DEN vs. GOS,W,0,4,,,0.0,,,4,4,1.0,,,,,,,,,12,,0
7057,21980,76516,Brad Davis,DAL,Dallas Mavericks,0028000756,1981-02-26,DAL @ KCK,L,0,5,,,0.0,,,2,2,1.0,,,,,,,,,12,,0
7058,21980,76616,Mike Dunleavy,HOU,Houston Rockets,0028000755,1981-02-25,HOU vs. IND,W,0,5,,,0.0,,,2,4,0.5,,,,,,,,,12,,0
7059,21980,78570,Sly Williams,NYK,New York Knicks,0028000754,1981-02-25,NYK @ WAS,L,0,4,,,0.0,,,4,6,0.667,,,,,,,,,12,,0
7060,21980,77876,Kevin Porter,WAS,Washington Bullets,0028000754,1981-02-25,WAS vs. NYK,W,0,5,,,0.0,,,2,4,0.5,,,,,,,,,12,,0
7061,21980,76822,Mike Glenn,NYK,New York Knicks,0028000754,1981-02-25,NYK @ WAS,L,0,5,,,0.0,,,2,2,1.0,,,,,,,,,12,,0
7062,21980,76483,Pat Cummings,MIL,Milwaukee Bucks,0028000753,1981-02-25,MIL vs. LAL,W,0,5,,,0.0,,,2,4,0.5,,,,,,,,,12,,0
7063,21980,76444,Michael Cooper,LAL,Los Angeles Lakers,0028000753,1981-02-25,LAL @ MIL,L,0,4,,,0.0,,,4,4,1.0,,,,,,,,,12,,0
7064,21980,76296,Quinn Buckner,MIL,Milwaukee Bucks,0028000753,1981-02-25,MIL vs. LAL,W,0,6,,,0.0,,,0,0,,,,,,,,,,12,,0
7065,21980,77754,Mike O'Koren,NJN,New Jersey Nets,0028000752,1981-02-25,NJN @ UTH,L,0,6,,,0.0,,,0,0,,,,,,,,,,12,,0
7066,21980,76874,Rickey Green,UTH,Utah Jazz,0028000752,1981-02-25,UTH vs. NJN,W,0,5,,,0.0,,,2,2,1.0,,,,,,,,,12,,0
7067,21980,76435,Darwin Cook,NJN,New Jersey Nets,0028000752,1981-02-25,NJN @ UTH,L,0,6,,,0.0,,,0,0,,,,,,,,,,12,,0
7068,21980,77618,Steve Mix,PHL,Philadelphia 76ers,0028000750,1981-02-25,PHL @ SDC,W,0,4,,,0.0,,,4,4,1.0,,,,,,,,,12,,0
7069,21980,76534,Ron Davis,SDC,San Diego Clippers,0028000746,1981-02-24,SDC @ POR,W,0,4,,,1.0,,,3,3,1.0,,,,,,,,,12,,0
7070,21980,76971,Steve Hawes,ATL,Atlanta Hawks,0028000749,1981-02-24,ATL vs. NYK,L,0,5,,,0.0,,,2,5,0.4,,,,,,,,6.0,12,,0
7071,21980,76822,Mike Glenn,NYK,New York Knicks,0028000749,1981-02-24,NYK @ ATL,W,0,3,,,0.0,,,6,6,1.0,,,,,,,,,12,,0
7072,21980,78531,Bob Wilkerson,CHI,Chicago Bulls,0028000748,1981-02-24,CHI vs. LAL,L,0,5,,,0.0,,,2,2,1.0,,,,,,,,,12,,0
7073,21980,78139,Purvis Short,GOS,Golden State Warriors,0028000747,1981-02-24,GOS @ SAN,L,0,4,,,0.0,,,4,6,0.667,,,,,,,,,12,,0
7074,21980,77911,Kelvin Ransey,POR,Portland Trail Blazers,0028000746,1981-02-24,POR vs. SDC,L,0,4,,,0.0,,,4,6,0.667,,,,,,,,,12,,0
7075,21980,76516,Brad Davis,DAL,Dallas Mavericks,0028000745,1981-02-24,DAL vs. SEA,L,0,6,,,0.0,,,0,0,,,,,,,,,,12,,0
7076,21980,78404,Kiki Vandeweghe,DEN,Denver Nuggets,0028000744,1981-02-24,DEN vs. NJN,W,0,4,,,0.0,,,4,4,1.0,,,,,,,,,12,,0
7077,21980,76618,T.R. Dunn,DEN,Denver Nuggets,0028000744,1981-02-24,DEN vs. NJN,W,0,5,,,0.0,,,2,2,1.0,,,,,,,,,12,,0
7078,21980,76874,Rickey Green,UTH,Utah Jazz,0028000743,1981-02-23,UTH vs. HOU,L,0,6,,,0.0,,,0,0,,,,,,,,,6.0,12,,0
7079,21980,76616,Mike Dunleavy,HOU,Houston Rockets,0028000743,1981-02-23,HOU @ UTH,W,0,3,,,0.0,,,6,6,1.0,,,,,,,,,12,,0
7080,21980,77786,Tom Owens,POR,Portland Trail Blazers,0028000742,1981-02-22,POR @ IND,W,0,6,,,0.0,,,0,2,0.0,,,,,,,,,12,,0
7081,21980,76895,Bob Gross,POR,Portland Trail Blazers,0028000742,1981-02-22,POR @ IND,W,0,4,,,0.0,,,4,4,1.0,,,,,,,,,12,,0
7082,21980,77817,Billy Paultz,HOU,Houston Rockets,0028000740,1981-02-22,HOU @ SEA,W,0,6,,,0.0,,,0,0,,,,,,,,,,12,,0
7083,21980,77353,Allen Leavell,HOU,Houston Rockets,0028000740,1981-02-22,HOU @ SEA,W,0,6,,,0.0,,,0,0,,,,,,,,,,12,,0
7084,21980,76444,Michael Cooper,LAL,Los Angeles Lakers,0028000739,1981-02-22,LAL @ NYK,W,0,6,,,0.0,,,0,0,,,,,,,,,,12,,0
7085,21980,78404,Kiki Vandeweghe,DEN,Denver Nuggets,0028000737,1981-02-22,DEN @ SAN,L,0,6,,,0.0,,,0,0,,,,,,,,,,12,,0
7086,21980,76802,Gus Gerard,SAN,San Antonio Spurs,0028000737,1981-02-22,SAN vs. DEN,W,0,6,,,0.0,,,0,0,,,,,,,,,,12,,0
7087,21980,76453,Dave Corzine,SAN,San Antonio Spurs,0028000737,1981-02-22,SAN vs. DEN,W,0,5,,,0.0,,,2,4,0.5,,,,,,,,,12,,0
7088,21980,77126,Abdul Jeelani,DAL,Dallas Mavericks,0028000733,1981-02-22,DAL @ NJN,W,0,4,,,0.0,,,4,4,1.0,,,,,,,,,12,,0
7089,21980,77984,Rick Robey,BOS,Boston Celtics,0028000731,1981-02-21,BOS @ DET,W,0,6,,,0.0,,,0,1,0.0,,,,,,,,,12,,0
7090,21980,76733,Chris Ford,BOS,Boston Celtics,0028000731,1981-02-21,BOS @ DET,W,0,5,,,0.0,,,2,2,1.0,,,,,,,,,12,,0
7091,21980,305,Robert Parish,BOS,Boston Celtics,0028000731,1981-02-21,BOS @ DET,W,0,6,,,0.0,,,0,0,,,,,,,,,,12,,0
7092,21980,78600,Brian Winters,MIL,Milwaukee Bucks,0028000728,1981-02-20,MIL @ KCK,L,0,6,,,0.0,,,0,0,,,,,,,,,,12,,0
7093,21980,77273,Reggie King,KCK,Kansas City Kings,0028000728,1981-02-20,KCK vs. MIL,W,0,3,,,0.0,,,6,8,0.75,,,,,,,,,12,,0
7094,21980,77160,Marques Johnson,MIL,Milwaukee Bucks,0028000728,1981-02-20,MIL @ KCK,L,0,5,,,0.0,,,2,4,0.5,,,,,,,,,12,,0
7095,21980,77152,John Johnson,SEA,Seattle SuperSonics,0028000726,1981-02-20,SEA vs. PHX,W,0,3,,,0.0,,,6,7,0.857,,,,,,,,,12,,0
7096,21980,77022,Johnny High,PHX,Phoenix Suns,0028000726,1981-02-20,PHX @ SEA,L,0,3,,,0.0,,,6,6,1.0,,,,,,,,,12,,0
7097,21980,76095,Mike Bantom,IND,Indiana Pacers,0028000725,1981-02-20,IND vs. SAN,W,0,4,,,0.0,,,4,5,0.8,,,,,,,,,12,,0
7098,21980,229,James Edwards,IND,Indiana Pacers,0028000725,1981-02-20,IND vs. SAN,W,0,5,,,0.0,,,2,4,0.5,,,,,,,,,12,,0
7099,21980,76881,David Greenwood,CHI,Chicago Bulls,0028000724,1981-02-20,CHI @ UTH,W,0,4,,,0.0,,,4,6,0.667,,,,,,,,,12,,0
7100,21980,78222,Jim Spanarkel,DAL,Dallas Mavericks,0028000722,1981-02-20,DAL @ PHL,L,0,5,,,0.0,,,2,3,0.667,,,,,,,,,12,,0
7101,21980,77043,Lionel Hollins,PHL,Philadelphia 76ers,0028000722,1981-02-20,PHL vs. DAL,W,0,5,,,0.0,,,2,2,1.0,,,,,,,,,12,,0
7102,21980,78614,Mike Woodson,NYK,New York Knicks,0028000721,1981-02-20,NYK vs. WAS,W,0,4,,,0.0,,,4,4,1.0,,,,,,,,,12,,0
7103,21980,78570,Sly Williams,NYK,New York Knicks,0028000721,1981-02-20,NYK vs. WAS,W,0,6,,,0.0,,,0,2,0.0,,,,,,,,,12,,0
7104,21980,76249,Ron Brewer,SAN,San Antonio Spurs,0028000720,1981-02-19,SAN @ CLE,L,0,6,,,0.0,,,0,0,,,,,,,,,,12,,0
7105,21980,76266,Michael Brooks,SDC,San Diego Clippers,0028000717,1981-02-19,SDC vs. HOU,W,0,5,,,0.0,,,2,2,1.0,,,,,,,,,12,,0
7106,21980,78296,Brian Taylor,SDC,San Diego Clippers,0028000717,1981-02-19,SDC vs. HOU,W,0,5,,,2.0,,,0,0,,,,,,,,,,12,,0
7107,21980,77623,Paul Mokeski,DET,Detroit Pistons,0028000715,1981-02-18,DET @ PHL,L,0,5,,,0.0,,,2,3,0.667,,,,,,,,,12,,0
7108,21980,77193,Bobby Jones,PHL,Philadelphia 76ers,0028000715,1981-02-18,PHL vs. DET,W,0,6,,,0.0,,,0,0,,,,,,,,,,12,,0
7109,21980,78047,Campy Russell,NYK,New York Knicks,0028000713,1981-02-18,NYK @ SEA,W,0,6,,,0.0,,,0,0,,,,,,,,,,12,,0
7110,21980,76822,Mike Glenn,NYK,New York Knicks,0028000713,1981-02-18,NYK @ SEA,W,0,5,,,0.0,,,2,2,1.0,,,,,,,,,12,,0
7111,21980,76583,James Donaldson,SEA,Seattle SuperSonics,0028000713,1981-02-18,SEA vs. NYK,L,0,5,,,0.0,,,2,2,1.0,,,,,,,,,12,,0
7112,21980,77326,Sam Lacey,KCK,Kansas City Kings,0028000712,1981-02-18,KCK vs. BOS,W,0,6,,,0.0,,,0,1,0.0,,,,,,,,,12,,0
7113,21980,76590,Leon Douglas,KCK,Kansas City Kings,0028000712,1981-02-18,KCK vs. BOS,W,0,5,,,0.0,,,2,3,0.667,,,,,,,,,12,,0
7114,21980,77770,Louis Orr,IND,Indiana Pacers,0028000711,1981-02-18,IND vs. ATL,L,0,4,,,0.0,,,4,4,1.0,,,,,,,,,12,,0
7115,21980,78310,Reggie Theus,CHI,Chicago Bulls,0028000708,1981-02-17,CHI @ SDC,L,0,4,,,1.0,,,3,3,1.0,,,,,,,,,12,,0
7116,21980,76362,Bill Cartwright,NYK,New York Knicks,0028000710,1981-02-17,NYK @ LAL,L,0,4,,,0.0,,,4,5,0.8,,,,,,,,,12,,0
7117,21980,76257,Allan Bristow,UTH,Utah Jazz,0028000709,1981-02-17,UTH vs. SEA,L,0,5,,,0.0,,,2,2,1.0,,,,,,,,,12,,0
7118,21980,76881,David Greenwood,CHI,Chicago Bulls,0028000708,1981-02-17,CHI @ SDC,L,0,4,,,0.0,,,4,4,1.0,,,,,,,,,12,,0
7119,21980,76091,Greg Ballard,WAS,Washington Bullets,0028000707,1981-02-17,WAS vs. POR,L,0,5,,,0.0,,,2,4,0.5,,,,,,,,,12,,0
7120,21980,76733,Chris Ford,BOS,Boston Celtics,0028000704,1981-02-17,BOS @ SAN,W,0,4,,,1.0,,,3,3,1.0,,,,,,,,,12,,0
7121,21980,76317,Don Buse,IND,Indiana Pacers,0028000697,1981-02-15,IND vs. CHI,W,0,4,,,2.0,,,2,3,0.667,,,,,,,,,12,,0
7122,21980,77420,Maurice Lucas,NJN,New Jersey Nets,0028000702,1981-02-15,NJN vs. GOS,W,0,4,,,0.0,,,4,4,1.0,,,,,,,,,12,,0
7123,21980,78222,Jim Spanarkel,DAL,Dallas Mavericks,0028000701,1981-02-15,DAL @ LAL,L,0,4,,,0.0,,,4,5,0.8,,,,,,,,,12,,0
7124,21980,78149,Jack Sikma,SEA,Seattle SuperSonics,0028000700,1981-02-15,SEA @ KCK,L,0,6,,,0.0,,,0,0,,,,,,,,,6.0,12,,0
7125,21980,77167,Vinnie Johnson,SEA,Seattle SuperSonics,0028000700,1981-02-15,SEA @ KCK,L,0,5,,,0.0,,,2,2,1.0,,,,,,,,,12,,0
7126,21980,76085,James Bailey,SEA,Seattle SuperSonics,0028000700,1981-02-15,SEA @ KCK,L,0,3,,,0.0,,,6,8,0.75,,,,,,,,,12,,0
7127,21980,78331,Mychal Thompson,POR,Portland Trail Blazers,0028000699,1981-02-15,POR vs. UTH,W,0,3,,,0.0,,,6,8,0.75,,,,,,,,,12,,0
7128,21980,600005,Bob Lanier,MIL,Milwaukee Bucks,0028000698,1981-02-15,MIL @ SAN,L,0,4,,,0.0,,,4,4,1.0,,,,,,,,,12,,0
7129,21980,76453,Dave Corzine,SAN,San Antonio Spurs,0028000698,1981-02-15,SAN vs. MIL,W,0,5,,,0.0,,,2,2,1.0,,,,,,,,,12,,0
7130,21980,76249,Ron Brewer,SAN,San Antonio Spurs,0028000698,1981-02-15,SAN vs. MIL,W,0,6,,,0.0,,,0,0,,,,,,,,,,12,,0
7131,21980,78531,Bob Wilkerson,CHI,Chicago Bulls,0028000697,1981-02-15,CHI @ IND,L,0,4,,,0.0,,,4,4,1.0,,,,,,,,,12,,0
7132,21980,77290,Billy Knight,IND,Indiana Pacers,0028000697,1981-02-15,IND vs. CHI,W,0,5,,,0.0,,,2,2,1.0,,,,,,,,,12,,0
7133,21980,76822,Mike Glenn,NYK,New York Knicks,0028000695,1981-02-15,NYK @ PHX,W,0,4,,,0.0,,,4,4,1.0,,,,,,,,,12,,0
7134,21980,77950,Clint Richardson,PHL,Philadelphia 76ers,0028000694,1981-02-15,PHL vs. ATL,W,0,5,,,0.0,,,2,3,0.667,,,,,,,,,12,,0
7135,21980,77484,Wes Matthews,ATL,Atlanta Hawks,0028000694,1981-02-15,ATL @ PHL,L,0,4,,,0.0,,,4,4,1.0,,,,,,,,,12,,0
7136,21980,76520,Monti Davis,DAL,Dallas Mavericks,0028000692,1981-02-14,DAL vs. SAN,L,0,3,,,,,,6,8,0.75,,,,,,,,,12,,0
7137,21980,78531,Bob Wilkerson,CHI,Chicago Bulls,0028000693,1981-02-14,CHI vs. SEA,W,0,6,,,0.0,,,0,0,,,,,,,,,,12,,0
7138,21980,76567,Coby Dietrick,CHI,Chicago Bulls,0028000693,1981-02-14,CHI vs. SEA,W,0,5,,,0.0,,,2,4,0.5,,,,,,,,,12,,0
7139,21980,77163,Reggie Johnson,SAN,San Antonio Spurs,0028000692,1981-02-14,SAN @ DAL,W,0,4,,,0.0,,,4,5,0.8,,,,,,,,,12,,0
7140,21980,77786,Tom Owens,POR,Portland Trail Blazers,0028000688,1981-02-13,POR @ DEN,L,0,4,,,0.0,,,4,6,0.667,,,,,,,,,12,,0
7141,21980,76771,Mike Gale,POR,Portland Trail Blazers,0028000688,1981-02-13,POR @ DEN,L,0,6,,,0.0,,,0,0,,,,,,,,,,12,,0
7142,21980,78199,Phil Smith,SDC,San Diego Clippers,0028000687,1981-02-13,SDC @ PHX,L,0,5,,,0.0,,,2,2,1.0,,,,,,,,,12,,0
7143,21980,78195,Larry Smith,GOS,Golden State Warriors,0028000686,1981-02-13,GOS @ MIL,W,0,5,,,0.0,,,2,2,1.0,,,,,,,,,12,,0
7144,21980,78577,Bill Willoughby,HOU,Houston Rockets,0028000685,1981-02-13,HOU vs. LAL,L,0,6,,,0.0,,,0,0,,,,,,,,,,12,,0
7145,21980,77669,Calvin Murphy,HOU,Houston Rockets,0028000685,1981-02-13,HOU vs. LAL,L,0,6,,,0.0,,,0,0,,,,,,,,,,12,,0
7146,21980,77770,Louis Orr,IND,Indiana Pacers,0028000683,1981-02-13,IND @ NJN,L,0,3,,,0.0,,,6,6,1.0,,,,,,,,,12,,0
7147,21980,77710,Mike Newlin,NJN,New Jersey Nets,0028000683,1981-02-13,NJN vs. IND,W,0,4,,,0.0,,,4,4,1.0,,,,,,,,,12,,0
7148,21980,76095,Mike Bantom,IND,Indiana Pacers,0028000683,1981-02-13,IND @ NJN,L,0,4,,,0.0,,,4,4,1.0,,,,,,,,,12,,0
7149,21980,77553,Tom McMillen,ATL,Atlanta Hawks,0028000682,1981-02-13,ATL @ KCK,L,0,5,,,0.0,,,2,2,1.0,,,,,,,,,12,,0
7150,21980,78047,Campy Russell,NYK,New York Knicks,0028000681,1981-02-13,NYK vs. DET,W,0,6,,,0.0,,,0,0,,,,,,,,,,12,,0
7151,21980,1381,John Long,DET,Detroit Pistons,0028000681,1981-02-13,DET @ NYK,L,0,6,,,0.0,,,0,0,,,,,,,,,,12,,0
7152,21980,77043,Lionel Hollins,PHL,Philadelphia 76ers,0028000680,1981-02-13,PHL vs. WAS,L,0,6,,,0.0,,,0,1,0.0,,,,,,,,,12,,0
7153,21980,76121,Billyray Bates,POR,Portland Trail Blazers,0028000678,1981-02-12,POR vs. SEA,L,0,6,,,0.0,,,0,1,0.0,,,,,,,,,12,,0
7154,21980,78481,Marvin Webster,NYK,New York Knicks,0028000677,1981-02-12,NYK @ CLE,W,0,5,,,0.0,,,2,4,0.5,,,,,,,,,12,,0
7155,21980,76881,David Greenwood,CHI,Chicago Bulls,0028000674,1981-02-11,CHI @ NJN,L,0,3,,,0.0,,,6,7,0.857,,,,,,,,,12,,0
7156,21980,78527,Michael Wiley,SAN,San Antonio Spurs,0028000673,1981-02-11,SAN @ HOU,L,0,5,,,0.0,,,2,2,1.0,,,,,,,,,12,,0
7157,21980,77353,Allen Leavell,HOU,Houston Rockets,0028000673,1981-02-11,HOU vs. SAN,W,0,6,,,0.0,,,0,0,,,,,,,,,,12,,0
7158,21980,77168,Mickey Johnson,MIL,Milwaukee Bucks,0028000671,1981-02-11,MIL @ IND,W,0,3,,,0.0,,,6,6,1.0,,,,,,,,,12,,0
7159,21980,77205,Eddie Jordan,LAL,Los Angeles Lakers,0028000670,1981-02-11,LAL vs. BOS,L,0,6,,,0.0,,,0,0,,,,,,,,,,12,,0
7160,21980,76899,Ernie Grunfeld,KCK,Kansas City Kings,0028000669,1981-02-10,KCK @ CHI,L,0,5,,,0.0,,,2,2,1.0,,,,,,,,,12,,0
7161,21980,78296,Brian Taylor,SDC,San Diego Clippers,0028000668,1981-02-10,SDC vs. PHX,L,0,6,,,0.0,,,0,0,,,,,,,,,,12,,0
7162,21980,76599,Larry Drew,DET,Detroit Pistons,0028000667,1981-02-10,DET @ DAL,W,0,4,,,0.0,,,4,5,0.8,,,,,,,,,12,,0
7163,21980,76673,Alex English,DEN,Denver Nuggets,0028000666,1981-02-10,DEN vs. WAS,L,0,4,,,0.0,,,4,4,1.0,,,,,,,,,12,,0
7164,21980,76418,Don Collins,WAS,Washington Bullets,0028000666,1981-02-10,WAS @ DEN,W,0,6,,,0.0,,,0,0,,,,,,,,,,12,,0
7165,21980,78195,Larry Smith,GOS,Golden State Warriors,0028000664,1981-02-10,GOS @ ATL,L,0,4,,,0.0,,,4,6,0.667,,,,,,,,,12,,0
7166,21980,76971,Steve Hawes,ATL,Atlanta Hawks,0028000664,1981-02-10,ATL vs. GOS,W,0,4,,,0.0,,,4,4,1.0,,,,,,,,,12,,0
7167,21980,78199,Phil Smith,SDC,San Diego Clippers,0028000662,1981-02-08,SDC @ BOS,L,0,4,,,0.0,,,4,4,1.0,,,,,,,,,12,,0
7168,21980,76608,Terry Duerod,BOS,Boston Celtics,0028000662,1981-02-08,BOS vs. SDC,W,0,5,,,0.0,,,2,2,1.0,,,,,,,,,12,,0
7169,21980,600005,Bob Lanier,MIL,Milwaukee Bucks,0028000660,1981-02-08,MIL vs. CHI,W,0,4,,,0.0,,,4,5,0.8,,,,,,,,,12,,0
7170,21980,78500,Paul Westphal,SEA,Seattle SuperSonics,0028000659,1981-02-08,SEA vs. DEN,W,0,1,,,0.0,,,10,10,1.0,,,,,,,,,12,,0
7171,21980,77432,Ollie Mack,DAL,Dallas Mavericks,0028000656,1981-02-08,DAL @ SAN,L,0,6,,,0.0,,,0,0,,,,,,,,,,12,,0
7172,21980,78351,Andrew Toney,PHL,Philadelphia 76ers,0028000655,1981-02-08,PHL vs. LAL,W,0,6,,,0.0,,,0,0,,,,,,,,,,12,,0
7173,21980,77175,Caldwell Jones,PHL,Philadelphia 76ers,0028000655,1981-02-08,PHL vs. LAL,W,0,5,,,0.0,,,2,2,1.0,,,,,,,,,12,,0
7174,21980,76979,Elvin Hayes,WAS,Washington Bullets,0028000654,1981-02-08,WAS @ PHX,L,0,6,,,0.0,,,0,0,,,,,,,,,,12,,0
7175,21980,78600,Brian Winters,MIL,Milwaukee Bucks,0028000660,1981-02-08,MIL vs. CHI,W,0,5,,,1.0,,,1,1,1.0,,,,,,,,,12,,0
7176,21980,77136,Clemon Johnson,IND,Indiana Pacers,0028000652,1981-02-07,IND vs. CLE,W,0,5,,,0.0,,,2,4,0.5,,,,,,,,,12,,0
7177,21980,77353,Allen Leavell,HOU,Houston Rockets,0028000651,1981-02-07,HOU vs. ATL,W,0,3,,,0.0,,,6,6,1.0,,,,,,,,,12,,0
7178,21980,78570,Sly Williams,NYK,New York Knicks,0028000650,1981-02-07,NYK vs. NJN,W,0,5,,,0.0,,,2,5,0.4,,,,,,,,,12,,0
7179,21980,78195,Larry Smith,GOS,Golden State Warriors,0028000649,1981-02-07,GOS @ DEN,L,0,5,,,0.0,,,2,2,1.0,,,,,,,,,12,,0
7180,21980,77010,Keith Herron,DET,Detroit Pistons,0028000648,1981-02-07,DET @ CHI,L,0,4,,,0.0,,,4,4,1.0,,,,,,,,,12,,0
7181,21980,76881,David Greenwood,CHI,Chicago Bulls,0028000648,1981-02-07,CHI vs. DET,W,0,4,,,0.0,,,4,5,0.8,,,,,,,,,12,,0
7182,21980,77998,Dave Robisch,DEN,Denver Nuggets,0028000647,1981-02-06,DEN @ UTH,W,0,3,,,0.0,,,6,6,1.0,,,,,,,,,12,,0
7183,21980,77547,Billy McKinney,DEN,Denver Nuggets,0028000647,1981-02-06,DEN @ UTH,W,0,4,,,0.0,,,4,4,1.0,,,,,,,,,12,,0
7184,21980,77149,George Johnson,SAN,San Antonio Spurs,0028000644,1981-02-06,SAN vs. POR,W,0,5,,,0.0,,,2,5,0.4,,,,,,,,,12,,0
7185,21980,76771,Mike Gale,POR,Portland Trail Blazers,0028000644,1981-02-06,POR @ SAN,L,0,5,,,0.0,,,2,2,1.0,,,,,,,,,12,,0
7186,21980,1453,Walter Davis,PHX,Phoenix Suns,0028000642,1981-02-06,PHX vs. HOU,W,0,5,,,0.0,,,2,2,1.0,,,,,,,,,12,,0
7187,21980,78195,Larry Smith,GOS,Golden State Warriors,0028000639,1981-02-06,GOS vs. WAS,L,0,5,,,0.0,,,2,5,0.4,,,,,,,,6.0,12,,0
7188,21980,78482,Scott Wedman,KCK,Kansas City Kings,0028000638,1981-02-06,KCK @ SEA,W,0,4,,,0.0,,,4,5,0.8,,,,,,,,,12,,0
7189,21980,76272,Fred Brown,SEA,Seattle SuperSonics,0028000638,1981-02-06,SEA vs. KCK,L,0,4,,,0.0,,,4,5,0.8,,,,,,,,,12,,0
7190,21980,1450,Kevin McHale,BOS,Boston Celtics,0028000636,1981-02-05,BOS @ MIL,L,0,6,,,0.0,,,0,0,,,,,,,,,,12,,0
7191,21980,77264,Bernard King,GOS,Golden State Warriors,0028000635,1981-02-04,GOS vs. POR,W,0,6,,,0.0,,,0,0,,,,,,,,,,12,,0
7192,21980,77326,Sam Lacey,KCK,Kansas City Kings,0028000633,1981-02-04,KCK vs. DET,W,0,6,,,0.0,,,0,0,,,,,,,,,,12,,0
7193,21980,77873,Ben Poquette,UTH,Utah Jazz,0028000630,1981-02-04,UTH @ PHX,L,0,4,,,0.0,,,4,4,1.0,,,,,,,,,12,,0
7194,21980,77438,Kyle Macy,PHX,Phoenix Suns,0028000630,1981-02-04,PHX vs. UTH,W,0,6,,,0.0,,,0,0,,,,,,,,,,12,,0
7195,21980,77141,Dennis Johnson,PHX,Phoenix Suns,0028000630,1981-02-04,PHX vs. UTH,W,0,4,,,0.0,,,4,6,0.667,,,,,,,,,12,,0
7196,21980,76890,Darrell Griffith,UTH,Utah Jazz,0028000630,1981-02-04,UTH @ PHX,L,0,6,,,0.0,,,0,0,,,,,,,,,,12,,0
7197,21980,78351,Andrew Toney,PHL,Philadelphia 76ers,0028000629,1981-02-04,PHL vs. BOS,W,0,4,,,0.0,,,4,6,0.667,,,,,,,,6.0,12,,0
7198,21980,78149,Jack Sikma,SEA,Seattle SuperSonics,0028000628,1981-02-04,SEA vs. WAS,W,0,4,,,0.0,,,4,4,1.0,,,,,,,,,12,,0
7199,21980,76348,Austin Carr,WAS,Washington Bullets,0028000628,1981-02-04,WAS @ SEA,L,0,6,,,0.0,,,0,0,,,,,,,,,,12,,0
7200,21980,77998,Dave Robisch,DEN,Denver Nuggets,0028000626,1981-02-04,DEN vs. SAN,L,0,6,,,0.0,,,0,0,,,,,,,,,,12,,0
7201,21980,76249,Ron Brewer,SAN,San Antonio Spurs,0028000626,1981-02-04,SAN @ DEN,W,0,5,,,0.0,,,2,2,1.0,,,,,,,,,12,,0
7202,21980,77756,Mark Olberding,SAN,San Antonio Spurs,0028000625,1981-02-03,SAN vs. DET,W,0,6,,,0.0,,,0,0,,,,,,,,,,12,,0
7203,21980,77010,Keith Herron,DET,Detroit Pistons,0028000625,1981-02-03,DET @ SAN,L,0,6,,,0.0,,,0,0,,,,,,,,,,12,,0
7204,21980,77819,Jim Paxson,POR,Portland Trail Blazers,0028000624,1981-02-03,POR vs. WAS,W,0,6,,,0.0,,,0,0,,,,,,,,,,12,,0
7205,21980,77056,Cedrick Hordges,DEN,Denver Nuggets,0028000622,1981-02-03,DEN @ HOU,L,0,4,,,0.0,,,4,5,0.8,,,,,,,,,12,,0
7206,21980,76899,Ernie Grunfeld,KCK,Kansas City Kings,0028000621,1981-02-03,KCK @ DAL,W,0,6,,,0.0,,,0,2,0.0,,,,,,,,,12,,0
7207,21980,77689,Swen Nater,SDC,San Diego Clippers,0028000619,1981-02-03,SDC @ NYK,L,0,4,,,0.0,,,4,4,1.0,,,,,,,,,12,,0
7208,21980,78467,Kermit Washington,POR,Portland Trail Blazers,0028000617,1981-01-29,POR @ SDC,W,0,5,,,0.0,,,2,4,0.5,,,,,,,,,12,,0
7209,21980,76290,Joe Bryant,SDC,San Diego Clippers,0028000617,1981-01-29,SDC vs. POR,L,0,6,,,0.0,,,0,0,,,,,,,,,,12,,0
7210,21980,78531,Bob Wilkerson,CHI,Chicago Bulls,0028000616,1981-01-29,CHI vs. BOS,W,0,6,,,0.0,,,0,0,,,,,,,,,,12,,0
7211,21980,78215,Ricky Sobers,CHI,Chicago Bulls,0028000616,1981-01-29,CHI vs. BOS,W,0,4,,,0.0,,,4,4,1.0,,,,,,,,,12,,0
7212,21980,77246,Larry Kenon,CHI,Chicago Bulls,0028000616,1981-01-29,CHI vs. BOS,W,0,5,,,0.0,,,2,2,1.0,,,,,,,,,12,,0
7213,21980,77547,Billy McKinney,DEN,Denver Nuggets,0028000614,1981-01-29,DEN vs. MIL,W,0,6,,,0.0,,,0,0,,,,,,,,,,12,,0
7214,21980,77021,Kenny Higgs,DEN,Denver Nuggets,0028000614,1981-01-29,DEN vs. MIL,W,0,5,,,0.0,,,2,3,0.667,,,,,,,,,12,,0
7215,21980,76483,Pat Cummings,MIL,Milwaukee Bucks,0028000614,1981-01-29,MIL @ DEN,L,0,4,,,0.0,,,4,4,1.0,,,,,,,,,12,,0
7216,21980,76899,Ernie Grunfeld,KCK,Kansas City Kings,0028000613,1981-01-29,KCK @ LAL,L,0,6,,,0.0,,,0,0,,,,,,,,,,12,,0
7217,21980,77189,Major Jones,HOU,Houston Rockets,0028000610,1981-01-29,HOU @ UTH,L,0,5,,,0.0,,,2,2,1.0,,,,,,,,,12,,0
7218,21980,76616,Mike Dunleavy,HOU,Houston Rockets,0028000610,1981-01-29,HOU @ UTH,L,0,5,,,0.0,,,2,2,1.0,,,,,,,,,12,,0
7219,21980,77669,Calvin Murphy,HOU,Houston Rockets,0028000610,1981-01-29,HOU @ UTH,L,0,4,,,1.0,,,3,3,1.0,,,,,,,,,12,,0
7220,21980,76252,Junior Bridgeman,MIL,Milwaukee Bucks,0028000609,1981-01-28,MIL @ SEA,W,0,4,,,0.0,,,4,4,1.0,,,,,,,,,12,,0
7221,21980,76085,James Bailey,SEA,Seattle SuperSonics,0028000609,1981-01-28,SEA vs. MIL,L,0,6,,,0.0,,,0,0,,,,,,,,,,12,,0
7222,21980,76881,David Greenwood,CHI,Chicago Bulls,0028000604,1981-01-27,CHI vs. GOS,W,0,5,,,0.0,,,2,2,1.0,,,,,,,,,12,,0
7223,21980,76290,Joe Bryant,SDC,San Diego Clippers,0028000602,1981-01-27,SDC vs. KCK,W,0,5,,,0.0,,,2,2,1.0,,,,,,,,,12,,0
7224,21980,77484,Wes Matthews,ATL,Atlanta Hawks,0028000601,1981-01-27,ATL vs. WAS,L,0,6,,,0.0,,,0,0,,,,,,,,,,12,,0
7225,21980,77136,Clemon Johnson,IND,Indiana Pacers,0028000600,1981-01-27,IND @ CLE,L,0,5,,,0.0,,,2,3,0.667,,,,,,,,,12,,0
7226,21980,77547,Billy McKinney,DEN,Denver Nuggets,0028000599,1981-01-27,DEN vs. DET,W,0,4,,,0.0,,,4,4,1.0,,,,,,,,,12,,0
7227,21980,76826,Mike Gminski,NJN,New Jersey Nets,0028000597,1981-01-27,NJN @ DAL,W,0,5,,,0.0,,,2,2,1.0,,,,,,,,,12,,0
7228,21980,77334,Mark Landsberger,LAL,Los Angeles Lakers,0028000596,1981-01-26,LAL vs. POR,W,0,6,,,0.0,,,0,2,0.0,,,,,,,,,12,,0
7229,21980,76444,Michael Cooper,LAL,Los Angeles Lakers,0028000596,1981-01-26,LAL vs. POR,W,0,5,,,0.0,,,2,2,1.0,,,,,,,,,12,,0
7230,21980,77873,Ben Poquette,UTH,Utah Jazz,0028000594,1981-01-26,UTH vs. DET,W,0,5,,,0.0,,,2,2,1.0,,,,,,,,,12,,0
7231,21980,77952,Micheal Ray Richardson,NYK,New York Knicks,0028000595,1981-01-26,NYK vs. PHX,L,0,5,,,2.0,,,0,0,,,,,,,,,,12,,0
7232,21980,77786,Tom Owens,POR,Portland Trail Blazers,0028000592,1981-01-25,POR vs. SAN,W,0,3,,,0.0,,,6,7,0.857,,,,,,,,6.0,12,,0
7233,21980,77754,Mike O'Koren,NJN,New Jersey Nets,0028000591,1981-01-25,NJN vs. WAS,L,0,6,,,0.0,,,0,0,,,,,,,,,,12,,0
7234,21980,77162,Ollie Johnson,PHL,Philadelphia 76ers,0028000590,1981-01-25,PHL vs. PHX,W,0,6,,,0.0,,,0,0,,,,,,,,,,12,,0
7235,21980,77022,Johnny High,PHX,Phoenix Suns,0028000590,1981-01-25,PHX @ PHL,L,0,6,,,0.0,,,0,0,,,,,,,,,,12,,0
7236,21980,76539,Darryl Dawkins,PHL,Philadelphia 76ers,0028000590,1981-01-25,PHL vs. PHX,W,0,5,,,0.0,,,2,3,0.667,,,,,,,,,12,,0
7237,21980,76436,Jeff Cook,PHX,Phoenix Suns,0028000590,1981-01-25,PHX @ PHL,L,0,5,,,0.0,,,2,2,1.0,,,,,,,,,12,,0
7238,21980,77817,Billy Paultz,HOU,Houston Rockets,0028000589,1981-01-24,HOU vs. UTH,W,0,5,,,0.0,,,2,2,1.0,,,,,,,,,12,,0
7239,21980,600005,Bob Lanier,MIL,Milwaukee Bucks,0028000588,1981-01-24,MIL @ SDC,W,0,5,,,0.0,,,2,2,1.0,,,,,,,,,12,,0
7240,21980,77087,Geoff Huston,DAL,Dallas Mavericks,0028000586,1981-01-24,DAL @ IND,L,0,6,,,0.0,,,0,0,,,,,,,,,,12,,0
7241,21980,78215,Ricky Sobers,CHI,Chicago Bulls,0028000584,1981-01-24,CHI @ ATL,W,0,4,,,0.0,,,4,4,1.0,,,,,,,,,12,,0
7242,21980,77944,Kevin Restani,SAN,San Antonio Spurs,0028000583,1981-01-24,SAN @ DEN,L,0,5,,,0.0,,,2,4,0.5,,,,,,,,,12,,0
7243,21980,76242,Mike Bratz,CLE,Cleveland Cavaliers,0028000587,1981-01-24,CLE @ DET,L,0,5,,,2.0,,,0,0,,,,,,,,,,12,,0
7244,21980,76231,Dudley Bradley,IND,Indiana Pacers,0028000575,1981-01-23,IND @ BOS,L,0,4,,,0.0,,,4,7,0.571,,,,,,,,,12,,0
7245,21980,78222,Jim Spanarkel,DAL,Dallas Mavericks,0028000582,1981-01-23,DAL @ CHI,L,0,4,,,0.0,,,4,5,0.8,,,,,,,,,12,,0
7246,21980,78057,Frankie Sanders,KCK,Kansas City Kings,0028000576,1981-01-23,KCK vs. HOU,W,0,3,,,0.0,,,6,6,1.0,,,,,,,,,12,,0
7247,21980,77817,Billy Paultz,HOU,Houston Rockets,0028000576,1981-01-23,HOU @ KCK,L,0,6,,,0.0,,,0,2,0.0,,,,,,,,,12,,0
7248,21980,76899,Ernie Grunfeld,KCK,Kansas City Kings,0028000576,1981-01-23,KCK vs. HOU,W,0,5,,,0.0,,,2,3,0.667,,,,,,,,,12,,0
7249,21980,76786,Calvin Garrett,HOU,Houston Rockets,0028000576,1981-01-23,HOU @ KCK,L,0,5,,,0.0,,,2,2,1.0,,,,,,,,,12,,0
7250,21980,76095,Mike Bantom,IND,Indiana Pacers,0028000575,1981-01-23,IND @ BOS,L,0,5,,,0.0,,,2,2,1.0,,,,,,,,,12,,0
7251,21980,76887,Kevin Grevey,WAS,Washington Bullets,0028000573,1981-01-22,WAS vs. PHL,L,0,4,,,0.0,,,4,4,1.0,,,,,,,,,12,,0
7252,21980,78068,Dewayne Scales,NYK,New York Knicks,0028000572,1981-01-22,NYK @ SDC,W,0,6,,,0.0,,,0,0,,,,,,,,,,12,,0
7253,21980,78200,Randy Smith,CLE,Cleveland Cavaliers,0028000571,1981-01-22,CLE vs. NJN,W,0,5,,,0.0,,,2,2,1.0,,,,,,,,,12,,0
7254,21980,77756,Mark Olberding,SAN,San Antonio Spurs,0028000569,1981-01-21,SAN @ KCK,L,0,4,,,0.0,,,4,5,0.8,,,,,,,,,12,,0
7255,21980,77770,Louis Orr,IND,Indiana Pacers,0028000568,1981-01-21,IND @ PHL,L,0,6,,,0.0,,,0,0,,,,,,,,,,12,,0
7256,21980,76526,Johnny Davis,IND,Indiana Pacers,0028000568,1981-01-21,IND @ PHL,L,0,3,,,0.0,,,6,6,1.0,,,,,,,,,12,,0
7257,21980,76598,John Drew,ATL,Atlanta Hawks,0028000566,1981-01-21,ATL @ LAL,L,0,4,,,0.0,,,4,4,1.0,,,,,,,,,12,,0
7258,21980,76151,Mel Bennett,UTH,Utah Jazz,0028000565,1981-01-21,UTH @ BOS,L,0,3,,,0.0,,,6,7,0.857,,,,,,,,,12,,0
7259,21980,76786,Calvin Garrett,HOU,Houston Rockets,0028000564,1981-01-21,HOU vs. PHX,W,0,6,,,0.0,,,0,0,,,,,,,,,,12,,0
7260,21980,76272,Fred Brown,SEA,Seattle SuperSonics,0028000562,1981-01-21,SEA @ NJN,L,0,6,,,0.0,,,0,0,,,,,,,,,,12,,0
7261,21980,78520,Sidney Wicks,SDC,San Diego Clippers,0028000567,1981-01-21,SDC @ DEN,W,0,5,,,0.0,,,2,2,1.0,,,,,,,,,12,,0
7262,21980,78531,Bob Wilkerson,CHI,Chicago Bulls,0028000561,1981-01-20,CHI vs. IND,W,0,4,,,0.0,,,4,4,1.0,,,,,,,,,12,,0
7263,21980,76231,Dudley Bradley,IND,Indiana Pacers,0028000561,1981-01-20,IND @ CHI,L,0,4,,,0.0,,,4,4,1.0,,,,,,,,,12,,0
7264,21980,76154,Kent Benson,DET,Detroit Pistons,0028000560,1981-01-20,DET vs. PHL,W,0,3,,,0.0,,,6,7,0.857,,,,,,,,,12,,0
7265,21980,78468,Richard Washington,CLE,Cleveland Cavaliers,0028000559,1981-01-20,CLE vs. POR,W,0,6,,,0.0,,,0,0,,,,,,,,,,12,,0
7266,21980,77848,Roger Phegley,CLE,Cleveland Cavaliers,0028000559,1981-01-20,CLE vs. POR,W,0,5,,,0.0,,,2,2,1.0,,,,,,,,,12,,0
7267,21980,77582,Joe Meriweather,KCK,Kansas City Kings,0028000557,1981-01-20,KCK @ DAL,W,0,6,,,0.0,,,0,0,,,,,,,,,,12,,0
7268,21980,78442,Wally Walker,SEA,Seattle SuperSonics,0028000555,1981-01-20,SEA @ NYK,L,0,6,,,0.0,,,0,0,,,,,,,,,,12,,0
7269,21980,78149,Jack Sikma,SEA,Seattle SuperSonics,0028000555,1981-01-20,SEA @ NYK,L,0,6,,,0.0,,,0,0,,,,,,,,,,12,,0
7270,21980,78390,Terry Tyler,DET,Detroit Pistons,0028000554,1981-01-19,DET @ BOS,L,0,5,,,0.0,,,2,2,1.0,,,,,,,,,12,,0
7271,21980,77996,Wayne Robinson,DET,Detroit Pistons,0028000554,1981-01-19,DET @ BOS,L,0,5,,,0.0,,,2,4,0.5,,,,,,,,6.0,12,,0
7272,21980,76317,Don Buse,IND,Indiana Pacers,0028000547,1981-01-18,IND vs. UTH,W,0,5,,,0.0,,,2,2,1.0,,,,,,,,,12,,0
7273,21980,77754,Mike O'Koren,NJN,New Jersey Nets,0028000553,1981-01-18,NJN @ WAS,L,0,6,,,0.0,,,0,2,0.0,,,,,,,,,12,,0
7274,21980,77689,Swen Nater,SDC,San Diego Clippers,0028000552,1981-01-18,SDC vs. DAL,W,0,5,,,0.0,,,2,2,1.0,,,,,,,,,12,,0
7275,21980,77396,Scott Lloyd,DAL,Dallas Mavericks,0028000552,1981-01-18,DAL @ SDC,L,0,3,,,0.0,,,6,8,0.75,,,,,,,,,12,,0
7276,21980,76471,Charlie Criss,ATL,Atlanta Hawks,0028000551,1981-01-18,ATL @ PHX,L,0,5,,,0.0,,,2,2,1.0,,,,,,,,,12,,0
7277,21980,76436,Jeff Cook,PHX,Phoenix Suns,0028000551,1981-01-18,PHX vs. ATL,W,0,5,,,0.0,,,2,2,1.0,,,,,,,,,12,,0
7278,21980,76483,Pat Cummings,MIL,Milwaukee Bucks,0028000550,1981-01-18,MIL vs. POR,W,0,5,,,0.0,,,2,2,1.0,,,,,,,,,12,,0
7279,21980,77669,Calvin Murphy,HOU,Houston Rockets,0028000549,1981-01-18,HOU @ DEN,W,0,6,,,0.0,,,0,0,,,,,,,,,,12,,0
7280,21980,76257,Allan Bristow,UTH,Utah Jazz,0028000547,1981-01-18,UTH @ IND,L,0,3,,,0.0,,,6,6,1.0,,,,,,,,,12,,0
7281,21980,77184,Edgar Jones,NJN,New Jersey Nets,0028000543,1981-01-17,NJN @ DET,W,0,3,,,0.0,,,6,10,0.6,,,,,,,,,12,,0
7282,21980,78531,Bob Wilkerson,CHI,Chicago Bulls,0028000545,1981-01-17,CHI vs. CLE,L,0,6,,,0.0,,,0,1,0.0,,,,,,,,,12,,0
7283,21980,76350,Kenny Carr,CLE,Cleveland Cavaliers,0028000545,1981-01-17,CLE @ CHI,W,0,5,,,0.0,,,2,5,0.4,,,,,,,,,12,,0
7284,21980,76590,Leon Douglas,KCK,Kansas City Kings,0028000544,1981-01-17,KCK vs. DEN,L,0,5,,,0.0,,,2,3,0.667,,,,,,,,,12,,0
7285,21980,77996,Wayne Robinson,DET,Detroit Pistons,0028000543,1981-01-17,DET vs. NJN,L,0,4,,,0.0,,,4,5,0.8,,,,,,,,,12,,0
7286,21980,76348,Austin Carr,WAS,Washington Bullets,0028000542,1981-01-17,WAS vs. SAN,W,0,5,,,0.0,,,2,2,1.0,,,,,,,,,12,,0
7287,21980,77669,Calvin Murphy,HOU,Houston Rockets,0028000541,1981-01-17,HOU vs. NYK,L,0,6,,,0.0,,,0,0,,,,,,,,,,12,,0
7288,21980,77986,Cliff T. Robinson,NJN,New Jersey Nets,0028000543,1981-01-17,NJN @ DET,W,0,6,,,0.0,,,0,0,,,,,,,,,,12,,0
7289,21980,76054,Nate Archibald,BOS,Boston Celtics,0028000540,1981-01-16,BOS vs. SAN,W,0,5,,,0.0,,,2,2,1.0,,,,,,,,,12,,0
7290,21980,76895,Bob Gross,POR,Portland Trail Blazers,0028000539,1981-01-16,POR @ CHI,W,0,5,,,0.0,,,2,2,1.0,,,,,,,,,12,,0
7291,21980,78516,Jerome Whitehead,SDC,San Diego Clippers,0028000535,1981-01-16,SDC @ UTH,L,0,6,,,0.0,,,0,1,0.0,,,,,,,,,12,,0
7292,21980,77635,Lowes Moore,NJN,New Jersey Nets,0028000531,1981-01-16,NJN vs. LAL,L,0,6,,,0.0,,,0,1,0.0,,,,,,,,,12,,0
7293,21980,600014,Artis Gilmore,CHI,Chicago Bulls,0028000539,1981-01-16,CHI vs. POR,L,0,4,,,0.0,,,4,6,0.667,,,,,,,,,12,,0
7294,21980,78390,Terry Tyler,DET,Detroit Pistons,0028000530,1981-01-15,DET vs. WAS,L,0,6,,,0.0,,,0,2,0.0,,,,,,,,,12,,0
7295,21980,76091,Greg Ballard,WAS,Washington Bullets,0028000530,1981-01-15,WAS @ DET,W,0,6,,,0.0,,,0,0,,,,,,,,,,12,,0
7296,21980,77876,Kevin Porter,WAS,Washington Bullets,0028000528,1981-01-14,WAS vs. LAL,W,0,5,,,0.0,,,2,2,1.0,,,,,,,,,12,,0
7297,21980,77950,Clint Richardson,PHL,Philadelphia 76ers,0028000525,1981-01-14,PHL vs. NJN,W,0,5,,,0.0,,,2,2,1.0,,,,,,,,,12,,0
7298,21980,76471,Charlie Criss,ATL,Atlanta Hawks,0028000523,1981-01-14,ATL @ SDC,L,0,5,,,0.0,,,2,4,0.5,,,,,,,,,12,,0
7299,21980,76266,Michael Brooks,SDC,San Diego Clippers,0028000523,1981-01-14,SDC vs. ATL,W,0,6,,,0.0,,,0,0,,,,,,,,,,12,,0
7300,21980,77998,Dave Robisch,DEN,Denver Nuggets,0028000521,1981-01-14,DEN @ PHX,L,0,4,,,0.0,,,4,6,0.667,,,,,,,,,12,,0
7301,21980,77817,Billy Paultz,HOU,Houston Rockets,0028000520,1981-01-14,HOU vs. CHI,W,0,4,,,0.0,,,4,7,0.571,,,,,,,,,12,,0
7302,21980,78390,Terry Tyler,DET,Detroit Pistons,0028000519,1981-01-14,DET @ IND,L,0,6,,,0.0,,,0,0,,,,,,,,,,12,,0
7303,21980,77136,Clemon Johnson,IND,Indiana Pacers,0028000519,1981-01-14,IND vs. DET,W,0,5,,,0.0,,,2,3,0.667,,,,,,,,,12,,0
7304,21980,76085,James Bailey,SEA,Seattle SuperSonics,0028000518,1981-01-13,SEA @ PHX,L,0,6,,,0.0,,,0,0,,,,,,,,,,12,,0
7305,21980,77996,Wayne Robinson,DET,Detroit Pistons,0028000517,1981-01-13,DET vs. MIL,L,0,5,,,0.0,,,2,2,1.0,,,,,,,,,12,,0
7306,21980,76444,Michael Cooper,LAL,Los Angeles Lakers,0028000516,1981-01-13,LAL @ CLE,W,0,6,,,0.0,,,0,0,,,,,,,,,,12,,0
7307,21980,76553,Larry Demic,NYK,New York Knicks,0028000515,1981-01-13,NYK vs. BOS,L,0,6,,,0.0,,,0,0,,,,,,,,,,12,,0
7308,21980,77438,Kyle Macy,PHX,Phoenix Suns,0028000509,1981-01-11,PHX @ MIL,L,0,4,,,1.0,,,3,3,1.0,,,,,,,,,12,,0
7309,21980,77334,Mark Landsberger,LAL,Los Angeles Lakers,0028000511,1981-01-11,LAL vs. DET,W,0,5,,,0.0,,,2,3,0.667,,,,,,,,,12,,0
7310,21980,77010,Keith Herron,DET,Detroit Pistons,0028000511,1981-01-11,DET @ LAL,L,0,4,,,0.0,,,4,4,1.0,,,,,,,,,12,,0
7311,21980,78296,Brian Taylor,SDC,San Diego Clippers,0028000508,1981-01-11,SDC @ KCK,W,0,3,,,0.0,,,6,7,0.857,,,,,,,,,12,,0
7312,21980,76453,Dave Corzine,SAN,San Antonio Spurs,0028000510,1981-01-11,SAN vs. WAS,W,0,6,,,0.0,,,0,0,,,,,,,,,,12,,0
7313,21980,77952,Micheal Ray Richardson,NYK,New York Knicks,0028000501,1981-01-10,NYK @ CLE,W,0,4,,,1.0,,,3,5,0.6,,,,,,,,,12,,0
7314,21980,76826,Mike Gminski,NJN,New Jersey Nets,0028000505,1981-01-10,NJN vs. BOS,L,0,5,,,0.0,,,2,2,1.0,,,,,,,,,12,,0
7315,21980,76786,Calvin Garrett,HOU,Houston Rockets,0028000503,1981-01-10,HOU vs. POR,W,0,6,,,0.0,,,0,0,,,,,,,,,,12,,0
7316,21980,78531,Bob Wilkerson,CHI,Chicago Bulls,0028000499,1981-01-10,CHI vs. PHL,L,0,3,,,0.0,,,6,6,1.0,,,,,,,,,12,,0
7317,21980,77043,Lionel Hollins,PHL,Philadelphia 76ers,0028000499,1981-01-10,PHL @ CHI,W,0,4,,,0.0,,,4,4,1.0,,,,,,,,,12,,0
7318,21980,78482,Scott Wedman,KCK,Kansas City Kings,0028000504,1981-01-10,KCK @ UTH,W,0,5,,,1.0,,,1,1,1.0,,,,,,,,,12,,0
7319,21980,76471,Charlie Criss,ATL,Atlanta Hawks,0028000497,1981-01-09,ATL vs. CLE,L,0,5,,,1.0,,,1,2,0.5,,,,,,,,,12,,0
7320,21980,78404,Kiki Vandeweghe,DEN,Denver Nuggets,0028000498,1981-01-09,DEN @ SDC,W,0,5,,,0.0,,,2,2,1.0,,,,,,,,,12,,0
7321,21980,77553,Tom McMillen,ATL,Atlanta Hawks,0028000497,1981-01-09,ATL vs. CLE,L,0,5,,,0.0,,,2,4,0.5,,,,,,,,,12,,0
7322,21980,78149,Jack Sikma,SEA,Seattle SuperSonics,0028000496,1981-01-09,SEA @ LAL,L,0,4,,,0.0,,,4,4,1.0,,,,,,,,,12,,0
7323,21980,77817,Billy Paultz,HOU,Houston Rockets,0028000495,1981-01-09,HOU @ PHL,L,0,5,,,0.0,,,2,2,1.0,,,,,,,,,12,,0
7324,21980,76786,Calvin Garrett,HOU,Houston Rockets,0028000495,1981-01-09,HOU @ PHL,L,0,5,,,0.0,,,2,2,1.0,,,,,,,,,12,,0
7325,21980,77635,Lowes Moore,NJN,New Jersey Nets,0028000493,1981-01-09,NJN vs. PHX,L,0,6,,,0.0,,,0,0,,,,,,,,,,12,,0
7326,21980,78331,Mychal Thompson,POR,Portland Trail Blazers,0028000492,1981-01-09,POR @ SAN,L,0,4,,,0.0,,,4,4,1.0,,,,,,,,,12,,0
7327,21980,77756,Mark Olberding,SAN,San Antonio Spurs,0028000492,1981-01-09,SAN vs. POR,W,0,3,,,0.0,,,6,8,0.75,,,,,,,,,12,,0
7328,21980,76453,Dave Corzine,SAN,San Antonio Spurs,0028000492,1981-01-09,SAN vs. POR,W,0,6,,,0.0,,,0,0,,,,,,,,,,12,,0
7329,21980,78222,Jim Spanarkel,DAL,Dallas Mavericks,0028000490,1981-01-08,DAL @ UTH,L,0,5,,,0.0,,,2,3,0.667,,,,,,,,,12,,0
7330,21980,77873,Ben Poquette,UTH,Utah Jazz,0028000490,1981-01-08,UTH vs. DAL,W,0,4,,,0.0,,,4,6,0.667,,,,,,,,,12,,0
7331,21980,76296,Quinn Buckner,MIL,Milwaukee Bucks,0028000489,1981-01-08,MIL vs. ATL,W,0,6,,,0.0,,,0,0,,,,,,,,,,12,,0
7332,21980,77136,Clemon Johnson,IND,Indiana Pacers,0028000488,1981-01-08,IND @ NYK,W,0,5,,,0.0,,,2,2,1.0,,,,,,,,,12,,0
7333,21980,77669,Calvin Murphy,HOU,Houston Rockets,0028000487,1981-01-07,HOU vs. KCK,L,0,5,,,0.0,,,2,2,1.0,,,,,,,,,12,,0
7334,21980,77582,Joe Meriweather,KCK,Kansas City Kings,0028000487,1981-01-07,KCK @ HOU,W,0,6,,,0.0,,,0,0,,,,,,,,,,12,,0
7335,21980,76786,Calvin Garrett,HOU,Houston Rockets,0028000487,1981-01-07,HOU vs. KCK,L,0,5,,,0.0,,,2,2,1.0,,,,,,,,,12,,0
7336,21980,78500,Paul Westphal,SEA,Seattle SuperSonics,0028000486,1981-01-07,SEA vs. DET,W,0,6,,,0.0,,,0,0,,,,,,,,,,12,,0
7337,21980,76944,Bill Hanzlik,SEA,Seattle SuperSonics,0028000486,1981-01-07,SEA vs. DET,W,0,3,,,0.0,,,6,8,0.75,,,,,,,,,12,,0
7338,21980,77993,Truck Robinson,PHX,Phoenix Suns,0028000485,1981-01-07,PHX @ BOS,L,0,3,,,0.0,,,6,7,0.857,,,,,,,,,12,,0
7339,21980,229,James Edwards,IND,Indiana Pacers,0028000484,1981-01-07,IND vs. NJN,W,0,6,,,0.0,,,0,2,0.0,,,,,,,,,12,,0
7340,21980,78404,Kiki Vandeweghe,DEN,Denver Nuggets,0028000482,1981-01-07,DEN vs. UTH,L,0,6,,,0.0,,,0,0,,,,,,,,,,12,,0
7341,21980,76826,Mike Gminski,NJN,New Jersey Nets,0028000478,1981-01-06,NJN @ MIL,L,0,5,,,0.0,,,2,4,0.5,,,,,,,,,12,,0
7342,21980,78047,Campy Russell,NYK,New York Knicks,0028000477,1981-01-06,NYK vs. SAN,L,0,4,,,0.0,,,4,4,1.0,,,,,,,,,12,,0
7343,21980,76971,Steve Hawes,ATL,Atlanta Hawks,0028000476,1981-01-06,ATL vs. PHX,L,0,3,,,0.0,,,6,6,1.0,,,,,,,,,12,,0
7344,21980,77167,Vinnie Johnson,SEA,Seattle SuperSonics,0028000474,1981-01-05,SEA vs. DAL,W,0,6,,,0.0,,,0,0,,,,,,,,,,12,,0
7345,21980,76985,Garfield Heard,SDC,San Diego Clippers,0028000472,1981-01-04,SDC @ MIL,L,0,3,,,0.0,,,6,7,0.857,,,,,,,,,12,,0
7346,21980,77691,Calvin Natt,POR,Portland Trail Blazers,0028000469,1981-01-03,POR @ UTH,L,0,3,,,0.0,,,6,7,0.857,,,,,,,,,12,,0
7347,21980,77175,Caldwell Jones,PHL,Philadelphia 76ers,0028000468,1981-01-03,PHL @ GOS,W,0,6,,,0.0,,,0,0,,,,,,,,,,12,,0
7348,21980,78468,Richard Washington,CLE,Cleveland Cavaliers,0028000466,1981-01-03,CLE vs. WAS,W,0,6,,,0.0,,,0,0,,,,,,,,,,12,,0
7349,21980,76350,Kenny Carr,CLE,Cleveland Cavaliers,0028000466,1981-01-03,CLE vs. WAS,W,0,6,,,0.0,,,0,0,,,,,,,,,,12,,0
7350,21980,78531,Bob Wilkerson,CHI,Chicago Bulls,0028000465,1981-01-03,CHI vs. SAN,L,0,5,,,0.0,,,2,2,1.0,,,,,,,,,12,,0
7351,21980,77944,Kevin Restani,SAN,San Antonio Spurs,0028000465,1981-01-03,SAN @ CHI,W,0,5,,,0.0,,,2,3,0.667,,,,,,,,,12,,0
7352,21980,77163,Reggie Johnson,SAN,San Antonio Spurs,0028000465,1981-01-03,SAN @ CHI,W,0,4,,,0.0,,,4,7,0.571,,,,,,,,,12,,0
7353,21980,76453,Dave Corzine,SAN,San Antonio Spurs,0028000465,1981-01-03,SAN @ CHI,W,0,6,,,0.0,,,0,0,,,,,,,,,,12,,0
7354,21980,78215,Ricky Sobers,CHI,Chicago Bulls,0028000462,1981-01-02,CHI @ WAS,W,0,4,,,0.0,,,4,5,0.8,,,,,,,,,12,,0
7355,21980,78468,Richard Washington,CLE,Cleveland Cavaliers,0028000460,1981-01-02,CLE @ NJN,W,0,6,,,0.0,,,0,0,,,,,,,,,,12,,0
7356,21980,77986,Cliff T. Robinson,NJN,New Jersey Nets,0028000460,1981-01-02,NJN vs. CLE,L,0,6,,,0.0,,,0,0,,,,,,,,,,12,,0
7357,21980,76583,James Donaldson,SEA,Seattle SuperSonics,0028000457,1981-01-02,SEA vs. PHL,L,0,3,,,0.0,,,6,10,0.6,,,,,,,,,12,,0
7358,21980,77331,John Lambert,KCK,Kansas City Kings,0028000455,1981-01-02,KCK vs. UTH,W,0,6,,,0.0,,,0,0,,,,,,,,,,12,,0
7359,21980,76392,Jim Chones,LAL,Los Angeles Lakers,0028000454,1981-01-02,LAL @ SAN,L,0,4,,,0.0,,,4,5,0.8,,,,,,,,,12,,0
7360,21980,78047,Campy Russell,NYK,New York Knicks,0028000461,1981-01-02,NYK @ DET,L,0,4,,,1.0,,,3,3,1.0,,,,,,,,,12,,0
7361,21980,77819,Jim Paxson,POR,Portland Trail Blazers,0028000451,1981-01-01,POR vs. DEN,W,0,5,,,0.0,,,2,3,0.667,,,,,,,,,12,,0
7362,21980,76733,Chris Ford,BOS,Boston Celtics,0028000442,1980-12-30,BOS @ PHX,W,0,4,,,4.0,4.0,1.0,0,0,,,,,,,,,,12,,0
7363,21980,77043,Lionel Hollins,PHL,Philadelphia 76ers,0028000449,1980-12-30,PHL @ POR,L,0,5,,,0.0,,,2,2,1.0,,,,,,,,,12,,0
7364,21980,78014,Tree Rollins,ATL,Atlanta Hawks,0028000448,1980-12-30,ATL vs. DET,W,0,5,,,0.0,,,2,2,1.0,,,,,,,,,12,,0
7365,21980,76971,Steve Hawes,ATL,Atlanta Hawks,0028000448,1980-12-30,ATL vs. DET,W,0,5,,,0.0,,,2,2,1.0,,,,,,,,,12,,0
7366,21980,76881,David Greenwood,CHI,Chicago Bulls,0028000444,1980-12-30,CHI vs. NJN,W,0,5,,,0.0,,,2,4,0.5,,,,,,,,,12,,0
7367,21980,76567,Coby Dietrick,CHI,Chicago Bulls,0028000444,1980-12-30,CHI vs. NJN,W,0,4,,,0.0,,,4,4,1.0,,,,,,,,,12,,0
7368,21980,78199,Phil Smith,SDC,San Diego Clippers,0028000443,1980-12-30,SDC @ HOU,L,0,4,,,0.0,,,4,4,1.0,,,,,,,,,12,,0
7369,21980,78351,Andrew Toney,PHL,Philadelphia 76ers,0028000438,1980-12-28,PHL @ LAL,L,0,6,,,0.0,,,0,0,,,,,,,,,,12,,0
7370,21980,76385,Maurice Cheeks,PHL,Philadelphia 76ers,0028000438,1980-12-28,PHL @ LAL,L,0,5,,,0.0,,,2,2,1.0,,,,,,,,,12,,0
7371,21980,76826,Mike Gminski,NJN,New Jersey Nets,0028000437,1980-12-28,NJN vs. KCK,L,0,3,,,0.0,,,6,9,0.667,,,,,,,,,12,,0
7372,21980,76736,Phil Ford,KCK,Kansas City Kings,0028000437,1980-12-28,KCK @ NJN,W,0,5,,,0.0,,,2,3,0.667,,,,,,,,,12,,0
7373,21980,78146,Jerry Sichting,IND,Indiana Pacers,0028000603,1980-12-27,IND @ SDC,L,0,4,,,0.0,,,4,7,0.571,,,,,,,,,12,,0
7374,21980,77290,Billy Knight,IND,Indiana Pacers,0028000603,1980-12-27,IND @ SDC,L,0,4,,,0.0,,,4,6,0.667,,,,,,,,,12,,0
7375,21980,77618,Steve Mix,PHL,Philadelphia 76ers,0028000434,1980-12-27,PHL @ DEN,L,0,4,,,0.0,,,4,4,1.0,,,,,,,,,12,,0
7376,21980,77547,Billy McKinney,DEN,Denver Nuggets,0028000434,1980-12-27,DEN vs. PHL,W,0,5,,,0.0,,,2,4,0.5,,,,,,,,,12,,0
7377,21980,77056,Cedrick Hordges,DEN,Denver Nuggets,0028000434,1980-12-27,DEN vs. PHL,W,0,3,,,0.0,,,6,7,0.857,,,,,,,,,12,,0
7378,21980,77328,Tom LaGarde,DAL,Dallas Mavericks,0028000433,1980-12-27,DAL @ MIL,L,0,3,,,0.0,,,6,7,0.857,,,,,,,,,12,,0
7379,21980,77160,Marques Johnson,MIL,Milwaukee Bucks,0028000433,1980-12-27,MIL vs. DAL,W,0,4,,,0.0,,,4,5,0.8,,,,,,,,,12,,0
7380,21980,76296,Quinn Buckner,MIL,Milwaukee Bucks,0028000433,1980-12-27,MIL vs. DAL,W,0,5,,,0.0,,,2,2,1.0,,,,,,,,,12,,0
7381,21980,78618,Sam Worthen,CHI,Chicago Bulls,0028000429,1980-12-27,CHI vs. DET,W,0,6,,,0.0,,,0,0,,,,,,,,,,12,,0
7382,21980,78215,Ricky Sobers,CHI,Chicago Bulls,0028000429,1980-12-27,CHI vs. DET,W,0,4,,,0.0,,,4,4,1.0,,,,,,,,,12,,0
7383,21980,76453,Dave Corzine,SAN,San Antonio Spurs,0028000428,1980-12-27,SAN vs. UTH,W,0,4,,,0.0,,,4,8,0.5,,,,,,,,,12,,0
7384,21980,77829,Sam Pellom,ATL,Atlanta Hawks,0028000427,1980-12-26,ATL @ NJN,W,0,5,,,0.0,,,2,2,1.0,,,,,,,,,12,,0
7385,21980,77144,Eddie Johnson,ATL,Atlanta Hawks,0028000427,1980-12-26,ATL @ NJN,W,0,5,,,0.0,,,2,2,1.0,,,,,,,,,12,,0
7386,21980,76971,Steve Hawes,ATL,Atlanta Hawks,0028000427,1980-12-26,ATL @ NJN,W,0,5,,,0.0,,,2,2,1.0,,,,,,,,,12,,0
7387,21980,76418,Don Collins,ATL,Atlanta Hawks,0028000427,1980-12-26,ATL @ NJN,W,0,4,,,0.0,,,4,5,0.8,,,,,,,,,12,,0
7388,21980,77152,John Johnson,SEA,Seattle SuperSonics,0028000426,1980-12-26,SEA vs. POR,L,0,6,,,0.0,,,0,0,,,,,,,,,,12,,0
7389,21980,77193,Bobby Jones,PHL,Philadelphia 76ers,0028000424,1980-12-26,PHL @ KCK,W,0,4,,,0.0,,,4,4,1.0,,,,,,,,,12,,0
7390,21980,77770,Louis Orr,IND,Indiana Pacers,0028000420,1980-12-26,IND @ LAL,L,0,6,,,0.0,,,0,1,0.0,,,,,,,,,12,,0
7391,21980,78482,Scott Wedman,KCK,Kansas City Kings,0028000424,1980-12-26,KCK vs. PHL,L,0,5,,,1.0,,,1,2,0.5,,,,,,,,,12,,0
7392,21980,77944,Kevin Restani,SAN,San Antonio Spurs,0028000418,1980-12-25,SAN @ PHX,L,0,6,,,0.0,,,0,0,,,,,,,,,,12,,0
7393,21980,77235,Rich Kelley,PHX,Phoenix Suns,0028000418,1980-12-25,PHX vs. SAN,W,0,4,,,0.0,,,4,5,0.8,,,,,,,,,12,,0
7394,21980,77022,Johnny High,PHX,Phoenix Suns,0028000418,1980-12-25,PHX vs. SAN,W,0,4,,,0.0,,,4,5,0.8,,,,,,,,,12,,0
7395,21980,77484,Wes Matthews,WAS,Washington Bullets,0028000416,1980-12-25,WAS vs. NJN,W,0,4,,,0.0,,,4,4,1.0,,,,,,,,,12,,0
7396,21980,77848,Roger Phegley,CLE,Cleveland Cavaliers,0028000414,1980-12-23,CLE vs. KCK,L,0,4,,,0.0,,,4,4,1.0,,,,,,,,,12,,0
7397,21980,77273,Reggie King,KCK,Kansas City Kings,0028000414,1980-12-23,KCK @ CLE,W,0,6,,,0.0,,,0,0,,,,,,,,,,12,,0
7398,21980,78350,Rudy Tomjanovich,HOU,Houston Rockets,0028000413,1980-12-23,HOU vs. GOS,L,0,6,,,0.0,,,0,0,,,,,,,,,,12,,0
7399,21980,76616,Mike Dunleavy,HOU,Houston Rockets,0028000413,1980-12-23,HOU vs. GOS,L,0,6,,,0.0,,,0,0,,,,,,,,,,12,,0
7400,21980,76095,Mike Bantom,IND,Indiana Pacers,0028000411,1980-12-23,IND vs. NJN,W,0,6,,,0.0,,,0,1,0.0,,,,,,,,,12,,0
7401,21980,78095,Alvin Scott,PHX,Phoenix Suns,0028000409,1980-12-23,PHX vs. DET,W,0,4,,,0.0,,,4,4,1.0,,,,,,,,,12,,0
7402,21980,76204,Ron Boone,UTH,Utah Jazz,0028000407,1980-12-23,UTH @ DAL,W,0,6,,,0.0,,,0,0,,,,,,,,,,12,,0
7403,21980,77167,Vinnie Johnson,SEA,Seattle SuperSonics,0028000406,1980-12-22,SEA vs. PHX,L,0,5,,,0.0,,,2,4,0.5,,,,,,,,,12,,0
7404,21980,77438,Kyle Macy,PHX,Phoenix Suns,0028000405,1980-12-21,PHX @ POR,W,0,5,,,0.0,,,2,2,1.0,,,,,,,,,12,,0
7405,21980,77022,Johnny High,PHX,Phoenix Suns,0028000405,1980-12-21,PHX @ POR,W,0,5,,,0.0,,,2,4,0.5,,,,,,,,,12,,0
7406,21980,76011,Alvan Adams,PHX,Phoenix Suns,0028000405,1980-12-21,PHX @ POR,W,0,4,,,0.0,,,4,4,1.0,,,,,,,,,12,,0
7407,21980,76599,Larry Drew,DET,Detroit Pistons,0028000404,1980-12-21,DET @ SDC,L,0,5,,,0.0,,,2,2,1.0,,,,,,,,,12,,0
7408,21980,76290,Joe Bryant,SDC,San Diego Clippers,0028000404,1980-12-21,SDC vs. DET,W,0,5,,,0.0,,,2,2,1.0,,,,,,,,,12,,0
7409,21980,78350,Rudy Tomjanovich,HOU,Houston Rockets,0028000403,1980-12-21,HOU @ MIL,L,0,4,,,0.0,,,4,4,1.0,,,,,,,,,12,,0
7410,21980,78519,Charles Whitney,KCK,Kansas City Kings,0028000397,1980-12-20,KCK vs. IND,L,0,6,,,0.0,,,0,0,,,,,,,,,,12,,0
7411,21980,77290,Billy Knight,IND,Indiana Pacers,0028000397,1980-12-20,IND @ KCK,W,0,5,,,0.0,,,2,2,1.0,,,,,,,,,12,,0
7412,21980,76996,Tom Henderson,HOU,Houston Rockets,0028000395,1980-12-20,HOU @ CHI,L,0,4,,,0.0,,,4,6,0.667,,,,,,,,,12,,0
7413,21980,76616,Mike Dunleavy,HOU,Houston Rockets,0028000395,1980-12-20,HOU @ CHI,L,0,5,,,0.0,,,2,2,1.0,,,,,,,,,12,,0
7414,21980,76686,Mike Evans,MIL,Milwaukee Bucks,0028000393,1980-12-19,MIL @ CHI,L,0,5,,,1.0,,,1,1,1.0,,,,,,,,,12,,0
7415,21980,76355,Butch Carter,LAL,Los Angeles Lakers,0028000387,1980-12-19,LAL vs. POR,L,0,5,,,1.0,,,1,3,0.333,,,,,,,,,12,,0
7416,21980,78350,Rudy Tomjanovich,HOU,Houston Rockets,0028000394,1980-12-19,HOU @ BOS,L,0,6,,,0.0,,,0,0,,,,,,,,,,12,,0
7417,21980,77487,Cedric Maxwell,BOS,Boston Celtics,0028000394,1980-12-19,BOS vs. HOU,W,0,6,,,0.0,,,0,0,,,,,,,,,,12,,0
7418,21980,76996,Tom Henderson,HOU,Houston Rockets,0028000394,1980-12-19,HOU @ BOS,L,0,3,,,0.0,,,6,6,1.0,,,,,,,,,12,,0
7419,21980,1450,Kevin McHale,BOS,Boston Celtics,0028000394,1980-12-19,BOS vs. HOU,W,0,4,,,0.0,,,4,4,1.0,,,,,,,,,12,,0
7420,21980,77490,Scott May,CHI,Chicago Bulls,0028000393,1980-12-19,CHI vs. MIL,W,0,2,,,0.0,,,8,10,0.8,,,,,,,,,12,,0
7421,21980,76656,Bob Elliott,NJN,New Jersey Nets,0028000392,1980-12-19,NJN @ PHL,L,0,4,,,0.0,,,4,6,0.667,,,,,,,,,12,,0
7422,21980,77528,Jim McElroy,ATL,Atlanta Hawks,0028000391,1980-12-19,ATL @ SEA,L,0,5,,,0.0,,,2,2,1.0,,,,,,,,,12,,0
7423,21980,76944,Bill Hanzlik,SEA,Seattle SuperSonics,0028000391,1980-12-19,SEA vs. ATL,W,0,4,,,0.0,,,4,4,1.0,,,,,,,,,12,,0
7424,21980,76471,Charlie Criss,ATL,Atlanta Hawks,0028000391,1980-12-19,ATL @ SEA,L,0,4,,,0.0,,,4,4,1.0,,,,,,,,,12,,0
7425,21980,77071,Phil Hubbard,DET,Detroit Pistons,0028000390,1980-12-19,DET vs. IND,W,0,5,,,0.0,,,2,2,1.0,,,,,,,,,12,,0
7426,21980,76095,Mike Bantom,IND,Indiana Pacers,0028000390,1980-12-19,IND @ DET,L,0,5,,,0.0,,,2,2,1.0,,,,,,,,,12,,0
7427,21980,76453,Dave Corzine,SAN,San Antonio Spurs,0028000389,1980-12-19,SAN vs. GOS,W,0,4,,,0.0,,,4,4,1.0,,,,,,,,,12,,0
7428,21980,78392,Wes Unseld,WAS,Washington Bullets,0028000388,1980-12-19,WAS vs. NYK,L,0,5,,,0.0,,,2,2,1.0,,,,,,,,,12,,0
7429,21980,78047,Campy Russell,NYK,New York Knicks,0028000388,1980-12-19,NYK @ WAS,W,0,4,,,0.0,,,4,6,0.667,,,,,,,,,12,,0
7430,21980,77721,Norm Nixon,LAL,Los Angeles Lakers,0028000387,1980-12-19,LAL vs. POR,L,0,5,,,0.0,,,2,2,1.0,,,,,,,,,12,,0
7431,21980,76392,Jim Chones,LAL,Los Angeles Lakers,0028000387,1980-12-19,LAL vs. POR,L,0,5,,,0.0,,,2,3,0.667,,,,,,,,,12,,0
7432,21980,76890,Darrell Griffith,UTH,Utah Jazz,0028000386,1980-12-19,UTH @ PHX,L,0,6,,,0.0,,,0,2,0.0,,,,,,,,,12,,0
7433,21980,78520,Sidney Wicks,SDC,San Diego Clippers,0028000385,1980-12-18,SDC vs. DAL,W,0,5,,,0.0,,,2,2,1.0,,,,,,,,,12,,0
7434,21980,77010,Keith Herron,DET,Detroit Pistons,0028000384,1980-12-18,DET @ MIL,L,0,5,,,0.0,,,2,2,1.0,,,,,,,,,12,,0
7435,21980,76154,Kent Benson,DET,Detroit Pistons,0028000384,1980-12-18,DET @ MIL,L,0,4,,,0.0,,,4,5,0.8,,,,,,,,,12,,0
7436,21980,78468,Richard Washington,CLE,Cleveland Cavaliers,0028000383,1980-12-18,CLE vs. DEN,W,0,4,,,0.0,,,4,5,0.8,,,,,,,,,12,,0
7437,21980,77553,Tom McMillen,ATL,Atlanta Hawks,0028000382,1980-12-18,ATL @ UTH,W,0,6,,,0.0,,,0,0,,,,,,,,,,12,,0
7438,21980,76441,Wayne Cooper,UTH,Utah Jazz,0028000382,1980-12-18,UTH vs. ATL,L,0,6,,,0.0,,,0,0,,,,,,,,,,12,,0
7439,21980,77326,Sam Lacey,KCK,Kansas City Kings,0028000381,1980-12-17,KCK @ SEA,L,0,4,,,0.0,,,4,4,1.0,,,,,,,,6.0,12,,0
7440,21980,77432,Ollie Mack,DAL,Dallas Mavericks,0028000379,1980-12-17,DAL @ PHX,L,0,6,,,0.0,,,0,0,,,,,,,,,,12,,0
7441,21980,77328,Tom LaGarde,DAL,Dallas Mavericks,0028000379,1980-12-17,DAL @ PHX,L,0,5,,,0.0,,,2,4,0.5,,,,,,,,,12,,0
7442,21980,77756,Mark Olberding,SAN,San Antonio Spurs,0028000377,1980-12-17,SAN @ HOU,W,0,6,,,0.0,,,0,0,,,,,,,,,,12,,0
7443,21980,77715,Carl Nicks,DEN,Denver Nuggets,0028000368,1980-12-16,DEN vs. KCK,L,0,5,,,0.0,,,2,5,0.4,,,,,,,,,12,,0
7444,21980,77754,Mike O'Koren,NJN,New Jersey Nets,0028000373,1980-12-16,NJN @ ATL,L,0,5,,,0.0,,,2,6,0.333,,,,,,,,,12,,0
7445,21980,77553,Tom McMillen,ATL,Atlanta Hawks,0028000373,1980-12-16,ATL vs. NJN,W,0,5,,,0.0,,,2,2,1.0,,,,,,,,,12,,0
7446,21980,77144,Eddie Johnson,ATL,Atlanta Hawks,0028000373,1980-12-16,ATL vs. NJN,W,0,4,,,0.0,,,4,5,0.8,,,,,,,,,12,,0
7447,21980,76822,Mike Glenn,NYK,New York Knicks,0028000372,1980-12-16,NYK vs. UTH,W,0,6,,,0.0,,,0,0,,,,,,,,,,12,,0
7448,21980,77396,Scott Lloyd,DAL,Dallas Mavericks,0028000370,1980-12-16,DAL vs. SAN,L,0,4,,,0.0,,,4,5,0.8,,,,,,,,,12,,0
7449,21980,77273,Reggie King,KCK,Kansas City Kings,0028000368,1980-12-16,KCK @ DEN,W,0,5,,,0.0,,,2,5,0.4,,,,,,,,,12,,0
7450,21980,78531,Bob Wilkerson,CHI,Chicago Bulls,0028000367,1980-12-16,CHI @ WAS,W,0,5,,,0.0,,,2,3,0.667,,,,,,,,,12,,0
7451,21980,77175,Caldwell Jones,PHL,Philadelphia 76ers,0028000364,1980-12-14,PHL @ NJN,W,0,4,,,0.0,,,4,4,1.0,,,,,,,,,12,,0
7452,21980,76673,Alex English,DEN,Denver Nuggets,0028000360,1980-12-13,DEN @ SAN,L,0,6,,,0.0,,,0,0,,,,,,,,,,12,,0
7453,21980,77326,Sam Lacey,KCK,Kansas City Kings,0028000358,1980-12-13,KCK vs. DAL,W,0,5,,,0.0,,,2,2,1.0,,,,,,,,,12,,0
7454,21980,78350,Rudy Tomjanovich,HOU,Houston Rockets,0028000357,1980-12-13,HOU @ GOS,W,0,6,,,0.0,,,0,0,,,,,,,,,,12,,0
7455,21980,77817,Billy Paultz,HOU,Houston Rockets,0028000357,1980-12-13,HOU @ GOS,W,0,6,,,0.0,,,0,2,0.0,,,,,,,,,12,,0
7456,21980,77264,Bernard King,GOS,Golden State Warriors,0028000357,1980-12-13,GOS vs. HOU,L,0,5,,,0.0,,,2,4,0.5,,,,,,,,,12,,0
7457,21980,78200,Randy Smith,CLE,Cleveland Cavaliers,0028000355,1980-12-13,CLE vs. UTH,W,0,4,,,0.0,,,4,6,0.667,,,,,,,,,12,,0
7458,21980,77873,Ben Poquette,UTH,Utah Jazz,0028000355,1980-12-13,UTH @ CLE,L,0,6,,,0.0,,,0,0,,,,,,,,,6.0,12,,0
7459,21980,76608,Terry Duerod,BOS,Boston Celtics,0028000348,1980-12-12,BOS vs. NJN,W,0,4,,,1.0,,,3,3,1.0,,,,,,,,,12,,0
7460,21980,77432,Ollie Mack,DAL,Dallas Mavericks,0028000353,1980-12-12,DAL vs. SDC,W,0,6,,,0.0,,,0,2,0.0,,,,,,,,,12,,0
7461,21980,77328,Tom LaGarde,DAL,Dallas Mavericks,0028000353,1980-12-12,DAL vs. SDC,W,0,4,,,0.0,,,4,5,0.8,,,,,,,,,12,,0
7462,21980,76321,Marty Byrnes,DAL,Dallas Mavericks,0028000353,1980-12-12,DAL vs. SDC,W,0,3,,,0.0,,,6,6,1.0,,,,,,,,,12,,0
7463,21980,77167,Vinnie Johnson,SEA,Seattle SuperSonics,0028000352,1980-12-12,SEA vs. LAL,L,0,5,,,0.0,,,2,4,0.5,,,,,,,,,12,,0
7464,21980,78215,Ricky Sobers,CHI,Chicago Bulls,0028000351,1980-12-12,CHI vs. UTH,W,0,6,,,0.0,,,0,0,,,,,,,,,,12,,0
7465,21980,77490,Scott May,CHI,Chicago Bulls,0028000351,1980-12-12,CHI vs. UTH,W,0,5,,,0.0,,,2,4,0.5,,,,,,,,,12,,0
7466,21980,77175,Caldwell Jones,PHL,Philadelphia 76ers,0028000350,1980-12-12,PHL vs. WAS,W,0,4,,,0.0,,,4,4,1.0,,,,,,,,,12,,0
7467,21980,78623,Larry Wright,DET,Detroit Pistons,0028000349,1980-12-12,DET vs. CLE,W,0,6,,,0.0,,,0,0,,,,,,,,,,12,,0
7468,21980,78200,Randy Smith,CLE,Cleveland Cavaliers,0028000349,1980-12-12,CLE @ DET,L,0,6,,,0.0,,,0,0,,,,,,,,,,12,,0
7469,21980,77635,Lowes Moore,NJN,New Jersey Nets,0028000348,1980-12-12,NJN @ BOS,L,0,6,,,0.0,,,0,0,,,,,,,,,,12,,0
7470,21980,76483,Pat Cummings,MIL,Milwaukee Bucks,0028000346,1980-12-11,MIL vs. NYK,W,0,6,,,0.0,,,0,1,0.0,,,,,,,,,12,,0
7471,21980,77326,Sam Lacey,KCK,Kansas City Kings,0028000345,1980-12-11,KCK @ SAN,L,0,5,,,0.0,,,2,2,1.0,,,,,,,,,12,,0
7472,21980,76242,Mike Bratz,CLE,Cleveland Cavaliers,0028000344,1980-12-11,CLE vs. IND,L,0,5,,,0.0,,,2,2,1.0,,,,,,,,,12,,0
7473,21980,77022,Johnny High,PHX,Phoenix Suns,0028000343,1980-12-10,PHX @ IND,L,0,4,,,0.0,,,4,5,0.8,,,,,,,,,12,,0
7474,21980,77021,Kenny Higgs,DEN,Denver Nuggets,0028000341,1980-12-10,DEN vs. DAL,W,0,4,,,0.0,,,4,4,1.0,,,,,,,,,12,,0
7475,21980,76599,Larry Drew,DET,Detroit Pistons,0028000339,1980-12-10,DET vs. ATL,L,0,6,,,0.0,,,0,0,,,,,,,,,,12,,0
7476,21980,76091,Greg Ballard,WAS,Washington Bullets,0028000338,1980-12-10,WAS vs. BOS,L,0,6,,,0.0,,,0,0,,,,,,,,,,12,,0
7477,21980,76590,Leon Douglas,KCK,Kansas City Kings,0028000337,1980-12-10,KCK vs. SDC,W,0,6,,,0.0,,,0,2,0.0,,,,,,,,,12,,0
7478,21980,76272,Fred Brown,SEA,Seattle SuperSonics,0028000336,1980-12-10,SEA @ GOS,W,0,6,,,0.0,,,0,0,,,,,,,,,,12,,0
7479,21980,76453,Dave Corzine,SAN,San Antonio Spurs,0028000334,1980-12-09,SAN @ UTH,W,0,5,,,0.0,,,2,2,1.0,,,,,,,,,12,,0
7480,21980,78200,Randy Smith,CLE,Cleveland Cavaliers,0028000333,1980-12-09,CLE vs. PHL,L,0,5,,,0.0,,,2,3,0.667,,,,,,,,,12,,0
7481,21980,77193,Bobby Jones,PHL,Philadelphia 76ers,0028000333,1980-12-09,PHL @ CLE,W,0,3,,,0.0,,,6,6,1.0,,,,,,,,,12,,0
7482,21980,77324,Mitch Kupchak,WAS,Washington Bullets,0028000332,1980-12-09,WAS @ NYK,L,0,6,,,0.0,,,0,0,,,,,,,,,,12,,0
7483,21980,76979,Elvin Hayes,WAS,Washington Bullets,0028000332,1980-12-09,WAS @ NYK,L,0,4,,,0.0,,,4,6,0.667,,,,,,,,,12,,0
7484,21980,76252,Junior Bridgeman,MIL,Milwaukee Bucks,0028000330,1980-12-09,MIL @ BOS,L,0,6,,,0.0,,,0,0,,,,,,,,,,12,,0
7485,21980,76355,Butch Carter,LAL,Los Angeles Lakers,0028000329,1980-12-09,LAL @ DAL,W,0,3,,,0.0,,,6,8,0.75,,,,,,,,,12,,0
7486,21980,77022,Johnny High,PHX,Phoenix Suns,0028000327,1980-12-09,PHX @ CHI,W,0,5,,,0.0,,,2,2,1.0,,,,,,,,,12,,0
7487,21980,76272,Fred Brown,SEA,Seattle SuperSonics,0028000326,1980-12-08,SEA vs. SAN,W,0,5,,,0.0,,,2,2,1.0,,,,,,,,,12,,0
7488,21980,76290,Joe Bryant,SDC,San Diego Clippers,0028000324,1980-12-07,SDC vs. NJN,W,0,4,,,0.0,,,4,5,0.8,,,,,,,,,12,,0
7489,21980,76266,Michael Brooks,SDC,San Diego Clippers,0028000324,1980-12-07,SDC vs. NJN,W,0,4,,,0.0,,,4,9,0.444,,,,,,,,,12,,0
7490,21980,78139,Purvis Short,GOS,Golden State Warriors,0028000322,1980-12-07,GOS @ PHX,L,0,6,,,0.0,,,0,0,,,,,,,,,,12,,0
7491,21980,76436,Jeff Cook,PHX,Phoenix Suns,0028000322,1980-12-07,PHX vs. GOS,W,0,6,,,0.0,,,0,0,,,,,,,,,,12,,0
7492,21980,76248,Jim Brewer,LAL,Los Angeles Lakers,0028000321,1980-12-07,LAL vs. UTH,W,0,6,,,0.0,,,0,0,,,,,,,,,,12,,0
7493,21980,76392,Jim Chones,LAL,Los Angeles Lakers,0028000320,1980-12-06,LAL @ GOS,L,0,5,,,0.0,,,2,3,0.667,,,,,,,,,12,,0
7494,21980,77582,Joe Meriweather,KCK,Kansas City Kings,0028000319,1980-12-06,KCK @ IND,L,0,5,,,0.0,,,2,2,1.0,,,,,,,,,12,,0
7495,21980,77273,Reggie King,KCK,Kansas City Kings,0028000319,1980-12-06,KCK @ IND,L,0,4,,,0.0,,,4,5,0.8,,,,,,,,,12,,0
7496,21980,78047,Campy Russell,NYK,New York Knicks,0028000317,1980-12-06,NYK vs. MIL,W,0,5,,,0.0,,,2,2,1.0,,,,,,,,,12,,0
7497,21980,77873,Ben Poquette,UTH,Utah Jazz,0028000316,1980-12-06,UTH vs. SEA,L,0,4,,,0.0,,,4,6,0.667,,,,,,,,,12,,0
7498,21980,76944,Bill Hanzlik,SEA,Seattle SuperSonics,0028000316,1980-12-06,SEA @ UTH,W,0,4,,,0.0,,,4,4,1.0,,,,,,,,,12,,0
7499,21980,76204,Ron Boone,UTH,Utah Jazz,0028000316,1980-12-06,UTH vs. SEA,L,0,6,,,0.0,,,0,0,,,,,,,,,,12,,0
7500,21980,77936,Robert Reid,HOU,Houston Rockets,0028000315,1980-12-06,HOU vs. DEN,W,0,5,,,0.0,,,2,2,1.0,,,,,,,,,12,,0
7501,21980,77623,Paul Mokeski,DET,Detroit Pistons,0028000314,1980-12-06,DET @ CLE,L,0,6,,,0.0,,,0,0,,,,,,,,,,12,,0
7502,21980,76231,Dudley Bradley,IND,Indiana Pacers,0028000313,1980-12-05,IND @ MIL,L,0,6,,,0.0,,,0,0,,,,,,,,,,12,,0
7503,21980,78467,Kermit Washington,POR,Portland Trail Blazers,0028000312,1980-12-05,POR vs. CHI,W,0,3,,,0.0,,,6,11,0.545,,,,,,,,,12,,0
7504,21980,78310,Reggie Theus,CHI,Chicago Bulls,0028000312,1980-12-05,CHI @ POR,L,0,6,,,0.0,,,0,0,,,,,,,,,,12,,0
7505,21980,76830,Glen Gondrezick,DEN,Denver Nuggets,0028000311,1980-12-05,DEN vs. GOS,L,0,2,,,0.0,,,8,8,1.0,,,,,,,,,12,,0
7506,21980,77817,Billy Paultz,HOU,Houston Rockets,0028000308,1980-12-05,HOU @ KCK,L,0,5,,,0.0,,,2,7,0.286,,,,,,,,,12,,0
7507,21980,76736,Phil Ford,KCK,Kansas City Kings,0028000308,1980-12-05,KCK vs. HOU,W,0,3,,,0.0,,,6,9,0.667,,,,,,,,,12,,0
7508,21980,77623,Paul Mokeski,DET,Detroit Pistons,0028000307,1980-12-05,DET @ WAS,L,0,5,,,0.0,,,2,4,0.5,,,,,,,,,12,,0
7509,21980,76204,Ron Boone,UTH,Utah Jazz,0028000305,1980-12-04,UTH vs. DEN,W,0,4,,,0.0,,,4,5,0.8,,,,,,,,,12,,0
7510,21980,78577,Bill Willoughby,HOU,Houston Rockets,0028000302,1980-12-03,HOU vs. CLE,W,0,5,,,0.0,,,2,2,1.0,,,,,,,,,12,,0
7511,21980,76616,Mike Dunleavy,HOU,Houston Rockets,0028000302,1980-12-03,HOU vs. CLE,W,0,3,,,0.0,,,6,6,1.0,,,,,,,,,12,,0
7512,21980,77148,George Johnson,IND,Indiana Pacers,0028000301,1980-12-03,IND vs. WAS,W,0,4,,,0.0,,,4,6,0.667,,,,,,,,,12,,0
7513,21980,76567,Coby Dietrick,CHI,Chicago Bulls,0028000299,1980-12-03,CHI @ SEA,L,0,6,,,0.0,,,0,0,,,,,,,,,,12,,0
7514,21980,77273,Reggie King,KCK,Kansas City Kings,0028000297,1980-12-03,KCK vs. PHX,W,0,4,,,0.0,,,4,6,0.667,,,,,,,,,12,,0
7515,21980,76011,Alvan Adams,PHX,Phoenix Suns,0028000297,1980-12-03,PHX @ KCK,L,0,5,,,0.0,,,2,3,0.667,,,,,,,,,12,,0
7516,21980,77022,Johnny High,PHX,Phoenix Suns,0028000294,1980-12-02,PHX @ SAN,W,0,6,,,0.0,,,0,1,0.0,,,,,,,,,12,,0
7517,21980,76011,Alvan Adams,PHX,Phoenix Suns,0028000294,1980-12-02,PHX @ SAN,W,0,6,,,0.0,,,0,0,,,,,,,,,,12,,0
7518,21980,305,Robert Parish,BOS,Boston Celtics,0028000292,1980-12-02,BOS @ DET,W,0,6,,,0.0,,,0,3,0.0,,,,,,,,,12,,0
7519,21980,76095,Mike Bantom,IND,Indiana Pacers,0028000291,1980-12-02,IND @ NYK,W,0,6,,,0.0,,,0,0,,,,,,,,,,12,,0
7520,21980,78331,Mychal Thompson,POR,Portland Trail Blazers,0028000290,1980-12-02,POR vs. NJN,L,0,6,,,0.0,,,0,2,0.0,,,,,,,,,12,,0
7521,21980,77754,Mike O'Koren,NJN,New Jersey Nets,0028000290,1980-12-02,NJN @ POR,W,0,4,,,0.0,,,4,6,0.667,,,,,,,,,12,,0
7522,21980,77547,Billy McKinney,UTH,Utah Jazz,0028000289,1980-12-02,UTH @ MIL,L,0,4,,,0.0,,,4,4,1.0,,,,,,,,,12,,0
7523,21980,76890,Darrell Griffith,UTH,Utah Jazz,0028000289,1980-12-02,UTH @ MIL,L,0,4,,,0.0,,,4,7,0.571,,,,,,,,,12,,0
7524,21980,77328,Tom LaGarde,DAL,Dallas Mavericks,0028000287,1980-12-02,DAL vs. CLE,L,0,4,,,0.0,,,4,6,0.667,,,,,,,,,12,,0
7525,21980,76616,Mike Dunleavy,HOU,Houston Rockets,0028000285,1980-11-30,HOU @ PHX,L,0,4,,,0.0,,,4,5,0.8,,,,,,,,,12,,0
7526,21980,76436,Jeff Cook,PHX,Phoenix Suns,0028000285,1980-11-30,PHX vs. HOU,W,0,6,,,0.0,,,0,0,,,,,,,,,,12,,0
7527,21980,78390,Terry Tyler,DET,Detroit Pistons,0028000280,1980-11-29,DET @ ATL,W,0,5,,,0.0,,,2,2,1.0,,,,,,,,,12,,0
7528,21980,78482,Scott Wedman,KCK,Kansas City Kings,0028000279,1980-11-29,KCK vs. SAN,L,0,6,,,0.0,,,0,0,,,,,,,,,,12,,0
7529,21980,76889,Paul Griffin,SAN,San Antonio Spurs,0028000279,1980-11-29,SAN @ KCK,W,0,4,,,0.0,,,4,4,1.0,,,,,,,,,12,,0
7530,21980,76444,Michael Cooper,LAL,Los Angeles Lakers,0028000277,1980-11-29,LAL @ DEN,W,0,5,,,0.0,,,2,2,1.0,,,,,,,,,12,,0
7531,21980,77547,Billy McKinney,UTH,Utah Jazz,0028000273,1980-11-29,UTH @ PHL,L,0,6,,,0.0,,,0,0,,,,,,,,,6.0,12,,0
7532,21980,76890,Darrell Griffith,UTH,Utah Jazz,0028000273,1980-11-29,UTH @ PHL,L,0,5,,,0.0,,,2,2,1.0,,,,,,,,,12,,0
7533,21980,77163,Reggie Johnson,SAN,San Antonio Spurs,0028000270,1980-11-28,SAN vs. HOU,L,0,5,,,0.0,,,2,5,0.4,,,,,,,,,12,,0
7534,21980,76786,Calvin Garrett,HOU,Houston Rockets,0028000270,1980-11-28,HOU @ SAN,W,0,6,,,0.0,,,0,0,,,,,,,,,,12,,0
7535,21980,77819,Jim Paxson,POR,Portland Trail Blazers,0028000269,1980-11-28,POR @ PHL,L,0,5,,,0.0,,,2,2,1.0,,,,,,,,,12,,0
7536,21980,77175,Caldwell Jones,PHL,Philadelphia 76ers,0028000269,1980-11-28,PHL vs. POR,W,0,4,,,0.0,,,4,4,1.0,,,,,,,,,12,,0
7537,21980,78000,John Roche,DEN,Denver Nuggets,0028000267,1980-11-28,DEN @ DAL,W,0,2,,,0.0,,,8,9,0.889,,,,,,,,,12,,0
7538,21980,76826,Mike Gminski,NJN,New Jersey Nets,0028000266,1980-11-28,NJN vs. UTH,W,0,5,,,0.0,,,2,2,1.0,,,,,,,,,12,,0
7539,21980,100263,Bill Laimbeer,CLE,Cleveland Cavaliers,0028000264,1980-11-28,CLE vs. WAS,W,0,6,,,0.0,,,0,0,,,,,,,,,,12,,0
7540,21980,78392,Wes Unseld,WAS,Washington Bullets,0028000264,1980-11-28,WAS @ CLE,L,0,5,,,0.0,,,2,2,1.0,,,,,,,,,12,,0
7541,21980,76154,Kent Benson,DET,Detroit Pistons,0028000263,1980-11-28,DET vs. KCK,W,0,4,,,0.0,,,4,4,1.0,,,,,,,,,12,,0
7542,21980,77490,Scott May,CHI,Chicago Bulls,0028000262,1980-11-28,CHI @ PHX,L,0,3,,,0.0,,,6,8,0.75,,,,,,,,,12,,0
7543,21980,76392,Jim Chones,LAL,Los Angeles Lakers,0028000261,1980-11-27,LAL @ GOS,W,0,4,,,0.0,,,4,4,1.0,,,,,,,,,12,,0
7544,21980,77136,Clemon Johnson,IND,Indiana Pacers,0028000260,1980-11-27,IND @ WAS,L,0,5,,,0.0,,,2,4,0.5,,,,,,,,,12,,0
7545,21980,76526,Johnny Davis,IND,Indiana Pacers,0028000260,1980-11-27,IND @ WAS,L,0,5,,,0.0,,,2,2,1.0,,,,,,,,,12,,0
7546,21980,78296,Brian Taylor,SDC,San Diego Clippers,0028000258,1980-11-26,SDC @ DEN,L,0,4,,,0.0,,,4,4,1.0,,,,,,,,,12,,0
7547,21980,78199,Phil Smith,SDC,San Diego Clippers,0028000258,1980-11-26,SDC @ DEN,L,0,5,,,0.0,,,2,2,1.0,,,,,,,,,12,,0
7548,21980,78623,Larry Wright,DET,Detroit Pistons,0028000257,1980-11-26,DET vs. UTH,L,0,5,,,0.0,,,2,3,0.667,,,,,,,,,12,,0
7549,21980,76948,James Hardy,UTH,Utah Jazz,0028000257,1980-11-26,UTH @ DET,W,0,6,,,0.0,,,0,4,0.0,,,,,,,,,12,,0
7550,21980,78351,Andrew Toney,PHL,Philadelphia 76ers,0028000256,1980-11-26,PHL @ HOU,W,0,5,,,0.0,,,2,2,1.0,,,,,,,,,12,,0
7551,21980,76539,Darryl Dawkins,PHL,Philadelphia 76ers,0028000256,1980-11-26,PHL @ HOU,W,0,6,,,0.0,,,0,0,,,,,,,,,,12,,0
7552,21980,78442,Wally Walker,SEA,Seattle SuperSonics,0028000254,1980-11-26,SEA @ PHX,L,0,5,,,0.0,,,2,3,0.667,,,,,,,,,12,,0
7553,21980,77152,John Johnson,SEA,Seattle SuperSonics,0028000254,1980-11-26,SEA @ PHX,L,0,6,,,0.0,,,0,0,,,,,,,,,,12,,0
7554,21980,76971,Steve Hawes,ATL,Atlanta Hawks,0028000252,1980-11-26,ATL @ IND,L,0,4,,,0.0,,,4,4,1.0,,,,,,,,,12,,0
7555,21980,77487,Cedric Maxwell,BOS,Boston Celtics,0028000251,1980-11-26,BOS vs. POR,W,0,6,,,0.0,,,0,0,,,,,,,,,,12,,0
7556,21980,78351,Andrew Toney,PHL,Philadelphia 76ers,0028000248,1980-11-25,PHL @ DAL,W,0,6,,,0.0,,,0,0,,,,,,,,,,12,,0
7557,21980,77997,Bill Robinzine,DAL,Dallas Mavericks,0028000248,1980-11-25,DAL vs. PHL,L,0,6,,,0.0,,,0,0,,,,,,,,,,12,,0
7558,21980,76539,Darryl Dawkins,PHL,Philadelphia 76ers,0028000248,1980-11-25,PHL @ DAL,W,0,5,,,0.0,,,2,3,0.667,,,,,,,,,12,,0
7559,21980,78350,Rudy Tomjanovich,HOU,Houston Rockets,0028000250,1980-11-24,HOU @ NYK,L,0,6,,,0.0,,,0,0,,,,,,,,,,12,,0
7560,21980,77721,Norm Nixon,LAL,Los Angeles Lakers,0028000243,1980-11-23,LAL vs. MIL,L,0,5,,,0.0,,,2,3,0.667,,,,,,,,,12,,0
7561,21980,77998,Dave Robisch,DEN,Denver Nuggets,0028000244,1980-11-23,DEN @ PHX,L,0,5,,,0.0,,,2,4,0.5,,,,,,,,,12,,0
7562,21980,77235,Rich Kelley,PHX,Phoenix Suns,0028000244,1980-11-23,PHX vs. DEN,W,0,6,,,0.0,,,0,0,,,,,,,,,,12,,0
7563,21980,77056,Cedrick Hordges,DEN,Denver Nuggets,0028000244,1980-11-23,DEN @ PHX,L,0,5,,,0.0,,,2,2,1.0,,,,,,,,,12,,0
7564,21980,76830,Glen Gondrezick,DEN,Denver Nuggets,0028000244,1980-11-23,DEN @ PHX,L,0,6,,,0.0,,,0,0,,,,,,,,,,12,,0
7565,21980,77239,Greg Kelser,DET,Detroit Pistons,0028000239,1980-11-22,DET vs. NJN,W,0,3,,,0.0,,,6,6,1.0,,,,,,,,,12,,0
7566,21980,76599,Larry Drew,DET,Detroit Pistons,0028000239,1980-11-22,DET vs. NJN,W,0,5,,,0.0,,,2,2,1.0,,,,,,,,,12,,0
7567,21980,76453,Dave Corzine,SAN,San Antonio Spurs,0028000238,1980-11-22,SAN vs. PHL,L,0,6,,,0.0,,,0,0,,,,,,,,,,12,,0
7568,21980,78350,Rudy Tomjanovich,HOU,Houston Rockets,0028000237,1980-11-22,HOU @ IND,L,0,5,,,0.0,,,2,2,1.0,,,,,,,,,12,,0
7569,21980,77848,Roger Phegley,CLE,Cleveland Cavaliers,0028000236,1980-11-22,CLE vs. BOS,W,0,6,,,0.0,,,0,0,,,,,,,,,,12,,0
7570,21980,1449,Larry Bird,BOS,Boston Celtics,0028000236,1980-11-22,BOS @ CLE,L,0,5,,,0.0,,,2,2,1.0,,,,,,,,,12,,0
7571,21980,78548,Freeman Williams,SDC,San Diego Clippers,0028000235,1980-11-21,SDC @ WAS,L,0,6,,,0.0,,,0,0,,,,,,,,,,12,,0
7572,21980,77328,Tom LaGarde,DAL,Dallas Mavericks,0028000233,1980-11-21,DAL vs. SEA,L,0,4,,,0.0,,,4,7,0.571,,,,,,,,,12,,0
7573,21980,76225,Winford Boynes,DAL,Dallas Mavericks,0028000233,1980-11-21,DAL vs. SEA,L,0,6,,,0.0,,,0,0,,,,,,,,,,12,,0
7574,21980,77438,Kyle Macy,PHX,Phoenix Suns,0028000232,1980-11-21,PHX @ LAL,L,0,6,,,0.0,,,0,0,,,,,,,,,,12,,0
7575,21980,77205,Eddie Jordan,LAL,Los Angeles Lakers,0028000232,1980-11-21,LAL vs. PHX,W,0,5,,,0.0,,,2,3,0.667,,,,,,,,,12,,0
7576,21980,1453,Walter Davis,PHX,Phoenix Suns,0028000232,1980-11-21,PHX @ LAL,L,0,5,,,0.0,,,2,2,1.0,,,,,,,,,12,,0
7577,21980,77998,Dave Robisch,DEN,Denver Nuggets,0028000231,1980-11-21,DEN vs. KCK,W,0,4,,,0.0,,,4,4,1.0,,,,,,,,,12,,0
7578,21980,100263,Bill Laimbeer,CLE,Cleveland Cavaliers,0028000227,1980-11-20,CLE vs. HOU,L,0,6,,,0.0,,,0,0,,,,,,,,,,12,,0
7579,21980,76350,Kenny Carr,CLE,Cleveland Cavaliers,0028000227,1980-11-20,CLE vs. HOU,L,0,4,,,0.0,,,4,6,0.667,,,,,,,,,12,,0
7580,21980,600005,Bob Lanier,MIL,Milwaukee Bucks,0028000226,1980-11-20,MIL @ POR,W,0,5,,,0.0,,,2,3,0.667,,,,,,,,,12,,0
7581,21980,77022,Johnny High,PHX,Phoenix Suns,0028000225,1980-11-20,PHX vs. LAL,W,0,5,,,0.0,,,2,2,1.0,,,,,,,,,12,,0
7582,21980,76436,Jeff Cook,PHX,Phoenix Suns,0028000225,1980-11-20,PHX vs. LAL,W,0,6,,,0.0,,,0,0,,,,,,,,,,12,,0
7583,21980,76733,Chris Ford,BOS,Boston Celtics,0028000223,1980-11-19,BOS @ IND,W,0,6,,,0.0,,,0,0,,,,,,,,,,12,,0
7584,21980,77950,Clint Richardson,PHL,Philadelphia 76ers,0028000221,1980-11-19,PHL vs. GOS,W,0,5,,,0.0,,,2,2,1.0,,,,,,,,,12,,0
7585,21980,77800,Sonny Parker,GOS,Golden State Warriors,0028000221,1980-11-19,GOS @ PHL,L,0,4,,,0.0,,,4,5,0.8,,,,,,,,,12,,0
7586,21980,76539,Darryl Dawkins,PHL,Philadelphia 76ers,0028000221,1980-11-19,PHL vs. GOS,W,0,5,,,0.0,,,2,3,0.667,,,,,,,,,12,,0
7587,21980,76971,Steve Hawes,ATL,Atlanta Hawks,0028000220,1980-11-18,ATL vs. SAN,W,0,6,,,0.0,,,0,0,,,,,,,,,,12,,0
7588,21980,77324,Mitch Kupchak,WAS,Washington Bullets,0028000219,1980-11-18,WAS vs. GOS,L,0,5,,,0.0,,,2,2,1.0,,,,,,,,,12,,0
7589,21980,76353,Joe Barry Carroll,GOS,Golden State Warriors,0028000219,1980-11-18,GOS @ WAS,W,0,5,,,0.0,,,2,4,0.5,,,,,,,,,12,,0
7590,21980,77126,Abdul Jeelani,DAL,Dallas Mavericks,0028000218,1980-11-18,DAL vs. PHX,L,0,4,,,0.0,,,4,4,1.0,,,,,,,,,12,,0
7591,21980,77487,Cedric Maxwell,BOS,Boston Celtics,0028000217,1980-11-18,BOS @ CHI,W,0,5,,,0.0,,,2,2,1.0,,,,,,,,,12,,0
7592,21980,76993,Gerald Henderson,BOS,Boston Celtics,0028000217,1980-11-18,BOS @ CHI,W,0,6,,,0.0,,,0,0,,,,,,,,,,12,,0
7593,21980,76686,Mike Evans,MIL,Milwaukee Bucks,0028000214,1980-11-18,MIL @ UTH,W,0,6,,,0.0,,,0,0,,,,,,,,,,12,,0
7594,21980,76954,Mike Harper,POR,Portland Trail Blazers,0028000210,1980-11-18,POR vs. DEN,W,0,3,,,0.0,,,6,12,0.5,,,,,,,,,12,,0
7595,21980,76416,Art Collins,ATL,Atlanta Hawks,0028000220,1980-11-18,ATL vs. SAN,W,0,3,,,,,,6,6,1.0,,,,,,,,,12,,0
7596,21980,78296,Brian Taylor,SDC,San Diego Clippers,0028000215,1980-11-18,SDC @ CLE,L,0,5,,,2.0,,,0,0,,,,,,,,,,12,,0
7597,21980,77071,Phil Hubbard,DET,Detroit Pistons,0028000206,1980-11-16,DET @ NJN,L,0,2,,,1.0,,,7,9,0.778,,,,,,,,,12,,0
7598,21980,77022,Johnny High,PHX,Phoenix Suns,0028000209,1980-11-16,PHX vs. POR,W,0,5,,,0.0,,,2,3,0.667,,,,,,,,,12,,0
7599,21980,77168,Mickey Johnson,MIL,Milwaukee Bucks,0028000208,1980-11-16,MIL vs. CHI,L,0,5,,,0.0,,,2,2,1.0,,,,,,,,,12,,0
7600,21980,77396,Scott Lloyd,DAL,Dallas Mavericks,0028000207,1980-11-16,DAL @ LAL,L,0,4,,,0.0,,,4,4,1.0,,,,,,,,,12,,0
7601,21980,77328,Tom LaGarde,DAL,Dallas Mavericks,0028000207,1980-11-16,DAL @ LAL,L,0,5,,,0.0,,,2,4,0.5,,,,,,,,,12,,0
7602,21980,76355,Butch Carter,LAL,Los Angeles Lakers,0028000207,1980-11-16,LAL vs. DAL,W,0,5,,,0.0,,,2,4,0.5,,,,,,,,,12,,0
7603,21980,78623,Larry Wright,DET,Detroit Pistons,0028000206,1980-11-16,DET @ NJN,L,0,5,,,0.0,,,2,2,1.0,,,,,,,,,12,,0
7604,21980,77010,Keith Herron,DET,Detroit Pistons,0028000206,1980-11-16,DET @ NJN,L,0,6,,,0.0,,,0,0,,,,,,,,,,12,,0
7605,21980,76826,Mike Gminski,NJN,New Jersey Nets,0028000206,1980-11-16,NJN vs. DET,W,0,4,,,0.0,,,4,6,0.667,,,,,,,,,12,,0
7606,21980,77986,Cliff T. Robinson,NJN,New Jersey Nets,0028000205,1980-11-15,NJN @ PHL,L,0,5,,,0.0,,,2,2,1.0,,,,,,,,,12,,0
7607,21980,77635,Lowes Moore,NJN,New Jersey Nets,0028000205,1980-11-15,NJN @ PHL,L,0,6,,,0.0,,,0,0,,,,,,,,,,12,,0
7608,21980,76826,Mike Gminski,NJN,New Jersey Nets,0028000205,1980-11-15,NJN @ PHL,L,0,5,,,0.0,,,2,3,0.667,,,,,,,,,12,,0
7609,21980,76435,Darwin Cook,NJN,New Jersey Nets,0028000205,1980-11-15,NJN @ PHL,L,0,4,,,0.0,,,4,5,0.8,,,,,,,,,12,,0
7610,21980,77615,Mike Mitchell,CLE,Cleveland Cavaliers,0028000204,1980-11-15,CLE @ NYK,L,0,6,,,0.0,,,0,0,,,,,,,,,,12,,0
7611,21980,76362,Bill Cartwright,NYK,New York Knicks,0028000204,1980-11-15,NYK vs. CLE,W,0,4,,,0.0,,,4,4,1.0,,,,,,,,,12,,0
7612,21980,78296,Brian Taylor,SDC,San Diego Clippers,0028000203,1980-11-15,SDC vs. KCK,L,0,6,,,0.0,,,0,1,0.0,,,,,,,,,12,,0
7613,21980,77800,Sonny Parker,GOS,Golden State Warriors,0028000202,1980-11-15,GOS vs. PHX,W,0,6,,,0.0,,,0,0,,,,,,,,,,12,,0
7614,21980,77264,Bernard King,GOS,Golden State Warriors,0028000202,1980-11-15,GOS vs. PHX,W,0,6,,,0.0,,,0,0,,,,,,,,,,12,,0
7615,21980,76436,Jeff Cook,PHX,Phoenix Suns,0028000202,1980-11-15,PHX @ GOS,L,0,6,,,0.0,,,0,0,,,,,,,,,,12,,0
7616,21980,76353,Joe Barry Carroll,GOS,Golden State Warriors,0028000202,1980-11-15,GOS vs. PHX,W,0,6,,,0.0,,,0,0,,,,,,,,,,12,,0
7617,21980,77056,Cedrick Hordges,DEN,Denver Nuggets,0028000201,1980-11-15,DEN vs. POR,W,0,5,,,0.0,,,2,2,1.0,,,,,,,,,12,,0
7618,21980,76895,Bob Gross,POR,Portland Trail Blazers,0028000201,1980-11-15,POR @ DEN,L,0,4,,,0.0,,,4,5,0.8,,,,,,,,6.0,12,,0
7619,21980,76889,Paul Griffin,SAN,San Antonio Spurs,0028000199,1980-11-15,SAN vs. UTH,W,0,3,,,0.0,,,6,6,1.0,,,,,,,,,12,,0
7620,21980,76204,Ron Boone,UTH,Utah Jazz,0028000196,1980-11-14,UTH vs. HOU,W,0,4,,,1.0,,,3,4,0.75,,,,,,,,,12,,0
7621,21980,76534,Ron Davis,SDC,San Diego Clippers,0028000192,1980-11-14,SDC @ LAL,L,0,5,,,0.0,,,2,3,0.667,,,,,,,,,12,,0
7622,21980,76248,Jim Brewer,LAL,Los Angeles Lakers,0028000192,1980-11-14,LAL vs. SDC,W,0,6,,,0.0,,,0,0,,,,,,,,,,12,,0
7623,21980,77986,Cliff T. Robinson,NJN,New Jersey Nets,0028000190,1980-11-14,NJN @ BOS,L,0,4,,,0.0,,,4,6,0.667,,,,,,,,,12,,0
7624,21980,77205,Eddie Jordan,NJN,New Jersey Nets,0028000190,1980-11-14,NJN @ BOS,L,0,4,,,0.0,,,4,6,0.667,,,,,,,,,12,,0
7625,21980,76826,Mike Gminski,NJN,New Jersey Nets,0028000190,1980-11-14,NJN @ BOS,L,0,6,,,0.0,,,0,0,,,,,,,,,,12,,0
7626,21980,76435,Darwin Cook,NJN,New Jersey Nets,0028000190,1980-11-14,NJN @ BOS,L,0,5,,,0.0,,,2,2,1.0,,,,,,,,,12,,0
7627,21980,1450,Kevin McHale,BOS,Boston Celtics,0028000190,1980-11-14,BOS vs. NJN,W,0,5,,,0.0,,,2,4,0.5,,,,,,,,,12,,0
7628,21980,77950,Clint Richardson,PHL,Philadelphia 76ers,0028000189,1980-11-13,PHL @ IND,W,0,4,,,0.0,,,4,5,0.8,,,,,,,,,12,,0
7629,21980,77043,Lionel Hollins,PHL,Philadelphia 76ers,0028000189,1980-11-13,PHL @ IND,W,0,6,,,0.0,,,0,0,,,,,,,,,,12,,0
7630,21980,76231,Dudley Bradley,IND,Indiana Pacers,0028000189,1980-11-13,IND vs. PHL,L,0,5,,,0.0,,,2,4,0.5,,,,,,,,,12,,0
7631,21980,77848,Roger Phegley,CLE,Cleveland Cavaliers,0028000188,1980-11-13,CLE vs. ATL,W,0,4,,,0.0,,,4,4,1.0,,,,,,,,,12,,0
7632,21980,77633,Johnny Moore,SAN,San Antonio Spurs,0028000187,1980-11-13,SAN @ SDC,W,0,5,,,0.0,,,2,4,0.5,,,,,,,,,12,,0
7633,21980,77167,Vinnie Johnson,SEA,Seattle SuperSonics,0028000186,1980-11-12,SEA vs. UTH,L,0,4,,,0.0,,,4,6,0.667,,,,,,,,,12,,0
7634,21980,78442,Wally Walker,SEA,Seattle SuperSonics,0028000186,1980-11-12,SEA vs. UTH,L,0,4,,,0.0,,,4,5,0.8,,,,,,,,,12,,0
7635,21980,76257,Allan Bristow,UTH,Utah Jazz,0028000186,1980-11-12,UTH @ SEA,W,0,5,,,0.0,,,2,3,0.667,,,,,,,,,12,,0
7636,21980,78139,Purvis Short,GOS,Golden State Warriors,0028000185,1980-11-12,GOS vs. KCK,W,0,4,,,0.0,,,4,5,0.8,,,,,,,,,12,,0
7637,21980,76993,Gerald Henderson,BOS,Boston Celtics,0028000184,1980-11-12,BOS vs. WAS,W,0,5,,,0.0,,,2,2,1.0,,,,,,,,,12,,0
7638,21980,78390,Terry Tyler,DET,Detroit Pistons,0028000180,1980-11-12,DET vs. MIL,L,0,6,,,0.0,,,0,0,,,,,,,,,6.0,12,,0
7639,21980,77239,Greg Kelser,DET,Detroit Pistons,0028000180,1980-11-12,DET vs. MIL,L,0,4,,,0.0,,,4,4,1.0,,,,,,,,,12,,0
7640,21980,76483,Pat Cummings,MIL,Milwaukee Bucks,0028000180,1980-11-12,MIL @ DET,W,0,4,,,0.0,,,4,4,1.0,,,,,,,,,12,,0
7641,21980,76599,Larry Drew,DET,Detroit Pistons,0028000176,1980-11-11,DET @ NYK,L,0,5,,,1.0,,,1,1,1.0,,,,,,,,,12,,0
7642,21980,78199,Phil Smith,SDC,San Diego Clippers,0028000178,1980-11-11,SDC vs. PHX,L,0,5,,,0.0,,,2,2,1.0,,,,,,,,,12,,0
7643,21980,77193,Bobby Jones,PHL,Philadelphia 76ers,0028000177,1980-11-11,PHL @ CHI,W,0,6,,,0.0,,,0,1,0.0,,,,,,,,,12,,0
7644,21980,77175,Caldwell Jones,PHL,Philadelphia 76ers,0028000177,1980-11-11,PHL @ CHI,W,0,2,,,0.0,,,8,11,0.727,,,,,,,,,12,,0
7645,21980,76305,Tom Burleson,ATL,Atlanta Hawks,0028000174,1980-11-11,ATL vs. LAL,L,0,5,,,0.0,,,2,4,0.5,,,,,,,,,12,,0
7646,21980,77911,Kelvin Ransey,POR,Portland Trail Blazers,0028000173,1980-11-11,POR vs. KCK,L,0,4,,,0.0,,,4,4,1.0,,,,,,,,6.0,12,,0
7647,21980,77848,Roger Phegley,CLE,Cleveland Cavaliers,0028000172,1980-11-11,CLE vs. MIL,L,0,5,,,0.0,,,2,2,1.0,,,,,,,,,12,,0
7648,21980,76296,Quinn Buckner,MIL,Milwaukee Bucks,0028000172,1980-11-11,MIL @ CLE,W,0,4,,,0.0,,,4,6,0.667,,,,,,,,,12,,0
7649,21980,77936,Robert Reid,HOU,Houston Rockets,0028000170,1980-11-11,HOU @ DAL,W,0,6,,,0.0,,,0,0,,,,,,,,,,12,,0
7650,21980,76996,Tom Henderson,HOU,Houston Rockets,0028000170,1980-11-11,HOU @ DAL,W,0,5,,,0.0,,,2,2,1.0,,,,,,,,,12,,0
7651,21980,77873,Ben Poquette,UTH,Utah Jazz,0028000169,1980-11-10,UTH vs. IND,W,0,5,,,0.0,,,2,2,1.0,,,,,,,,,12,,0
7652,21980,1450,Kevin McHale,BOS,Boston Celtics,0028000167,1980-11-09,BOS vs. CHI,W,0,6,,,0.0,,,0,0,,,,,,,,,,12,,0
7653,21980,77022,Johnny High,PHX,Phoenix Suns,0028000166,1980-11-08,PHX @ HOU,W,0,5,,,0.0,,,2,2,1.0,,,,,,,,,12,,0
7654,21980,78331,Mychal Thompson,POR,Portland Trail Blazers,0028000165,1980-11-08,POR vs. SDC,L,0,6,,,0.0,,,0,4,0.0,,,,,,,,,12,,0
7655,21980,78150,James Silas,SAN,San Antonio Spurs,0028000164,1980-11-08,SAN vs. LAL,W,0,4,,,0.0,,,4,4,1.0,,,,,,,,,12,,0
7656,21980,76453,Dave Corzine,SAN,San Antonio Spurs,0028000164,1980-11-08,SAN vs. LAL,W,0,5,,,0.0,,,2,4,0.5,,,,,,,,,12,,0
7657,21980,78195,Larry Smith,GOS,Golden State Warriors,0028000162,1980-11-08,GOS vs. IND,W,0,3,,,0.0,,,6,9,0.667,,,,,,,,,12,,0
7658,21980,76353,Joe Barry Carroll,GOS,Golden State Warriors,0028000162,1980-11-08,GOS vs. IND,W,0,5,,,0.0,,,2,3,0.667,,,,,,,,,12,,0
7659,21980,76599,Larry Drew,DET,Detroit Pistons,0028000158,1980-11-08,DET vs. DAL,W,0,5,,,0.0,,,2,3,0.667,,,,,,,,,12,,0
7660,21980,600005,Bob Lanier,MIL,Milwaukee Bucks,0028000155,1980-11-07,MIL @ BOS,W,0,4,,,0.0,,,4,9,0.444,,,,,,,,,12,,0
7661,21980,78442,Wally Walker,SEA,Seattle SuperSonics,0028000154,1980-11-07,SEA vs. SDC,W,0,4,,,0.0,,,4,6,0.667,,,,,,,,,12,,0
7662,21980,600014,Artis Gilmore,CHI,Chicago Bulls,0028000153,1980-11-07,CHI vs. ATL,W,0,4,,,0.0,,,4,5,0.8,,,,,,,,,12,,0
7663,21980,77553,Tom McMillen,ATL,Atlanta Hawks,0028000153,1980-11-07,ATL @ CHI,L,0,4,,,0.0,,,4,6,0.667,,,,,,,,,12,,0
7664,21980,77144,Eddie Johnson,ATL,Atlanta Hawks,0028000153,1980-11-07,ATL @ CHI,L,0,4,,,0.0,,,4,4,1.0,,,,,,,,,12,,0
7665,21980,76618,T.R. Dunn,DEN,Denver Nuggets,0028000152,1980-11-07,DEN vs. NYK,L,0,6,,,0.0,,,0,0,,,,,,,,,,12,,0
7666,21980,78307,Carlos Terry,WAS,Washington Bullets,0028000151,1980-11-07,WAS vs. DET,W,0,4,,,0.0,,,4,4,1.0,,,,,,,,,12,,0
7667,21980,78139,Purvis Short,GOS,Golden State Warriors,0028000150,1980-11-07,GOS @ POR,L,0,5,,,0.0,,,2,4,0.5,,,,,,,,,12,,0
7668,21980,77167,Vinnie Johnson,SEA,Seattle SuperSonics,0028000144,1980-11-05,SEA vs. DEN,L,0,5,,,1.0,,,1,2,0.5,,,,,,,,,12,,0
7669,21980,77205,Eddie Jordan,NJN,New Jersey Nets,0028000147,1980-11-05,NJN vs. CHI,L,0,4,,,1.0,,,3,4,0.75,,,,,,,,,12,,0
7670,21980,77246,Larry Kenon,CHI,Chicago Bulls,0028000147,1980-11-05,CHI @ NJN,W,0,5,,,0.0,,,2,2,1.0,,,,,,,,,12,,0
7671,21980,77010,Keith Herron,DET,Detroit Pistons,0028000146,1980-11-05,DET @ PHL,L,0,5,,,0.0,,,2,2,1.0,,,,,,,,,12,,0
7672,21980,76599,Larry Drew,DET,Detroit Pistons,0028000146,1980-11-05,DET @ PHL,L,0,5,,,0.0,,,2,2,1.0,,,,,,,,,12,,0
7673,21980,76971,Steve Hawes,ATL,Atlanta Hawks,0028000145,1980-11-05,ATL @ BOS,L,0,4,,,0.0,,,4,8,0.5,,,,,,,,,12,,0
7674,21980,305,Robert Parish,BOS,Boston Celtics,0028000145,1980-11-05,BOS vs. ATL,W,0,4,,,0.0,,,4,4,1.0,,,,,,,,6.0,12,,0
7675,21980,77998,Dave Robisch,DEN,Denver Nuggets,0028000144,1980-11-05,DEN @ SEA,W,0,6,,,0.0,,,0,1,0.0,,,,,,,,,12,,0
7676,21980,77633,Johnny Moore,SAN,San Antonio Spurs,0028000143,1980-11-05,SAN vs. PHX,W,0,5,,,0.0,,,2,5,0.4,,,,,,,,,12,,0
7677,21980,78548,Freeman Williams,SDC,San Diego Clippers,0028000141,1980-11-05,SDC @ HOU,W,0,5,,,0.0,,,2,2,1.0,,,,,,,,,12,,0
7678,21980,77689,Swen Nater,SDC,San Diego Clippers,0028000141,1980-11-05,SDC @ HOU,W,0,5,,,0.0,,,2,4,0.5,,,,,,,,,12,,0
7679,21980,77239,Greg Kelser,DET,Detroit Pistons,0028000139,1980-11-04,DET @ MIL,W,0,4,,,0.0,,,4,5,0.8,,,,,,,,,12,,0
7680,21980,76154,Kent Benson,DET,Detroit Pistons,0028000139,1980-11-04,DET @ MIL,W,0,4,,,0.0,,,4,4,1.0,,,,,,,,,12,,0
7681,21980,76392,Jim Chones,LAL,Los Angeles Lakers,0028000138,1980-11-04,LAL vs. POR,W,0,6,,,0.0,,,0,0,,,,,,,,,,12,,0
7682,21980,76321,Marty Byrnes,DAL,Dallas Mavericks,0028000137,1980-11-04,DAL vs. SDC,L,0,5,,,0.0,,,2,5,0.4,,,,,,,,,12,,0
7683,21980,77235,Rich Kelley,PHX,Phoenix Suns,0028000136,1980-11-04,PHX vs. IND,W,0,4,,,0.0,,,4,5,0.8,,,,,,,,,12,,0
7684,21980,77829,Sam Pellom,ATL,Atlanta Hawks,0028000134,1980-11-04,ATL @ WAS,L,0,6,,,0.0,,,0,0,,,,,,,,,,12,,0
7685,21980,77770,Louis Orr,IND,Indiana Pacers,0028000132,1980-11-02,IND @ MIL,L,0,4,,,0.0,,,4,5,0.8,,,,,,,,,12,,0
7686,21980,76252,Junior Bridgeman,MIL,Milwaukee Bucks,0028000132,1980-11-02,MIL vs. IND,W,0,5,,,0.0,,,2,2,1.0,,,,,,,,,12,,0
7687,21980,76095,Mike Bantom,IND,Indiana Pacers,0028000132,1980-11-02,IND @ MIL,L,0,5,,,0.0,,,2,2,1.0,,,,,,,,,12,,0
7688,21980,76350,Kenny Carr,CLE,Cleveland Cavaliers,0028000130,1980-11-02,CLE @ POR,L,0,6,,,0.0,,,0,0,,,,,,,,,6.0,12,,0
7689,21980,77273,Reggie King,KCK,Kansas City Kings,0028000129,1980-11-01,KCK vs. PHX,L,0,3,,,0.0,,,6,10,0.6,,,,,,,,,12,,0
7690,21980,78467,Kermit Washington,POR,Portland Trail Blazers,0028000128,1980-11-01,POR vs. UTH,L,0,5,,,0.0,,,2,4,0.5,,,,,,,,,12,,0
7691,21980,78618,Sam Worthen,CHI,Chicago Bulls,0028000125,1980-11-01,CHI vs. DET,W,0,5,,,0.0,,,2,3,0.667,,,,,,,,,12,,0
7692,21980,78570,Sly Williams,NYK,New York Knicks,0028000123,1980-11-01,NYK vs. WAS,W,0,6,,,0.0,,,0,0,,,,,,,,,,12,,0
7693,21980,78481,Marvin Webster,NYK,New York Knicks,0028000123,1980-11-01,NYK vs. WAS,W,0,5,,,0.0,,,2,2,1.0,,,,,,,,,12,,0
7694,21980,78150,James Silas,SAN,San Antonio Spurs,0028000122,1980-11-01,SAN @ GOS,L,0,6,,,0.0,,,0,0,,,,,,,,,,12,,0
7695,21980,76435,Darwin Cook,NJN,New Jersey Nets,0028000121,1980-11-01,NJN @ IND,L,0,5,,,0.0,,,2,4,0.5,,,,,,,,,12,,0
7696,21980,76392,Jim Chones,LAL,Los Angeles Lakers,0028000117,1980-10-31,LAL vs. CLE,W,0,4,,,0.0,,,4,6,0.667,,,,,,,,,12,,0
7697,21980,77193,Bobby Jones,PHL,Philadelphia 76ers,0028000116,1980-10-31,PHL vs. ATL,W,0,5,,,0.0,,,2,5,0.4,,,,,,,,,12,,0
7698,21980,78392,Wes Unseld,WAS,Washington Bullets,0028000115,1980-10-31,WAS @ NJN,L,0,6,,,0.0,,,0,1,0.0,,,,,,,,,12,,0
7699,21980,77420,Maurice Lucas,NJN,New Jersey Nets,0028000115,1980-10-31,NJN vs. WAS,W,0,6,,,0.0,,,0,0,,,,,,,,,,12,,0
7700,21980,76733,Chris Ford,BOS,Boston Celtics,0028000114,1980-10-31,BOS vs. KCK,W,0,6,,,0.0,,,0,0,,,,,,,,,6.0,12,,0
7701,21980,78390,Terry Tyler,DET,Detroit Pistons,0028000113,1980-10-31,DET vs. PHX,L,0,6,,,0.0,,,0,0,,,,,,,,,,12,,0
7702,21980,77022,Johnny High,PHX,Phoenix Suns,0028000113,1980-10-31,PHX @ DET,W,0,4,,,0.0,,,4,5,0.8,,,,,,,,,12,,0
7703,21980,76011,Alvan Adams,PHX,Phoenix Suns,0028000113,1980-10-31,PHX @ DET,W,0,4,,,0.0,,,4,8,0.5,,,,,,,,,12,,0
7704,21980,76095,Mike Bantom,IND,Indiana Pacers,0028000112,1980-10-31,IND @ CHI,W,0,6,,,0.0,,,0,0,,,,,,,,,,12,,0
7705,21980,77786,Tom Owens,POR,Portland Trail Blazers,0028000110,1980-10-29,POR @ KCK,L,0,5,,,0.0,,,2,4,0.5,,,,,,,,,12,,0
7706,21980,76736,Phil Ford,KCK,Kansas City Kings,0028000110,1980-10-29,KCK vs. POR,W,0,3,,,0.0,,,6,6,1.0,,,,,,,,,12,,0
7707,21980,77547,Billy McKinney,UTH,Utah Jazz,0028000109,1980-10-29,UTH vs. SAN,W,0,4,,,0.0,,,4,4,1.0,,,,,,,,,12,,0
7708,21980,77689,Swen Nater,SDC,San Diego Clippers,0028000107,1980-10-29,SDC @ PHX,L,0,6,,,0.0,,,0,0,,,,,,,,,,12,,0
7709,21980,77669,Calvin Murphy,HOU,Houston Rockets,0028000106,1980-10-29,HOU vs. DAL,W,0,5,,,0.0,,,2,2,1.0,,,,,,,,,12,,0
7710,21980,76996,Tom Henderson,HOU,Houston Rockets,0028000106,1980-10-29,HOU vs. DAL,W,0,4,,,0.0,,,4,4,1.0,,,,,,,,,12,,0
7711,21980,77239,Greg Kelser,DET,Detroit Pistons,0028000105,1980-10-29,DET vs. BOS,L,0,6,,,0.0,,,0,3,0.0,,,,,,,,,12,,0
7712,21980,76154,Kent Benson,DET,Detroit Pistons,0028000105,1980-10-29,DET vs. BOS,L,0,5,,,0.0,,,2,2,1.0,,,,,,,,,12,,0
7713,21980,1449,Larry Bird,BOS,Boston Celtics,0028000105,1980-10-29,BOS @ DET,W,0,5,,,0.0,,,2,2,1.0,,,,,,,,,12,,0
7714,21980,1381,John Long,DET,Detroit Pistons,0028000105,1980-10-29,DET vs. BOS,L,0,4,,,0.0,,,4,5,0.8,,,,,,,,,12,,0
7715,21980,76353,Joe Barry Carroll,GOS,Golden State Warriors,0028000103,1980-10-29,GOS vs. DEN,W,0,5,,,0.0,,,2,6,0.333,,,,,,,,6.0,12,,0
7716,21980,76441,Wayne Cooper,UTH,Utah Jazz,0028000100,1980-10-28,UTH @ DAL,W,0,6,,,0.0,,,0,0,,,,,,,,,,12,,0
7717,21980,78520,Sidney Wicks,SDC,San Diego Clippers,0028000098,1980-10-28,SDC vs. LAL,L,0,4,,,0.0,,,4,4,1.0,,,,,,,,,12,,0
7718,21980,77144,Eddie Johnson,ATL,Atlanta Hawks,0028000095,1980-10-28,ATL vs. KCK,W,0,4,,,0.0,,,4,4,1.0,,,,,,,,,12,,0
7719,21980,76249,Ron Brewer,POR,Portland Trail Blazers,0028000094,1980-10-26,POR @ SEA,L,0,5,,,0.0,,,2,4,0.5,,,,,,,,,12,,0
7720,21980,77756,Mark Olberding,SAN,San Antonio Spurs,0028000093,1980-10-26,SAN @ LAL,W,0,6,,,0.0,,,0,1,0.0,,,,,,,,,12,,0
7721,21980,76296,Quinn Buckner,MIL,Milwaukee Bucks,0028000092,1980-10-26,MIL vs. WAS,W,0,6,,,0.0,,,0,2,0.0,,,,,,,,,12,,0
7722,21980,78199,Phil Smith,SDC,San Diego Clippers,0028000091,1980-10-25,SDC vs. SAN,L,0,4,,,0.0,,,4,4,1.0,,,,,,,,,12,,0
7723,21980,77944,Kevin Restani,SAN,San Antonio Spurs,0028000091,1980-10-25,SAN @ SDC,W,0,4,,,0.0,,,4,4,1.0,,,,,,,,,12,,0
7724,21980,76453,Dave Corzine,SAN,San Antonio Spurs,0028000091,1980-10-25,SAN @ SDC,W,0,6,,,0.0,,,0,0,,,,,,,,,,12,,0
7725,21980,77952,Micheal Ray Richardson,NYK,New York Knicks,0028000090,1980-10-25,NYK vs. NJN,W,0,4,,,0.0,,,4,7,0.571,,,,,,,,,12,,0
7726,21980,76392,Jim Chones,LAL,Los Angeles Lakers,0028000088,1980-10-25,LAL @ UTH,W,0,5,,,0.0,,,2,2,1.0,,,,,,,,,12,,0
7727,21980,77484,Wes Matthews,WAS,Washington Bullets,0028000087,1980-10-25,WAS vs. BOS,L,0,5,,,0.0,,,2,3,0.667,,,,,,,,,12,,0
7728,21980,305,Robert Parish,BOS,Boston Celtics,0028000087,1980-10-25,BOS @ WAS,W,0,5,,,0.0,,,2,2,1.0,,,,,,,,,12,,0
7729,21980,77021,Kenny Higgs,DEN,Denver Nuggets,0028000086,1980-10-25,DEN @ KCK,L,0,3,,,0.0,,,6,7,0.857,,,,,,,,,12,,0
7730,21980,78195,Larry Smith,GOS,Golden State Warriors,0028000085,1980-10-25,GOS vs. DAL,W,0,5,,,0.0,,,2,5,0.4,,,,,,,,,12,,0
7731,21980,77087,Geoff Huston,DAL,Dallas Mavericks,0028000085,1980-10-25,DAL @ GOS,L,0,5,,,0.0,,,2,2,1.0,,,,,,,,,12,,0
7732,21980,77024,Armond Hill,ATL,Atlanta Hawks,0028000082,1980-10-25,ATL vs. PHL,L,0,4,,,0.0,,,4,4,1.0,,,,,,,,,12,,0
7733,21980,77022,Johnny High,PHX,Phoenix Suns,0028000081,1980-10-25,PHX @ SEA,W,0,5,,,0.0,,,2,2,1.0,,,,,,,,,12,,0
7734,21980,77438,Kyle Macy,PHX,Phoenix Suns,0028000081,1980-10-25,PHX @ SEA,W,0,5,,,2.0,,,0,0,,,,,,,,,,12,,0
7735,21980,78133,Lonnie Shelton,SEA,Seattle SuperSonics,0028000079,1980-10-24,SEA @ LAL,L,0,5,,,0.0,,,2,2,1.0,,,,,,,,,12,,0
7736,21980,76583,James Donaldson,SEA,Seattle SuperSonics,0028000079,1980-10-24,SEA @ LAL,L,0,4,,,0.0,,,4,4,1.0,,,,,,,,,12,,0
7737,21980,328,Rick Mahorn,WAS,Washington Bullets,0028000078,1980-10-24,WAS @ CHI,L,0,5,,,0.0,,,2,2,1.0,,,,,,,,,12,,0
7738,21980,78222,Jim Spanarkel,DAL,Dallas Mavericks,0028000076,1980-10-24,DAL @ POR,L,0,2,,,0.0,,,8,8,1.0,,,,,,,,,12,,0
7739,21980,77819,Jim Paxson,POR,Portland Trail Blazers,0028000076,1980-10-24,POR vs. DAL,W,0,6,,,0.0,,,0,0,,,,,,,,,,12,,0
7740,21980,77087,Geoff Huston,DAL,Dallas Mavericks,0028000076,1980-10-24,DAL @ POR,L,0,6,,,0.0,,,0,0,,,,,,,,,,12,,0
7741,21980,76121,Billyray Bates,POR,Portland Trail Blazers,0028000076,1980-10-24,POR vs. DAL,W,0,6,,,0.0,,,0,0,,,,,,,,,,12,,0
7742,21980,76351,M.L. Carr,BOS,Boston Celtics,0028000073,1980-10-23,BOS vs. NYK,L,0,6,,,0.0,,,0,0,,,,,,,,,,12,,0
7743,21980,78510,Jojo White,KCK,Kansas City Kings,0028000072,1980-10-23,KCK @ HOU,W,0,6,,,0.0,,,0,0,,,,,,,,,,12,,0
7744,21980,78513,Rudy White,GOS,Golden State Warriors,0028000071,1980-10-23,GOS @ SAN,L,0,4,,,0.0,,,4,4,1.0,,,,,,,,,12,,0
7745,21980,78195,Larry Smith,GOS,Golden State Warriors,0028000071,1980-10-23,GOS @ SAN,L,0,3,,,0.0,,,6,9,0.667,,,,,,,,,12,,0
7746,21980,77152,John Johnson,SEA,Seattle SuperSonics,0028000070,1980-10-22,SEA vs. DAL,L,0,4,,,0.0,,,4,5,0.8,,,,,,,,6.0,12,,0
7747,21980,76272,Fred Brown,SEA,Seattle SuperSonics,0028000070,1980-10-22,SEA vs. DAL,L,0,5,,,0.0,,,2,3,0.667,,,,,,,,,12,,0
7748,21980,77239,Greg Kelser,DET,Detroit Pistons,0028000069,1980-10-22,DET vs. PHL,L,0,5,,,0.0,,,2,2,1.0,,,,,,,,,12,,0
7749,21980,76526,Johnny Davis,IND,Indiana Pacers,0028000068,1980-10-22,IND vs. MIL,L,0,4,,,0.0,,,4,5,0.8,,,,,,,,,12,,0
7750,21980,77984,Rick Robey,BOS,Boston Celtics,0028000066,1980-10-22,BOS @ NJN,W,0,4,,,0.0,,,4,4,1.0,,,,,,,,,12,,0
7751,21980,76734,Don Ford,CLE,Cleveland Cavaliers,0028000065,1980-10-21,CLE @ MIL,L,0,5,,,0.0,,,2,2,1.0,,,,,,,,,12,,0
7752,21980,76350,Kenny Carr,CLE,Cleveland Cavaliers,0028000065,1980-10-21,CLE @ MIL,L,0,4,,,0.0,,,4,4,1.0,,,,,,,,,12,,0
7753,21980,76618,T.R. Dunn,DEN,Denver Nuggets,0028000063,1980-10-21,DEN vs. HOU,L,0,3,,,0.0,,,6,9,0.667,,,,,,,,,12,,0
7754,21980,78139,Purvis Short,GOS,Golden State Warriors,0028000062,1980-10-21,GOS @ KCK,W,0,4,,,0.0,,,4,4,1.0,,,,,,,,,12,,0
7755,21980,76590,Leon Douglas,KCK,Kansas City Kings,0028000062,1980-10-21,KCK vs. GOS,L,0,5,,,0.0,,,2,3,0.667,,,,,,,,,12,,0
7756,21980,77149,George Johnson,SAN,San Antonio Spurs,0028000061,1980-10-21,SAN vs. SDC,W,0,5,,,0.0,,,2,3,0.667,,,,,,,,,12,,0
7757,21980,76453,Dave Corzine,SAN,San Antonio Spurs,0028000061,1980-10-21,SAN vs. SDC,W,0,6,,,0.0,,,0,0,,,,,,,,,,12,,0
7758,21980,77829,Sam Pellom,ATL,Atlanta Hawks,0028000060,1980-10-21,ATL vs. IND,L,0,5,,,0.0,,,2,2,1.0,,,,,,,,,12,,0
7759,21980,77087,Geoff Huston,DAL,Dallas Mavericks,0028000059,1980-10-21,DAL @ PHX,L,0,5,,,0.0,,,2,3,0.667,,,,,,,,,12,,0
7760,21980,77022,Johnny High,PHX,Phoenix Suns,0028000059,1980-10-21,PHX vs. DAL,W,0,6,,,0.0,,,0,1,0.0,,,,,,,,,12,,0
7761,21980,77182,Dwight Jones,CHI,Chicago Bulls,0028000058,1980-10-21,CHI @ NYK,L,0,6,,,0.0,,,0,0,,,,,,,,,,12,,0
7762,21980,76272,Fred Brown,SEA,Seattle SuperSonics,0028000057,1980-10-20,SEA @ UTH,W,0,6,,,0.0,,,0,0,,,,,,,,,,12,,0
7763,21980,76204,Ron Boone,UTH,Utah Jazz,0028000057,1980-10-20,UTH vs. SEA,L,0,4,,,0.0,,,4,4,1.0,,,,,,,,,12,,0
7764,21980,76085,James Bailey,SEA,Seattle SuperSonics,0028000057,1980-10-20,SEA @ UTH,W,0,5,,,0.0,,,2,2,1.0,,,,,,,,,12,,0
7765,21980,76011,Alvan Adams,PHX,Phoenix Suns,0028000056,1980-10-19,PHX @ SDC,W,0,6,,,0.0,,,0,0,,,,,,,,,,12,,0
7766,21980,76296,Quinn Buckner,MIL,Milwaukee Bucks,0028000054,1980-10-19,MIL vs. NJN,W,0,5,,,0.0,,,2,2,1.0,,,,,,,,,12,,0
7767,21980,78350,Rudy Tomjanovich,HOU,Houston Rockets,0028000053,1980-10-18,HOU @ GOS,L,0,2,,,0.0,,,8,8,1.0,,,,,,,,,12,,0
7768,21980,77353,Allen Leavell,HOU,Houston Rockets,0028000053,1980-10-18,HOU @ GOS,L,0,4,,,0.0,,,4,4,1.0,,,,,,,,,12,,0
7769,21980,76598,John Drew,ATL,Atlanta Hawks,0028000052,1980-10-18,ATL @ DET,W,0,6,,,0.0,,,0,0,,,,,,,,,,12,,0
7770,21980,77193,Bobby Jones,PHL,Philadelphia 76ers,0028000050,1980-10-18,PHL vs. WAS,W,0,5,,,0.0,,,2,2,1.0,,,,,,,,,12,,0
7771,21980,76590,Leon Douglas,KCK,Kansas City Kings,0028000049,1980-10-18,KCK vs. SEA,L,0,6,,,0.0,,,0,2,0.0,,,,,,,,,12,,0
7772,21980,77532,George McGinnis,IND,Indiana Pacers,0028000048,1980-10-18,IND vs. BOS,W,0,6,,,0.0,,,0,3,0.0,,,,,,,,,12,,0
7773,21980,76993,Gerald Henderson,BOS,Boston Celtics,0028000048,1980-10-18,BOS @ IND,L,0,5,,,0.0,,,2,2,1.0,,,,,,,,,12,,0
7774,21980,78468,Richard Washington,DAL,Dallas Mavericks,0028000047,1980-10-18,DAL @ SAN,L,0,5,,,0.0,,,2,2,1.0,,,,,,,,,12,,0
7775,21980,78222,Jim Spanarkel,DAL,Dallas Mavericks,0028000047,1980-10-18,DAL @ SAN,L,0,3,,,0.0,,,6,7,0.857,,,,,,,,,12,,0
7776,21980,76225,Winford Boynes,DAL,Dallas Mavericks,0028000047,1980-10-18,DAL @ SAN,L,0,6,,,0.0,,,0,0,,,,,,,,,,12,,0
7777,21980,77547,Billy McKinney,UTH,Utah Jazz,0028000045,1980-10-18,UTH vs. DEN,W,0,4,,,0.0,,,4,4,1.0,,,,,,,,,12,,0
7778,21980,77141,Dennis Johnson,PHX,Phoenix Suns,0028000040,1980-10-17,PHX @ LAL,L,0,5,,,1.0,,,1,2,0.5,,,,,,,,,12,,0
7779,21980,76471,Charlie Criss,ATL,Atlanta Hawks,0028000044,1980-10-17,ATL vs. NYK,W,0,5,,,0.0,,,2,2,1.0,,,,,,,,,12,,0
7780,21980,78392,Wes Unseld,WAS,Washington Bullets,0028000043,1980-10-17,WAS vs. NJN,L,0,5,,,0.0,,,2,2,1.0,,,,,,,,,12,,0
7781,21980,600014,Artis Gilmore,CHI,Chicago Bulls,0028000038,1980-10-17,CHI vs. CLE,W,0,4,,,0.0,,,4,4,1.0,,,,,,,,,12,,0
7782,21980,77246,Larry Kenon,CHI,Chicago Bulls,0028000038,1980-10-17,CHI vs. CLE,W,0,6,,,0.0,,,0,0,,,,,,,,,,12,,0
7783,21980,77623,Paul Mokeski,DET,Detroit Pistons,0028000037,1980-10-16,DET vs. SAN,L,0,6,,,0.0,,,0,0,,,,,,,,,6.0,12,,0
7784,21980,78575,John Williamson,WAS,Washington Bullets,0028000036,1980-10-16,WAS @ CLE,L,0,6,,,0.0,,,0,0,,,,,,,,,,12,,0
7785,21980,76500,Bob Dandridge,WAS,Washington Bullets,0028000036,1980-10-16,WAS @ CLE,L,0,5,,,0.0,,,2,2,1.0,,,,,,,,,12,,0
7786,21980,76242,Mike Bratz,CLE,Cleveland Cavaliers,0028000036,1980-10-16,CLE vs. WAS,W,0,6,,,0.0,,,0,0,,,,,,,,,,12,,0
7787,21980,76091,Greg Ballard,WAS,Washington Bullets,0028000036,1980-10-16,WAS @ CLE,L,0,6,,,0.0,,,0,0,,,,,,,,,,12,,0
7788,21980,77487,Cedric Maxwell,BOS,Boston Celtics,0028000035,1980-10-16,BOS @ MIL,W,0,3,,,0.0,,,6,8,0.75,,,,,,,,,12,,0
7789,21980,77087,Geoff Huston,DAL,Dallas Mavericks,0028000029,1980-10-15,DAL @ DEN,L,0,5,,,0.0,,,2,4,0.5,,,,,,,,,12,,0
7790,21980,77056,Cedrick Hordges,DEN,Denver Nuggets,0028000029,1980-10-15,DEN vs. DAL,W,0,5,,,0.0,,,2,4,0.5,,,,,,,,6.0,12,,0
7791,21980,77021,Kenny Higgs,DEN,Denver Nuggets,0028000029,1980-10-15,DEN vs. DAL,W,0,6,,,0.0,,,0,1,0.0,,,,,,,,,12,,0
7792,21980,76734,Don Ford,CLE,Cleveland Cavaliers,0028000023,1980-10-14,CLE vs. DET,W,0,4,,,0.0,,,4,4,1.0,,,,,,,,6.0,12,,0
7793,21980,76154,Kent Benson,DET,Detroit Pistons,0028000023,1980-10-14,DET @ CLE,L,0,4,,,0.0,,,4,4,1.0,,,,,,,,,12,,0
7794,21980,78570,Sly Williams,NYK,New York Knicks,0028000027,1980-10-14,NYK vs. PHL,W,0,5,,,0.0,,,2,2,1.0,,,,,,,,,12,,0
7795,21980,77010,Keith Herron,DET,Detroit Pistons,0028000022,1980-10-13,DET @ NJN,L,0,6,,,0.0,,,0,0,,,,,,,,,,12,,0
7796,21980,78000,John Roche,DEN,Denver Nuggets,0028000018,1980-10-12,DEN vs. UTH,L,0,5,,,1.0,,,1,1,1.0,,,,,,,,,12,,0
7797,21980,77873,Ben Poquette,UTH,Utah Jazz,0028000018,1980-10-12,UTH @ DEN,W,0,5,,,0.0,,,2,2,1.0,,,,,,,,6.0,12,,0
7798,21980,78222,Jim Spanarkel,DAL,Dallas Mavericks,0028000010,1980-10-11,DAL vs. SAN,W,0,4,,,0.0,,,4,5,0.8,,,,,,,,,12,,0
7799,21980,100263,Bill Laimbeer,CLE,Cleveland Cavaliers,0028000012,1980-10-11,CLE vs. NJN,L,0,6,,,0.0,,,0,0,,,,,,,,,,12,,0
7800,21980,77635,Lowes Moore,NJN,New Jersey Nets,0028000012,1980-10-11,NJN @ CLE,W,0,5,,,0.0,,,2,2,1.0,,,,,,,,,12,,0
7801,21980,76948,James Hardy,UTH,Utah Jazz,0028000017,1980-10-11,UTH @ KCK,L,0,6,,,0.0,,,0,0,,,,,,,,,,12,,0
7802,21980,76435,Darwin Cook,NJN,New Jersey Nets,0028000009,1980-10-10,NJN vs. IND,L,0,5,,,0.0,,,2,2,1.0,,,,,,,,,12,,0
7803,21980,76231,Dudley Bradley,IND,Indiana Pacers,0028000009,1980-10-10,IND @ NJN,W,0,4,,,0.0,,,4,5,0.8,,,,,,,,,12,,0
7804,21980,76095,Mike Bantom,IND,Indiana Pacers,0028000009,1980-10-10,IND @ NJN,W,0,4,,,0.0,,,4,4,1.0,,,,,,,,6.0,12,,0
7805,21980,77819,Jim Paxson,POR,Portland Trail Blazers,0028000008,1980-10-10,POR @ UTH,L,0,6,,,0.0,,,0,0,,,,,,,,,,12,,0
7806,21980,77152,John Johnson,SEA,Seattle SuperSonics,0028000006,1980-10-10,SEA vs. LAL,L,0,5,,,0.0,,,2,2,1.0,,,,,,,,,12,,0
7807,21980,78392,Wes Unseld,WAS,Washington Bullets,0028000005,1980-10-10,WAS @ DET,W,0,6,,,0.0,,,0,0,,,,,,,,,,12,,0
7808,21980,77484,Wes Matthews,WAS,Washington Bullets,0028000005,1980-10-10,WAS @ DET,W,0,5,,,0.0,,,2,3,0.667,,,,,,,,,12,,0
7809,21980,76887,Kevin Grevey,WAS,Washington Bullets,0028000005,1980-10-10,WAS @ DET,W,0,2,,,0.0,,,8,9,0.889,,,,,,,,,12,,0
7810,21980,76154,Kent Benson,DET,Detroit Pistons,0028000005,1980-10-10,DET vs. WAS,L,0,6,,,0.0,,,0,0,,,,,,,,,,12,,0
7811,21980,76091,Greg Ballard,WAS,Washington Bullets,0028000005,1980-10-10,WAS @ DET,W,0,5,,,0.0,,,2,2,1.0,,,,,,,,,12,,0
7812,21980,77944,Kevin Restani,SAN,San Antonio Spurs,0028000002,1980-10-10,SAN @ DEN,W,0,6,,,0.0,,,0,0,,,,,,,,,,12,,0
7813,21980,77264,Bernard King,GOS,Golden State Warriors,0028000001,1980-10-10,GOS @ PHX,L,0,6,,,0.0,,,0,0,,,,,,,,,,12,,0
7814,21980,77022,Johnny High,PHX,Phoenix Suns,0028000001,1980-10-10,PHX vs. GOS,W,0,6,,,0.0,,,0,2,0.0,,,,,,,,,12,,0
7815,21980,78047,Campy Russell,NYK,New York Knicks,0028000940,1981-03-29,NYK vs. NJN,W,0,5,,,0.0,,,1,2,0.5,,,,,,,,,11,,0
7816,21980,78468,Richard Washington,CLE,Cleveland Cavaliers,0028000943,1981-03-29,CLE @ WAS,L,0,5,,,0.0,,,1,3,0.333,,,,,,,,6.0,11,,0
7817,21980,76418,Don Collins,WAS,Washington Bullets,0028000943,1981-03-29,WAS vs. CLE,W,0,5,,,0.0,,,1,2,0.5,,,,,,,,,11,,0
7818,21980,77152,John Johnson,SEA,Seattle SuperSonics,0028000939,1981-03-29,SEA vs. GOS,W,0,5,,,0.0,,,1,2,0.5,,,,,,,,,11,,0
7819,21980,78527,Michael Wiley,SAN,San Antonio Spurs,0028000935,1981-03-29,SAN vs. HOU,W,0,4,,,0.0,,,3,4,0.75,,,,,,,,,11,,0
7820,21980,77633,Johnny Moore,SAN,San Antonio Spurs,0028000935,1981-03-29,SAN vs. HOU,W,0,2,,,0.0,,,7,9,0.778,,,,,,,,,11,,0
7821,21980,77998,Dave Robisch,DEN,Denver Nuggets,0028000932,1981-03-28,DEN @ GOS,W,0,4,,,0.0,,,3,3,1.0,,,,,,,,,11,,0
7822,21980,77800,Sonny Parker,GOS,Golden State Warriors,0028000932,1981-03-28,GOS vs. DEN,L,0,5,,,0.0,,,1,3,0.333,,,,,,,,,11,,0
7823,21980,78571,Ray Williams,NYK,New York Knicks,0028000931,1981-03-28,NYK @ NJN,W,0,4,,,0.0,,,3,4,0.75,,,,,,,,,11,,0
7824,21980,77364,Ron Lee,DET,Detroit Pistons,0028000929,1981-03-28,DET @ WAS,L,0,3,,,0.0,,,5,5,1.0,,,,,,,,,11,,0
7825,21980,77071,Phil Hubbard,DET,Detroit Pistons,0028000928,1981-03-27,DET @ BOS,W,0,5,,,0.0,,,1,3,0.333,,,,,,,,,11,,0
7826,21980,76993,Gerald Henderson,BOS,Boston Celtics,0028000928,1981-03-27,BOS vs. DET,L,0,4,,,0.0,,,3,4,0.75,,,,,,,,,11,,0
7827,21980,77691,Calvin Natt,POR,Portland Trail Blazers,0028000926,1981-03-27,POR @ DAL,W,0,5,,,0.0,,,1,1,1.0,,,,,,,,,11,,0
7828,21980,77848,Roger Phegley,CLE,Cleveland Cavaliers,0028000925,1981-03-27,CLE vs. PHL,L,0,5,,,0.0,,,1,2,0.5,,,,,,,,6.0,11,,0
7829,21980,77618,Steve Mix,PHL,Philadelphia 76ers,0028000925,1981-03-27,PHL @ CLE,W,0,5,,,0.0,,,1,3,0.333,,,,,,,,,11,,0
7830,21980,76011,Alvan Adams,PHX,Phoenix Suns,0028000924,1981-03-27,PHX vs. SDC,W,0,4,,,0.0,,,3,6,0.5,,,,,,,,,11,,0
7831,21980,76441,Wayne Cooper,UTH,Utah Jazz,0028000920,1981-03-26,UTH vs. SAN,L,0,5,,,0.0,,,1,4,0.25,,,,,,,,,11,,0
7832,21980,76242,Mike Bratz,CLE,Cleveland Cavaliers,0028000918,1981-03-26,CLE @ MIL,L,0,5,,,1.0,,,0,0,,,,,,,,,,11,,0
7833,21980,77420,Maurice Lucas,NJN,New Jersey Nets,0028000916,1981-03-25,NJN vs. BOS,L,0,5,,,0.0,,,1,2,0.5,,,,,,,,,11,,0
7834,21980,76435,Darwin Cook,NJN,New Jersey Nets,0028000916,1981-03-25,NJN vs. BOS,L,0,5,,,0.0,,,1,2,0.5,,,,,,,,,11,,0
7835,21980,78222,Jim Spanarkel,DAL,Dallas Mavericks,0028000914,1981-03-25,DAL @ DEN,W,0,5,,,0.0,,,1,2,0.5,,,,,,,,,11,,0
7836,21980,77432,Ollie Mack,DAL,Dallas Mavericks,0028000914,1981-03-25,DAL @ DEN,W,0,4,,,0.0,,,3,4,0.75,,,,,,,,,11,,0
7837,21980,78442,Wally Walker,SEA,Seattle SuperSonics,0028000911,1981-03-25,SEA vs. POR,L,0,4,,,0.0,,,3,5,0.6,,,,,,,,,11,,0
7838,21980,78149,Jack Sikma,SEA,Seattle SuperSonics,0028000911,1981-03-25,SEA vs. POR,L,0,5,,,0.0,,,1,2,0.5,,,,,,,,,11,,0
7839,21980,76085,James Bailey,SEA,Seattle SuperSonics,0028000911,1981-03-25,SEA vs. POR,L,0,4,,,0.0,,,3,4,0.75,,,,,,,,,11,,0
7840,21980,76321,Marty Byrnes,DAL,Dallas Mavericks,0028000906,1981-03-24,DAL vs. HOU,L,0,4,,,1.0,,,2,3,0.667,,,,,,,,,11,,0
7841,21980,77829,Sam Pellom,ATL,Atlanta Hawks,0028000908,1981-03-24,ATL vs. DET,W,0,4,,,0.0,,,3,4,0.75,,,,,,,,,11,,0
7842,21980,76154,Kent Benson,DET,Detroit Pistons,0028000908,1981-03-24,DET @ ATL,L,0,4,,,0.0,,,3,4,0.75,,,,,,,,,11,,0
7843,21980,76350,Kenny Carr,CLE,Cleveland Cavaliers,0028000905,1981-03-24,CLE @ CHI,L,0,5,,,0.0,,,1,1,1.0,,,,,,,,,11,,0
7844,21980,76483,Pat Cummings,MIL,Milwaukee Bucks,0028000903,1981-03-24,MIL vs. NJN,W,0,4,,,0.0,,,3,8,0.375,,,,,,,,,11,,0
7845,21980,77308,Joel Kramer,PHX,Phoenix Suns,0028000899,1981-03-22,PHX vs. SEA,W,0,3,,,0.0,,,5,7,0.714,,,,,,,,,11,,0
7846,21980,77235,Rich Kelley,PHX,Phoenix Suns,0028000899,1981-03-22,PHX vs. SEA,W,0,3,,,0.0,,,5,8,0.625,,,,,,,,,11,,0
7847,21980,76296,Quinn Buckner,MIL,Milwaukee Bucks,0028000898,1981-03-22,MIL @ NJN,W,0,5,,,0.0,,,1,2,0.5,,,,,,,,,11,,0
7848,21980,78577,Bill Willoughby,HOU,Houston Rockets,0028000894,1981-03-22,HOU @ KCK,W,0,5,,,0.0,,,1,2,0.5,,,,,,,,,11,,0
7849,21980,76996,Tom Henderson,HOU,Houston Rockets,0028000894,1981-03-22,HOU @ KCK,W,0,4,,,0.0,,,3,3,1.0,,,,,,,,,11,,0
7850,21980,76590,Leon Douglas,KCK,Kansas City Kings,0028000894,1981-03-22,KCK vs. HOU,L,0,3,,,0.0,,,5,6,0.833,,,,,,,,,11,,0
7851,21980,78404,Kiki Vandeweghe,DEN,Denver Nuggets,0028000893,1981-03-22,DEN vs. UTH,W,0,4,,,0.0,,,3,3,1.0,,,,,,,,,11,,0
7852,21980,77984,Rick Robey,BOS,Boston Celtics,0028000892,1981-03-22,BOS @ PHL,L,0,5,,,0.0,,,1,1,1.0,,,,,,,,,11,,0
7853,21980,1450,Kevin McHale,BOS,Boston Celtics,0028000892,1981-03-22,BOS @ PHL,L,0,5,,,0.0,,,1,1,1.0,,,,,,,,,11,,0
7854,21980,78215,Ricky Sobers,CHI,Chicago Bulls,0028000890,1981-03-22,CHI @ DET,W,0,5,,,0.0,,,1,2,0.5,,,,,,,,,11,,0
7855,21980,77623,Paul Mokeski,DET,Detroit Pistons,0028000890,1981-03-22,DET vs. CHI,L,0,5,,,0.0,,,1,1,1.0,,,,,,,,,11,,0
7856,21980,77873,Ben Poquette,UTH,Utah Jazz,0028000893,1981-03-22,UTH @ DEN,L,0,5,,,1.0,,,0,0,,,,,,,,,,11,,0
7857,21980,76895,Bob Gross,POR,Portland Trail Blazers,0028000889,1981-03-21,POR vs. LAL,L,0,5,,,0.0,,,1,2,0.5,,,,,,,,,11,,0
7858,21980,78195,Larry Smith,GOS,Golden State Warriors,0028000888,1981-03-21,GOS vs. PHX,W,0,5,,,0.0,,,1,2,0.5,,,,,,,,,11,,0
7859,21980,78481,Marvin Webster,NYK,New York Knicks,0028000886,1981-03-21,NYK vs. CLE,W,0,5,,,0.0,,,1,1,1.0,,,,,,,,,11,,0
7860,21980,77944,Kevin Restani,SAN,San Antonio Spurs,0028000880,1981-03-20,SAN @ KCK,W,0,4,,,0.0,,,3,4,0.75,,,,,,,,,11,,0
7861,21980,76170,Otis Birdsong,KCK,Kansas City Kings,0028000880,1981-03-20,KCK vs. SAN,L,0,4,,,0.0,,,3,8,0.375,,,,,,,,,11,,0
7862,21980,600014,Artis Gilmore,CHI,Chicago Bulls,0028000878,1981-03-20,CHI vs. PHL,W,0,3,,,0.0,,,5,7,0.714,,,,,,,,,11,,0
7863,21980,78571,Ray Williams,NYK,New York Knicks,0028000868,1981-03-18,NYK @ MIL,W,0,3,,,1.0,,,4,5,0.8,,,,,,,,,11,,0
7864,21980,76436,Jeff Cook,PHX,Phoenix Suns,0028000869,1981-03-18,PHX vs. LAL,W,0,5,,,0.0,,,1,3,0.333,,,,,,,,,11,,0
7865,21980,77168,Mickey Johnson,MIL,Milwaukee Bucks,0028000868,1981-03-18,MIL vs. NYK,L,0,5,,,0.0,,,1,2,0.5,,,,,,,,,11,,0
7866,21980,1450,Kevin McHale,BOS,Boston Celtics,0028000867,1981-03-18,BOS vs. ATL,L,0,4,,,0.0,,,3,6,0.5,,,,,,,,,11,,0
7867,21980,78442,Wally Walker,SEA,Seattle SuperSonics,0028000861,1981-03-17,SEA @ DEN,L,0,5,,,0.0,,,1,3,0.333,,,,,,,,,11,,0
7868,21980,940,Earl Cureton,PHL,Philadelphia 76ers,0028000857,1981-03-17,PHL @ NJN,L,0,5,,,0.0,,,1,1,1.0,,,,,,,,,11,,0
7869,21980,76895,Bob Gross,POR,Portland Trail Blazers,0028000855,1981-03-15,POR vs. DAL,W,0,4,,,0.0,,,3,4,0.75,,,,,,,,,11,,0
7870,21980,77324,Mitch Kupchak,WAS,Washington Bullets,0028000853,1981-03-15,WAS vs. CLE,L,0,4,,,0.0,,,3,6,0.5,,,,,,,,,11,,0
7871,21980,77193,Bobby Jones,PHL,Philadelphia 76ers,0028000851,1981-03-15,PHL @ NYK,L,0,5,,,0.0,,,1,2,0.5,,,,,,,,,11,,0
7872,21980,76686,Mike Evans,MIL,Milwaukee Bucks,0028000849,1981-03-15,MIL vs. SEA,W,0,4,,,0.0,,,3,6,0.5,,,,,,,,,11,,0
7873,21980,78199,Phil Smith,SDC,San Diego Clippers,0028000846,1981-03-14,SDC vs. SAN,W,0,4,,,0.0,,,3,7,0.429,,,,,,,,,11,,0
7874,21980,78200,Randy Smith,CLE,Cleveland Cavaliers,0028000845,1981-03-14,CLE @ ATL,W,0,4,,,0.0,,,3,3,1.0,,,,,,,,,11,,0
7875,21980,77691,Calvin Natt,POR,Portland Trail Blazers,0028000842,1981-03-13,POR @ HOU,L,0,4,,,0.0,,,3,3,1.0,,,,,,,,,11,,0
7876,21980,78532,Jamaal Wilkes,LAL,Los Angeles Lakers,0028000840,1981-03-13,LAL vs. KCK,W,0,5,,,0.0,,,1,1,1.0,,,,,,,,,11,,0
7877,21980,77582,Joe Meriweather,KCK,Kansas City Kings,0028000840,1981-03-13,KCK @ LAL,L,0,5,,,0.0,,,1,2,0.5,,,,,,,,,11,,0
7878,21980,77334,Mark Landsberger,LAL,Los Angeles Lakers,0028000840,1981-03-13,LAL vs. KCK,W,0,5,,,0.0,,,1,2,0.5,,,,,,,,,11,,0
7879,21980,78600,Brian Winters,MIL,Milwaukee Bucks,0028000836,1981-03-13,MIL vs. PHL,W,0,3,,,0.0,,,5,6,0.833,,,,,,,,,11,,0
7880,21980,76365,Harvey Catchings,MIL,Milwaukee Bucks,0028000836,1981-03-13,MIL vs. PHL,W,0,3,,,0.0,,,5,7,0.714,,,,,,,,,11,,0
7881,21980,76567,Coby Dietrick,CHI,Chicago Bulls,0028000837,1981-03-13,CHI @ NYK,L,0,5,,,1.0,,,0,0,,,,,,,,,,11,,0
7882,21980,78404,Kiki Vandeweghe,DEN,Denver Nuggets,0028000835,1981-03-12,DEN @ MIL,L,0,5,,,0.0,,,1,2,0.5,,,,,,,,,11,,0
7883,21980,77021,Kenny Higgs,DEN,Denver Nuggets,0028000835,1981-03-12,DEN @ MIL,L,0,4,,,0.0,,,3,3,1.0,,,,,,,,,11,,0
7884,21980,76830,Glen Gondrezick,DEN,Denver Nuggets,0028000835,1981-03-12,DEN @ MIL,L,0,5,,,0.0,,,1,1,1.0,,,,,,,,,11,,0
7885,21980,76321,Marty Byrnes,DAL,Dallas Mavericks,0028000833,1981-03-12,DAL vs. GOS,W,0,5,,,0.0,,,1,2,0.5,,,,,,,,,11,,0
7886,21980,78200,Randy Smith,CLE,Cleveland Cavaliers,0028000831,1981-03-11,CLE vs. SEA,L,0,5,,,0.0,,,1,2,0.5,,,,,,,,,11,,0
7887,21980,78390,Terry Tyler,DET,Detroit Pistons,0028000829,1981-03-11,DET vs. ATL,W,0,5,,,0.0,,,1,2,0.5,,,,,,,,,11,,0
7888,21980,78195,Larry Smith,GOS,Golden State Warriors,0028000828,1981-03-11,GOS @ HOU,L,0,4,,,0.0,,,3,6,0.5,,,,,,,,,11,,0
7889,21980,77952,Micheal Ray Richardson,NYK,New York Knicks,0028000827,1981-03-11,NYK @ PHL,L,0,4,,,0.0,,,3,4,0.75,,,,,,,,,11,,0
7890,21980,76483,Pat Cummings,MIL,Milwaukee Bucks,0028000826,1981-03-11,MIL @ BOS,L,0,3,,,0.0,,,5,7,0.714,,,,,,,,6.0,11,,0
7891,21980,77022,Johnny High,PHX,Phoenix Suns,0028000824,1981-03-10,PHX @ DAL,L,0,5,,,0.0,,,1,4,0.25,,,,,,,,,11,,0
7892,21980,78531,Bob Wilkerson,CHI,Chicago Bulls,0028000821,1981-03-10,CHI @ ATL,W,0,2,,,0.0,,,7,7,1.0,,,,,,,,,11,,0
7893,21980,76567,Coby Dietrick,CHI,Chicago Bulls,0028000821,1981-03-10,CHI @ ATL,W,0,5,,,0.0,,,1,1,1.0,,,,,,,,,11,,0
7894,21980,76392,Jim Chones,LAL,Los Angeles Lakers,0028000820,1981-03-10,LAL vs. SAN,W,0,5,,,0.0,,,1,2,0.5,,,,,,,,6.0,11,,0
7895,21980,77396,Scott Lloyd,DAL,Dallas Mavericks,0028000818,1981-03-08,DAL @ SAN,L,0,5,,,0.0,,,1,2,0.5,,,,,,,,,11,,0
7896,21980,76011,Alvan Adams,PHX,Phoenix Suns,0028000815,1981-03-08,PHX @ KCK,L,0,4,,,0.0,,,3,4,0.75,,,,,,,,,11,,0
7897,21980,77290,Billy Knight,IND,Indiana Pacers,0028000813,1981-03-08,IND vs. DEN,W,0,5,,,0.0,,,1,2,0.5,,,,,,,,,11,,0
7898,21980,76095,Mike Bantom,IND,Indiana Pacers,0028000813,1981-03-08,IND vs. DEN,W,0,3,,,0.0,,,5,8,0.625,,,,,,,,,11,,0
7899,21980,76121,Billyray Bates,POR,Portland Trail Blazers,0028000812,1981-03-08,POR vs. GOS,W,0,5,,,0.0,,,1,2,0.5,,,,,,,,,11,,0
7900,21980,76085,James Bailey,SEA,Seattle SuperSonics,0028000804,1981-03-06,SEA vs. SAN,W,0,5,,,0.0,,,1,2,0.5,,,,,,,,6.0,11,,0
7901,21980,76321,Marty Byrnes,DAL,Dallas Mavericks,0028000803,1981-03-06,DAL @ GOS,L,0,5,,,0.0,,,1,2,0.5,,,,,,,,,11,,0
7902,21980,77193,Bobby Jones,PHL,Philadelphia 76ers,0028000798,1981-03-06,PHL vs. DEN,W,0,5,,,0.0,,,1,1,1.0,,,,,,,,,11,,0
7903,21980,77175,Caldwell Jones,PHL,Philadelphia 76ers,0028000798,1981-03-06,PHL vs. DEN,W,0,3,,,0.0,,,5,8,0.625,,,,,,,,,11,,0
7904,21980,77553,Tom McMillen,ATL,Atlanta Hawks,0028000797,1981-03-05,ATL @ MIL,L,0,5,,,0.0,,,1,1,1.0,,,,,,,,,11,,0
7905,21980,78571,Ray Williams,NYK,New York Knicks,0028000795,1981-03-05,NYK @ DET,W,0,5,,,0.0,,,1,2,0.5,,,,,,,,,11,,0
7906,21980,76011,Alvan Adams,PHX,Phoenix Suns,0028000794,1981-03-05,PHX @ UTH,W,0,4,,,0.0,,,3,4,0.75,,,,,,,,,11,,0
7907,21980,78150,James Silas,SAN,San Antonio Spurs,0028000793,1981-03-04,SAN vs. KCK,L,0,4,,,0.0,,,3,4,0.75,,,,,,,,,11,,0
7908,21980,78095,Alvin Scott,PHX,Phoenix Suns,0028000791,1981-03-04,PHX vs. CLE,W,0,5,,,0.0,,,1,3,0.333,,,,,,,,,11,,0
7909,21980,77022,Johnny High,PHX,Phoenix Suns,0028000791,1981-03-04,PHX vs. CLE,W,0,4,,,0.0,,,3,4,0.75,,,,,,,,,11,,0
7910,21980,76874,Rickey Green,UTH,Utah Jazz,0028000790,1981-03-04,UTH @ GOS,L,0,5,,,0.0,,,1,2,0.5,,,,,,,,,11,,0
7911,21980,77487,Cedric Maxwell,BOS,Boston Celtics,0028000789,1981-03-04,BOS @ HOU,W,0,4,,,0.0,,,3,3,1.0,,,,,,,,,11,,0
7912,21980,76054,Nate Archibald,BOS,Boston Celtics,0028000789,1981-03-04,BOS @ HOU,W,0,4,,,0.0,,,3,3,1.0,,,,,,,,,11,,0
7913,21980,77532,George McGinnis,IND,Indiana Pacers,0028000788,1981-03-04,IND @ SEA,L,0,3,,,0.0,,,5,7,0.714,,,,,,,,,11,,0
7914,21980,76266,Michael Brooks,SDC,San Diego Clippers,0028000787,1981-03-04,SDC vs. WAS,L,0,5,,,0.0,,,1,2,0.5,,,,,,,,,11,,0
7915,21980,77547,Billy McKinney,DEN,Denver Nuggets,0028000786,1981-03-04,DEN vs. LAL,W,0,5,,,0.0,,,1,2,0.5,,,,,,,,,11,,0
7916,21980,77326,Sam Lacey,KCK,Kansas City Kings,0028000784,1981-03-03,KCK vs. LAL,L,0,4,,,0.0,,,3,4,0.75,,,,,,,,,11,,0
7917,21980,78570,Sly Williams,NYK,New York Knicks,0028000782,1981-03-03,NYK vs. ATL,L,0,5,,,0.0,,,1,2,0.5,,,,,,,,,11,,0
7918,21980,78025,Dan Roundfield,ATL,Atlanta Hawks,0028000782,1981-03-03,ATL @ NYK,W,0,5,,,0.0,,,1,4,0.25,,,,,,,,,11,,0
7919,21980,77829,Sam Pellom,ATL,Atlanta Hawks,0028000782,1981-03-03,ATL @ NYK,W,0,4,,,0.0,,,3,6,0.5,,,,,,,,,11,,0
7920,21980,77996,Wayne Robinson,DET,Detroit Pistons,0028000781,1981-03-03,DET @ MIL,L,0,5,,,0.0,,,1,3,0.333,,,,,,,,,11,,0
7921,21980,77993,Truck Robinson,PHX,Phoenix Suns,0028000778,1981-03-01,PHX @ LAL,W,0,5,,,0.0,,,1,3,0.333,,,,,,,,,11,,0
7922,21980,76392,Jim Chones,LAL,Los Angeles Lakers,0028000778,1981-03-01,LAL vs. PHX,L,0,3,,,0.0,,,5,6,0.833,,,,,,,,,11,,0
7923,21980,77984,Rick Robey,BOS,Boston Celtics,0028000776,1981-03-01,BOS vs. PHL,W,0,5,,,0.0,,,1,3,0.333,,,,,,,,,11,,0
7924,21980,78150,James Silas,SAN,San Antonio Spurs,0028000775,1981-03-01,SAN vs. HOU,W,0,2,,,0.0,,,7,8,0.875,,,,,,,,,11,,0
7925,21980,77756,Mark Olberding,SAN,San Antonio Spurs,0028000775,1981-03-01,SAN vs. HOU,W,0,5,,,0.0,,,1,1,1.0,,,,,,,,,11,,0
7926,21980,77547,Billy McKinney,DEN,Denver Nuggets,0028000773,1981-03-01,DEN vs. CLE,W,0,1,,,0.0,,,9,11,0.818,,,,,,,,,11,,0
7927,21980,77087,Geoff Huston,CLE,Cleveland Cavaliers,0028000773,1981-03-01,CLE @ DEN,L,0,4,,,0.0,,,3,3,1.0,,,,,,,,,11,,0
7928,21980,77484,Wes Matthews,ATL,Atlanta Hawks,0028000771,1981-03-01,ATL vs. SEA,W,0,5,,,0.0,,,1,2,0.5,,,,,,,,,11,,0
7929,21980,76890,Darrell Griffith,UTH,Utah Jazz,0028000770,1981-03-01,UTH @ POR,L,0,5,,,0.0,,,1,5,0.2,,,,,,,,,11,,0
7930,21980,76441,Wayne Cooper,UTH,Utah Jazz,0028000770,1981-03-01,UTH @ POR,L,0,5,,,0.0,,,1,1,1.0,,,,,,,,,11,,0
7931,21980,77635,Lowes Moore,NJN,New Jersey Nets,0028000777,1981-03-01,NJN vs. DET,L,0,5,,,1.0,,,0,0,,,,,,,,,,11,,0
7932,21980,78570,Sly Williams,NYK,New York Knicks,0028000769,1981-02-28,NYK vs. CHI,L,0,5,,,0.0,,,1,3,0.333,,,,,,,,,11,,0
7933,21980,76534,Ron Davis,SDC,San Diego Clippers,0028000767,1981-02-28,SDC @ HOU,W,0,5,,,0.0,,,1,4,0.25,,,,,,,,,11,,0
7934,21980,77328,Tom LaGarde,DAL,Dallas Mavericks,0028000765,1981-02-27,DAL vs. IND,L,0,3,,,0.0,,,5,7,0.714,,,,,,,,,11,,0
7935,21980,77229,Clarence Kea,DAL,Dallas Mavericks,0028000765,1981-02-27,DAL vs. IND,L,0,3,,,0.0,,,5,8,0.625,,,,,,,,6.0,11,,0
7936,21980,76321,Marty Byrnes,DAL,Dallas Mavericks,0028000765,1981-02-27,DAL vs. IND,L,0,3,,,0.0,,,5,6,0.833,,,,,,,,,11,,0
7937,21980,76583,James Donaldson,SEA,Seattle SuperSonics,0028000763,1981-02-27,SEA @ HOU,L,0,4,,,0.0,,,3,5,0.6,,,,,,,,,11,,0
7938,21980,76121,Billyray Bates,POR,Portland Trail Blazers,0028000760,1981-02-27,POR vs. PHX,W,0,5,,,0.0,,,1,1,1.0,,,,,,,,,11,,0
7939,21980,76618,T.R. Dunn,DEN,Denver Nuggets,0028000758,1981-02-27,DEN vs. GOS,W,0,4,,,0.0,,,3,5,0.6,,,,,,,,,11,,0
7940,21980,77328,Tom LaGarde,DAL,Dallas Mavericks,0028000756,1981-02-26,DAL @ KCK,L,0,5,,,0.0,,,1,3,0.333,,,,,,,,,11,,0
7941,21980,77215,Jeff Judkins,UTH,Utah Jazz,0028000752,1981-02-25,UTH vs. NJN,W,0,4,,,1.0,,,2,2,1.0,,,,,,,,,11,,0
7942,21980,77184,Edgar Jones,NJN,New Jersey Nets,0028000752,1981-02-25,NJN @ UTH,L,0,4,,,0.0,,,3,5,0.6,,,,,,,,,11,,0
7943,21980,78571,Ray Williams,NYK,New York Knicks,0028000749,1981-02-24,NYK @ ATL,W,0,5,,,0.0,,,1,1,1.0,,,,,,,,,11,,0
7944,21980,77182,Dwight Jones,CHI,Chicago Bulls,0028000748,1981-02-24,CHI vs. LAL,L,0,5,,,0.0,,,1,2,0.5,,,,,,,,,11,,0
7945,21980,76985,Garfield Heard,SDC,San Diego Clippers,0028000746,1981-02-24,SDC @ POR,W,0,5,,,0.0,,,1,6,0.167,,,,,,,,,11,,0
7946,21980,78149,Jack Sikma,SEA,Seattle SuperSonics,0028000745,1981-02-24,SEA @ DAL,W,0,3,,,0.0,,,5,6,0.833,,,,,,,,,11,,0
7947,21980,77710,Mike Newlin,NJN,New Jersey Nets,0028000744,1981-02-24,NJN @ DEN,L,0,5,,,0.0,,,1,3,0.333,,,,,,,,,11,,0
7948,21980,77635,Lowes Moore,NJN,New Jersey Nets,0028000744,1981-02-24,NJN @ DEN,L,0,4,,,0.0,,,3,5,0.6,,,,,,,,,11,,0
7949,21980,78215,Ricky Sobers,CHI,Chicago Bulls,0028000748,1981-02-24,CHI vs. LAL,L,0,4,,,1.0,,,2,2,1.0,,,,,,,,,11,,0
7950,21980,77715,Carl Nicks,UTH,Utah Jazz,0028000743,1981-02-23,UTH vs. HOU,L,0,4,,,0.0,,,3,3,1.0,,,,,,,,,11,,0
7951,21980,77873,Ben Poquette,UTH,Utah Jazz,0028000743,1981-02-23,UTH vs. HOU,L,0,5,,,1.0,,,0,0,,,,,,,,,,11,,0
7952,21980,77532,George McGinnis,IND,Indiana Pacers,0028000742,1981-02-22,IND vs. POR,L,0,3,,,0.0,,,5,6,0.833,,,,,,,,,11,,0
7953,21980,76753,World Free,GOS,Golden State Warriors,0028000736,1981-02-22,GOS vs. KCK,W,0,1,,,0.0,,,9,11,0.818,,,,,,,,,11,,0
7954,21980,77324,Mitch Kupchak,WAS,Washington Bullets,0028000734,1981-02-22,WAS vs. MIL,L,0,2,,,0.0,,,7,9,0.778,,,,,,,,,11,,0
7955,21980,76483,Pat Cummings,MIL,Milwaukee Bucks,0028000734,1981-02-22,MIL @ WAS,W,0,5,,,0.0,,,1,4,0.25,,,,,,,,,11,,0
7956,21980,77996,Wayne Robinson,DET,Detroit Pistons,0028000731,1981-02-21,DET vs. BOS,L,0,4,,,0.0,,,3,4,0.75,,,,,,,,,11,,0
7957,21980,76534,Ron Davis,SDC,San Diego Clippers,0028000729,1981-02-20,SDC @ GOS,W,0,2,,,0.0,,,7,10,0.7,,,,,,,,,11,,0
7958,21980,77184,Edgar Jones,NJN,New Jersey Nets,0028000727,1981-02-20,NJN vs. POR,W,0,3,,,0.0,,,5,9,0.556,,,,,,,,,11,,0
7959,21980,76583,James Donaldson,SEA,Seattle SuperSonics,0028000726,1981-02-20,SEA vs. PHX,W,0,4,,,0.0,,,3,3,1.0,,,,,,,,,11,,0
7960,21980,76444,Michael Cooper,LAL,Los Angeles Lakers,0028000723,1981-02-20,LAL vs. HOU,L,0,4,,,0.0,,,3,4,0.75,,,,,,,,,11,,0
7961,21980,78095,Alvin Scott,PHX,Phoenix Suns,0028000875,1981-02-19,PHX @ DEN,L,0,3,,,0.0,,,5,6,0.833,,,,,,,,,11,,0
7962,21980,77056,Cedrick Hordges,DEN,Denver Nuggets,0028000875,1981-02-19,DEN vs. PHX,W,0,4,,,0.0,,,3,4,0.75,,,,,,,,,11,,0
7963,21980,77691,Calvin Natt,POR,Portland Trail Blazers,0028000718,1981-02-19,POR @ DET,W,0,2,,,0.0,,,7,9,0.778,,,,,,,,,11,,0
7964,21980,77623,Paul Mokeski,DET,Detroit Pistons,0028000718,1981-02-19,DET vs. POR,L,0,5,,,0.0,,,1,3,0.333,,,,,,,,,11,,0
7965,21980,76162,Henry Bibby,SDC,San Diego Clippers,0028000717,1981-02-19,SDC vs. HOU,W,0,3,,,2.0,,,3,4,0.75,,,,,,,,,11,,0
7966,21980,77010,Keith Herron,DET,Detroit Pistons,0028000715,1981-02-18,DET @ PHL,L,0,5,,,0.0,,,1,1,1.0,,,,,,,,,11,,0
7967,21980,78015,Lorenzo Romar,GOS,Golden State Warriors,0028000714,1981-02-18,GOS vs. CHI,W,0,2,,,0.0,,,7,8,0.875,,,,,,,,,11,,0
7968,21980,78531,Bob Wilkerson,CHI,Chicago Bulls,0028000708,1981-02-17,CHI @ SDC,L,0,5,,,0.0,,,1,1,1.0,,,,,,,,,11,,0
7969,21980,76121,Billyray Bates,POR,Portland Trail Blazers,0028000707,1981-02-17,POR @ WAS,W,0,5,,,0.0,,,1,1,1.0,,,,,,,,,11,,0
7970,21980,77419,John Lucas,GOS,Golden State Warriors,0028000706,1981-02-17,GOS @ PHX,L,0,4,,,0.0,,,3,4,0.75,,,,,,,,,11,,0
7971,21980,76252,Junior Bridgeman,MIL,Milwaukee Bucks,0028000705,1981-02-17,MIL @ DAL,W,0,4,,,0.0,,,3,3,1.0,,,,,,,,,11,,0
7972,21980,78150,James Silas,SAN,San Antonio Spurs,0028000704,1981-02-17,SAN vs. BOS,L,0,4,,,0.0,,,3,3,1.0,,,,,,,,,11,,0
7973,21980,76656,Bob Elliott,NJN,New Jersey Nets,0028000702,1981-02-15,NJN vs. GOS,W,0,4,,,0.0,,,3,5,0.6,,,,,,,,,11,,0
7974,21980,78467,Kermit Washington,POR,Portland Trail Blazers,0028000699,1981-02-15,POR vs. UTH,W,0,3,,,0.0,,,5,6,0.833,,,,,,,,,11,,0
7975,21980,77756,Mark Olberding,SAN,San Antonio Spurs,0028000698,1981-02-15,SAN vs. MIL,W,0,4,,,0.0,,,3,6,0.5,,,,,,,,,11,,0
7976,21980,77626,Sidney Moncrief,MIL,Milwaukee Bucks,0028000698,1981-02-15,MIL @ SAN,L,0,5,,,0.0,,,1,2,0.5,,,,,,,,,11,,0
7977,21980,229,James Edwards,IND,Indiana Pacers,0028000697,1981-02-15,IND vs. CHI,W,0,4,,,0.0,,,3,4,0.75,,,,,,,,6.0,11,,0
7978,21980,77952,Micheal Ray Richardson,NYK,New York Knicks,0028000695,1981-02-15,NYK @ PHX,W,0,3,,,0.0,,,5,9,0.556,,,,,,,,,11,,0
7979,21980,78025,Dan Roundfield,ATL,Atlanta Hawks,0028000694,1981-02-15,ATL @ PHL,L,0,4,,,0.0,,,3,3,1.0,,,,,,,,6.0,11,,0
7980,21980,76583,James Donaldson,SEA,Seattle SuperSonics,0028000693,1981-02-14,SEA @ CHI,L,0,3,,,0.0,,,5,8,0.625,,,,,,,,,11,,0
7981,21980,78468,Richard Washington,CLE,Cleveland Cavaliers,0028000690,1981-02-14,CLE vs. GOS,W,0,5,,,0.0,,,1,2,0.5,,,,,,,,,11,,0
7982,21980,76321,Marty Byrnes,DAL,Dallas Mavericks,0028000692,1981-02-14,DAL vs. SAN,L,0,5,,,1.0,,,0,0,,,,,,,,,,11,,0
7983,21980,77626,Sidney Moncrief,MIL,Milwaukee Bucks,0028000686,1981-02-13,MIL vs. GOS,L,0,4,,,1.0,,,2,2,1.0,,,,,,,,,11,,0
7984,21980,76830,Glen Gondrezick,DEN,Denver Nuggets,0028000688,1981-02-13,DEN vs. POR,W,0,4,,,0.0,,,3,3,1.0,,,,,,,,6.0,11,,0
7985,21980,76266,Michael Brooks,SDC,San Diego Clippers,0028000687,1981-02-13,SDC @ PHX,L,0,4,,,0.0,,,3,5,0.6,,,,,,,,,11,,0
7986,21980,76054,Nate Archibald,BOS,Boston Celtics,0028000684,1981-02-13,BOS @ UTH,L,0,4,,,0.0,,,3,6,0.5,,,,,,,,,11,,0
7987,21980,77273,Reggie King,KCK,Kansas City Kings,0028000682,1981-02-13,KCK vs. ATL,W,0,4,,,0.0,,,3,4,0.75,,,,,,,,,11,,0
7988,21980,77144,Eddie Johnson,ATL,Atlanta Hawks,0028000682,1981-02-13,ATL @ KCK,L,0,5,,,0.0,,,1,3,0.333,,,,,,,,,11,,0
7989,21980,78351,Andrew Toney,PHL,Philadelphia 76ers,0028000680,1981-02-13,PHL vs. WAS,L,0,4,,,0.0,,,3,4,0.75,,,,,,,,,11,,0
7990,21980,77950,Clint Richardson,PHL,Philadelphia 76ers,0028000680,1981-02-13,PHL vs. WAS,L,0,5,,,0.0,,,1,2,0.5,,,,,,,,,11,,0
7991,21980,77952,Micheal Ray Richardson,NYK,New York Knicks,0028000677,1981-02-12,NYK @ CLE,W,0,4,,,1.0,,,2,2,1.0,,,,,,,,,11,,0
7992,21980,77786,Tom Owens,POR,Portland Trail Blazers,0028000678,1981-02-12,POR vs. SEA,L,0,5,,,0.0,,,1,1,1.0,,,,,,,,,11,,0
7993,21980,77438,Kyle Macy,PHX,Phoenix Suns,0028000675,1981-02-11,PHX vs. DAL,W,0,3,,,1.0,,,4,4,1.0,,,,,,,,,11,,0
7994,21980,77817,Billy Paultz,HOU,Houston Rockets,0028000673,1981-02-11,HOU vs. SAN,W,0,5,,,0.0,,,1,2,0.5,,,,,,,,,11,,0
7995,21980,76231,Dudley Bradley,IND,Indiana Pacers,0028000671,1981-02-11,IND vs. MIL,L,0,4,,,0.0,,,3,4,0.75,,,,,,,,,11,,0
7996,21980,76993,Gerald Henderson,BOS,Boston Celtics,0028000670,1981-02-11,BOS @ LAL,W,0,5,,,0.0,,,1,2,0.5,,,,,,,,,11,,0
7997,21980,77993,Truck Robinson,PHX,Phoenix Suns,0028000668,1981-02-10,PHX @ SDC,W,0,5,,,0.0,,,1,2,0.5,,,,,,,,,11,,0
7998,21980,77308,Joel Kramer,PHX,Phoenix Suns,0028000668,1981-02-10,PHX @ SDC,W,0,4,,,0.0,,,3,4,0.75,,,,,,,,,11,,0
7999,21980,77487,Cedric Maxwell,BOS,Boston Celtics,0028000665,1981-02-10,BOS @ SEA,L,0,2,,,0.0,,,7,8,0.875,,,,,,,,,11,,0
8000,21980,77010,Keith Herron,DET,Detroit Pistons,0028000663,1981-02-08,DET vs. IND,L,0,3,,,0.0,,,5,6,0.833,,,,,,,,,11,,0
8001,21980,76231,Dudley Bradley,IND,Indiana Pacers,0028000663,1981-02-08,IND @ DET,W,0,4,,,0.0,,,3,4,0.75,,,,,,,,,11,,0
8002,21980,78516,Jerome Whitehead,SDC,San Diego Clippers,0028000662,1981-02-08,SDC @ BOS,L,0,5,,,0.0,,,1,1,1.0,,,,,,,,6.0,11,,0
8003,21980,78442,Wally Walker,SEA,Seattle SuperSonics,0028000659,1981-02-08,SEA vs. DEN,W,0,5,,,0.0,,,1,2,0.5,,,,,,,,,11,,0
8004,21980,77184,Edgar Jones,NJN,New Jersey Nets,0028000657,1981-02-08,NJN vs. NYK,L,0,5,,,0.0,,,1,2,0.5,,,,,,,,,11,,0
8005,21980,77149,George Johnson,SAN,San Antonio Spurs,0028000656,1981-02-08,SAN vs. DAL,W,0,3,,,0.0,,,5,6,0.833,,,,,,,,,11,,0
8006,21980,78537,Jeff Wilkins,UTH,Utah Jazz,0028000653,1981-02-07,UTH @ SEA,L,0,5,,,0.0,,,1,2,0.5,,,,,,,,,11,,0
8007,21980,77167,Vinnie Johnson,SEA,Seattle SuperSonics,0028000653,1981-02-07,SEA vs. UTH,W,0,4,,,0.0,,,3,5,0.6,,,,,,,,,11,,0
8008,21980,76890,Darrell Griffith,UTH,Utah Jazz,0028000653,1981-02-07,UTH @ SEA,L,0,4,,,0.0,,,3,6,0.5,,,,,,,,,11,,0
8009,21980,77484,Wes Matthews,ATL,Atlanta Hawks,0028000651,1981-02-07,ATL @ HOU,L,0,5,,,0.0,,,1,1,1.0,,,,,,,,,11,,0
8010,21980,77689,Swen Nater,SDC,San Diego Clippers,0028000646,1981-02-06,SDC @ PHL,L,0,5,,,0.0,,,1,1,1.0,,,,,,,,,11,,0
8011,21980,76054,Nate Archibald,BOS,Boston Celtics,0028000640,1981-02-06,BOS vs. IND,W,0,5,,,0.0,,,1,2,0.5,,,,,,,,,11,,0
8012,21980,100263,Bill Laimbeer,CLE,Cleveland Cavaliers,0028000637,1981-02-06,CLE vs. MIL,L,0,5,,,0.0,,,1,2,0.5,,,,,,,,,11,,0
8013,21980,77626,Sidney Moncrief,MIL,Milwaukee Bucks,0028000636,1981-02-05,MIL vs. BOS,W,0,2,,,0.0,,,7,9,0.778,,,,,,,,,11,,0
8014,21980,76483,Pat Cummings,MIL,Milwaukee Bucks,0028000636,1981-02-05,MIL vs. BOS,W,0,4,,,0.0,,,3,3,1.0,,,,,,,,,11,,0
8015,21980,78015,Lorenzo Romar,GOS,Golden State Warriors,0028000635,1981-02-04,GOS vs. POR,W,0,4,,,0.0,,,3,4,0.75,,,,,,,,,11,,0
8016,21980,1381,John Long,DET,Detroit Pistons,0028000633,1981-02-04,DET @ KCK,L,0,4,,,0.0,,,3,4,0.75,,,,,,,,,11,,0
8017,21980,1449,Larry Bird,BOS,Boston Celtics,0028000629,1981-02-04,BOS @ PHL,L,0,4,,,0.0,,,3,3,1.0,,,,,,,,,11,,0
8018,21980,100263,Bill Laimbeer,CLE,Cleveland Cavaliers,0028000627,1981-02-04,CLE vs. CHI,L,0,5,,,0.0,,,1,2,0.5,,,,,,,,,11,,0
8019,21980,77547,Billy McKinney,DEN,Denver Nuggets,0028000626,1981-02-04,DEN vs. SAN,L,0,4,,,0.0,,,3,4,0.75,,,,,,,,,11,,0
8020,21980,76889,Paul Griffin,SAN,San Antonio Spurs,0028000626,1981-02-04,SAN @ DEN,W,0,3,,,0.0,,,5,7,0.714,,,,,,,,,11,,0
8021,21980,76526,Johnny Davis,IND,Indiana Pacers,0028000634,1981-02-04,IND vs. LAL,L,0,5,,,1.0,,,0,2,0.0,,,,,,,,,11,,0
8022,21980,76889,Paul Griffin,SAN,San Antonio Spurs,0028000625,1981-02-03,SAN vs. DET,W,0,5,,,0.0,,,1,3,0.333,,,,,,,,,11,,0
8023,21980,76453,Dave Corzine,SAN,San Antonio Spurs,0028000625,1981-02-03,SAN vs. DET,W,0,4,,,0.0,,,3,4,0.75,,,,,,,,,11,,0
8024,21980,76252,Junior Bridgeman,MIL,Milwaukee Bucks,0028000623,1981-02-03,MIL vs. IND,L,0,5,,,0.0,,,1,2,0.5,,,,,,,,,11,,0
8025,21980,78571,Ray Williams,NYK,New York Knicks,0028000619,1981-02-03,NYK vs. SDC,W,0,4,,,0.0,,,3,3,1.0,,,,,,,,,11,,0
8026,21980,77984,Rick Robey,BOS,Boston Celtics,0028000616,1981-01-29,BOS @ CHI,L,0,2,,,0.0,,,7,8,0.875,,,,,,,,,11,,0
8027,21980,77623,Paul Mokeski,DET,Detroit Pistons,0028000615,1981-01-29,DET vs. GOS,L,0,4,,,0.0,,,3,3,1.0,,,,,,,,,11,,0
8028,21980,77149,George Johnson,SAN,San Antonio Spurs,0028000612,1981-01-29,SAN vs. NJN,W,0,5,,,0.0,,,1,2,0.5,,,,,,,,,11,,0
8029,21980,78577,Bill Willoughby,HOU,Houston Rockets,0028000610,1981-01-29,HOU @ UTH,L,0,5,,,0.0,,,1,2,0.5,,,,,,,,,11,,0
8030,21980,77022,Johnny High,PHX,Phoenix Suns,0028000608,1981-01-28,PHX @ WAS,L,0,3,,,0.0,,,5,6,0.833,,,,,,,,,11,,0
8031,21980,76242,Mike Bratz,CLE,Cleveland Cavaliers,0028000600,1981-01-27,CLE vs. IND,W,0,4,,,1.0,,,2,3,0.667,,,,,,,,,11,,0
8032,21980,76504,Adrian Dantley,UTH,Utah Jazz,0028000598,1981-01-27,UTH @ LAL,L,0,5,,,0.0,,,1,6,0.167,,,,,,,,,11,,0
8033,21980,78068,Dewayne Scales,NYK,New York Knicks,0028000595,1981-01-26,NYK vs. PHX,L,0,4,,,0.0,,,3,3,1.0,,,,,,,,,11,,0
8034,21980,78047,Campy Russell,NYK,New York Knicks,0028000595,1981-01-26,NYK vs. PHX,L,0,3,,,0.0,,,5,5,1.0,,,,,,,,,11,,0
8035,21980,76011,Alvan Adams,PHX,Phoenix Suns,0028000595,1981-01-26,PHX @ NYK,W,0,4,,,0.0,,,3,4,0.75,,,,,,,,,11,,0
8036,21980,77997,Bill Robinzine,DAL,Dallas Mavericks,0028000586,1981-01-24,DAL @ IND,L,0,4,,,0.0,,,3,4,0.75,,,,,,,,,11,,0
8037,21980,77126,Abdul Jeelani,DAL,Dallas Mavericks,0028000586,1981-01-24,DAL @ IND,L,0,5,,,0.0,,,1,1,1.0,,,,,,,,,11,,0
8038,21980,76321,Marty Byrnes,DAL,Dallas Mavericks,0028000586,1981-01-24,DAL @ IND,L,0,5,,,0.0,,,1,2,0.5,,,,,,,,,11,,0
8039,21980,78068,Dewayne Scales,NYK,New York Knicks,0028000585,1981-01-24,NYK @ GOS,L,0,4,,,0.0,,,3,3,1.0,,,,,,,,,11,,0
8040,21980,76598,John Drew,ATL,Atlanta Hawks,0028000584,1981-01-24,ATL vs. CHI,L,0,4,,,0.0,,,3,4,0.75,,,,,,,,,11,,0
8041,21980,76471,Charlie Criss,ATL,Atlanta Hawks,0028000584,1981-01-24,ATL vs. CHI,L,0,4,,,0.0,,,3,3,1.0,,,,,,,,,11,,0
8042,21980,76204,Ron Boone,UTH,Utah Jazz,0028000589,1981-01-24,UTH @ HOU,L,0,5,,,1.0,,,0,0,,,,,,,,,,11,,0
8043,21980,78200,Randy Smith,CLE,Cleveland Cavaliers,0028000580,1981-01-23,CLE @ ATL,W,0,3,,,0.0,,,5,6,0.833,,,,,,,,,11,,0
8044,21980,77911,Kelvin Ransey,POR,Portland Trail Blazers,0028000574,1981-01-23,POR vs. NYK,W,0,5,,,0.0,,,1,2,0.5,,,,,,,,,11,,0
8045,21980,76887,Kevin Grevey,WAS,Washington Bullets,0028000577,1981-01-23,WAS vs. SEA,W,0,5,,,0.0,,,1,1,1.0,,,,,,,,,11,,0
8046,21980,77290,Billy Knight,IND,Indiana Pacers,0028000575,1981-01-23,IND @ BOS,L,0,5,,,0.0,,,1,1,1.0,,,,,,,,,11,,0
8047,21980,76733,Chris Ford,BOS,Boston Celtics,0028000575,1981-01-23,BOS vs. IND,W,0,5,,,1.0,,,0,0,,,,,,,,,,11,,0
8048,21980,78351,Andrew Toney,PHL,Philadelphia 76ers,0028000573,1981-01-22,PHL @ WAS,W,0,4,,,0.0,,,3,4,0.75,,,,,,,,,11,,0
8049,21980,78468,Richard Washington,CLE,Cleveland Cavaliers,0028000571,1981-01-22,CLE vs. NJN,W,0,5,,,0.0,,,1,3,0.333,,,,,,,,,11,,0
8050,21980,77615,Mike Mitchell,CLE,Cleveland Cavaliers,0028000571,1981-01-22,CLE vs. NJN,W,0,5,,,0.0,,,1,2,0.5,,,,,,,,,11,,0
8051,21980,78310,Reggie Theus,CHI,Chicago Bulls,0028000570,1981-01-22,CHI @ DET,W,0,5,,,0.0,,,1,2,0.5,,,,,,,,,11,,0
8052,21980,76290,Joe Bryant,SDC,San Diego Clippers,0028000572,1981-01-22,SDC vs. NYK,L,0,5,,,0.0,,,1,2,0.5,,,,,,,,,11,,0
8053,21980,76385,Maurice Cheeks,PHL,Philadelphia 76ers,0028000568,1981-01-21,PHL vs. IND,W,0,5,,,0.0,,,1,1,1.0,,,,,,,,,11,,0
8054,21980,76441,Wayne Cooper,UTH,Utah Jazz,0028000565,1981-01-21,UTH @ BOS,L,0,5,,,0.0,,,1,2,0.5,,,,,,,,,11,,0
8055,21980,77024,Armond Hill,SEA,Seattle SuperSonics,0028000562,1981-01-21,SEA @ NJN,L,0,2,,,0.0,,,7,7,1.0,,,,,,,,,11,,0
8056,21980,77438,Kyle Macy,PHX,Phoenix Suns,0028000564,1981-01-21,PHX @ HOU,L,0,5,,,1.0,,,0,0,,,,,,,,,,11,,0
8057,21980,77770,Louis Orr,IND,Indiana Pacers,0028000561,1981-01-20,IND @ CHI,L,0,4,,,0.0,,,3,4,0.75,,,,,,,,,11,,0
8058,21980,76539,Darryl Dawkins,PHL,Philadelphia 76ers,0028000560,1981-01-20,PHL @ DET,L,0,5,,,0.0,,,1,1,1.0,,,,,,,,,11,,0
8059,21980,76242,Mike Bratz,CLE,Cleveland Cavaliers,0028000559,1981-01-20,CLE vs. POR,W,0,5,,,0.0,,,1,2,0.5,,,,,,,,,11,,0
8060,21980,77152,John Johnson,SEA,Seattle SuperSonics,0028000555,1981-01-20,SEA @ NYK,L,0,5,,,0.0,,,1,1,1.0,,,,,,,,,11,,0
8061,21980,77364,Ron Lee,DET,Detroit Pistons,0028000554,1981-01-19,DET @ BOS,L,0,3,,,0.0,,,5,6,0.833,,,,,,,,,11,,0
8062,21980,77071,Phil Hubbard,DET,Detroit Pistons,0028000554,1981-01-19,DET @ BOS,L,0,5,,,0.0,,,1,2,0.5,,,,,,,,6.0,11,,0
8063,21980,305,Robert Parish,BOS,Boston Celtics,0028000554,1981-01-19,BOS vs. DET,W,0,5,,,0.0,,,1,2,0.5,,,,,,,,,11,,0
8064,21980,76733,Chris Ford,BOS,Boston Celtics,0028000554,1981-01-19,BOS vs. DET,W,0,5,,,1.0,,,0,0,,,,,,,,,,11,,0
8065,21980,76771,Mike Gale,POR,Portland Trail Blazers,0028000550,1981-01-18,POR @ MIL,L,0,5,,,0.0,,,1,1,1.0,,,,,,,,,11,,0
8066,21980,77817,Billy Paultz,HOU,Houston Rockets,0028000549,1981-01-18,HOU @ DEN,W,0,4,,,0.0,,,3,5,0.6,,,,,,,,,11,,0
8067,21980,76539,Darryl Dawkins,PHL,Philadelphia 76ers,0028000548,1981-01-18,PHL vs. SEA,W,0,5,,,0.0,,,1,3,0.333,,,,,,,,,11,,0
8068,21980,76272,Fred Brown,SEA,Seattle SuperSonics,0028000548,1981-01-18,SEA @ PHL,L,0,5,,,0.0,,,1,2,0.5,,,,,,,,,11,,0
8069,21980,77715,Carl Nicks,UTH,Utah Jazz,0028000547,1981-01-18,UTH @ IND,L,0,4,,,0.0,,,3,4,0.75,,,,,,,,,11,,0
8070,21980,1449,Larry Bird,BOS,Boston Celtics,0028000546,1981-01-18,BOS vs. LAL,W,0,4,,,0.0,,,3,4,0.75,,,,,,,,,11,,0
8071,21980,78390,Terry Tyler,DET,Detroit Pistons,0028000543,1981-01-17,DET vs. NJN,L,0,5,,,0.0,,,1,3,0.333,,,,,,,,,11,,0
8072,21980,77324,Mitch Kupchak,WAS,Washington Bullets,0028000542,1981-01-17,WAS vs. SAN,W,0,4,,,0.0,,,3,4,0.75,,,,,,,,,11,,0
8073,21980,78215,Ricky Sobers,CHI,Chicago Bulls,0028000545,1981-01-17,CHI vs. CLE,L,0,4,,,1.0,,,2,2,1.0,,,,,,,,,11,,0
8074,21980,78442,Wally Walker,SEA,Seattle SuperSonics,0028000534,1981-01-16,SEA @ IND,W,0,5,,,0.0,,,1,2,0.5,,,,,,,,,11,,0
8075,21980,78468,Richard Washington,CLE,Cleveland Cavaliers,0028000538,1981-01-16,CLE @ PHL,L,0,5,,,0.0,,,1,1,1.0,,,,,,,,,11,,0
8076,21980,77193,Bobby Jones,PHL,Philadelphia 76ers,0028000538,1981-01-16,PHL vs. CLE,W,0,4,,,0.0,,,3,3,1.0,,,,,,,,,11,,0
8077,21980,76483,Pat Cummings,MIL,Milwaukee Bucks,0028000537,1981-01-16,MIL vs. KCK,W,0,5,,,0.0,,,1,3,0.333,,,,,,,,6.0,11,,0
8078,21980,77993,Truck Robinson,PHX,Phoenix Suns,0028000536,1981-01-16,PHX vs. HOU,W,0,4,,,0.0,,,3,5,0.6,,,,,,,,,11,,0
8079,21980,77689,Swen Nater,SDC,San Diego Clippers,0028000535,1981-01-16,SDC @ UTH,L,0,4,,,0.0,,,3,5,0.6,,,,,,,,6.0,11,,0
8080,21980,77532,George McGinnis,IND,Indiana Pacers,0028000534,1981-01-16,IND vs. SEA,L,0,2,,,0.0,,,7,11,0.636,,,,,,,,,11,,0
8081,21980,78571,Ray Williams,NYK,New York Knicks,0028000532,1981-01-16,NYK @ DAL,L,0,4,,,0.0,,,3,4,0.75,,,,,,,,,11,,0
8082,21980,78068,Dewayne Scales,NYK,New York Knicks,0028000532,1981-01-16,NYK @ DAL,L,0,5,,,0.0,,,1,2,0.5,,,,,,,,,11,,0
8083,21980,77168,Mickey Johnson,MIL,Milwaukee Bucks,0028000529,1981-01-15,MIL vs. PHL,W,0,4,,,0.0,,,3,5,0.6,,,,,,,,,11,,0
8084,21980,76350,Kenny Carr,CLE,Cleveland Cavaliers,0028000526,1981-01-14,CLE @ BOS,L,0,4,,,0.0,,,3,3,1.0,,,,,,,,,11,,0
8085,21980,76874,Rickey Green,UTH,Utah Jazz,0028000524,1981-01-14,UTH @ GOS,W,0,5,,,0.0,,,1,2,0.5,,,,,,,,,11,,0
8086,21980,78068,Dewayne Scales,NYK,New York Knicks,0028000522,1981-01-14,NYK @ SAN,L,0,5,,,0.0,,,1,2,0.5,,,,,,,,,11,,0
8087,21980,77071,Phil Hubbard,DET,Detroit Pistons,0028000519,1981-01-14,DET @ IND,L,0,4,,,0.0,,,3,6,0.5,,,,,,,,,11,,0
8088,21980,76733,Chris Ford,BOS,Boston Celtics,0028000526,1981-01-14,BOS vs. CLE,W,0,5,,,1.0,,,0,0,,,,,,,,,,11,,0
8089,21980,78442,Wally Walker,SEA,Seattle SuperSonics,0028000518,1981-01-13,SEA @ PHX,L,0,4,,,0.0,,,3,4,0.75,,,,,,,,,11,,0
8090,21980,76889,Paul Griffin,SAN,San Antonio Spurs,0028000510,1981-01-11,SAN vs. WAS,W,0,5,,,0.0,,,1,2,0.5,,,,,,,,,11,,0
8091,21980,77626,Sidney Moncrief,MIL,Milwaukee Bucks,0028000509,1981-01-11,MIL vs. PHX,W,0,4,,,0.0,,,3,4,0.75,,,,,,,,,11,,0
8092,21980,76011,Alvan Adams,PHX,Phoenix Suns,0028000509,1981-01-11,PHX @ MIL,L,0,5,,,0.0,,,1,2,0.5,,,,,,,,,11,,0
8093,21980,76252,Junior Bridgeman,MIL,Milwaukee Bucks,0028000507,1981-01-10,MIL @ IND,L,0,4,,,0.0,,,3,3,1.0,,,,,,,,,11,,0
8094,21980,77324,Mitch Kupchak,WAS,Washington Bullets,0028000506,1981-01-10,WAS @ DAL,W,0,4,,,0.0,,,3,5,0.6,,,,,,,,,11,,0
8095,21980,77167,Vinnie Johnson,SEA,Seattle SuperSonics,0028000500,1981-01-10,SEA vs. DEN,W,0,5,,,0.0,,,1,1,1.0,,,,,,,,,11,,0
8096,21980,77024,Armond Hill,SEA,Seattle SuperSonics,0028000500,1981-01-10,SEA vs. DEN,W,0,2,,,0.0,,,7,8,0.875,,,,,,,,,11,,0
8097,21980,76993,Gerald Henderson,BOS,Boston Celtics,0028000494,1981-01-09,BOS vs. CHI,W,0,4,,,0.0,,,3,4,0.75,,,,,,,,,11,,0
8098,21980,77754,Mike O'Koren,NJN,New Jersey Nets,0028000493,1981-01-09,NJN vs. PHX,L,0,3,,,0.0,,,5,6,0.833,,,,,,,,,11,,0
8099,21980,76889,Paul Griffin,SAN,San Antonio Spurs,0028000492,1981-01-09,SAN vs. POR,W,0,1,,,0.0,,,9,13,0.692,,,,,,,,,11,,0
8100,21980,77087,Geoff Huston,DAL,Dallas Mavericks,0028000490,1981-01-08,DAL @ UTH,L,0,5,,,0.0,,,1,3,0.333,,,,,,,,,11,,0
8101,21980,77168,Mickey Johnson,MIL,Milwaukee Bucks,0028000489,1981-01-08,MIL vs. ATL,W,0,5,,,0.0,,,1,2,0.5,,,,,,,,,11,,0
8102,21980,77936,Robert Reid,HOU,Houston Rockets,0028000487,1981-01-07,HOU vs. KCK,L,0,4,,,0.0,,,3,4,0.75,,,,,,,,,11,,0
8103,21980,77498,Bob McAdoo,DET,Detroit Pistons,0028000486,1981-01-07,DET @ SEA,L,0,3,,,0.0,,,5,8,0.625,,,,,,,,,11,,0
8104,21980,77141,Dennis Johnson,PHX,Phoenix Suns,0028000485,1981-01-07,PHX @ BOS,L,0,5,,,0.0,,,1,2,0.5,,,,,,,,,11,,0
8105,21980,76317,Don Buse,IND,Indiana Pacers,0028000484,1981-01-07,IND vs. NJN,W,0,4,,,0.0,,,3,3,1.0,,,,,,,,,11,,0
8106,21980,77432,Ollie Mack,DAL,Dallas Mavericks,0028000481,1981-01-07,DAL @ GOS,W,0,5,,,0.0,,,1,3,0.333,,,,,,,,,11,,0
8107,21980,77328,Tom LaGarde,DAL,Dallas Mavericks,0028000481,1981-01-07,DAL @ GOS,W,0,5,,,0.0,,,1,2,0.5,,,,,,,,,11,,0
8108,21980,76733,Chris Ford,BOS,Boston Celtics,0028000485,1981-01-07,BOS vs. PHX,W,0,4,,,2.0,,,1,3,0.333,,,,,,,,,11,,0
8109,21980,78467,Kermit Washington,POR,Portland Trail Blazers,0028000479,1981-01-06,POR vs. DET,W,0,5,,,0.0,,,1,2,0.5,,,,,,,,,11,,0
8110,21980,76365,Harvey Catchings,MIL,Milwaukee Bucks,0028000478,1981-01-06,MIL vs. NJN,W,0,4,,,0.0,,,3,4,0.75,,,,,,,,,11,,0
8111,21980,77756,Mark Olberding,SAN,San Antonio Spurs,0028000477,1981-01-06,SAN @ NYK,W,0,5,,,0.0,,,1,2,0.5,,,,,,,,,11,,0
8112,21980,76822,Mike Glenn,NYK,New York Knicks,0028000477,1981-01-06,NYK vs. SAN,L,0,4,,,0.0,,,3,3,1.0,,,,,,,,,11,,0
8113,21980,76272,Fred Brown,SEA,Seattle SuperSonics,0028000474,1981-01-05,SEA vs. DAL,W,0,5,,,0.0,,,1,1,1.0,,,,,,,,,11,,0
8114,21980,78520,Sidney Wicks,SDC,San Diego Clippers,0028000472,1981-01-04,SDC @ MIL,L,0,2,,,0.0,,,7,9,0.778,,,,,,,,,11,,0
8115,21980,76266,Michael Brooks,SDC,San Diego Clippers,0028000472,1981-01-04,SDC @ MIL,L,0,5,,,0.0,,,1,3,0.333,,,,,,,,,11,,0
8116,21980,77635,Lowes Moore,NJN,New Jersey Nets,0028000471,1981-01-04,NJN vs. IND,L,0,4,,,0.0,,,3,3,1.0,,,,,,,,,11,,0
8117,21980,77618,Steve Mix,PHL,Philadelphia 76ers,0028000468,1981-01-03,PHL @ GOS,W,0,3,,,0.0,,,5,5,1.0,,,,,,,,,11,,0
8118,21980,77043,Lionel Hollins,PHL,Philadelphia 76ers,0028000468,1981-01-03,PHL @ GOS,W,0,4,,,0.0,,,3,5,0.6,,,,,,,,,11,,0
8119,21980,76734,Don Ford,CLE,Cleveland Cavaliers,0028000466,1981-01-03,CLE vs. WAS,W,0,5,,,0.0,,,1,1,1.0,,,,,,,,,11,,0
8120,21980,76121,Billyray Bates,POR,Portland Trail Blazers,0028000469,1981-01-03,POR @ UTH,L,0,5,,,1.0,,,0,0,,,,,,,,,,11,,0
8121,21980,76890,Darrell Griffith,UTH,Utah Jazz,0028000455,1981-01-02,UTH @ KCK,L,0,4,,,1.0,,,2,2,1.0,,,,,,,,,11,,0
8122,21980,76733,Chris Ford,BOS,Boston Celtics,0028000463,1981-01-02,BOS @ GOS,L,0,2,,,0.0,,,7,8,0.875,,,,,,,,,11,,0
8123,21980,76054,Nate Archibald,BOS,Boston Celtics,0028000463,1981-01-02,BOS @ GOS,L,0,4,,,0.0,,,3,4,0.75,,,,,,,,,11,,0
8124,21980,78531,Bob Wilkerson,CHI,Chicago Bulls,0028000462,1981-01-02,CHI @ WAS,W,0,4,,,0.0,,,3,4,0.75,,,,,,,,,11,,0
8125,21980,78390,Terry Tyler,DET,Detroit Pistons,0028000461,1981-01-02,DET vs. NYK,W,0,4,,,0.0,,,3,4,0.75,,,,,,,,,11,,0
8126,21980,77438,Kyle Macy,PHX,Phoenix Suns,0028000458,1981-01-02,PHX @ DEN,W,0,3,,,0.0,,,5,5,1.0,,,,,,,,,11,,0
8127,21980,77618,Steve Mix,PHL,Philadelphia 76ers,0028000457,1981-01-02,PHL @ SEA,W,0,4,,,0.0,,,3,3,1.0,,,,,,,,,11,,0
8128,21980,76899,Ernie Grunfeld,KCK,Kansas City Kings,0028000455,1981-01-02,KCK vs. UTH,W,0,5,,,0.0,,,1,1,1.0,,,,,,,,,11,,0
8129,21980,76874,Rickey Green,UTH,Utah Jazz,0028000453,1981-01-01,UTH @ HOU,L,0,4,,,0.0,,,3,4,0.75,,,,,,,,,11,,0
8130,21980,76054,Nate Archibald,BOS,Boston Celtics,0028000452,1981-01-01,BOS @ SDC,W,0,2,,,0.0,,,7,9,0.778,,,,,,,,,11,,0
8131,21980,77998,Dave Robisch,DEN,Denver Nuggets,0028000451,1981-01-01,DEN @ POR,L,0,3,,,0.0,,,5,6,0.833,,,,,,,,,11,,0
8132,21980,77998,Dave Robisch,DEN,Denver Nuggets,0028000450,1980-12-30,DEN vs. IND,W,0,3,,,0.0,,,5,6,0.833,,,,,,,,,11,,0
8133,21980,76526,Johnny Davis,IND,Indiana Pacers,0028000450,1980-12-30,IND @ DEN,L,0,4,,,0.0,,,3,8,0.375,,,,,,,,,11,,0
8134,21980,76095,Mike Bantom,IND,Indiana Pacers,0028000450,1980-12-30,IND @ DEN,L,0,5,,,0.0,,,1,2,0.5,,,,,,,,,11,,0
8135,21980,76471,Charlie Criss,ATL,Atlanta Hawks,0028000448,1980-12-30,ATL vs. DET,W,0,4,,,0.0,,,3,3,1.0,,,,,,,,,11,,0
8136,21980,77756,Mark Olberding,SAN,San Antonio Spurs,0028000445,1980-12-30,SAN vs. SEA,W,0,4,,,0.0,,,3,5,0.6,,,,,,,,,11,,0
8137,21980,78215,Ricky Sobers,CHI,Chicago Bulls,0028000444,1980-12-30,CHI vs. NJN,W,0,5,,,0.0,,,1,2,0.5,,,,,,,,,11,,0
8138,21980,78095,Alvin Scott,PHX,Phoenix Suns,0028000442,1980-12-30,PHX vs. BOS,L,0,5,,,0.0,,,1,1,1.0,,,,,,,,,11,,0
8139,21980,78600,Brian Winters,MIL,Milwaukee Bucks,0028000441,1980-12-30,MIL @ WAS,W,0,5,,,0.0,,,1,2,0.5,,,,,,,,,11,,0
8140,21980,78296,Brian Taylor,SDC,San Diego Clippers,0028000603,1980-12-27,SDC vs. IND,W,0,4,,,1.0,,,2,4,0.5,,,,,,,,,11,,0
8141,21980,77770,Louis Orr,IND,Indiana Pacers,0028000603,1980-12-27,IND @ SDC,L,0,5,,,0.0,,,1,2,0.5,,,,,,,,,11,,0
8142,21980,76516,Brad Davis,DAL,Dallas Mavericks,0028000433,1980-12-27,DAL @ MIL,L,0,4,,,0.0,,,3,5,0.6,,,,,,,,,11,,0
8143,21980,76225,Winford Boynes,DAL,Dallas Mavericks,0028000433,1980-12-27,DAL @ MIL,L,0,5,,,0.0,,,1,2,0.5,,,,,,,,,11,,0
8144,21980,77022,Johnny High,PHX,Phoenix Suns,0028000432,1980-12-27,PHX vs. LAL,W,0,3,,,0.0,,,5,9,0.556,,,,,,,,,11,,0
8145,21980,76355,Butch Carter,LAL,Los Angeles Lakers,0028000432,1980-12-27,LAL @ PHX,L,0,4,,,0.0,,,3,5,0.6,,,,,,,,,11,,0
8146,21980,78025,Dan Roundfield,ATL,Atlanta Hawks,0028000427,1980-12-26,ATL @ NJN,W,0,3,,,0.0,,,5,6,0.833,,,,,,,,,11,,0
8147,21980,76771,Mike Gale,POR,Portland Trail Blazers,0028000426,1980-12-26,POR @ SEA,W,0,4,,,0.0,,,3,3,1.0,,,,,,,,,11,,0
8148,21980,77618,Steve Mix,PHL,Philadelphia 76ers,0028000424,1980-12-26,PHL @ KCK,W,0,5,,,0.0,,,1,2,0.5,,,,,,,,,11,,0
8149,21980,76786,Calvin Garrett,HOU,Houston Rockets,0028000422,1980-12-26,HOU @ DET,W,0,5,,,0.0,,,1,2,0.5,,,,,,,,,11,,0
8150,21980,76355,Butch Carter,LAL,Los Angeles Lakers,0028000420,1980-12-26,LAL vs. IND,W,0,5,,,0.0,,,1,2,0.5,,,,,,,,,11,,0
8151,21980,76887,Kevin Grevey,WAS,Washington Bullets,0028000416,1980-12-25,WAS vs. NJN,W,0,4,,,0.0,,,3,5,0.6,,,,,,,,,11,,0
8152,21980,78095,Alvin Scott,PHX,Phoenix Suns,0028000418,1980-12-25,PHX vs. SAN,W,0,5,,,1.0,,,0,0,,,,,,,,,,11,,0
8153,21980,78000,John Roche,DEN,Denver Nuggets,0028000412,1980-12-23,DEN @ BOS,L,0,4,,,,,,3,4,0.75,,,,,,,,,11,,0
8154,21980,77326,Sam Lacey,KCK,Kansas City Kings,0028000414,1980-12-23,KCK @ CLE,W,0,5,,,0.0,,,1,2,0.5,,,,,,,,,11,,0
8155,21980,76736,Phil Ford,KCK,Kansas City Kings,0028000414,1980-12-23,KCK @ CLE,W,0,5,,,0.0,,,1,2,0.5,,,,,,,,,11,,0
8156,21980,1450,Kevin McHale,BOS,Boston Celtics,0028000412,1980-12-23,BOS vs. DEN,W,0,5,,,0.0,,,1,1,1.0,,,,,,,,,11,,0
8157,21980,76656,Bob Elliott,NJN,New Jersey Nets,0028000411,1980-12-23,NJN @ IND,L,0,5,,,0.0,,,1,1,1.0,,,,,,,,,11,,0
8158,21980,76526,Johnny Davis,IND,Indiana Pacers,0028000411,1980-12-23,IND vs. NJN,W,0,5,,,0.0,,,1,1,1.0,,,,,,,,,11,,0
8159,21980,77484,Wes Matthews,WAS,Washington Bullets,0028000410,1980-12-23,WAS @ ATL,L,0,4,,,0.0,,,3,4,0.75,,,,,,,,,11,,0
8160,21980,76887,Kevin Grevey,WAS,Washington Bullets,0028000410,1980-12-23,WAS @ ATL,L,0,4,,,0.0,,,3,4,0.75,,,,,,,,,11,,0
8161,21980,77438,Kyle Macy,PHX,Phoenix Suns,0028000409,1980-12-23,PHX vs. DET,W,0,4,,,0.0,,,3,3,1.0,,,,,,,,,11,,0
8162,21980,77308,Joel Kramer,PHX,Phoenix Suns,0028000409,1980-12-23,PHX vs. DET,W,0,4,,,0.0,,,3,4,0.75,,,,,,,,,11,,0
8163,21980,77205,Eddie Jordan,LAL,Los Angeles Lakers,0028000415,1980-12-23,LAL @ POR,L,0,5,,,1.0,,,0,0,,,,,,,,,,11,,0
8164,21980,78149,Jack Sikma,SEA,Seattle SuperSonics,0028000406,1980-12-22,SEA vs. PHX,L,0,4,,,0.0,,,3,4,0.75,,,,,,,,,11,,0
8165,21980,76771,Mike Gale,POR,Portland Trail Blazers,0028000405,1980-12-21,POR vs. PHX,L,0,4,,,1.0,,,2,4,0.5,,,,,,,,,11,,0
8166,21980,76534,Ron Davis,SDC,San Diego Clippers,0028000404,1980-12-21,SDC vs. DET,W,0,5,,,0.0,,,1,1,1.0,,,,,,,,,11,,0
8167,21980,77205,Eddie Jordan,LAL,Los Angeles Lakers,0028000402,1980-12-21,LAL vs. SAN,W,0,2,,,0.0,,,7,7,1.0,,,,,,,,,11,,0
8168,21980,77149,George Johnson,SAN,San Antonio Spurs,0028000402,1980-12-21,SAN @ LAL,L,0,5,,,0.0,,,1,2,0.5,,,,,,,,,11,,0
8169,21980,600014,Artis Gilmore,CHI,Chicago Bulls,0028000395,1980-12-20,CHI vs. HOU,W,0,4,,,0.0,,,3,3,1.0,,,,,,,,,11,,0
8170,21980,78531,Bob Wilkerson,CHI,Chicago Bulls,0028000395,1980-12-20,CHI vs. HOU,W,0,3,,,0.0,,,5,6,0.833,,,,,,,,,11,,0
8171,21980,77022,Johnny High,PHX,Phoenix Suns,0028000386,1980-12-19,PHX vs. UTH,W,0,4,,,1.0,,,2,4,0.5,,,,,,,,,11,,0
8172,21980,76054,Nate Archibald,BOS,Boston Celtics,0028000394,1980-12-19,BOS vs. HOU,W,0,4,,,0.0,,,3,5,0.6,,,,,,,,,11,,0
8173,21980,77182,Dwight Jones,CHI,Chicago Bulls,0028000393,1980-12-19,CHI vs. MIL,W,0,5,,,0.0,,,1,1,1.0,,,,,,,,,11,,0
8174,21980,76252,Junior Bridgeman,MIL,Milwaukee Bucks,0028000393,1980-12-19,MIL @ CHI,L,0,3,,,0.0,,,5,6,0.833,,,,,,,,,11,,0
8175,21980,77996,Wayne Robinson,DET,Detroit Pistons,0028000390,1980-12-19,DET vs. IND,W,0,3,,,0.0,,,5,7,0.714,,,,,,,,,11,,0
8176,21980,77800,Sonny Parker,GOS,Golden State Warriors,0028000389,1980-12-19,GOS @ SAN,L,0,5,,,0.0,,,1,3,0.333,,,,,,,,,11,,0
8177,21980,76971,Steve Hawes,ATL,Atlanta Hawks,0028000382,1980-12-18,ATL @ UTH,W,0,5,,,0.0,,,1,3,0.333,,,,,,,,,11,,0
8178,21980,76944,Bill Hanzlik,SEA,Seattle SuperSonics,0028000381,1980-12-17,SEA vs. KCK,W,0,5,,,0.0,,,1,2,0.5,,,,,,,,,11,,0
8179,21980,76272,Fred Brown,SEA,Seattle SuperSonics,0028000381,1980-12-17,SEA vs. KCK,W,0,5,,,0.0,,,1,1,1.0,,,,,,,,,11,,0
8180,21980,77754,Mike O'Koren,NJN,New Jersey Nets,0028000376,1980-12-17,NJN vs. MIL,W,0,5,,,0.0,,,1,2,0.5,,,,,,,,,11,,0
8181,21980,78015,Lorenzo Romar,GOS,Golden State Warriors,0028000375,1980-12-17,GOS vs. POR,L,0,4,,,0.0,,,3,4,0.75,,,,,,,,,11,,0
8182,21980,77420,Maurice Lucas,NJN,New Jersey Nets,0028000373,1980-12-16,NJN @ ATL,L,0,5,,,0.0,,,1,2,0.5,,,,,,,,,11,,0
8183,21980,78351,Andrew Toney,PHL,Philadelphia 76ers,0028000371,1980-12-16,PHL @ IND,W,0,4,,,0.0,,,3,3,1.0,,,,,,,,,11,,0
8184,21980,76539,Darryl Dawkins,PHL,Philadelphia 76ers,0028000364,1980-12-14,PHL @ NJN,W,0,3,,,0.0,,,5,6,0.833,,,,,,,,,11,,0
8185,21980,77786,Tom Owens,POR,Portland Trail Blazers,0028000363,1980-12-14,POR @ PHX,W,0,4,,,0.0,,,3,5,0.6,,,,,,,,,11,,0
8186,21980,77756,Mark Olberding,SAN,San Antonio Spurs,0028000360,1980-12-13,SAN vs. DEN,W,0,5,,,0.0,,,1,1,1.0,,,,,,,,,11,,0
8187,21980,76054,Nate Archibald,BOS,Boston Celtics,0028000354,1980-12-13,BOS @ CHI,W,0,2,,,0.0,,,7,7,1.0,,,,,,,,,11,,0
8188,21980,77984,Rick Robey,BOS,Boston Celtics,0028000348,1980-12-12,BOS vs. NJN,W,0,5,,,0.0,,,1,2,0.5,,,,,,,,,11,,0
8189,21980,77184,Edgar Jones,NJN,New Jersey Nets,0028000348,1980-12-12,NJN @ BOS,L,0,2,,,0.0,,,7,8,0.875,,,,,,,,,11,,0
8190,21980,78467,Kermit Washington,POR,Portland Trail Blazers,0028000347,1980-12-12,POR vs. HOU,W,0,5,,,0.0,,,1,2,0.5,,,,,,,,,11,,0
8191,21980,78274,John Stroud,HOU,Houston Rockets,0028000347,1980-12-12,HOU @ POR,L,0,5,,,0.0,,,1,2,0.5,,,,,,,,,11,,0
8192,21980,78047,Campy Russell,NYK,New York Knicks,0028000346,1980-12-11,NYK @ MIL,L,0,5,,,0.0,,,1,2,0.5,,,,,,,,,11,,0
8193,21980,77273,Reggie King,KCK,Kansas City Kings,0028000345,1980-12-11,KCK @ SAN,L,0,5,,,0.0,,,1,1,1.0,,,,,,,,,11,,0
8194,21980,76899,Ernie Grunfeld,KCK,Kansas City Kings,0028000345,1980-12-11,KCK @ SAN,L,0,5,,,0.0,,,1,1,1.0,,,,,,,,,11,,0
8195,21980,77528,Jim McElroy,ATL,Atlanta Hawks,0028000339,1980-12-10,ATL @ DET,W,0,3,,,1.0,,,4,4,1.0,,,,,,,,,11,,0
8196,21980,77136,Clemon Johnson,IND,Indiana Pacers,0028000343,1980-12-10,IND vs. PHX,W,0,4,,,0.0,,,3,6,0.5,,,,,,,,,11,,0
8197,21980,76526,Johnny Davis,IND,Indiana Pacers,0028000343,1980-12-10,IND vs. PHX,W,0,4,,,0.0,,,3,3,1.0,,,,,,,,,11,,0
8198,21980,78215,Ricky Sobers,CHI,Chicago Bulls,0028000342,1980-12-10,CHI @ PHL,L,0,4,,,0.0,,,3,3,1.0,,,,,,,,,11,,0
8199,21980,77490,Scott May,CHI,Chicago Bulls,0028000342,1980-12-10,CHI @ PHL,L,0,5,,,0.0,,,1,1,1.0,,,,,,,,,11,,0
8200,21980,77996,Wayne Robinson,DET,Detroit Pistons,0028000339,1980-12-10,DET vs. ATL,L,0,3,,,0.0,,,5,6,0.833,,,,,,,,,11,,0
8201,21980,76736,Phil Ford,KCK,Kansas City Kings,0028000337,1980-12-10,KCK vs. SDC,W,0,4,,,0.0,,,3,5,0.6,,,,,,,,,11,,0
8202,21980,78195,Larry Smith,GOS,Golden State Warriors,0028000336,1980-12-10,GOS vs. SEA,L,0,5,,,0.0,,,1,4,0.25,,,,,,,,,11,,0
8203,21980,76290,Joe Bryant,SDC,San Diego Clippers,0028000331,1980-12-09,SDC @ ATL,L,0,4,,,0.0,,,3,4,0.75,,,,,,,,,11,,0
8204,21980,76350,Kenny Carr,CLE,Cleveland Cavaliers,0028000333,1980-12-09,CLE vs. PHL,L,0,4,,,0.0,,,3,6,0.5,,,,,,,,,11,,0
8205,21980,78481,Marvin Webster,NYK,New York Knicks,0028000332,1980-12-09,NYK vs. WAS,W,0,4,,,0.0,,,3,6,0.5,,,,,,,,,11,,0
8206,21980,78132,Craig Shelton,ATL,Atlanta Hawks,0028000331,1980-12-09,ATL vs. SDC,W,0,5,,,0.0,,,1,2,0.5,,,,,,,,,11,,0
8207,21980,77626,Sidney Moncrief,MIL,Milwaukee Bucks,0028000330,1980-12-09,MIL @ BOS,L,0,2,,,0.0,,,7,8,0.875,,,,,,,,,11,,0
8208,21980,78222,Jim Spanarkel,DAL,Dallas Mavericks,0028000329,1980-12-09,DAL vs. LAL,L,0,4,,,0.0,,,3,3,1.0,,,,,,,,,11,,0
8209,21980,77997,Bill Robinzine,DAL,Dallas Mavericks,0028000329,1980-12-09,DAL vs. LAL,L,0,4,,,0.0,,,3,3,1.0,,,,,,,,,11,,0
8210,21980,77323,Kevin Kunnert,POR,Portland Trail Blazers,0028000328,1980-12-09,POR vs. SEA,W,0,3,,,0.0,,,5,5,1.0,,,,,,,,,11,,0
8211,21980,77167,Vinnie Johnson,SEA,Seattle SuperSonics,0028000328,1980-12-09,SEA @ POR,L,0,5,,,0.0,,,1,3,0.333,,,,,,,,,11,,0
8212,21980,78150,James Silas,SAN,San Antonio Spurs,0028000326,1980-12-08,SAN @ SEA,L,0,5,,,0.0,,,1,2,0.5,,,,,,,,,11,,0
8213,21980,78296,Brian Taylor,SDC,San Diego Clippers,0028000324,1980-12-07,SDC vs. NJN,W,0,3,,,1.0,,,4,4,1.0,,,,,,,,,11,,0
8214,21980,78436,Foots Walker,NJN,New Jersey Nets,0028000324,1980-12-07,NJN @ SDC,L,0,2,,,0.0,,,7,7,1.0,,,,,,,,,11,,0
8215,21980,77235,Rich Kelley,PHX,Phoenix Suns,0028000322,1980-12-07,PHX vs. GOS,W,0,4,,,0.0,,,3,4,0.75,,,,,,,,,11,,0
8216,21980,76204,Ron Boone,UTH,Utah Jazz,0028000321,1980-12-07,UTH @ LAL,L,0,5,,,0.0,,,1,1,1.0,,,,,,,,,11,,0
8217,21980,76444,Michael Cooper,LAL,Los Angeles Lakers,0028000320,1980-12-06,LAL @ GOS,L,0,5,,,0.0,,,1,2,0.5,,,,,,,,,11,,0
8218,21980,77160,Marques Johnson,MIL,Milwaukee Bucks,0028000317,1980-12-06,MIL @ NYK,L,0,5,,,0.0,,,1,2,0.5,,,,,,,,,11,,0
8219,21980,77997,Bill Robinzine,DAL,Dallas Mavericks,0028000318,1980-12-06,DAL @ ATL,L,0,4,,,0.0,,,3,6,0.5,,,,,,,,,11,,0
8220,21980,77152,John Johnson,SEA,Seattle SuperSonics,0028000316,1980-12-06,SEA @ UTH,W,0,4,,,0.0,,,3,3,1.0,,,,,,,,,11,,0
8221,21980,76890,Darrell Griffith,UTH,Utah Jazz,0028000316,1980-12-06,UTH vs. SEA,L,0,5,,,1.0,,,0,1,0.0,,,,,,,,,11,,0
8222,21980,78390,Terry Tyler,DET,Detroit Pistons,0028000307,1980-12-05,DET @ WAS,L,0,4,,,0.0,,,3,5,0.6,,,,,,,,,11,,0
8223,21980,77364,Ron Lee,DET,Detroit Pistons,0028000307,1980-12-05,DET @ WAS,L,0,4,,,0.0,,,3,4,0.75,,,,,,,,,11,,0
8224,21980,77239,Greg Kelser,DET,Detroit Pistons,0028000307,1980-12-05,DET @ WAS,L,0,5,,,0.0,,,1,4,0.25,,,,,,,,,11,,0
8225,21980,77235,Rich Kelley,PHX,Phoenix Suns,0028000306,1980-12-05,PHX vs. NJN,L,0,5,,,0.0,,,1,1,1.0,,,,,,,,,11,,0
8226,21980,76436,Jeff Cook,PHX,Phoenix Suns,0028000306,1980-12-05,PHX vs. NJN,L,0,4,,,0.0,,,3,6,0.5,,,,,,,,,11,,0
8227,21980,76453,Dave Corzine,SAN,San Antonio Spurs,0028000304,1980-12-04,SAN vs. CLE,W,0,5,,,0.0,,,1,2,0.5,,,,,,,,,11,,0
8228,21980,76054,Nate Archibald,BOS,Boston Celtics,0028000300,1980-12-03,BOS vs. ATL,W,0,2,,,0.0,,,7,9,0.778,,,,,,,,,11,,0
8229,21980,76283,Rickey Brown,GOS,Golden State Warriors,0028000298,1980-12-03,GOS vs. NJN,W,0,4,,,0.0,,,3,3,1.0,,,,,,,,,11,,0
8230,21980,77141,Dennis Johnson,PHX,Phoenix Suns,0028000297,1980-12-03,PHX @ KCK,L,0,1,,,0.0,,,9,10,0.9,,,,,,,,,11,,0
8231,21980,77193,Bobby Jones,PHL,Philadelphia 76ers,0028000295,1980-12-03,PHL vs. NYK,W,0,4,,,0.0,,,3,3,1.0,,,,,,,,,11,,0
8232,21980,77043,Lionel Hollins,PHL,Philadelphia 76ers,0028000295,1980-12-03,PHL vs. NYK,W,0,4,,,0.0,,,3,4,0.75,,,,,,,,,11,,0
8233,21980,77308,Joel Kramer,PHX,Phoenix Suns,0028000294,1980-12-02,PHX @ SAN,W,0,5,,,0.0,,,1,3,0.333,,,,,,,,,11,,0
8234,21980,77273,Reggie King,KCK,Kansas City Kings,0028000293,1980-12-02,KCK @ WAS,L,0,5,,,0.0,,,1,2,0.5,,,,,,,,,11,,0
8235,21980,76526,Johnny Davis,IND,Indiana Pacers,0028000291,1980-12-02,IND @ NYK,W,0,5,,,0.0,,,1,5,0.2,,,,,,,,,11,,0
8236,21980,77626,Sidney Moncrief,MIL,Milwaukee Bucks,0028000289,1980-12-02,MIL vs. UTH,W,0,5,,,0.0,,,1,3,0.333,,,,,,,,,11,,0
8237,21980,77193,Bobby Jones,PHL,Philadelphia 76ers,0028000288,1980-12-02,PHL @ ATL,L,0,3,,,0.0,,,5,6,0.833,,,,,,,,,11,,0
8238,21980,76996,Tom Henderson,HOU,Houston Rockets,0028000285,1980-11-30,HOU @ PHX,L,0,2,,,0.0,,,7,7,1.0,,,,,,,,,11,,0
8239,21980,77490,Scott May,CHI,Chicago Bulls,0028000284,1980-11-30,CHI @ LAL,W,0,2,,,0.0,,,7,8,0.875,,,,,,,,,11,,0
8240,21980,76944,Bill Hanzlik,SEA,Seattle SuperSonics,0028000282,1980-11-30,SEA vs. NJN,W,0,4,,,0.0,,,3,3,1.0,,,,,,,,,11,,0
8241,21980,78520,Sidney Wicks,SDC,San Diego Clippers,0028000281,1980-11-30,SDC vs. GOS,W,0,4,,,0.0,,,3,3,1.0,,,,,,,,,11,,0
8242,21980,77996,Wayne Robinson,DET,Detroit Pistons,0028000280,1980-11-29,DET @ ATL,W,0,3,,,0.0,,,5,6,0.833,,,,,,,,,11,,0
8243,21980,78047,Campy Russell,NYK,New York Knicks,0028000274,1980-11-29,NYK vs. POR,W,0,3,,,0.0,,,5,6,0.833,,,,,,,,,11,,0
8244,21980,77043,Lionel Hollins,PHL,Philadelphia 76ers,0028000273,1980-11-29,PHL vs. UTH,W,0,4,,,0.0,,,3,5,0.6,,,,,,,,,11,,0
8245,21980,77290,Billy Knight,IND,Indiana Pacers,0028000272,1980-11-29,IND vs. CLE,W,0,3,,,0.0,,,5,5,1.0,,,,,,,,,11,,0
8246,21980,76526,Johnny Davis,IND,Indiana Pacers,0028000272,1980-11-29,IND vs. CLE,W,0,4,,,0.0,,,3,3,1.0,,,,,,,,,11,,0
8247,21980,76231,Dudley Bradley,IND,Indiana Pacers,0028000272,1980-11-29,IND vs. CLE,W,0,4,,,0.0,,,3,3,1.0,,,,,,,,,11,,0
8248,21980,76993,Gerald Henderson,BOS,Boston Celtics,0028000268,1980-11-28,BOS vs. NYK,W,0,5,,,0.0,,,1,2,0.5,,,,,,,,,11,,0
8249,21980,77056,Cedrick Hordges,DEN,Denver Nuggets,0028000267,1980-11-28,DEN @ DAL,W,0,3,,,0.0,,,5,8,0.625,,,,,,,,,11,,0
8250,21980,77215,Jeff Judkins,UTH,Utah Jazz,0028000266,1980-11-28,UTH @ NJN,L,0,5,,,0.0,,,1,2,0.5,,,,,,,,,11,,0
8251,21980,328,Rick Mahorn,WAS,Washington Bullets,0028000264,1980-11-28,WAS @ CLE,L,0,5,,,0.0,,,1,1,1.0,,,,,,,,,11,,0
8252,21980,76733,Chris Ford,BOS,Boston Celtics,0028000268,1980-11-28,BOS vs. NYK,W,0,5,,,1.0,,,0,0,,,,,,,,,,11,,0
8253,21980,78307,Carlos Terry,WAS,Washington Bullets,0028000260,1980-11-27,WAS vs. IND,W,0,5,,,0.0,,,1,1,1.0,,,,,,,,,11,,0
8254,21980,76204,Ron Boone,UTH,Utah Jazz,0028000257,1980-11-26,UTH @ DET,W,0,5,,,0.0,,,1,2,0.5,,,,,,,,,11,,0
8255,21980,77950,Clint Richardson,PHL,Philadelphia 76ers,0028000256,1980-11-26,PHL @ HOU,W,0,5,,,0.0,,,1,2,0.5,,,,,,,,,11,,0
8256,21980,77952,Micheal Ray Richardson,NYK,New York Knicks,0028000253,1980-11-26,NYK @ CLE,W,0,4,,,0.0,,,3,3,1.0,,,,,,,,,11,,0
8257,21980,76362,Bill Cartwright,NYK,New York Knicks,0028000253,1980-11-26,NYK @ CLE,W,0,3,,,0.0,,,5,7,0.714,,,,,,,,,11,,0
8258,21980,76054,Nate Archibald,BOS,Boston Celtics,0028000251,1980-11-26,BOS vs. POR,W,0,4,,,0.0,,,3,5,0.6,,,,,,,,,11,,0
8259,21980,76599,Larry Drew,DET,Detroit Pistons,0028000257,1980-11-26,DET vs. UTH,L,0,5,,,1.0,,,0,0,,,,,,,,,,11,,0
8260,21980,76272,Fred Brown,SEA,Seattle SuperSonics,0028000245,1980-11-23,SEA @ SDC,L,0,4,,,2.0,,,1,2,0.5,,,,,,,,,11,,0
8261,21980,76826,Mike Gminski,NJN,New Jersey Nets,0028000239,1980-11-22,NJN @ DET,L,0,5,,,0.0,,,1,4,0.25,,,,,,,,,11,,0
8262,21980,76889,Paul Griffin,SAN,San Antonio Spurs,0028000238,1980-11-22,SAN vs. PHL,L,0,5,,,0.0,,,1,2,0.5,,,,,,,,6.0,11,,0
8263,21980,76993,Gerald Henderson,BOS,Boston Celtics,0028000236,1980-11-22,BOS @ CLE,L,0,5,,,0.0,,,1,2,0.5,,,,,,,,,11,,0
8264,21980,76272,Fred Brown,SEA,Seattle SuperSonics,0028000233,1980-11-21,SEA @ DAL,W,0,5,,,0.0,,,1,3,0.333,,,,,,,,,11,,0
8265,21980,77273,Reggie King,KCK,Kansas City Kings,0028000231,1980-11-21,KCK @ DEN,L,0,5,,,0.0,,,1,3,0.333,,,,,,,,,11,,0
8266,21980,77936,Robert Reid,HOU,Houston Rockets,0028000230,1980-11-21,HOU @ NJN,W,0,5,,,0.0,,,1,1,1.0,,,,,,,,,11,,0
8267,21980,76616,Mike Dunleavy,HOU,Houston Rockets,0028000230,1980-11-21,HOU @ NJN,W,0,5,,,0.0,,,1,2,0.5,,,,,,,,,11,,0
8268,21980,76996,Tom Henderson,HOU,Houston Rockets,0028000227,1980-11-20,HOU @ CLE,W,0,4,,,0.0,,,3,3,1.0,,,,,,,,,11,,0
8269,21980,77819,Jim Paxson,POR,Portland Trail Blazers,0028000226,1980-11-20,POR vs. MIL,L,0,5,,,0.0,,,1,1,1.0,,,,,,,,,11,,0
8270,21980,77984,Rick Robey,BOS,Boston Celtics,0028000223,1980-11-19,BOS @ IND,W,0,5,,,0.0,,,1,2,0.5,,,,,,,,,11,,0
8271,21980,76231,Dudley Bradley,IND,Indiana Pacers,0028000223,1980-11-19,IND vs. BOS,L,0,5,,,0.0,,,1,2,0.5,,,,,,,,,11,,0
8272,21980,229,James Edwards,IND,Indiana Pacers,0028000223,1980-11-19,IND vs. BOS,L,0,3,,,0.0,,,5,7,0.714,,,,,,,,,11,,0
8273,21980,76889,Paul Griffin,SAN,San Antonio Spurs,0028000220,1980-11-18,SAN @ ATL,L,0,3,,,0.0,,,5,6,0.833,,,,,,,,,11,,0
8274,21980,76095,Mike Bantom,IND,Indiana Pacers,0028000216,1980-11-18,IND @ DET,W,0,3,,,0.0,,,5,5,1.0,,,,,,,,,11,,0
8275,21980,78600,Brian Winters,MIL,Milwaukee Bucks,0028000214,1980-11-18,MIL @ UTH,W,0,4,,,0.0,,,3,3,1.0,,,,,,,,,11,,0
8276,21980,76085,James Bailey,SEA,Seattle SuperSonics,0028000211,1980-11-18,SEA @ HOU,L,0,5,,,0.0,,,1,2,0.5,,,,,,,,,11,,0
8277,21980,77998,Dave Robisch,DEN,Denver Nuggets,0028000210,1980-11-18,DEN @ POR,L,0,4,,,0.0,,,3,3,1.0,,,,,,,,,11,,0
8278,21980,77786,Tom Owens,POR,Portland Trail Blazers,0028000210,1980-11-18,POR vs. DEN,W,0,4,,,0.0,,,3,3,1.0,,,,,,,,,11,,0
8279,21980,77021,Kenny Higgs,DEN,Denver Nuggets,0028000210,1980-11-18,DEN @ POR,L,0,5,,,0.0,,,1,1,1.0,,,,,,,,,11,,0
8280,21980,76656,Bob Elliott,NJN,New Jersey Nets,0028000205,1980-11-15,NJN @ PHL,L,0,3,,,0.0,,,5,6,0.833,,,,,,,,,11,,0
8281,21980,76350,Kenny Carr,CLE,Cleveland Cavaliers,0028000204,1980-11-15,CLE @ NYK,L,0,5,,,0.0,,,1,2,0.5,,,,,,,,,11,,0
8282,21980,77669,Calvin Murphy,HOU,Houston Rockets,0028000200,1980-11-15,HOU @ SEA,L,0,4,,,0.0,,,3,4,0.75,,,,,,,,,11,,0
8283,21980,76360,Reggie Carter,NYK,New York Knicks,0028000197,1980-11-14,NYK @ MIL,L,0,5,,,0.0,,,1,2,0.5,,,,,,,,,11,,0
8284,21980,78467,Kermit Washington,POR,Portland Trail Blazers,0028000193,1980-11-14,POR @ DAL,L,0,5,,,0.0,,,1,1,1.0,,,,,,,,,11,,0
8285,21980,76249,Ron Brewer,POR,Portland Trail Blazers,0028000193,1980-11-14,POR @ DAL,L,0,4,,,0.0,,,3,5,0.6,,,,,,,,,11,,0
8286,21980,77273,Reggie King,KCK,Kansas City Kings,0028000191,1980-11-14,KCK @ SEA,L,0,4,,,0.0,,,3,7,0.429,,,,,,,,,11,,0
8287,21980,76095,Mike Bantom,IND,Indiana Pacers,0028000189,1980-11-13,IND vs. PHL,L,0,5,,,0.0,,,1,2,0.5,,,,,,,,,11,,0
8288,21980,76436,Jeff Cook,PHX,Phoenix Suns,0028000182,1980-11-12,PHX vs. SAN,W,0,5,,,0.0,,,1,4,0.25,,,,,,,,,11,,0
8289,21980,77710,Mike Newlin,NJN,New Jersey Nets,0028000181,1980-11-12,NJN vs. DEN,W,0,3,,,0.0,,,5,6,0.833,,,,,,,,,11,,0
8290,21980,78296,Brian Taylor,SDC,San Diego Clippers,0028000178,1980-11-11,SDC vs. PHX,L,0,3,,,0.0,,,5,6,0.833,,,,,,,,,11,,0
8291,21980,77141,Dennis Johnson,PHX,Phoenix Suns,0028000178,1980-11-11,PHX @ SDC,W,0,4,,,0.0,,,3,4,0.75,,,,,,,,,11,,0
8292,21980,78068,Dewayne Scales,NYK,New York Knicks,0028000176,1980-11-11,NYK vs. DET,W,0,4,,,0.0,,,3,3,1.0,,,,,,,,,11,,0
8293,21980,76822,Mike Glenn,NYK,New York Knicks,0028000176,1980-11-11,NYK vs. DET,W,0,3,,,0.0,,,5,5,1.0,,,,,,,,,11,,0
8294,21980,77484,Wes Matthews,WAS,Washington Bullets,0028000175,1980-11-11,WAS vs. DEN,W,0,5,,,0.0,,,1,1,1.0,,,,,,,,,11,,0
8295,21980,77786,Tom Owens,POR,Portland Trail Blazers,0028000173,1980-11-11,POR vs. KCK,L,0,4,,,0.0,,,3,3,1.0,,,,,,,,,11,,0
8296,21980,77328,Tom LaGarde,DAL,Dallas Mavericks,0028000170,1980-11-11,DAL vs. HOU,L,0,5,,,0.0,,,1,6,0.167,,,,,,,,,11,,0
8297,21980,78351,Andrew Toney,PHL,Philadelphia 76ers,0028000168,1980-11-09,PHL @ MIL,W,0,4,,,0.0,,,3,5,0.6,,,,,,,,,11,,0
8298,21980,76966,Joey Hassett,DAL,Dallas Mavericks,0028000158,1980-11-08,DAL @ DET,L,0,3,,,1.0,,,4,6,0.667,,,,,,,,,11,,0
8299,21980,76290,Joe Bryant,SDC,San Diego Clippers,0028000165,1980-11-08,SDC @ POR,W,0,4,,,0.0,,,3,4,0.75,,,,,,,,,11,,0
8300,21980,78531,Bob Wilkerson,CHI,Chicago Bulls,0028000161,1980-11-08,CHI vs. DEN,L,0,4,,,0.0,,,3,3,1.0,,,,,,,,,11,,0
8301,21980,77998,Dave Robisch,DEN,Denver Nuggets,0028000161,1980-11-08,DEN @ CHI,W,0,5,,,0.0,,,1,2,0.5,,,,,,,,,11,,0
8302,21980,77715,Carl Nicks,DEN,Denver Nuggets,0028000161,1980-11-08,DEN @ CHI,W,0,3,,,0.0,,,5,6,0.833,,,,,,,,,11,,0
8303,21980,76441,Wayne Cooper,UTH,Utah Jazz,0028000159,1980-11-08,UTH vs. NYK,L,0,5,,,0.0,,,1,2,0.5,,,,,,,,,11,,0
8304,21980,76154,Kent Benson,DET,Detroit Pistons,0028000158,1980-11-08,DET vs. DAL,W,0,5,,,0.0,,,1,1,1.0,,,,,,,,,11,,0
8305,21980,76162,Henry Bibby,SDC,San Diego Clippers,0028000154,1980-11-07,SDC @ SEA,L,0,3,,,1.0,,,4,6,0.667,,,,,,,,,11,,0
8306,21980,77618,Steve Mix,PHL,Philadelphia 76ers,0028000157,1980-11-07,PHL vs. KCK,W,0,5,,,0.0,,,1,2,0.5,,,,,,,,,11,,0
8307,21980,77997,Bill Robinzine,DAL,Dallas Mavericks,0028000156,1980-11-07,DAL vs. LAL,L,0,5,,,0.0,,,1,2,0.5,,,,,,,,,11,,0
8308,21980,77626,Sidney Moncrief,MIL,Milwaukee Bucks,0028000155,1980-11-07,MIL @ BOS,W,0,4,,,0.0,,,3,3,1.0,,,,,,,,,11,,0
8309,21980,76154,Kent Benson,DET,Detroit Pistons,0028000151,1980-11-07,DET @ WAS,L,0,5,,,0.0,,,1,2,0.5,,,,,,,,,11,,0
8310,21980,76091,Greg Ballard,WAS,Washington Bullets,0028000148,1980-11-06,WAS vs. DAL,W,0,5,,,0.0,,,1,1,1.0,,,,,,,,,11,,0
8311,21980,77071,Phil Hubbard,DET,Detroit Pistons,0028000146,1980-11-05,DET @ PHL,L,0,4,,,0.0,,,3,7,0.429,,,,,,,,,11,,0
8312,21980,76471,Charlie Criss,ATL,Atlanta Hawks,0028000145,1980-11-05,ATL @ BOS,L,0,2,,,0.0,,,7,9,0.778,,,,,,,,,11,,0
8313,21980,76583,James Donaldson,SEA,Seattle SuperSonics,0028000144,1980-11-05,SEA vs. DEN,L,0,3,,,0.0,,,5,6,0.833,,,,,,,,,11,,0
8314,21980,1453,Walter Davis,PHX,Phoenix Suns,0028000143,1980-11-05,PHX @ SAN,L,0,4,,,0.0,,,3,3,1.0,,,,,,,,,11,,0
8315,21980,77952,Micheal Ray Richardson,NYK,New York Knicks,0028000142,1980-11-05,NYK @ KCK,L,0,5,,,0.0,,,1,2,0.5,,,,,,,,,11,,0
8316,21980,78350,Rudy Tomjanovich,HOU,Houston Rockets,0028000141,1980-11-05,HOU vs. SDC,L,0,5,,,0.0,,,1,1,1.0,,,,,,,,,11,,0
8317,21980,76985,Garfield Heard,SDC,San Diego Clippers,0028000141,1980-11-05,SDC @ HOU,W,0,5,,,0.0,,,1,3,0.333,,,,,,,,,11,,0
8318,21980,77136,Clemon Johnson,IND,Indiana Pacers,0028000136,1980-11-04,IND @ PHX,L,0,5,,,0.0,,,1,1,1.0,,,,,,,,,11,,0
8319,21980,77141,Dennis Johnson,PHX,Phoenix Suns,0028000129,1980-11-01,PHX @ KCK,W,0,5,,,0.0,,,1,3,0.333,,,,,,,,,11,,0
8320,21980,76736,Phil Ford,KCK,Kansas City Kings,0028000129,1980-11-01,KCK vs. PHX,L,0,4,,,0.0,,,3,3,1.0,,,,,,,,,11,,0
8321,21980,76421,Doug Collins,PHL,Philadelphia 76ers,0028000127,1980-11-01,PHL vs. BOS,W,0,4,,,0.0,,,3,3,1.0,,,,,,,,,11,,0
8322,21980,76085,James Bailey,SEA,Seattle SuperSonics,0028000120,1980-10-31,SEA vs. SAN,L,0,4,,,0.0,,,3,5,0.6,,,,,,,,,11,,0
8323,21980,77396,Scott Lloyd,DAL,Dallas Mavericks,0028000119,1980-10-31,DAL @ UTH,L,0,4,,,0.0,,,3,4,0.75,,,,,,,,,11,,0
8324,21980,76030,Darrell Allums,DAL,Dallas Mavericks,0028000119,1980-10-31,DAL @ UTH,L,0,4,,,0.0,,,3,3,1.0,,,,,,,,6.0,11,,0
8325,21980,77618,Steve Mix,PHL,Philadelphia 76ers,0028000116,1980-10-31,PHL vs. ATL,W,0,4,,,0.0,,,3,4,0.75,,,,,,,,,11,,0
8326,21980,78510,Jojo White,KCK,Kansas City Kings,0028000114,1980-10-31,KCK @ BOS,L,0,5,,,0.0,,,1,1,1.0,,,,,,,,,11,,0
8327,21980,77136,Clemon Johnson,IND,Indiana Pacers,0028000112,1980-10-31,IND @ CHI,W,0,5,,,0.0,,,1,3,0.333,,,,,,,,,11,,0
8328,21980,229,James Edwards,IND,Indiana Pacers,0028000112,1980-10-31,IND @ CHI,W,0,5,,,0.0,,,1,2,0.5,,,,,,,,,11,,0
8329,21980,76966,Joey Hassett,DAL,Dallas Mavericks,0028000119,1980-10-31,DAL @ UTH,L,0,5,,,1.0,,,0,0,,,,,,,,,,11,,0
8330,21980,76590,Leon Douglas,KCK,Kansas City Kings,0028000110,1980-10-29,KCK vs. POR,W,0,3,,,0.0,,,5,8,0.625,,,,,,,,,11,,0
8331,21980,76453,Dave Corzine,SAN,San Antonio Spurs,0028000109,1980-10-29,SAN @ UTH,L,0,4,,,0.0,,,3,4,0.75,,,,,,,,,11,,0
8332,21980,76436,Jeff Cook,PHX,Phoenix Suns,0028000107,1980-10-29,PHX vs. SDC,W,0,5,,,0.0,,,1,5,0.2,,,,,,,,,11,,0
8333,21980,78350,Rudy Tomjanovich,HOU,Houston Rockets,0028000106,1980-10-29,HOU vs. DAL,W,0,5,,,0.0,,,1,2,0.5,,,,,,,,,11,,0
8334,21980,77087,Geoff Huston,DAL,Dallas Mavericks,0028000106,1980-10-29,DAL @ HOU,L,0,4,,,0.0,,,3,4,0.75,,,,,,,,,11,,0
8335,21980,76054,Nate Archibald,BOS,Boston Celtics,0028000105,1980-10-29,BOS @ DET,W,0,5,,,0.0,,,1,1,1.0,,,,,,,,,11,,0
8336,21980,76204,Ron Boone,UTH,Utah Jazz,0028000109,1980-10-29,UTH vs. SAN,W,0,5,,,1.0,,,0,0,,,,,,,,,,11,,0
8337,21980,78400,Jan Van Breda Kolff,NJN,New Jersey Nets,0028000108,1980-10-29,NJN vs. MIL,L,0,5,,,1.0,,,0,0,,,,,,,,,,11,,0
8338,21980,76085,James Bailey,SEA,Seattle SuperSonics,0028000101,1980-10-28,SEA vs. GOS,W,0,2,,,0.0,,,7,8,0.875,,,,,,,,,11,,0
8339,21980,76392,Jim Chones,LAL,Los Angeles Lakers,0028000098,1980-10-28,LAL @ SDC,W,0,4,,,0.0,,,3,4,0.75,,,,,,,,,11,,0
8340,21980,77618,Steve Mix,PHL,Philadelphia 76ers,0028000097,1980-10-28,PHL @ CLE,W,0,4,,,0.0,,,3,4,0.75,,,,,,,,,11,,0
8341,21980,76290,Joe Bryant,SDC,San Diego Clippers,0028000091,1980-10-25,SDC vs. SAN,L,0,5,,,0.0,,,1,3,0.333,,,,,,,,,11,,0
8342,21980,77215,Jeff Judkins,UTH,Utah Jazz,0028000088,1980-10-25,UTH vs. LAL,L,0,5,,,0.0,,,1,1,1.0,,,,,,,,,11,,0
8343,21980,76257,Allan Bristow,UTH,Utah Jazz,0028000088,1980-10-25,UTH vs. LAL,L,0,4,,,0.0,,,3,3,1.0,,,,,,,,,11,,0
8344,21980,76003,Kareem Abdul-Jabbar,LAL,Los Angeles Lakers,0028000088,1980-10-25,LAL @ UTH,W,0,3,,,0.0,,,5,8,0.625,,,,,,,,,11,,0
8345,21980,1449,Larry Bird,BOS,Boston Celtics,0028000087,1980-10-25,BOS @ WAS,W,0,5,,,0.0,,,1,2,0.5,,,,,,,,,11,,0
8346,21980,78482,Scott Wedman,KCK,Kansas City Kings,0028000086,1980-10-25,KCK vs. DEN,W,0,5,,,0.0,,,1,1,1.0,,,,,,,,,11,,0
8347,21980,77246,Larry Kenon,CHI,Chicago Bulls,0028000084,1980-10-25,CHI @ MIL,L,0,5,,,0.0,,,1,2,0.5,,,,,,,,,11,,0
8348,21980,76686,Mike Evans,MIL,Milwaukee Bucks,0028000084,1980-10-25,MIL vs. CHI,W,0,5,,,0.0,,,1,1,1.0,,,,,,,,,11,,0
8349,21980,100263,Bill Laimbeer,CLE,Cleveland Cavaliers,0028000083,1980-10-25,CLE vs. IND,W,0,4,,,0.0,,,3,4,0.75,,,,,,,,,11,,0
8350,21980,76231,Dudley Bradley,IND,Indiana Pacers,0028000083,1980-10-25,IND @ CLE,L,0,4,,,0.0,,,3,4,0.75,,,,,,,,,11,,0
8351,21980,77144,Eddie Johnson,ATL,Atlanta Hawks,0028000082,1980-10-25,ATL vs. PHL,L,0,4,,,0.0,,,3,4,0.75,,,,,,,,,11,,0
8352,21980,76887,Kevin Grevey,WAS,Washington Bullets,0028000087,1980-10-25,WAS vs. BOS,L,0,4,,,1.0,,,2,3,0.667,,,,,,,,,11,,0
8353,21980,77136,Clemon Johnson,IND,Indiana Pacers,0028000074,1980-10-24,IND vs. ATL,W,0,5,,,0.0,,,1,4,0.25,,,,,,,,,11,,0
8354,21980,78139,Purvis Short,GOS,Golden State Warriors,0028000071,1980-10-23,GOS @ SAN,L,0,4,,,0.0,,,3,3,1.0,,,,,,,,,11,,0
8355,21980,77952,Micheal Ray Richardson,NYK,New York Knicks,0028000073,1980-10-23,NYK @ BOS,W,0,5,,,1.0,,,0,0,,,,,,,,,,11,,0
8356,21980,78442,Wally Walker,SEA,Seattle SuperSonics,0028000070,1980-10-22,SEA vs. DAL,L,0,4,,,0.0,,,3,4,0.75,,,,,,,,,11,,0
8357,21980,77328,Tom LaGarde,DAL,Dallas Mavericks,0028000070,1980-10-22,DAL @ SEA,W,0,4,,,0.0,,,3,7,0.429,,,,,,,,,11,,0
8358,21980,76385,Maurice Cheeks,PHL,Philadelphia 76ers,0028000069,1980-10-22,PHL @ DET,W,0,4,,,0.0,,,3,5,0.6,,,,,,,,,11,,0
8359,21980,77754,Mike O'Koren,NJN,New Jersey Nets,0028000066,1980-10-22,NJN vs. BOS,L,0,5,,,0.0,,,1,2,0.5,,,,,,,,,11,,0
8360,21980,76993,Gerald Henderson,BOS,Boston Celtics,0028000066,1980-10-22,BOS @ NJN,W,0,3,,,0.0,,,5,6,0.833,,,,,,,,,11,,0
8361,21980,76054,Nate Archibald,BOS,Boston Celtics,0028000066,1980-10-22,BOS @ NJN,W,0,4,,,0.0,,,3,4,0.75,,,,,,,,,11,,0
8362,21980,77848,Roger Phegley,CLE,Cleveland Cavaliers,0028000065,1980-10-21,CLE @ MIL,L,0,5,,,0.0,,,1,1,1.0,,,,,,,,,11,,0
8363,21980,77353,Allen Leavell,HOU,Houston Rockets,0028000063,1980-10-21,HOU @ DEN,W,0,4,,,0.0,,,3,3,1.0,,,,,,,,,11,,0
8364,21980,78468,Richard Washington,DAL,Dallas Mavericks,0028000059,1980-10-21,DAL @ PHX,L,0,5,,,0.0,,,1,2,0.5,,,,,,,,,11,,0
8365,21980,76881,David Greenwood,CHI,Chicago Bulls,0028000058,1980-10-21,CHI @ NYK,L,0,5,,,0.0,,,1,4,0.25,,,,,,,,,11,,0
8366,21980,76822,Mike Glenn,NYK,New York Knicks,0028000058,1980-10-21,NYK vs. CHI,W,0,5,,,0.0,,,1,1,1.0,,,,,,,,,11,,0
8367,21980,77160,Marques Johnson,MIL,Milwaukee Bucks,0028000054,1980-10-19,MIL vs. NJN,W,0,4,,,0.0,,,3,4,0.75,,,,,,,,,11,,0
8368,21980,76736,Phil Ford,KCK,Kansas City Kings,0028000049,1980-10-18,KCK vs. SEA,L,0,4,,,2.0,,,1,2,0.5,,,,,,,,,11,,0
8369,21980,77043,Lionel Hollins,PHL,Philadelphia 76ers,0028000050,1980-10-18,PHL vs. WAS,W,0,5,,,0.0,,,1,2,0.5,,,,,,,,,11,,0
8370,21980,77553,Tom McMillen,ATL,Atlanta Hawks,0028000052,1980-10-18,ATL @ DET,W,0,5,,,1.0,,,0,0,,,,,,,,,,11,,0
8371,21980,76979,Elvin Hayes,WAS,Washington Bullets,0028000043,1980-10-17,WAS vs. NJN,L,0,4,,,0.0,,,3,7,0.429,,,,,,,,,11,,0
8372,21980,77936,Robert Reid,HOU,Houston Rockets,0028000042,1980-10-17,HOU @ POR,W,0,5,,,0.0,,,1,2,0.5,,,,,,,,,11,,0
8373,21980,77691,Calvin Natt,POR,Portland Trail Blazers,0028000042,1980-10-17,POR vs. HOU,L,0,5,,,0.0,,,1,4,0.25,,,,,,,,,11,,0
8374,21980,77353,Allen Leavell,HOU,Houston Rockets,0028000042,1980-10-17,HOU @ POR,W,0,5,,,0.0,,,1,1,1.0,,,,,,,,,11,,0
8375,21980,77689,Swen Nater,SDC,San Diego Clippers,0028000039,1980-10-17,SDC vs. DEN,L,0,4,,,0.0,,,3,5,0.6,,,,,,,,,11,,0
8376,21980,78133,Lonnie Shelton,SEA,Seattle SuperSonics,0028000030,1980-10-15,SEA @ HOU,L,0,5,,,0.0,,,1,2,0.5,,,,,,,,,11,,0
8377,21980,76599,Larry Drew,DET,Detroit Pistons,0028000023,1980-10-14,DET @ CLE,L,0,4,,,1.0,,,2,2,1.0,,,,,,,,,11,,0
8378,21980,77193,Bobby Jones,PHL,Philadelphia 76ers,0028000027,1980-10-14,PHL @ NYK,L,0,3,,,0.0,,,5,5,1.0,,,,,,,,,11,,0
8379,21980,78519,Charles Whitney,KCK,Kansas City Kings,0028000026,1980-10-14,KCK @ SAN,L,0,5,,,0.0,,,1,2,0.5,,,,,,,,,11,,0
8380,21980,76656,Bob Elliott,NJN,New Jersey Nets,0028000022,1980-10-13,NJN vs. DET,W,0,4,,,0.0,,,3,6,0.5,,,,,,,,,11,,0
8381,21980,78133,Lonnie Shelton,SEA,Seattle SuperSonics,0028000021,1980-10-12,SEA @ POR,L,0,3,,,0.0,,,5,7,0.714,,,,,,,,,11,,0
8382,21980,76436,Jeff Cook,PHX,Phoenix Suns,0028000020,1980-10-12,PHX vs. KCK,W,0,5,,,0.0,,,1,1,1.0,,,,,,,,,11,,0
8383,21980,77669,Calvin Murphy,HOU,Houston Rockets,0028000019,1980-10-12,HOU @ LAL,L,0,5,,,0.0,,,1,1,1.0,,,,,,,,,11,,0
8384,21980,78531,Bob Wilkerson,CHI,Chicago Bulls,0028000013,1980-10-11,CHI @ ATL,L,0,2,,,0.0,,,7,8,0.875,,,,,,,,,11,,0
8385,21980,76598,John Drew,ATL,Atlanta Hawks,0028000013,1980-10-11,ATL vs. CHI,W,0,5,,,0.0,,,1,2,0.5,,,,,,,,,11,,0
8386,21980,76656,Bob Elliott,NJN,New Jersey Nets,0028000012,1980-10-11,NJN @ CLE,W,0,5,,,0.0,,,1,1,1.0,,,,,,,,,11,,0
8387,21980,77986,Cliff T. Robinson,NJN,New Jersey Nets,0028000009,1980-10-10,NJN vs. IND,L,0,5,,,0.0,,,1,2,0.5,,,,,,,,,11,,0
8388,21980,77290,Billy Knight,IND,Indiana Pacers,0028000009,1980-10-10,IND @ NJN,W,0,5,,,0.0,,,1,2,0.5,,,,,,,,,11,,0
8389,21980,78331,Mychal Thompson,POR,Portland Trail Blazers,0028000008,1980-10-10,POR @ UTH,L,0,4,,,0.0,,,3,5,0.6,,,,,,,,,11,,0
8390,21980,76272,Fred Brown,SEA,Seattle SuperSonics,0028000006,1980-10-10,SEA vs. LAL,L,0,5,,,0.0,,,1,2,0.5,,,,,,,,,11,,0
8391,21980,78350,Rudy Tomjanovich,HOU,Houston Rockets,0028000004,1980-10-10,HOU @ SDC,L,0,4,,,0.0,,,3,4,0.75,,,,,,,,,11,,0
8392,21980,77936,Robert Reid,HOU,Houston Rockets,0028000004,1980-10-10,HOU @ SDC,L,0,3,,,0.0,,,5,6,0.833,,,,,,,,,11,,0
8393,21980,77021,Kenny Higgs,DEN,Denver Nuggets,0028000002,1980-10-10,DEN vs. SAN,L,0,1,,,0.0,,,9,9,1.0,,,,,,,,6.0,11,,0
8394,21980,76348,Austin Carr,WAS,Washington Bullets,0028000943,1981-03-29,WAS vs. CLE,W,0,5,,,0.0,,,0,0,,,,,,,,,,10,,0
8395,21980,77396,Scott Lloyd,DAL,Dallas Mavericks,0028000938,1981-03-29,DAL @ KCK,L,0,4,,,0.0,,,2,4,0.5,,,,,,,,,10,,0
8396,21980,77326,Sam Lacey,KCK,Kansas City Kings,0028000938,1981-03-29,KCK vs. DAL,W,0,5,,,0.0,,,0,0,,,,,,,,,,10,,0
8397,21980,77817,Billy Paultz,HOU,Houston Rockets,0028000935,1981-03-29,HOU @ SAN,L,0,4,,,0.0,,,2,2,1.0,,,,,,,,,10,,0
8398,21980,78532,Jamaal Wilkes,LAL,Los Angeles Lakers,0028000933,1981-03-29,LAL vs. DEN,L,0,4,,,0.0,,,2,4,0.5,,,,,,,,,10,,0
8399,21980,77547,Billy McKinney,DEN,Denver Nuggets,0028000933,1981-03-29,DEN @ LAL,W,0,3,,,0.0,,,4,6,0.667,,,,,,,,,10,,0
8400,21980,77040,Brad Holland,LAL,Los Angeles Lakers,0028000933,1981-03-29,LAL vs. DEN,L,0,5,,,0.0,,,0,0,,,,,,,,,,10,,0
8401,21980,76003,Kareem Abdul-Jabbar,LAL,Los Angeles Lakers,0028000933,1981-03-29,LAL vs. DEN,L,0,5,,,0.0,,,0,0,,,,,,,,,,10,,0
8402,21980,76954,Mike Harper,POR,Portland Trail Blazers,0028000941,1981-03-29,POR @ SDC,W,0,5,,,0.0,,,0,5,0.0,,,,,,,,,10,,0
8403,21980,78296,Brian Taylor,SDC,San Diego Clippers,0028000941,1981-03-29,SDC vs. POR,L,0,5,,,0.0,,,0,0,,,,,,,,,,10,,0
8404,21980,76435,Darwin Cook,NJN,New Jersey Nets,0028000931,1981-03-28,NJN vs. NYK,L,0,5,,,0.0,,,0,0,,,,,,,,,,10,,0
8405,21980,78390,Terry Tyler,DET,Detroit Pistons,0028000929,1981-03-28,DET @ WAS,L,0,4,,,0.0,,,2,3,0.667,,,,,,,,,10,,0
8406,21980,76608,Terry Duerod,BOS,Boston Celtics,0028000928,1981-03-27,BOS vs. DET,L,0,4,,,1.0,,,1,1,1.0,,,,,,,,,10,,0
8407,21980,77996,Wayne Robinson,DET,Detroit Pistons,0028000928,1981-03-27,DET @ BOS,W,0,4,,,0.0,,,2,3,0.667,,,,,,,,,10,,0
8408,21980,1450,Kevin McHale,BOS,Boston Celtics,0028000928,1981-03-27,BOS vs. DET,L,0,5,,,0.0,,,0,0,,,,,,,,,,10,,0
8409,21980,77040,Brad Holland,LAL,Los Angeles Lakers,0028000927,1981-03-27,LAL @ SEA,W,0,5,,,0.0,,,0,0,,,,,,,,,,10,,0
8410,21980,77043,Lionel Hollins,PHL,Philadelphia 76ers,0028000925,1981-03-27,PHL @ CLE,W,0,5,,,0.0,,,0,0,,,,,,,,,,10,,0
8411,21980,78095,Alvin Scott,PHX,Phoenix Suns,0028000924,1981-03-27,PHX vs. SDC,W,0,4,,,0.0,,,2,2,1.0,,,,,,,,,10,,0
8412,21980,77770,Louis Orr,IND,Indiana Pacers,0028000922,1981-03-27,IND vs. WAS,W,0,3,,,0.0,,,4,4,1.0,,,,,,,,,10,,0
8413,21980,77136,Clemon Johnson,IND,Indiana Pacers,0028000922,1981-03-27,IND vs. WAS,W,0,4,,,0.0,,,2,4,0.5,,,,,,,,,10,,0
8414,21980,78215,Ricky Sobers,CHI,Chicago Bulls,0028000921,1981-03-27,CHI vs. ATL,W,0,5,,,0.0,,,0,0,,,,,,,,,,10,,0
8415,21980,77715,Carl Nicks,UTH,Utah Jazz,0028000920,1981-03-26,UTH vs. SAN,L,0,5,,,0.0,,,0,0,,,,,,,,,,10,,0
8416,21980,78390,Terry Tyler,DET,Detroit Pistons,0028000917,1981-03-25,DET @ PHL,L,0,4,,,0.0,,,2,4,0.5,,,,,,,,,10,,0
8417,21980,77162,Ollie Johnson,PHL,Philadelphia 76ers,0028000917,1981-03-25,PHL vs. DET,W,0,3,,,0.0,,,4,4,1.0,,,,,,,,,10,,0
8418,21980,77010,Keith Herron,DET,Detroit Pistons,0028000917,1981-03-25,DET @ PHL,L,0,5,,,0.0,,,0,0,,,,,,,,,,10,,0
8419,21980,76385,Maurice Cheeks,PHL,Philadelphia 76ers,0028000917,1981-03-25,PHL vs. DET,W,0,3,,,0.0,,,4,4,1.0,,,,,,,,,10,,0
8420,21980,77498,Bob McAdoo,NJN,New Jersey Nets,0028000916,1981-03-25,NJN vs. BOS,L,0,3,,,0.0,,,4,4,1.0,,,,,,,,,10,,0
8421,21980,1449,Larry Bird,BOS,Boston Celtics,0028000916,1981-03-25,BOS @ NJN,W,0,3,,,0.0,,,4,4,1.0,,,,,,,,,10,,0
8422,21980,77323,Kevin Kunnert,POR,Portland Trail Blazers,0028000911,1981-03-25,POR @ SEA,W,0,5,,,0.0,,,0,0,,,,,,,,,,10,,0
8423,21980,78571,Ray Williams,NYK,New York Knicks,0028000910,1981-03-25,NYK @ WAS,L,0,4,,,0.0,,,2,2,1.0,,,,,,,,,10,,0
8424,21980,76418,Don Collins,WAS,Washington Bullets,0028000910,1981-03-25,WAS vs. NYK,W,0,4,,,0.0,,,2,3,0.667,,,,,,,,,10,,0
8425,21980,328,Rick Mahorn,WAS,Washington Bullets,0028000910,1981-03-25,WAS vs. NYK,W,0,4,,,0.0,,,2,4,0.5,,,,,,,,,10,,0
8426,21980,78548,Freeman Williams,SDC,San Diego Clippers,0028000904,1981-03-24,SDC vs. SEA,W,0,4,,,2.0,,,0,0,,,,,,,,,,10,,0
8427,21980,1381,John Long,DET,Detroit Pistons,0028000908,1981-03-24,DET @ ATL,L,0,5,,,0.0,,,0,0,,,,,,,,,,10,,0
8428,21980,77331,John Lambert,KCK,Kansas City Kings,0028000907,1981-03-24,KCK @ UTH,W,0,5,,,0.0,,,0,0,,,,,,,,,,10,,0
8429,21980,77326,Sam Lacey,KCK,Kansas City Kings,0028000907,1981-03-24,KCK @ UTH,W,0,5,,,0.0,,,0,0,,,,,,,,,,10,,0
8430,21980,77432,Ollie Mack,DAL,Dallas Mavericks,0028000906,1981-03-24,DAL vs. HOU,L,0,5,,,0.0,,,0,0,,,,,,,,,,10,,0
8431,21980,78296,Brian Taylor,SDC,San Diego Clippers,0028000904,1981-03-24,SDC vs. SEA,W,0,4,,,0.0,,,2,2,1.0,,,,,,,,,10,,0
8432,21980,76444,Michael Cooper,LAL,Los Angeles Lakers,0028000901,1981-03-24,LAL vs. GOS,W,0,4,,,0.0,,,2,2,1.0,,,,,,,,,10,,0
8433,21980,76392,Jim Chones,LAL,Los Angeles Lakers,0028000901,1981-03-24,LAL vs. GOS,W,0,4,,,0.0,,,2,2,1.0,,,,,,,,,10,,0
8434,21980,76162,Henry Bibby,SDC,San Diego Clippers,0028000904,1981-03-24,SDC vs. SEA,W,0,3,,,1.0,,,3,4,0.75,,,,,,,,,10,,0
8435,21980,1453,Walter Davis,PHX,Phoenix Suns,0028000899,1981-03-22,PHX vs. SEA,W,0,4,,,0.0,,,2,4,0.5,,,,,,,,6.0,10,,0
8436,21980,77168,Mickey Johnson,MIL,Milwaukee Bucks,0028000898,1981-03-22,MIL @ NJN,W,0,4,,,0.0,,,2,2,1.0,,,,,,,,,10,,0
8437,21980,76526,Johnny Davis,IND,Indiana Pacers,0028000897,1981-03-22,IND vs. CLE,W,0,3,,,0.0,,,4,4,1.0,,,,,,,,,10,,0
8438,21980,76444,Michael Cooper,LAL,Los Angeles Lakers,0028000896,1981-03-22,LAL @ GOS,W,0,5,,,0.0,,,0,0,,,,,,,,,,10,,0
8439,21980,328,Rick Mahorn,WAS,Washington Bullets,0028000895,1981-03-22,WAS vs. ATL,W,0,4,,,0.0,,,2,2,1.0,,,,,,,,,10,,0
8440,21980,78449,Lloyd Walton,KCK,Kansas City Kings,0028000894,1981-03-22,KCK vs. HOU,L,0,4,,,0.0,,,2,2,1.0,,,,,,,,,10,,0
8441,21980,77582,Joe Meriweather,KCK,Kansas City Kings,0028000894,1981-03-22,KCK vs. HOU,L,0,3,,,0.0,,,4,6,0.667,,,,,,,,,10,,0
8442,21980,77021,Kenny Higgs,DEN,Denver Nuggets,0028000893,1981-03-22,DEN vs. UTH,W,0,3,,,0.0,,,4,4,1.0,,,,,,,,,10,,0
8443,21980,77043,Lionel Hollins,PHL,Philadelphia 76ers,0028000892,1981-03-22,PHL vs. BOS,W,0,3,,,0.0,,,4,4,1.0,,,,,,,,,10,,0
8444,21980,77149,George Johnson,SAN,San Antonio Spurs,0028000891,1981-03-22,SAN vs. SDC,W,0,5,,,0.0,,,0,0,,,,,,,,,6.0,10,,0
8445,21980,76453,Dave Corzine,SAN,San Antonio Spurs,0028000891,1981-03-22,SAN vs. SDC,W,0,5,,,0.0,,,0,0,,,,,,,,,,10,,0
8446,21980,77182,Dwight Jones,CHI,Chicago Bulls,0028000890,1981-03-22,CHI @ DET,W,0,4,,,0.0,,,2,2,1.0,,,,,,,,,10,,0
8447,21980,78331,Mychal Thompson,POR,Portland Trail Blazers,0028000889,1981-03-21,POR vs. LAL,L,0,5,,,0.0,,,0,1,0.0,,,,,,,,,10,,0
8448,21980,76360,Reggie Carter,NYK,New York Knicks,0028000886,1981-03-21,NYK vs. CLE,W,0,3,,,0.0,,,4,5,0.8,,,,,,,,,10,,0
8449,21980,76252,Junior Bridgeman,MIL,Milwaukee Bucks,0028000885,1981-03-20,MIL @ DET,W,0,4,,,0.0,,,2,2,1.0,,,,,,,,,10,,0
8450,21980,77876,Kevin Porter,WAS,Washington Bullets,0028000884,1981-03-20,WAS @ BOS,L,0,3,,,0.0,,,4,4,1.0,,,,,,,,,10,,0
8451,21980,76054,Nate Archibald,BOS,Boston Celtics,0028000884,1981-03-20,BOS vs. WAS,W,0,4,,,0.0,,,2,2,1.0,,,,,,,,,10,,0
8452,21980,77149,George Johnson,SAN,San Antonio Spurs,0028000880,1981-03-20,SAN @ KCK,W,0,3,,,0.0,,,4,5,0.8,,,,,,,,,10,,0
8453,21980,76453,Dave Corzine,SAN,San Antonio Spurs,0028000880,1981-03-20,SAN @ KCK,W,0,4,,,0.0,,,2,2,1.0,,,,,,,,,10,,0
8454,21980,78149,Jack Sikma,SEA,Seattle SuperSonics,0028000879,1981-03-20,SEA @ LAL,L,0,4,,,0.0,,,2,2,1.0,,,,,,,,,10,,0
8455,21980,77618,Steve Mix,PHL,Philadelphia 76ers,0028000878,1981-03-20,PHL @ CHI,L,0,3,,,0.0,,,4,4,1.0,,,,,,,,,10,,0
8456,21980,77246,Larry Kenon,CHI,Chicago Bulls,0028000878,1981-03-20,CHI vs. PHL,W,0,4,,,0.0,,,2,2,1.0,,,,,,,,,10,,0
8457,21980,77193,Bobby Jones,PHL,Philadelphia 76ers,0028000878,1981-03-20,PHL @ CHI,L,0,4,,,0.0,,,2,3,0.667,,,,,,,,6.0,10,,0
8458,21980,78516,Jerome Whitehead,SDC,San Diego Clippers,0028000876,1981-03-19,SDC vs. GOS,W,0,4,,,0.0,,,2,6,0.333,,,,,,,,,10,,0
8459,21980,78351,Andrew Toney,PHL,Philadelphia 76ers,0028000872,1981-03-18,PHL vs. IND,W,0,5,,,0.0,,,0,0,,,,,,,,,,10,,0
8460,21980,77126,Abdul Jeelani,DAL,Dallas Mavericks,0028000871,1981-03-18,DAL @ UTH,L,0,3,,,0.0,,,4,7,0.571,,,,,,,,,10,,0
8461,21980,77235,Rich Kelley,PHX,Phoenix Suns,0028000869,1981-03-18,PHX vs. LAL,W,0,5,,,0.0,,,0,0,,,,,,,,,,10,,0
8462,21980,76444,Michael Cooper,LAL,Los Angeles Lakers,0028000869,1981-03-18,LAL @ PHX,L,0,3,,,0.0,,,4,4,1.0,,,,,,,,6.0,10,,0
8463,21980,76483,Pat Cummings,MIL,Milwaukee Bucks,0028000868,1981-03-18,MIL vs. NYK,L,0,5,,,0.0,,,0,0,,,,,,,,,,10,,0
8464,21980,77487,Cedric Maxwell,BOS,Boston Celtics,0028000867,1981-03-18,BOS vs. ATL,L,0,4,,,0.0,,,2,2,1.0,,,,,,,,,10,,0
8465,21980,77184,Edgar Jones,NJN,New Jersey Nets,0028000866,1981-03-18,NJN @ DET,L,0,4,,,0.0,,,2,2,1.0,,,,,,,,,10,,0
8466,21980,77010,Keith Herron,DET,Detroit Pistons,0028000866,1981-03-18,DET vs. NJN,W,0,2,,,0.0,,,6,6,1.0,,,,,,,,,10,,0
8467,21980,76252,Junior Bridgeman,MIL,Milwaukee Bucks,0028000863,1981-03-17,MIL @ CHI,L,0,3,,,0.0,,,4,4,1.0,,,,,,,,,10,,0
8468,21980,77756,Mark Olberding,SAN,San Antonio Spurs,0028000862,1981-03-17,SAN vs. UTH,W,0,1,,,0.0,,,8,8,1.0,,,,,,,,,10,,0
8469,21980,76257,Allan Bristow,UTH,Utah Jazz,0028000862,1981-03-17,UTH @ SAN,L,0,5,,,0.0,,,0,0,,,,,,,,,,10,,0
8470,21980,78200,Randy Smith,CLE,Cleveland Cavaliers,0028000860,1981-03-17,CLE vs. ATL,W,0,3,,,0.0,,,4,5,0.8,,,,,,,,,10,,0
8471,21980,76350,Kenny Carr,CLE,Cleveland Cavaliers,0028000860,1981-03-17,CLE vs. ATL,W,0,4,,,0.0,,,2,2,1.0,,,,,,,,,10,,0
8472,21980,77396,Scott Lloyd,DAL,Dallas Mavericks,0028000858,1981-03-17,DAL vs. LAL,L,0,4,,,0.0,,,2,3,0.667,,,,,,,,6.0,10,,0
8473,21980,76444,Michael Cooper,LAL,Los Angeles Lakers,0028000858,1981-03-17,LAL @ DAL,W,0,4,,,0.0,,,2,4,0.5,,,,,,,,,10,,0
8474,21980,77043,Lionel Hollins,PHL,Philadelphia 76ers,0028000857,1981-03-17,PHL @ NJN,L,0,5,,,0.0,,,0,0,,,,,,,,,,10,,0
8475,21980,76985,Garfield Heard,SDC,San Diego Clippers,0028000856,1981-03-15,SDC @ LAL,W,0,5,,,0.0,,,0,0,,,,,,,,,,10,,0
8476,21980,76091,Greg Ballard,WAS,Washington Bullets,0028000853,1981-03-15,WAS vs. CLE,L,0,3,,,0.0,,,4,5,0.8,,,,,,,,,10,,0
8477,21980,77162,Ollie Johnson,PHL,Philadelphia 76ers,0028000851,1981-03-15,PHL @ NYK,L,0,5,,,0.0,,,0,0,,,,,,,,,,10,,0
8478,21980,77163,Reggie Johnson,SAN,San Antonio Spurs,0028000848,1981-03-15,SAN @ GOS,W,0,5,,,0.0,,,0,2,0.0,,,,,,,,,10,,0
8479,21980,78150,James Silas,SAN,San Antonio Spurs,0028000846,1981-03-14,SAN @ SDC,L,0,4,,,0.0,,,2,2,1.0,,,,,,,,,10,,0
8480,21980,77149,George Johnson,SAN,San Antonio Spurs,0028000846,1981-03-14,SAN @ SDC,L,0,3,,,0.0,,,4,5,0.8,,,,,,,,6.0,10,,0
8481,21980,76249,Ron Brewer,SAN,San Antonio Spurs,0028000846,1981-03-14,SAN @ SDC,L,0,5,,,0.0,,,0,0,,,,,,,,,,10,,0
8482,21980,100263,Bill Laimbeer,CLE,Cleveland Cavaliers,0028000845,1981-03-14,CLE @ ATL,W,0,5,,,0.0,,,0,0,,,,,,,,,6.0,10,,0
8483,21980,76441,Wayne Cooper,UTH,Utah Jazz,0028000844,1981-03-14,UTH @ HOU,L,0,4,,,0.0,,,2,5,0.4,,,,,,,,6.0,10,,0
8484,21980,77623,Paul Mokeski,DET,Detroit Pistons,0028000843,1981-03-13,DET vs. SEA,L,0,3,,,0.0,,,4,8,0.5,,,,,,,,,10,,0
8485,21980,77817,Billy Paultz,HOU,Houston Rockets,0028000842,1981-03-13,HOU vs. POR,W,0,5,,,0.0,,,0,1,0.0,,,,,,,,,10,,0
8486,21980,76895,Bob Gross,POR,Portland Trail Blazers,0028000842,1981-03-13,POR @ HOU,L,0,4,,,0.0,,,2,2,1.0,,,,,,,,,10,,0
8487,21980,77532,George McGinnis,IND,Indiana Pacers,0028000841,1981-03-13,IND @ BOS,W,0,4,,,0.0,,,2,2,1.0,,,,,,,,,10,,0
8488,21980,76733,Chris Ford,BOS,Boston Celtics,0028000841,1981-03-13,BOS vs. IND,L,0,5,,,0.0,,,0,0,,,,,,,,,,10,,0
8489,21980,77326,Sam Lacey,KCK,Kansas City Kings,0028000840,1981-03-13,KCK @ LAL,L,0,5,,,0.0,,,0,0,,,,,,,,,,10,,0
8490,21980,76971,Steve Hawes,ATL,Atlanta Hawks,0028000839,1981-03-13,ATL vs. DEN,W,0,3,,,0.0,,,4,4,1.0,,,,,,,,6.0,10,,0
8491,21980,600014,Artis Gilmore,CHI,Chicago Bulls,0028000837,1981-03-13,CHI @ NYK,L,0,4,,,0.0,,,2,2,1.0,,,,,,,,,10,,0
8492,21980,77618,Steve Mix,PHL,Philadelphia 76ers,0028000836,1981-03-13,PHL @ MIL,L,0,4,,,0.0,,,2,2,1.0,,,,,,,,,10,,0
8493,21980,76266,Michael Brooks,SDC,San Diego Clippers,0028000832,1981-03-12,SDC vs. LAL,L,0,3,,,0.0,,,4,4,1.0,,,,,,,,,10,,0
8494,21980,78468,Richard Washington,CLE,Cleveland Cavaliers,0028000831,1981-03-11,CLE vs. SEA,L,0,4,,,0.0,,,2,2,1.0,,,,,,,,,10,,0
8495,21980,77848,Roger Phegley,CLE,Cleveland Cavaliers,0028000831,1981-03-11,CLE vs. SEA,L,0,3,,,0.0,,,4,4,1.0,,,,,,,,6.0,10,,0
8496,21980,77167,Vinnie Johnson,SEA,Seattle SuperSonics,0028000831,1981-03-11,SEA @ CLE,W,0,4,,,0.0,,,2,3,0.667,,,,,,,,,10,,0
8497,21980,77754,Mike O'Koren,NJN,New Jersey Nets,0028000830,1981-03-11,NJN vs. WAS,W,0,4,,,0.0,,,2,2,1.0,,,,,,,,,10,,0
8498,21980,77010,Keith Herron,DET,Detroit Pistons,0028000829,1981-03-11,DET vs. ATL,W,0,4,,,0.0,,,2,2,1.0,,,,,,,,,10,,0
8499,21980,77193,Bobby Jones,PHL,Philadelphia 76ers,0028000827,1981-03-11,PHL vs. NYK,W,0,4,,,0.0,,,2,2,1.0,,,,,,,,,10,,0
8500,21980,77193,Bobby Jones,PHL,Philadelphia 76ers,0028000825,1981-03-10,PHL @ IND,W,0,3,,,0.0,,,4,4,1.0,,,,,,,,,10,,0
8501,21980,78482,Scott Wedman,KCK,Kansas City Kings,0028000823,1981-03-10,KCK @ SDC,W,0,5,,,0.0,,,0,0,,,,,,,,,,10,,0
8502,21980,77182,Dwight Jones,CHI,Chicago Bulls,0028000821,1981-03-10,CHI @ ATL,W,0,5,,,0.0,,,0,0,,,,,,,,,,10,,0
8503,21980,76804,George Gervin,SAN,San Antonio Spurs,0028000818,1981-03-08,SAN vs. DAL,W,0,4,,,0.0,,,2,2,1.0,,,,,,,,,10,,0
8504,21980,78571,Ray Williams,NYK,New York Knicks,0028000816,1981-03-08,NYK @ BOS,L,0,5,,,0.0,,,0,0,,,,,,,,,,10,,0
8505,21980,76733,Chris Ford,BOS,Boston Celtics,0028000816,1981-03-08,BOS vs. NYK,W,0,4,,,0.0,,,2,2,1.0,,,,,,,,,10,,0
8506,21980,77141,Dennis Johnson,PHX,Phoenix Suns,0028000815,1981-03-08,PHX @ KCK,L,0,4,,,0.0,,,2,2,1.0,,,,,,,,,10,,0
8507,21980,77532,George McGinnis,IND,Indiana Pacers,0028000813,1981-03-08,IND vs. DEN,W,0,4,,,0.0,,,2,3,0.667,,,,,,,,,10,,0
8508,21980,77148,George Johnson,IND,Indiana Pacers,0028000813,1981-03-08,IND vs. DEN,W,0,4,,,0.0,,,2,2,1.0,,,,,,,,,10,,0
8509,21980,78467,Kermit Washington,POR,Portland Trail Blazers,0028000812,1981-03-08,POR vs. GOS,W,0,5,,,0.0,,,0,0,,,,,,,,,6.0,10,,0
8510,21980,76539,Darryl Dawkins,PHL,Philadelphia 76ers,0028000811,1981-03-08,PHL vs. MIL,W,0,4,,,0.0,,,2,2,1.0,,,,,,,,,10,,0
8511,21980,76483,Pat Cummings,MIL,Milwaukee Bucks,0028000811,1981-03-08,MIL @ PHL,L,0,5,,,0.0,,,0,0,,,,,,,,,,10,,0
8512,21980,76296,Quinn Buckner,MIL,Milwaukee Bucks,0028000811,1981-03-08,MIL @ PHL,L,0,2,,,0.0,,,6,8,0.75,,,,,,,,,10,,0
8513,21980,77071,Phil Hubbard,DET,Detroit Pistons,0028000810,1981-03-07,DET vs. DEN,L,0,4,,,0.0,,,2,4,0.5,,,,,,,,6.0,10,,0
8514,21980,77936,Robert Reid,HOU,Houston Rockets,0028000809,1981-03-07,HOU @ ATL,L,0,5,,,0.0,,,0,0,,,,,,,,,,10,,0
8515,21980,77419,John Lucas,GOS,Golden State Warriors,0028000807,1981-03-07,GOS vs. SEA,W,0,4,,,0.0,,,2,5,0.4,,,,,,,,,10,,0
8516,21980,77235,Rich Kelley,PHX,Phoenix Suns,0028000806,1981-03-06,PHX vs. POR,W,0,5,,,0.0,,,0,0,,,,,,,,,,10,,0
8517,21980,77022,Johnny High,PHX,Phoenix Suns,0028000806,1981-03-06,PHX vs. POR,W,0,5,,,0.0,,,0,0,,,,,,,,,,10,,0
8518,21980,76534,Ron Davis,SDC,San Diego Clippers,0028000805,1981-03-06,SDC vs. CLE,W,0,5,,,0.0,,,0,3,0.0,,,,,,,,,10,,0
8519,21980,76242,Mike Bratz,CLE,Cleveland Cavaliers,0028000805,1981-03-06,CLE @ SDC,L,0,4,,,0.0,,,2,2,1.0,,,,,,,,,10,,0
8520,21980,77484,Wes Matthews,ATL,Atlanta Hawks,0028000801,1981-03-06,ATL vs. NJN,W,0,3,,,0.0,,,4,4,1.0,,,,,,,,,10,,0
8521,21980,76095,Mike Bantom,IND,Indiana Pacers,0028000800,1981-03-06,IND vs. BOS,W,0,5,,,0.0,,,0,0,,,,,,,,,,10,,0
8522,21980,78351,Andrew Toney,PHL,Philadelphia 76ers,0028000798,1981-03-06,PHL vs. DEN,W,0,5,,,0.0,,,0,0,,,,,,,,,,10,,0
8523,21980,77950,Clint Richardson,PHL,Philadelphia 76ers,0028000798,1981-03-06,PHL vs. DEN,W,0,4,,,0.0,,,2,2,1.0,,,,,,,,,10,,0
8524,21980,77858,Stan Pietkiewicz,DAL,Dallas Mavericks,0028000803,1981-03-06,DAL @ GOS,L,0,4,,,2.0,,,0,0,,,,,,,,,,10,,0
8525,21980,77160,Marques Johnson,MIL,Milwaukee Bucks,0028000797,1981-03-05,MIL vs. ATL,W,0,3,,,0.0,,,4,6,0.667,,,,,,,,,10,,0
8526,21980,78623,Larry Wright,DET,Detroit Pistons,0028000795,1981-03-05,DET vs. NYK,L,0,5,,,0.0,,,0,0,,,,,,,,,,10,,0
8527,21980,76441,Wayne Cooper,UTH,Utah Jazz,0028000794,1981-03-05,UTH vs. PHX,L,0,5,,,0.0,,,0,0,,,,,,,,,,10,,0
8528,21980,78296,Brian Taylor,SDC,San Diego Clippers,0028000787,1981-03-04,SDC vs. WAS,L,0,3,,,2.0,,,2,2,1.0,,,,,,,,,10,,0
8529,21980,77950,Clint Richardson,PHL,Philadelphia 76ers,0028000792,1981-03-04,PHL vs. CHI,L,0,4,,,0.0,,,2,3,0.667,,,,,,,,,10,,0
8530,21980,100263,Bill Laimbeer,CLE,Cleveland Cavaliers,0028000791,1981-03-04,CLE @ PHX,L,0,5,,,0.0,,,0,0,,,,,,,,,,10,,0
8531,21980,1450,Kevin McHale,BOS,Boston Celtics,0028000789,1981-03-04,BOS @ HOU,W,0,5,,,0.0,,,0,0,,,,,,,,,,10,,0
8532,21980,77334,Mark Landsberger,LAL,Los Angeles Lakers,0028000786,1981-03-04,LAL @ DEN,L,0,3,,,0.0,,,4,5,0.8,,,,,,,,,10,,0
8533,21980,76444,Michael Cooper,LAL,Los Angeles Lakers,0028000786,1981-03-04,LAL @ DEN,L,0,4,,,0.0,,,2,3,0.667,,,,,,,,,10,,0
8534,21980,76392,Jim Chones,LAL,Los Angeles Lakers,0028000786,1981-03-04,LAL @ DEN,L,0,3,,,0.0,,,4,4,1.0,,,,,,,,,10,,0
8535,21980,78310,Reggie Theus,CHI,Chicago Bulls,0028000785,1981-03-03,CHI vs. NJN,W,0,3,,,0.0,,,4,6,0.667,,,,,,,,,10,,0
8536,21980,77246,Larry Kenon,CHI,Chicago Bulls,0028000785,1981-03-03,CHI vs. NJN,W,0,5,,,0.0,,,0,1,0.0,,,,,,,,,10,,0
8537,21980,78449,Lloyd Walton,KCK,Kansas City Kings,0028000784,1981-03-03,KCK vs. LAL,L,0,5,,,0.0,,,0,0,,,,,,,,,,10,,0
8538,21980,77328,Tom LaGarde,DAL,Dallas Mavericks,0028000783,1981-03-03,DAL vs. BOS,L,0,4,,,0.0,,,2,4,0.5,,,,,,,,,10,,0
8539,21980,77553,Tom McMillen,ATL,Atlanta Hawks,0028000782,1981-03-03,ATL @ NYK,W,0,4,,,0.0,,,2,2,1.0,,,,,,,,,10,,0
8540,21980,1381,John Long,DET,Detroit Pistons,0028000781,1981-03-03,DET @ MIL,L,0,5,,,0.0,,,0,0,,,,,,,,,,10,,0
8541,21980,77873,Ben Poquette,UTH,Utah Jazz,0028000780,1981-03-03,UTH vs. WAS,L,0,5,,,0.0,,,0,0,,,,,,,,,6.0,10,,0
8542,21980,76418,Don Collins,WAS,Washington Bullets,0028000780,1981-03-03,WAS @ UTH,W,0,3,,,0.0,,,4,8,0.5,,,,,,,,,10,,0
8543,21980,77691,Calvin Natt,POR,Portland Trail Blazers,0028000779,1981-03-03,POR vs. IND,W,0,4,,,0.0,,,2,2,1.0,,,,,,,,,10,,0
8544,21980,77532,George McGinnis,IND,Indiana Pacers,0028000779,1981-03-03,IND @ POR,L,0,5,,,0.0,,,0,0,,,,,,,,,,10,,0
8545,21980,77010,Keith Herron,DET,Detroit Pistons,0028000777,1981-03-01,DET @ NJN,W,0,3,,,0.0,,,4,4,1.0,,,,,,,,,10,,0
8546,21980,77487,Cedric Maxwell,BOS,Boston Celtics,0028000776,1981-03-01,BOS vs. PHL,W,0,4,,,0.0,,,2,5,0.4,,,,,,,,,10,,0
8547,21980,77817,Billy Paultz,HOU,Houston Rockets,0028000775,1981-03-01,HOU @ SAN,L,0,5,,,0.0,,,0,2,0.0,,,,,,,,,10,,0
8548,21980,76249,Ron Brewer,SAN,San Antonio Spurs,0028000775,1981-03-01,SAN vs. HOU,W,0,5,,,0.0,,,0,0,,,,,,,,,,10,,0
8549,21980,78392,Wes Unseld,WAS,Washington Bullets,0028000774,1981-03-01,WAS @ MIL,L,0,4,,,0.0,,,2,3,0.667,,,,,,,,,10,,0
8550,21980,77504,Andre McCarter,WAS,Washington Bullets,0028000774,1981-03-01,WAS @ MIL,L,0,5,,,0.0,,,0,0,,,,,,,,,,10,,0
8551,21980,76290,Joe Bryant,SDC,San Diego Clippers,0028000772,1981-03-01,SDC @ DAL,L,0,4,,,0.0,,,2,3,0.667,,,,,,,,6.0,10,,0
8552,21980,77553,Tom McMillen,ATL,Atlanta Hawks,0028000771,1981-03-01,ATL vs. SEA,W,0,4,,,0.0,,,2,2,1.0,,,,,,,,,10,,0
8553,21980,76151,Mel Bennett,UTH,Utah Jazz,0028000770,1981-03-01,UTH @ POR,L,0,3,,,0.0,,,4,4,1.0,,,,,,,,,10,,0
8554,21980,76242,Mike Bratz,CLE,Cleveland Cavaliers,0028000773,1981-03-01,CLE @ DEN,L,0,4,,,2.0,,,0,0,,,,,,,,,,10,,0
8555,21980,78215,Ricky Sobers,CHI,Chicago Bulls,0028000769,1981-02-28,CHI @ NYK,W,0,4,,,0.0,,,2,3,0.667,,,,,,,,,10,,0
8556,21980,77829,Sam Pellom,ATL,Atlanta Hawks,0028000766,1981-02-27,ATL vs. BOS,L,0,4,,,0.0,,,2,2,1.0,,,,,,,,,10,,0
8557,21980,77553,Tom McMillen,ATL,Atlanta Hawks,0028000766,1981-02-27,ATL vs. BOS,L,0,4,,,0.0,,,2,2,1.0,,,,,,,,,10,,0
8558,21980,77484,Wes Matthews,ATL,Atlanta Hawks,0028000766,1981-02-27,ATL vs. BOS,L,0,3,,,0.0,,,4,5,0.8,,,,,,,,,10,,0
8559,21980,76471,Charlie Criss,ATL,Atlanta Hawks,0028000766,1981-02-27,ATL vs. BOS,L,0,3,,,0.0,,,4,5,0.8,,,,,,,,,10,,0
8560,21980,78442,Wally Walker,SEA,Seattle SuperSonics,0028000763,1981-02-27,SEA @ HOU,L,0,4,,,0.0,,,2,3,0.667,,,,,,,,,10,,0
8561,21980,76944,Bill Hanzlik,SEA,Seattle SuperSonics,0028000763,1981-02-27,SEA @ HOU,L,0,3,,,0.0,,,4,6,0.667,,,,,,,,,10,,0
8562,21980,76272,Fred Brown,SEA,Seattle SuperSonics,0028000763,1981-02-27,SEA @ HOU,L,0,5,,,0.0,,,0,0,,,,,,,,,,10,,0
8563,21980,78351,Andrew Toney,PHL,Philadelphia 76ers,0028000762,1981-02-27,PHL @ UTH,W,0,4,,,0.0,,,2,2,1.0,,,,,,,,,10,,0
8564,21980,77438,Kyle Macy,PHX,Phoenix Suns,0028000760,1981-02-27,PHX @ POR,L,0,4,,,0.0,,,2,3,0.667,,,,,,,,,10,,0
8565,21980,77246,Larry Kenon,CHI,Chicago Bulls,0028000759,1981-02-27,CHI vs. WAS,W,0,5,,,0.0,,,0,0,,,,,,,,,,10,,0
8566,21980,78195,Larry Smith,GOS,Golden State Warriors,0028000758,1981-02-27,GOS @ DEN,L,0,4,,,0.0,,,2,3,0.667,,,,,,,,,10,,0
8567,21980,77163,Reggie Johnson,SAN,San Antonio Spurs,0028000757,1981-02-26,SAN vs. SEA,W,0,3,,,0.0,,,4,4,1.0,,,,,,,,,10,,0
8568,21980,76786,Calvin Garrett,HOU,Houston Rockets,0028000755,1981-02-25,HOU vs. IND,W,0,4,,,0.0,,,2,2,1.0,,,,,,,,,10,,0
8569,21980,76392,Jim Chones,LAL,Los Angeles Lakers,0028000753,1981-02-25,LAL @ MIL,L,0,4,,,0.0,,,2,2,1.0,,,,,,,,,10,,0
8570,21980,77715,Carl Nicks,UTH,Utah Jazz,0028000752,1981-02-25,UTH vs. NJN,W,0,4,,,0.0,,,2,5,0.4,,,,,,,,,10,,0
8571,21980,78468,Richard Washington,CLE,Cleveland Cavaliers,0028000751,1981-02-25,CLE @ BOS,L,0,5,,,0.0,,,0,0,,,,,,,,,,10,,0
8572,21980,77087,Geoff Huston,CLE,Cleveland Cavaliers,0028000751,1981-02-25,CLE @ BOS,L,0,5,,,0.0,,,0,0,,,,,,,,,,10,,0
8573,21980,78199,Phil Smith,SDC,San Diego Clippers,0028000750,1981-02-25,SDC vs. PHL,L,0,4,,,0.0,,,2,2,1.0,,,,,,,,,10,,0
8574,21980,77043,Lionel Hollins,PHL,Philadelphia 76ers,0028000750,1981-02-25,PHL @ SDC,W,0,5,,,0.0,,,0,0,,,,,,,,,,10,,0
8575,21980,76534,Ron Davis,SDC,San Diego Clippers,0028000750,1981-02-25,SDC vs. PHL,L,0,5,,,0.0,,,0,0,,,,,,,,,,10,,0
8576,21980,77553,Tom McMillen,ATL,Atlanta Hawks,0028000749,1981-02-24,ATL vs. NYK,L,0,4,,,0.0,,,2,3,0.667,,,,,,,,,10,,0
8577,21980,77490,Scott May,CHI,Chicago Bulls,0028000748,1981-02-24,CHI vs. LAL,L,0,5,,,0.0,,,0,0,,,,,,,,,,10,,0
8578,21980,76444,Michael Cooper,LAL,Los Angeles Lakers,0028000748,1981-02-24,LAL @ CHI,W,0,4,,,0.0,,,2,2,1.0,,,,,,,,,10,,0
8579,21980,77163,Reggie Johnson,SAN,San Antonio Spurs,0028000747,1981-02-24,SAN vs. GOS,W,0,5,,,0.0,,,0,0,,,,,,,,,,10,,0
8580,21980,76889,Paul Griffin,SAN,San Antonio Spurs,0028000747,1981-02-24,SAN vs. GOS,W,0,4,,,0.0,,,2,3,0.667,,,,,,,,,10,,0
8581,21980,78442,Wally Walker,SEA,Seattle SuperSonics,0028000745,1981-02-24,SEA @ DAL,W,0,4,,,0.0,,,2,2,1.0,,,,,,,,,10,,0
8582,21980,77353,Allen Leavell,HOU,Houston Rockets,0028000743,1981-02-23,HOU @ UTH,W,0,4,,,0.0,,,2,3,0.667,,,,,,,,,10,,0
8583,21980,77770,Louis Orr,IND,Indiana Pacers,0028000742,1981-02-22,IND vs. POR,L,0,5,,,0.0,,,0,0,,,,,,,,,,10,,0
8584,21980,76266,Michael Brooks,SDC,San Diego Clippers,0028000738,1981-02-22,SDC vs. UTH,W,0,5,,,0.0,,,0,0,,,,,,,,,,10,,0
8585,21980,76590,Leon Douglas,KCK,Kansas City Kings,0028000736,1981-02-22,KCK @ GOS,L,0,5,,,0.0,,,0,2,0.0,,,,,,,,,10,,0
8586,21980,77553,Tom McMillen,ATL,Atlanta Hawks,0028000735,1981-02-22,ATL @ CHI,W,0,5,,,0.0,,,0,0,,,,,,,,,,10,,0
8587,21980,78600,Brian Winters,MIL,Milwaukee Bucks,0028000734,1981-02-22,MIL @ WAS,W,0,5,,,0.0,,,0,0,,,,,,,,,,10,,0
8588,21980,78392,Wes Unseld,WAS,Washington Bullets,0028000734,1981-02-22,WAS vs. MIL,L,0,5,,,0.0,,,0,1,0.0,,,,,,,,,10,,0
8589,21980,77273,Reggie King,KCK,Kansas City Kings,0028000732,1981-02-21,KCK @ DEN,L,0,3,,,0.0,,,4,5,0.8,,,,,,,,,10,,0
8590,21980,76830,Glen Gondrezick,DEN,Denver Nuggets,0028000732,1981-02-21,DEN vs. KCK,W,0,3,,,0.0,,,4,4,1.0,,,,,,,,,10,,0
8591,21980,78623,Larry Wright,DET,Detroit Pistons,0028000731,1981-02-21,DET vs. BOS,L,0,3,,,0.0,,,4,4,1.0,,,,,,,,,10,,0
8592,21980,76351,M.L. Carr,BOS,Boston Celtics,0028000731,1981-02-21,BOS @ DET,W,0,2,,,0.0,,,6,7,0.857,,,,,,,,,10,,0
8593,21980,77858,Stan Pietkiewicz,DAL,Dallas Mavericks,0028000722,1981-02-20,DAL @ PHL,L,0,3,,,1.0,,,3,3,1.0,,,,,,,,,10,,0
8594,21980,77626,Sidney Moncrief,MIL,Milwaukee Bucks,0028000728,1981-02-20,MIL @ KCK,L,0,3,,,0.0,,,4,6,0.667,,,,,,,,,10,,0
8595,21980,78442,Wally Walker,SEA,Seattle SuperSonics,0028000726,1981-02-20,SEA vs. PHX,W,0,5,,,0.0,,,0,0,,,,,,,,,,10,,0
8596,21980,77167,Vinnie Johnson,SEA,Seattle SuperSonics,0028000726,1981-02-20,SEA vs. PHX,W,0,3,,,0.0,,,4,4,1.0,,,,,,,,,10,,0
8597,21980,77633,Johnny Moore,SAN,San Antonio Spurs,0028000725,1981-02-20,SAN @ IND,L,0,5,,,0.0,,,0,4,0.0,,,,,,,,,10,,0
8598,21980,77136,Clemon Johnson,IND,Indiana Pacers,0028000725,1981-02-20,IND vs. SAN,W,0,4,,,0.0,,,2,6,0.333,,,,,,,,,10,,0
8599,21980,600014,Artis Gilmore,CHI,Chicago Bulls,0028000724,1981-02-20,CHI @ UTH,W,0,4,,,0.0,,,2,6,0.333,,,,,,,,,10,,0
8600,21980,77873,Ben Poquette,UTH,Utah Jazz,0028000724,1981-02-20,UTH vs. CHI,L,0,4,,,0.0,,,2,2,1.0,,,,,,,,,10,,0
8601,21980,77215,Jeff Judkins,UTH,Utah Jazz,0028000724,1981-02-20,UTH vs. CHI,L,0,5,,,0.0,,,0,0,,,,,,,,,,10,,0
8602,21980,77721,Norm Nixon,LAL,Los Angeles Lakers,0028000723,1981-02-20,LAL vs. HOU,L,0,4,,,0.0,,,2,2,1.0,,,,,,,,,10,,0
8603,21980,77669,Calvin Murphy,HOU,Houston Rockets,0028000723,1981-02-20,HOU @ LAL,W,0,5,,,0.0,,,0,0,,,,,,,,,,10,,0
8604,21980,77950,Clint Richardson,PHL,Philadelphia 76ers,0028000722,1981-02-20,PHL vs. DAL,W,0,3,,,0.0,,,4,5,0.8,,,,,,,,,10,,0
8605,21980,77618,Steve Mix,PHL,Philadelphia 76ers,0028000722,1981-02-20,PHL vs. DAL,W,0,4,,,0.0,,,2,2,1.0,,,,,,,,,10,,0
8606,21980,78404,Kiki Vandeweghe,DEN,Denver Nuggets,0028000875,1981-02-19,DEN vs. PHX,W,0,5,,,0.0,,,0,0,,,,,,,,,,10,,0
8607,21980,77950,Clint Richardson,PHL,Philadelphia 76ers,0028000719,1981-02-19,PHL @ WAS,L,0,4,,,0.0,,,2,2,1.0,,,,,,,,,10,,0
8608,21980,77618,Steve Mix,PHL,Philadelphia 76ers,0028000719,1981-02-19,PHL @ WAS,L,0,4,,,0.0,,,2,3,0.667,,,,,,,,,10,,0
8609,21980,77689,Swen Nater,SDC,San Diego Clippers,0028000717,1981-02-19,SDC vs. HOU,W,0,4,,,0.0,,,2,3,0.667,,,,,,,,,10,,0
8610,21980,77184,Edgar Jones,NJN,New Jersey Nets,0028000716,1981-02-18,NJN vs. CLE,W,0,4,,,0.0,,,2,3,0.667,,,,,,,,,10,,0
8611,21980,77950,Clint Richardson,PHL,Philadelphia 76ers,0028000715,1981-02-18,PHL vs. DET,W,0,4,,,0.0,,,2,2,1.0,,,,,,,,,10,,0
8612,21980,76085,James Bailey,SEA,Seattle SuperSonics,0028000713,1981-02-18,SEA vs. NYK,L,0,2,,,0.0,,,6,6,1.0,,,,,,,,,10,,0
8613,21980,77553,Tom McMillen,ATL,Atlanta Hawks,0028000711,1981-02-18,ATL @ IND,W,0,5,,,0.0,,,0,0,,,,,,,,,,10,,0
8614,21980,77182,Dwight Jones,CHI,Chicago Bulls,0028000708,1981-02-17,CHI @ SDC,L,0,3,,,0.0,,,4,5,0.8,,,,,,,,,10,,0
8615,21980,78392,Wes Unseld,WAS,Washington Bullets,0028000707,1981-02-17,WAS vs. POR,L,0,5,,,0.0,,,0,0,,,,,,,,,,10,,0
8616,21980,76895,Bob Gross,POR,Portland Trail Blazers,0028000707,1981-02-17,POR @ WAS,W,0,5,,,0.0,,,0,0,,,,,,,,,,10,,0
8617,21980,77996,Wayne Robinson,DET,Detroit Pistons,0028000703,1981-02-17,DET @ CLE,L,0,4,,,0.0,,,2,2,1.0,,,,,,,,,10,,0
8618,21980,78442,Wally Walker,SEA,Seattle SuperSonics,0028000700,1981-02-15,SEA @ KCK,L,0,4,,,0.0,,,2,3,0.667,,,,,,,,,10,,0
8619,21980,77326,Sam Lacey,KCK,Kansas City Kings,0028000700,1981-02-15,KCK vs. SEA,W,0,3,,,0.0,,,4,4,1.0,,,,,,,,,10,,0
8620,21980,77770,Louis Orr,IND,Indiana Pacers,0028000697,1981-02-15,IND vs. CHI,W,0,4,,,0.0,,,2,2,1.0,,,,,,,,,10,,0
8621,21980,78326,David Thompson,DEN,Denver Nuggets,0028000696,1981-02-15,DEN vs. BOS,L,0,3,,,0.0,,,4,4,1.0,,,,,,,,,10,,0
8622,21980,76618,T.R. Dunn,DEN,Denver Nuggets,0028000696,1981-02-15,DEN vs. BOS,L,0,5,,,0.0,,,0,0,,,,,,,,,,10,,0
8623,21980,77022,Johnny High,PHX,Phoenix Suns,0028000695,1981-02-15,PHX vs. NYK,L,0,3,,,0.0,,,4,4,1.0,,,,,,,,,10,,0
8624,21980,77175,Caldwell Jones,PHL,Philadelphia 76ers,0028000694,1981-02-15,PHL vs. ATL,W,0,3,,,0.0,,,4,4,1.0,,,,,,,,,10,,0
8625,21980,77144,Eddie Johnson,ATL,Atlanta Hawks,0028000694,1981-02-15,ATL @ PHL,L,0,4,,,0.0,,,2,4,0.5,,,,,,,,,10,,0
8626,21980,78310,Reggie Theus,CHI,Chicago Bulls,0028000693,1981-02-14,CHI vs. SEA,W,0,4,,,0.0,,,2,2,1.0,,,,,,,,,10,,0
8627,21980,77396,Scott Lloyd,DAL,Dallas Mavericks,0028000692,1981-02-14,DAL vs. SAN,L,0,5,,,0.0,,,0,0,,,,,,,,,,10,,0
8628,21980,78392,Wes Unseld,WAS,Washington Bullets,0028000691,1981-02-14,WAS @ DET,L,0,4,,,0.0,,,2,4,0.5,,,,,,,,,10,,0
8629,21980,77996,Wayne Robinson,DET,Detroit Pistons,0028000691,1981-02-14,DET vs. WAS,W,0,4,,,0.0,,,2,2,1.0,,,,,,,,,10,,0
8630,21980,77071,Phil Hubbard,DET,Detroit Pistons,0028000691,1981-02-14,DET vs. WAS,W,0,4,,,0.0,,,2,2,1.0,,,,,,,,,10,,0
8631,21980,77010,Keith Herron,DET,Detroit Pistons,0028000691,1981-02-14,DET vs. WAS,W,0,5,,,0.0,,,0,0,,,,,,,,,,10,,0
8632,21980,76418,Don Collins,WAS,Washington Bullets,0028000691,1981-02-14,WAS @ DET,L,0,2,,,0.0,,,6,7,0.857,,,,,,,,,10,,0
8633,21980,600005,Bob Lanier,MIL,Milwaukee Bucks,0028000689,1981-02-14,MIL @ HOU,W,0,2,,,0.0,,,6,6,1.0,,,,,,,,,10,,0
8634,21980,77817,Billy Paultz,HOU,Houston Rockets,0028000689,1981-02-14,HOU vs. MIL,L,0,5,,,0.0,,,0,0,,,,,,,,,,10,,0
8635,21980,77353,Allen Leavell,HOU,Houston Rockets,0028000689,1981-02-14,HOU vs. MIL,L,0,4,,,0.0,,,2,2,1.0,,,,,,,,,10,,0
8636,21980,77168,Mickey Johnson,MIL,Milwaukee Bucks,0028000689,1981-02-14,MIL @ HOU,W,0,4,,,0.0,,,2,2,1.0,,,,,,,,,10,,0
8637,21980,78296,Brian Taylor,SDC,San Diego Clippers,0028000687,1981-02-13,SDC @ PHX,L,0,4,,,1.0,,,1,1,1.0,,,,,,,,,10,,0
8638,21980,78331,Mychal Thompson,POR,Portland Trail Blazers,0028000688,1981-02-13,POR @ DEN,L,0,4,,,0.0,,,2,3,0.667,,,,,,,,,10,,0
8639,21980,77056,Cedrick Hordges,DEN,Denver Nuggets,0028000688,1981-02-13,DEN vs. POR,W,0,4,,,0.0,,,2,2,1.0,,,,,,,,,10,,0
8640,21980,76011,Alvan Adams,PHX,Phoenix Suns,0028000687,1981-02-13,PHX vs. SDC,W,0,4,,,0.0,,,2,2,1.0,,,,,,,,,10,,0
8641,21980,78139,Purvis Short,GOS,Golden State Warriors,0028000686,1981-02-13,GOS @ MIL,W,0,5,,,0.0,,,0,0,,,,,,,,,,10,,0
8642,21980,77984,Rick Robey,BOS,Boston Celtics,0028000684,1981-02-13,BOS @ UTH,L,0,4,,,0.0,,,2,3,0.667,,,,,,,,,10,,0
8643,21980,78623,Larry Wright,DET,Detroit Pistons,0028000681,1981-02-13,DET @ NYK,L,0,5,,,0.0,,,0,0,,,,,,,,,,10,,0
8644,21980,77876,Kevin Porter,WAS,Washington Bullets,0028000680,1981-02-13,WAS @ PHL,W,0,4,,,0.0,,,2,3,0.667,,,,,,,,,10,,0
8645,21980,77618,Steve Mix,PHL,Philadelphia 76ers,0028000680,1981-02-13,PHL vs. WAS,L,0,4,,,0.0,,,2,2,1.0,,,,,,,,,10,,0
8646,21980,76539,Darryl Dawkins,PHL,Philadelphia 76ers,0028000680,1981-02-13,PHL vs. WAS,L,0,5,,,0.0,,,0,0,,,,,,,,,,10,,0
8647,21980,76091,Greg Ballard,WAS,Washington Bullets,0028000680,1981-02-13,WAS @ PHL,W,0,4,,,0.0,,,2,2,1.0,,,,,,,,,10,,0
8648,21980,76889,Paul Griffin,SAN,San Antonio Spurs,0028000679,1981-02-12,SAN vs. ATL,W,0,3,,,0.0,,,4,5,0.8,,,,,,,,,10,,0
8649,21980,76471,Charlie Criss,ATL,Atlanta Hawks,0028000679,1981-02-12,ATL @ SAN,L,0,3,,,0.0,,,4,5,0.8,,,,,,,,,10,,0
8650,21980,78467,Kermit Washington,POR,Portland Trail Blazers,0028000678,1981-02-12,POR vs. SEA,L,0,5,,,0.0,,,0,2,0.0,,,,,,,,,10,,0
8651,21980,78351,Andrew Toney,PHL,Philadelphia 76ers,0028000676,1981-02-11,PHL vs. CLE,W,0,5,,,0.0,,,0,0,,,,,,,,,,10,,0
8652,21980,77950,Clint Richardson,PHL,Philadelphia 76ers,0028000676,1981-02-11,PHL vs. CLE,W,0,3,,,0.0,,,4,6,0.667,,,,,,,,,10,,0
8653,21980,77175,Caldwell Jones,PHL,Philadelphia 76ers,0028000676,1981-02-11,PHL vs. CLE,W,0,4,,,0.0,,,2,4,0.5,,,,,,,,,10,,0
8654,21980,76242,Mike Bratz,CLE,Cleveland Cavaliers,0028000676,1981-02-11,CLE @ PHL,L,0,5,,,0.0,,,0,0,,,,,,,,,,10,,0
8655,21980,77396,Scott Lloyd,DAL,Dallas Mavericks,0028000675,1981-02-11,DAL @ PHX,L,0,4,,,0.0,,,2,3,0.667,,,,,,,,,10,,0
8656,21980,76436,Jeff Cook,PHX,Phoenix Suns,0028000675,1981-02-11,PHX vs. DAL,W,0,4,,,0.0,,,2,2,1.0,,,,,,,,,10,,0
8657,21980,76786,Calvin Garrett,HOU,Houston Rockets,0028000673,1981-02-11,HOU vs. SAN,W,0,5,,,0.0,,,0,0,,,,,,,,,,10,,0
8658,21980,76257,Allan Bristow,UTH,Utah Jazz,0028000672,1981-02-11,UTH @ KCK,L,0,3,,,0.0,,,4,4,1.0,,,,,,,,,10,,0
8659,21980,76881,David Greenwood,CHI,Chicago Bulls,0028000669,1981-02-10,CHI vs. KCK,W,0,5,,,0.0,,,0,0,,,,,,,,,,10,,0
8660,21980,76266,Michael Brooks,SDC,San Diego Clippers,0028000668,1981-02-10,SDC vs. PHX,L,0,5,,,0.0,,,0,0,,,,,,,,,,10,,0
8661,21980,77097,Dan Issel,DEN,Denver Nuggets,0028000666,1981-02-10,DEN vs. WAS,L,0,4,,,0.0,,,2,2,1.0,,,,,,,,,10,,0
8662,21980,78139,Purvis Short,GOS,Golden State Warriors,0028000664,1981-02-10,GOS @ ATL,L,0,5,,,0.0,,,0,0,,,,,,,,,,10,,0
8663,21980,76599,Larry Drew,DET,Detroit Pistons,0028000663,1981-02-08,DET vs. IND,L,0,4,,,0.0,,,2,2,1.0,,,,,,,,,10,,0
8664,21980,77487,Cedric Maxwell,BOS,Boston Celtics,0028000662,1981-02-08,BOS vs. SDC,W,0,4,,,0.0,,,2,2,1.0,,,,,,,,,10,,0
8665,21980,78139,Purvis Short,GOS,Golden State Warriors,0028000661,1981-02-08,GOS vs. UTH,W,0,5,,,0.0,,,0,0,,,,,,,,,,10,,0
8666,21980,77819,Jim Paxson,POR,Portland Trail Blazers,0028000658,1981-02-08,POR vs. KCK,W,0,5,,,0.0,,,0,0,,,,,,,,,,10,,0
8667,21980,77754,Mike O'Koren,NJN,New Jersey Nets,0028000657,1981-02-08,NJN vs. NYK,L,0,5,,,0.0,,,0,0,,,,,,,,,,10,,0
8668,21980,76889,Paul Griffin,SAN,San Antonio Spurs,0028000656,1981-02-08,SAN vs. DAL,W,0,4,,,0.0,,,2,2,1.0,,,,,,,,,10,,0
8669,21980,77043,Lionel Hollins,PHL,Philadelphia 76ers,0028000655,1981-02-08,PHL vs. LAL,W,0,4,,,0.0,,,2,4,0.5,,,,,,,,,10,,0
8670,21980,77715,Carl Nicks,UTH,Utah Jazz,0028000653,1981-02-07,UTH @ SEA,L,0,3,,,0.0,,,4,8,0.5,,,,,,,,,10,,0
8671,21980,229,James Edwards,IND,Indiana Pacers,0028000652,1981-02-07,IND vs. CLE,W,0,4,,,0.0,,,2,2,1.0,,,,,,,,,10,,0
8672,21980,78577,Bill Willoughby,HOU,Houston Rockets,0028000651,1981-02-07,HOU vs. ATL,W,0,5,,,0.0,,,0,0,,,,,,,,,,10,,0
8673,21980,77144,Eddie Johnson,ATL,Atlanta Hawks,0028000651,1981-02-07,ATL @ HOU,L,0,4,,,0.0,,,2,2,1.0,,,,,,,,,10,,0
8674,21980,77937,Billy Reid,GOS,Golden State Warriors,0028000649,1981-02-07,GOS @ DEN,L,0,5,,,0.0,,,0,0,,,,,,,,,,10,,0
8675,21980,77021,Kenny Higgs,DEN,Denver Nuggets,0028000649,1981-02-07,DEN vs. GOS,W,0,5,,,0.0,,,0,0,,,,,,,,,,10,,0
8676,21980,77193,Bobby Jones,PHL,Philadelphia 76ers,0028000646,1981-02-06,PHL vs. SDC,W,0,4,,,0.0,,,2,2,1.0,,,,,,,,,10,,0
8677,21980,77175,Caldwell Jones,PHL,Philadelphia 76ers,0028000646,1981-02-06,PHL vs. SDC,W,0,3,,,0.0,,,4,6,0.667,,,,,,,,,10,,0
8678,21980,76895,Bob Gross,POR,Portland Trail Blazers,0028000644,1981-02-06,POR @ SAN,L,0,4,,,0.0,,,2,3,0.667,,,,,,,,6.0,10,,0
8679,21980,76121,Billyray Bates,POR,Portland Trail Blazers,0028000644,1981-02-06,POR @ SAN,L,0,4,,,0.0,,,2,2,1.0,,,,,,,,,10,,0
8680,21980,78623,Larry Wright,DET,Detroit Pistons,0028000643,1981-02-06,DET vs. LAL,L,0,5,,,0.0,,,0,0,,,,,,,,,,10,,0
8681,21980,76444,Michael Cooper,LAL,Los Angeles Lakers,0028000643,1981-02-06,LAL @ DET,W,0,4,,,0.0,,,2,4,0.5,,,,,,,,,10,,0
8682,21980,76616,Mike Dunleavy,HOU,Houston Rockets,0028000642,1981-02-06,HOU @ PHX,L,0,5,,,0.0,,,0,0,,,,,,,,,,10,,0
8683,21980,76436,Jeff Cook,PHX,Phoenix Suns,0028000642,1981-02-06,PHX vs. HOU,W,0,4,,,0.0,,,2,2,1.0,,,,,,,,,10,,0
8684,21980,77984,Rick Robey,BOS,Boston Celtics,0028000640,1981-02-06,BOS vs. IND,W,0,4,,,0.0,,,2,3,0.667,,,,,,,,,10,,0
8685,21980,78468,Richard Washington,CLE,Cleveland Cavaliers,0028000637,1981-02-06,CLE vs. MIL,L,0,4,,,0.0,,,2,2,1.0,,,,,,,,,10,,0
8686,21980,76483,Pat Cummings,MIL,Milwaukee Bucks,0028000637,1981-02-06,MIL @ CLE,W,0,4,,,0.0,,,2,4,0.5,,,,,,,,,10,,0
8687,21980,76350,Kenny Carr,CLE,Cleveland Cavaliers,0028000637,1981-02-06,CLE vs. MIL,L,0,5,,,0.0,,,0,0,,,,,,,,,,10,,0
8688,21980,76895,Bob Gross,POR,Portland Trail Blazers,0028000635,1981-02-04,POR @ GOS,L,0,4,,,0.0,,,2,3,0.667,,,,,,,,,10,,0
8689,21980,77770,Louis Orr,IND,Indiana Pacers,0028000634,1981-02-04,IND vs. LAL,L,0,4,,,0.0,,,2,2,1.0,,,,,,,,,10,,0
8690,21980,77721,Norm Nixon,LAL,Los Angeles Lakers,0028000634,1981-02-04,LAL @ IND,W,0,5,,,0.0,,,0,0,,,,,,,,,,10,,0
8691,21980,76392,Jim Chones,LAL,Los Angeles Lakers,0028000634,1981-02-04,LAL @ IND,W,0,5,,,0.0,,,0,0,,,,,,,,,,10,,0
8692,21980,77996,Wayne Robinson,DET,Detroit Pistons,0028000633,1981-02-04,DET @ KCK,L,0,4,,,0.0,,,2,2,1.0,,,,,,,,,10,,0
8693,21980,76599,Larry Drew,DET,Detroit Pistons,0028000633,1981-02-04,DET @ KCK,L,0,4,,,0.0,,,2,2,1.0,,,,,,,,,10,,0
8694,21980,76985,Garfield Heard,SDC,San Diego Clippers,0028000631,1981-02-04,SDC @ NJN,W,0,2,,,0.0,,,6,6,1.0,,,,,,,,,10,,0
8695,21980,76826,Mike Gminski,NJN,New Jersey Nets,0028000631,1981-02-04,NJN vs. SDC,L,0,5,,,0.0,,,0,0,,,,,,,,,,10,,0
8696,21980,76534,Ron Davis,SDC,San Diego Clippers,0028000631,1981-02-04,SDC @ NJN,W,0,2,,,0.0,,,6,6,1.0,,,,,,,,,10,,0
8697,21980,76266,Michael Brooks,SDC,San Diego Clippers,0028000631,1981-02-04,SDC @ NJN,W,0,3,,,0.0,,,4,6,0.667,,,,,,,,,10,,0
8698,21980,77984,Rick Robey,BOS,Boston Celtics,0028000629,1981-02-04,BOS @ PHL,L,0,3,,,0.0,,,4,10,0.4,,,,,,,,,10,,0
8699,21980,77876,Kevin Porter,WAS,Washington Bullets,0028000628,1981-02-04,WAS @ SEA,L,0,4,,,0.0,,,2,2,1.0,,,,,,,,,10,,0
8700,21980,77152,John Johnson,SEA,Seattle SuperSonics,0028000628,1981-02-04,SEA vs. WAS,W,0,3,,,0.0,,,4,4,1.0,,,,,,,,,10,,0
8701,21980,77246,Larry Kenon,CHI,Chicago Bulls,0028000627,1981-02-04,CHI @ CLE,W,0,5,,,0.0,,,0,0,,,,,,,,,,10,,0
8702,21980,77633,Johnny Moore,SAN,San Antonio Spurs,0028000626,1981-02-04,SAN @ DEN,W,0,3,,,0.0,,,4,4,1.0,,,,,,,,,10,,0
8703,21980,77021,Kenny Higgs,DEN,Denver Nuggets,0028000626,1981-02-04,DEN vs. SAN,L,0,4,,,0.0,,,2,2,1.0,,,,,,,,,10,,0
8704,21980,78623,Larry Wright,DET,Detroit Pistons,0028000625,1981-02-03,DET @ SAN,L,0,5,,,0.0,,,0,0,,,,,,,,,6.0,10,,0
8705,21980,77071,Phil Hubbard,DET,Detroit Pistons,0028000625,1981-02-03,DET @ SAN,L,0,4,,,0.0,,,2,4,0.5,,,,,,,,,10,,0
8706,21980,77786,Tom Owens,POR,Portland Trail Blazers,0028000624,1981-02-03,POR vs. WAS,W,0,4,,,0.0,,,2,2,1.0,,,,,,,,6.0,10,,0
8707,21980,76895,Bob Gross,POR,Portland Trail Blazers,0028000624,1981-02-03,POR vs. WAS,W,0,4,,,0.0,,,2,2,1.0,,,,,,,,,10,,0
8708,21980,77626,Sidney Moncrief,MIL,Milwaukee Bucks,0028000623,1981-02-03,MIL vs. IND,L,0,3,,,0.0,,,4,4,1.0,,,,,,,,,10,,0
8709,21980,77532,George McGinnis,IND,Indiana Pacers,0028000623,1981-02-03,IND @ MIL,W,0,5,,,0.0,,,0,5,0.0,,,,,,,,,10,,0
8710,21980,76231,Dudley Bradley,IND,Indiana Pacers,0028000623,1981-02-03,IND @ MIL,W,0,5,,,0.0,,,0,0,,,,,,,,,,10,,0
8711,21980,77669,Calvin Murphy,HOU,Houston Rockets,0028000622,1981-02-03,HOU vs. DEN,W,0,3,,,0.0,,,4,4,1.0,,,,,,,,,10,,0
8712,21980,78014,Tree Rollins,ATL,Atlanta Hawks,0028000620,1981-02-03,ATL vs. PHL,L,0,4,,,0.0,,,2,2,1.0,,,,,,,,,10,,0
8713,21980,77786,Tom Owens,POR,Portland Trail Blazers,0028000617,1981-01-29,POR @ SDC,W,0,4,,,0.0,,,2,2,1.0,,,,,,,,,10,,0
8714,21980,77182,Dwight Jones,CHI,Chicago Bulls,0028000616,1981-01-29,CHI vs. BOS,W,0,4,,,0.0,,,2,2,1.0,,,,,,,,,10,,0
8715,21980,76351,M.L. Carr,BOS,Boston Celtics,0028000616,1981-01-29,BOS @ CHI,L,0,4,,,0.0,,,2,3,0.667,,,,,,,,,10,,0
8716,21980,1449,Larry Bird,BOS,Boston Celtics,0028000616,1981-01-29,BOS @ CHI,L,0,5,,,0.0,,,0,0,,,,,,,,,,10,,0
8717,21980,76296,Quinn Buckner,MIL,Milwaukee Bucks,0028000614,1981-01-29,MIL @ DEN,L,0,4,,,0.0,,,2,2,1.0,,,,,,,,,10,,0
8718,21980,76444,Michael Cooper,LAL,Los Angeles Lakers,0028000613,1981-01-29,LAL vs. KCK,W,0,5,,,0.0,,,0,0,,,,,,,,,,10,,0
8719,21980,77873,Ben Poquette,UTH,Utah Jazz,0028000610,1981-01-29,UTH vs. HOU,W,0,4,,,0.0,,,2,2,1.0,,,,,,,,,10,,0
8720,21980,76483,Pat Cummings,MIL,Milwaukee Bucks,0028000609,1981-01-28,MIL @ SEA,W,0,4,,,0.0,,,2,2,1.0,,,,,,,,,10,,0
8721,21980,76887,Kevin Grevey,WAS,Washington Bullets,0028000608,1981-01-28,WAS vs. PHX,W,0,4,,,0.0,,,2,3,0.667,,,,,,,,,10,,0
8722,21980,76436,Jeff Cook,PHX,Phoenix Suns,0028000608,1981-01-28,PHX @ WAS,L,0,4,,,0.0,,,2,2,1.0,,,,,,,,,10,,0
8723,21980,77936,Robert Reid,HOU,Houston Rockets,0028000607,1981-01-28,HOU vs. NJN,W,0,5,,,0.0,,,0,0,,,,,,,,,,10,,0
8724,21980,76526,Johnny Davis,IND,Indiana Pacers,0028000605,1981-01-28,IND vs. GOS,W,0,2,,,0.0,,,6,6,1.0,,,,,,,,,10,,0
8725,21980,77623,Paul Mokeski,DET,Detroit Pistons,0028000599,1981-01-27,DET @ DEN,L,0,3,,,0.0,,,4,8,0.5,,,,,,,,6.0,10,,0
8726,21980,77432,Ollie Mack,DAL,Dallas Mavericks,0028000597,1981-01-27,DAL vs. NJN,L,0,3,,,0.0,,,4,5,0.8,,,,,,,,,10,,0
8727,21980,77800,Sonny Parker,GOS,Golden State Warriors,0028000604,1981-01-27,GOS @ CHI,L,0,5,,,0.0,,,0,0,,,,,,,,,,10,,0
8728,21980,76985,Garfield Heard,SDC,San Diego Clippers,0028000602,1981-01-27,SDC vs. KCK,W,0,3,,,0.0,,,4,4,1.0,,,,,,,,,10,,0
8729,21980,77205,Eddie Jordan,LAL,Los Angeles Lakers,0028000598,1981-01-27,LAL vs. UTH,W,0,3,,,0.0,,,4,5,0.8,,,,,,,,,10,,0
8730,21980,76619,John Duren,UTH,Utah Jazz,0028000598,1981-01-27,UTH @ LAL,L,0,5,,,0.0,,,0,0,,,,,,,,,,10,,0
8731,21980,76441,Wayne Cooper,UTH,Utah Jazz,0028000598,1981-01-27,UTH @ LAL,L,0,4,,,0.0,,,2,2,1.0,,,,,,,,6.0,10,,0
8732,21980,77996,Wayne Robinson,DET,Detroit Pistons,0028000599,1981-01-27,DET @ DEN,L,0,5,,,0.0,,,0,0,,,,,,,,,,10,,0
8733,21980,76392,Jim Chones,LAL,Los Angeles Lakers,0028000596,1981-01-26,LAL vs. POR,W,0,5,,,0.0,,,0,0,,,,,,,,,6.0,10,,0
8734,21980,77487,Cedric Maxwell,BOS,Boston Celtics,0028000593,1981-01-25,BOS vs. SEA,W,0,4,,,0.0,,,2,2,1.0,,,,,,,,,10,,0
8735,21980,76453,Dave Corzine,SAN,San Antonio Spurs,0028000592,1981-01-25,SAN @ POR,L,0,5,,,0.0,,,0,0,,,,,,,,,,10,,0
8736,21980,78392,Wes Unseld,WAS,Washington Bullets,0028000591,1981-01-25,WAS @ NJN,W,0,5,,,0.0,,,0,0,,,,,,,,,,10,,0
8737,21980,77235,Rich Kelley,PHX,Phoenix Suns,0028000590,1981-01-25,PHX @ PHL,L,0,3,,,0.0,,,4,7,0.571,,,,,,,,,10,,0
8738,21980,77715,Carl Nicks,UTH,Utah Jazz,0028000589,1981-01-24,UTH @ HOU,L,0,4,,,0.0,,,2,5,0.4,,,,,,,,,10,,0
8739,21980,76365,Harvey Catchings,MIL,Milwaukee Bucks,0028000588,1981-01-24,MIL @ SDC,W,0,5,,,0.0,,,0,0,,,,,,,,,,10,,0
8740,21980,77396,Scott Lloyd,DAL,Dallas Mavericks,0028000586,1981-01-24,DAL @ IND,L,0,4,,,0.0,,,2,2,1.0,,,,,,,,,10,,0
8741,21980,229,James Edwards,IND,Indiana Pacers,0028000586,1981-01-24,IND vs. DAL,W,0,4,,,0.0,,,2,5,0.4,,,,,,,,,10,,0
8742,21980,77829,Sam Pellom,ATL,Atlanta Hawks,0028000584,1981-01-24,ATL vs. CHI,L,0,3,,,0.0,,,4,4,1.0,,,,,,,,6.0,10,,0
8743,21980,77547,Billy McKinney,DEN,Denver Nuggets,0028000583,1981-01-24,DEN vs. SAN,W,0,5,,,0.0,,,0,0,,,,,,,,,,10,,0
8744,21980,76483,Pat Cummings,MIL,Milwaukee Bucks,0028000581,1981-01-23,MIL @ PHX,L,0,4,,,0.0,,,2,3,0.667,,,,,,,,,10,,0
8745,21980,77984,Rick Robey,BOS,Boston Celtics,0028000575,1981-01-23,BOS vs. IND,W,0,4,,,0.0,,,2,2,1.0,,,,,,,,,10,,0
8746,21980,77848,Roger Phegley,CLE,Cleveland Cavaliers,0028000580,1981-01-23,CLE @ ATL,W,0,5,,,0.0,,,0,0,,,,,,,,,,10,,0
8747,21980,76392,Jim Chones,LAL,Los Angeles Lakers,0028000579,1981-01-23,LAL vs. DEN,W,0,5,,,0.0,,,0,0,,,,,,,,,,10,,0
8748,21980,76616,Mike Dunleavy,HOU,Houston Rockets,0028000576,1981-01-23,HOU @ KCK,L,0,5,,,0.0,,,0,0,,,,,,,,,,10,,0
8749,21980,78481,Marvin Webster,NYK,New York Knicks,0028000574,1981-01-23,NYK @ POR,L,0,4,,,0.0,,,2,2,1.0,,,,,,,,,10,,0
8750,21980,77786,Tom Owens,POR,Portland Trail Blazers,0028000574,1981-01-23,POR vs. NYK,W,0,3,,,0.0,,,4,4,1.0,,,,,,,,,10,,0
8751,21980,76895,Bob Gross,POR,Portland Trail Blazers,0028000574,1981-01-23,POR vs. NYK,W,0,5,,,0.0,,,0,0,,,,,,,,,,10,,0
8752,21980,76822,Mike Glenn,NYK,New York Knicks,0028000574,1981-01-23,NYK @ POR,L,0,5,,,0.0,,,0,0,,,,,,,,,,10,,0
8753,21980,77487,Cedric Maxwell,BOS,Boston Celtics,0028000575,1981-01-23,BOS vs. IND,W,0,4,,,0.0,,,2,2,1.0,,,,,,,,,10,,0
8754,21980,76385,Maurice Cheeks,PHL,Philadelphia 76ers,0028000573,1981-01-22,PHL @ WAS,W,0,5,,,0.0,,,0,0,,,,,,,,,,10,,0
8755,21980,77996,Wayne Robinson,DET,Detroit Pistons,0028000570,1981-01-22,DET vs. CHI,L,0,5,,,0.0,,,0,0,,,,,,,,,,10,,0
8756,21980,76567,Coby Dietrick,CHI,Chicago Bulls,0028000570,1981-01-22,CHI @ DET,W,0,4,,,0.0,,,2,2,1.0,,,,,,,,,10,,0
8757,21980,76993,Gerald Henderson,BOS,Boston Celtics,0028000565,1981-01-21,BOS vs. UTH,W,0,4,,,0.0,,,2,2,1.0,,,,,,,,,10,,0
8758,21980,77998,Dave Robisch,DEN,Denver Nuggets,0028000567,1981-01-21,DEN vs. SDC,L,0,4,,,0.0,,,2,3,0.667,,,,,,,,,10,,0
8759,21980,76351,M.L. Carr,BOS,Boston Celtics,0028000565,1981-01-21,BOS vs. UTH,W,0,4,,,0.0,,,2,3,0.667,,,,,,,,,10,,0
8760,21980,76899,Ernie Grunfeld,KCK,Kansas City Kings,0028000569,1981-01-21,KCK vs. SAN,W,0,4,,,0.0,,,2,2,1.0,,,,,,,,,10,,0
8761,21980,78351,Andrew Toney,PHL,Philadelphia 76ers,0028000568,1981-01-21,PHL vs. IND,W,0,4,,,0.0,,,2,4,0.5,,,,,,,,,10,,0
8762,21980,77193,Bobby Jones,PHL,Philadelphia 76ers,0028000568,1981-01-21,PHL vs. IND,W,0,4,,,0.0,,,2,2,1.0,,,,,,,,,10,,0
8763,21980,76095,Mike Bantom,IND,Indiana Pacers,0028000568,1981-01-21,IND @ PHL,L,0,5,,,0.0,,,0,0,,,,,,,,,,10,,0
8764,21980,77334,Mark Landsberger,LAL,Los Angeles Lakers,0028000566,1981-01-21,LAL vs. ATL,W,0,4,,,0.0,,,2,2,1.0,,,,,,,,,10,,0
8765,21980,77800,Sonny Parker,GOS,Golden State Warriors,0028000563,1981-01-21,GOS vs. MIL,L,0,4,,,0.0,,,2,2,1.0,,,,,,,,,10,,0
8766,21980,77184,Edgar Jones,NJN,New Jersey Nets,0028000562,1981-01-21,NJN vs. SEA,W,0,4,,,0.0,,,2,2,1.0,,,,,,,,,10,,0
8767,21980,77547,Billy McKinney,DEN,Denver Nuggets,0028000567,1981-01-21,DEN vs. SDC,L,0,5,,,0.0,,,0,0,,,,,,,,,,10,,0
8768,21980,77290,Billy Knight,IND,Indiana Pacers,0028000561,1981-01-20,IND @ CHI,L,0,4,,,0.0,,,2,2,1.0,,,,,,,,,10,,0
8769,21980,76385,Maurice Cheeks,PHL,Philadelphia 76ers,0028000560,1981-01-20,PHL @ DET,L,0,4,,,0.0,,,2,2,1.0,,,,,,,,,10,,0
8770,21980,77022,Johnny High,PHX,Phoenix Suns,0028000558,1981-01-20,PHX @ SAN,L,0,3,,,0.0,,,4,6,0.667,,,,,,,,,10,,0
8771,21980,78057,Frankie Sanders,KCK,Kansas City Kings,0028000557,1981-01-20,KCK @ DAL,W,0,4,,,0.0,,,2,3,0.667,,,,,,,,,10,,0
8772,21980,76418,Don Collins,WAS,Washington Bullets,0028000556,1981-01-20,WAS vs. UTH,W,0,4,,,0.0,,,2,4,0.5,,,,,,,,,10,,0
8773,21980,77167,Vinnie Johnson,SEA,Seattle SuperSonics,0028000555,1981-01-20,SEA @ NYK,L,0,5,,,0.0,,,0,0,,,,,,,,,,10,,0
8774,21980,76054,Nate Archibald,BOS,Boston Celtics,0028000554,1981-01-19,BOS vs. DET,W,0,4,,,0.0,,,2,2,1.0,,,,,,,,,10,,0
8775,21980,77635,Lowes Moore,NJN,New Jersey Nets,0028000553,1981-01-18,NJN @ WAS,L,0,4,,,0.0,,,2,2,1.0,,,,,,,,,10,,0
8776,21980,76826,Mike Gminski,NJN,New Jersey Nets,0028000553,1981-01-18,NJN @ WAS,L,0,5,,,0.0,,,0,0,,,,,,,,,,10,,0
8777,21980,76091,Greg Ballard,WAS,Washington Bullets,0028000553,1981-01-18,WAS vs. NJN,W,0,4,,,0.0,,,2,3,0.667,,,,,,,,6.0,10,,0
8778,21980,78296,Brian Taylor,SDC,San Diego Clippers,0028000552,1981-01-18,SDC vs. DAL,W,0,3,,,0.0,,,4,4,1.0,,,,,,,,,10,,0
8779,21980,77858,Stan Pietkiewicz,DAL,Dallas Mavericks,0028000552,1981-01-18,DAL @ SDC,L,0,4,,,0.0,,,2,2,1.0,,,,,,,,,10,,0
8780,21980,77484,Wes Matthews,ATL,Atlanta Hawks,0028000551,1981-01-18,ATL @ PHX,L,0,4,,,0.0,,,2,2,1.0,,,,,,,,,10,,0
8781,21980,76971,Steve Hawes,ATL,Atlanta Hawks,0028000551,1981-01-18,ATL @ PHX,L,0,4,,,0.0,,,2,2,1.0,,,,,,,,,10,,0
8782,21980,77353,Allen Leavell,HOU,Houston Rockets,0028000549,1981-01-18,HOU @ DEN,W,0,5,,,0.0,,,0,0,,,,,,,,,,10,,0
8783,21980,78351,Andrew Toney,PHL,Philadelphia 76ers,0028000548,1981-01-18,PHL vs. SEA,W,0,5,,,0.0,,,0,0,,,,,,,,,,10,,0
8784,21980,77175,Caldwell Jones,PHL,Philadelphia 76ers,0028000548,1981-01-18,PHL vs. SEA,W,0,3,,,0.0,,,4,5,0.8,,,,,,,,,10,,0
8785,21980,77162,Ollie Johnson,PHL,Philadelphia 76ers,0028000548,1981-01-18,PHL vs. SEA,W,0,5,,,0.0,,,0,0,,,,,,,,,,10,,0
8786,21980,77235,Rich Kelley,PHX,Phoenix Suns,0028000551,1981-01-18,PHX vs. ATL,W,0,3,,,0.0,,,4,4,1.0,,,,,,,,,10,,0
8787,21980,77246,Larry Kenon,CHI,Chicago Bulls,0028000545,1981-01-17,CHI vs. CLE,L,0,4,,,0.0,,,2,2,1.0,,,,,,,,,10,,0
8788,21980,77998,Dave Robisch,DEN,Denver Nuggets,0028000544,1981-01-17,DEN @ KCK,W,0,4,,,0.0,,,2,2,1.0,,,,,,,,,10,,0
8789,21980,77364,Ron Lee,DET,Detroit Pistons,0028000543,1981-01-17,DET vs. NJN,L,0,3,,,0.0,,,4,4,1.0,,,,,,,,6.0,10,,0
8790,21980,1450,Kevin McHale,BOS,Boston Celtics,0028000540,1981-01-16,BOS vs. SAN,W,0,5,,,0.0,,,0,1,0.0,,,,,,,,,10,,0
8791,21980,78600,Brian Winters,MIL,Milwaukee Bucks,0028000537,1981-01-16,MIL vs. KCK,W,0,5,,,0.0,,,0,0,,,,,,,,,,10,,0
8792,21980,77936,Robert Reid,HOU,Houston Rockets,0028000536,1981-01-16,HOU @ PHX,L,0,4,,,0.0,,,2,5,0.4,,,,,,,,,10,,0
8793,21980,76441,Wayne Cooper,UTH,Utah Jazz,0028000535,1981-01-16,UTH vs. SDC,W,0,5,,,0.0,,,0,0,,,,,,,,,6.0,10,,0
8794,21980,76418,Don Collins,ATL,Atlanta Hawks,0028000533,1981-01-16,ATL @ GOS,W,0,3,,,0.0,,,4,5,0.8,,,,,,,,,10,,0
8795,21980,77432,Ollie Mack,DAL,Dallas Mavericks,0028000532,1981-01-16,DAL vs. NYK,W,0,4,,,0.0,,,2,2,1.0,,,,,,,,,10,,0
8796,21980,77324,Mitch Kupchak,WAS,Washington Bullets,0028000530,1981-01-15,WAS @ DET,W,0,4,,,0.0,,,2,3,0.667,,,,,,,,,10,,0
8797,21980,77040,Brad Holland,LAL,Los Angeles Lakers,0028000528,1981-01-14,LAL @ WAS,L,0,4,,,0.0,,,2,3,0.667,,,,,,,,,10,,0
8798,21980,78331,Mychal Thompson,POR,Portland Trail Blazers,0028000527,1981-01-14,POR @ KCK,W,0,4,,,0.0,,,2,4,0.5,,,,,,,,,10,,0
8799,21980,76121,Billyray Bates,POR,Portland Trail Blazers,0028000527,1981-01-14,POR @ KCK,W,0,5,,,0.0,,,0,0,,,,,,,,,,10,,0
8800,21980,77420,Maurice Lucas,NJN,New Jersey Nets,0028000525,1981-01-14,NJN @ PHL,L,0,3,,,0.0,,,4,5,0.8,,,,,,,,,10,,0
8801,21980,78139,Purvis Short,GOS,Golden State Warriors,0028000524,1981-01-14,GOS vs. UTH,L,0,4,,,0.0,,,2,2,1.0,,,,,,,,6.0,10,,0
8802,21980,77800,Sonny Parker,GOS,Golden State Warriors,0028000524,1981-01-14,GOS vs. UTH,L,0,3,,,0.0,,,4,5,0.8,,,,,,,,,10,,0
8803,21980,78404,Kiki Vandeweghe,DEN,Denver Nuggets,0028000521,1981-01-14,DEN @ PHX,L,0,4,,,0.0,,,2,2,1.0,,,,,,,,,10,,0
8804,21980,78095,Alvin Scott,PHX,Phoenix Suns,0028000521,1981-01-14,PHX vs. DEN,W,0,4,,,0.0,,,2,5,0.4,,,,,,,,,10,,0
8805,21980,77669,Calvin Murphy,HOU,Houston Rockets,0028000520,1981-01-14,HOU vs. CHI,W,0,5,,,0.0,,,0,0,,,,,,,,,,10,,0
8806,21980,77235,Rich Kelley,PHX,Phoenix Suns,0028000518,1981-01-13,PHX vs. SEA,W,0,4,,,0.0,,,2,2,1.0,,,,,,,,,10,,0
8807,21980,78468,Richard Washington,CLE,Cleveland Cavaliers,0028000516,1981-01-13,CLE vs. LAL,L,0,5,,,0.0,,,0,0,,,,,,,,,,10,,0
8808,21980,78047,Campy Russell,NYK,New York Knicks,0028000515,1981-01-13,NYK vs. BOS,L,0,4,,,0.0,,,2,5,0.4,,,,,,,,,10,,0
8809,21980,78149,Jack Sikma,SEA,Seattle SuperSonics,0028000512,1981-01-11,SEA vs. GOS,L,0,3,,,0.0,,,4,4,1.0,,,,,,,,,10,,0
8810,21980,76944,Bill Hanzlik,SEA,Seattle SuperSonics,0028000512,1981-01-11,SEA vs. GOS,L,0,5,,,0.0,,,0,0,,,,,,,,,,10,,0
8811,21980,78390,Terry Tyler,DET,Detroit Pistons,0028000511,1981-01-11,DET @ LAL,L,0,5,,,0.0,,,0,2,0.0,,,,,,,,,10,,0
8812,21980,78519,Charles Whitney,KCK,Kansas City Kings,0028000508,1981-01-11,KCK vs. SDC,L,0,4,,,2.0,,,0,0,,,,,,,,,,10,,0
8813,21980,77484,Wes Matthews,WAS,Washington Bullets,0028000510,1981-01-11,WAS @ SAN,L,0,5,,,0.0,,,0,0,,,,,,,,,,10,,0
8814,21980,77168,Mickey Johnson,MIL,Milwaukee Bucks,0028000507,1981-01-10,MIL @ IND,L,0,4,,,0.0,,,2,2,1.0,,,,,,,,,10,,0
8815,21980,77126,Abdul Jeelani,DAL,Dallas Mavericks,0028000506,1981-01-10,DAL vs. WAS,L,0,3,,,0.0,,,4,6,0.667,,,,,,,,,10,,0
8816,21980,77754,Mike O'Koren,NJN,New Jersey Nets,0028000505,1981-01-10,NJN vs. BOS,L,0,5,,,0.0,,,0,0,,,,,,,,,6.0,10,,0
8817,21980,77710,Mike Newlin,NJN,New Jersey Nets,0028000505,1981-01-10,NJN vs. BOS,L,0,5,,,0.0,,,0,0,,,,,,,,,,10,,0
8818,21980,77786,Tom Owens,POR,Portland Trail Blazers,0028000503,1981-01-10,POR @ HOU,L,0,5,,,0.0,,,0,0,,,,,,,,,,10,,0
8819,21980,77691,Calvin Natt,POR,Portland Trail Blazers,0028000503,1981-01-10,POR @ HOU,L,0,5,,,0.0,,,0,0,,,,,,,,,,10,,0
8820,21980,77010,Keith Herron,DET,Detroit Pistons,0028000502,1981-01-10,DET @ GOS,L,0,4,,,0.0,,,2,3,0.667,,,,,,,,,10,,0
8821,21980,78200,Randy Smith,CLE,Cleveland Cavaliers,0028000501,1981-01-10,CLE vs. NYK,L,0,5,,,0.0,,,0,0,,,,,,,,,,10,,0
8822,21980,78442,Wally Walker,SEA,Seattle SuperSonics,0028000500,1981-01-10,SEA vs. DEN,W,0,5,,,0.0,,,0,0,,,,,,,,,,10,,0
8823,21980,77547,Billy McKinney,DEN,Denver Nuggets,0028000500,1981-01-10,DEN @ SEA,L,0,4,,,0.0,,,2,2,1.0,,,,,,,,,10,,0
8824,21980,77246,Larry Kenon,CHI,Chicago Bulls,0028000499,1981-01-10,CHI vs. PHL,L,0,4,,,0.0,,,2,2,1.0,,,,,,,,,10,,0
8825,21980,77998,Dave Robisch,DEN,Denver Nuggets,0028000498,1981-01-09,DEN @ SDC,W,0,4,,,0.0,,,2,3,0.667,,,,,,,,,10,,0
8826,21980,77547,Billy McKinney,DEN,Denver Nuggets,0028000498,1981-01-09,DEN @ SDC,W,0,5,,,0.0,,,0,0,,,,,,,,,,10,,0
8827,21980,77024,Armond Hill,SEA,Seattle SuperSonics,0028000496,1981-01-09,SEA @ LAL,L,0,5,,,0.0,,,0,0,,,,,,,,,,10,,0
8828,21980,77950,Clint Richardson,PHL,Philadelphia 76ers,0028000495,1981-01-09,PHL vs. HOU,W,0,5,,,0.0,,,0,0,,,,,,,,,,10,,0
8829,21980,76616,Mike Dunleavy,HOU,Houston Rockets,0028000495,1981-01-09,HOU @ PHL,L,0,5,,,0.0,,,0,0,,,,,,,,,,10,,0
8830,21980,77182,Dwight Jones,CHI,Chicago Bulls,0028000494,1981-01-09,CHI @ BOS,L,0,5,,,0.0,,,0,0,,,,,,,,,,10,,0
8831,21980,77911,Kelvin Ransey,POR,Portland Trail Blazers,0028000492,1981-01-09,POR @ SAN,L,0,3,,,0.0,,,4,5,0.8,,,,,,,,,10,,0
8832,21980,77876,Kevin Porter,WAS,Washington Bullets,0028000491,1981-01-08,WAS @ KCK,L,0,4,,,0.0,,,2,2,1.0,,,,,,,,,10,,0
8833,21980,328,Rick Mahorn,WAS,Washington Bullets,0028000491,1981-01-08,WAS @ KCK,L,0,5,,,0.0,,,0,0,,,,,,,,,,10,,0
8834,21980,78014,Tree Rollins,ATL,Atlanta Hawks,0028000489,1981-01-08,ATL @ MIL,L,0,4,,,0.0,,,2,2,1.0,,,,,,,,,10,,0
8835,21980,78571,Ray Williams,NYK,New York Knicks,0028000488,1981-01-08,NYK vs. IND,L,0,4,,,0.0,,,2,2,1.0,,,,,,,,,10,,0
8836,21980,76011,Alvan Adams,PHX,Phoenix Suns,0028000485,1981-01-07,PHX @ BOS,L,0,5,,,0.0,,,0,0,,,,,,,,,,10,,0
8837,21980,1450,Kevin McHale,BOS,Boston Celtics,0028000485,1981-01-07,BOS vs. PHX,W,0,4,,,0.0,,,2,3,0.667,,,,,,,,,10,,0
8838,21980,77770,Louis Orr,IND,Indiana Pacers,0028000484,1981-01-07,IND vs. NJN,W,0,5,,,0.0,,,0,0,,,,,,,,,,10,,0
8839,21980,76095,Mike Bantom,IND,Indiana Pacers,0028000484,1981-01-07,IND vs. NJN,W,0,4,,,0.0,,,2,2,1.0,,,,,,,,,10,,0
8840,21980,76453,Dave Corzine,SAN,San Antonio Spurs,0028000483,1981-01-07,SAN @ PHL,L,0,4,,,0.0,,,2,3,0.667,,,,,,,,,10,,0
8841,21980,76385,Maurice Cheeks,PHL,Philadelphia 76ers,0028000483,1981-01-07,PHL vs. SAN,W,0,5,,,0.0,,,0,0,,,,,,,,,,10,,0
8842,21980,76249,Ron Brewer,SAN,San Antonio Spurs,0028000483,1981-01-07,SAN @ PHL,L,0,5,,,0.0,,,0,0,,,,,,,,,,10,,0
8843,21980,78222,Jim Spanarkel,DAL,Dallas Mavericks,0028000481,1981-01-07,DAL @ GOS,W,0,3,,,0.0,,,4,4,1.0,,,,,,,,,10,,0
8844,21980,76321,Marty Byrnes,DAL,Dallas Mavericks,0028000481,1981-01-07,DAL @ GOS,W,0,3,,,0.0,,,4,5,0.8,,,,,,,,,10,,0
8845,21980,76091,Greg Ballard,WAS,Washington Bullets,0028000480,1981-01-06,WAS @ LAL,L,0,5,,,0.0,,,0,0,,,,,,,,,,10,,0
8846,21980,77911,Kelvin Ransey,POR,Portland Trail Blazers,0028000479,1981-01-06,POR vs. DET,W,0,5,,,0.0,,,0,0,,,,,,,,,,10,,0
8847,21980,77691,Calvin Natt,POR,Portland Trail Blazers,0028000479,1981-01-06,POR vs. DET,W,0,5,,,0.0,,,0,0,,,,,,,,,,10,,0
8848,21980,77626,Sidney Moncrief,MIL,Milwaukee Bucks,0028000478,1981-01-06,MIL vs. NJN,W,0,4,,,0.0,,,2,3,0.667,,,,,,,,,10,,0
8849,21980,77160,Marques Johnson,MIL,Milwaukee Bucks,0028000478,1981-01-06,MIL vs. NJN,W,0,4,,,0.0,,,2,7,0.286,,,,,,,,,10,,0
8850,21980,77163,Reggie Johnson,SAN,San Antonio Spurs,0028000477,1981-01-06,SAN @ NYK,W,0,5,,,0.0,,,0,0,,,,,,,,,,10,,0
8851,21980,78014,Tree Rollins,ATL,Atlanta Hawks,0028000476,1981-01-06,ATL vs. PHX,L,0,5,,,0.0,,,0,1,0.0,,,,,,,,,10,,0
8852,21980,76471,Charlie Criss,ATL,Atlanta Hawks,0028000476,1981-01-06,ATL vs. PHX,L,0,5,,,0.0,,,0,0,,,,,,,,,,10,,0
8853,21980,1453,Walter Davis,PHX,Phoenix Suns,0028000476,1981-01-06,PHX @ ATL,W,0,4,,,0.0,,,2,2,1.0,,,,,,,,,10,,0
8854,21980,76881,David Greenwood,CHI,Chicago Bulls,0028000475,1981-01-06,CHI vs. SDC,W,0,4,,,0.0,,,2,2,1.0,,,,,,,,,10,,0
8855,21980,77396,Scott Lloyd,DAL,Dallas Mavericks,0028000474,1981-01-05,DAL @ SEA,L,0,3,,,0.0,,,4,4,1.0,,,,,,,,,10,,0
8856,21980,77328,Tom LaGarde,DAL,Dallas Mavericks,0028000474,1981-01-05,DAL @ SEA,L,0,5,,,0.0,,,0,0,,,,,,,,,,10,,0
8857,21980,77691,Calvin Natt,POR,Portland Trail Blazers,0028000473,1981-01-04,POR vs. BOS,L,0,3,,,0.0,,,4,7,0.571,,,,,,,,,10,,0
8858,21980,77689,Swen Nater,SDC,San Diego Clippers,0028000472,1981-01-04,SDC @ MIL,L,0,4,,,0.0,,,2,2,1.0,,,,,,,,,10,,0
8859,21980,76290,Joe Bryant,SDC,San Diego Clippers,0028000472,1981-01-04,SDC @ MIL,L,0,5,,,0.0,,,0,1,0.0,,,,,,,,,10,,0
8860,21980,77547,Billy McKinney,DEN,Denver Nuggets,0028000470,1981-01-03,DEN @ HOU,W,0,4,,,0.0,,,2,2,1.0,,,,,,,,,10,,0
8861,21980,78467,Kermit Washington,POR,Portland Trail Blazers,0028000469,1981-01-03,POR @ UTH,L,0,3,,,0.0,,,4,4,1.0,,,,,,,,,10,,0
8862,21980,77873,Ben Poquette,UTH,Utah Jazz,0028000469,1981-01-03,UTH vs. POR,W,0,5,,,0.0,,,0,0,,,,,,,,,6.0,10,,0
8863,21980,77950,Clint Richardson,PHL,Philadelphia 76ers,0028000468,1981-01-03,PHL @ GOS,W,0,4,,,0.0,,,2,3,0.667,,,,,,,,,10,,0
8864,21980,77136,Clemon Johnson,IND,Indiana Pacers,0028000467,1981-01-03,IND vs. SDC,W,0,3,,,0.0,,,4,5,0.8,,,,,,,,,10,,0
8865,21980,328,Rick Mahorn,WAS,Washington Bullets,0028000466,1981-01-03,WAS @ CLE,L,0,4,,,0.0,,,2,5,0.4,,,,,,,,6.0,10,,0
8866,21980,76874,Rickey Green,UTH,Utah Jazz,0028000455,1981-01-02,UTH @ KCK,L,0,4,,,0.0,,,2,2,1.0,,,,,,,,,10,,0
8867,21980,77419,John Lucas,GOS,Golden State Warriors,0028000463,1981-01-02,GOS vs. BOS,W,0,5,,,0.0,,,0,0,,,,,,,,,,10,,0
8868,21980,76993,Gerald Henderson,BOS,Boston Celtics,0028000463,1981-01-02,BOS @ GOS,L,0,5,,,0.0,,,0,0,,,,,,,,,,10,,0
8869,21980,77071,Phil Hubbard,DET,Detroit Pistons,0028000461,1981-01-02,DET vs. NYK,W,0,4,,,0.0,,,2,4,0.5,,,,,,,,,10,,0
8870,21980,76435,Darwin Cook,NJN,New Jersey Nets,0028000460,1981-01-02,NJN vs. CLE,L,0,5,,,0.0,,,0,0,,,,,,,,,,10,,0
8871,21980,76971,Steve Hawes,ATL,Atlanta Hawks,0028000459,1981-01-02,ATL vs. IND,L,0,4,,,0.0,,,2,3,0.667,,,,,,,,,10,,0
8872,21980,77817,Billy Paultz,HOU,Houston Rockets,0028000456,1981-01-02,HOU @ DAL,W,0,5,,,0.0,,,0,2,0.0,,,,,,,,,10,,0
8873,21980,77273,Reggie King,KCK,Kansas City Kings,0028000455,1981-01-02,KCK vs. UTH,W,0,4,,,0.0,,,2,6,0.333,,,,,,,,,10,,0
8874,21980,77215,Jeff Judkins,UTH,Utah Jazz,0028000455,1981-01-02,UTH @ KCK,L,0,5,,,0.0,,,0,0,,,,,,,,,,10,,0
8875,21980,78537,Jeff Wilkins,UTH,Utah Jazz,0028000453,1981-01-01,UTH @ HOU,L,0,5,,,0.0,,,0,0,,,,,,,,,,10,,0
8876,21980,78199,Phil Smith,SDC,San Diego Clippers,0028000452,1981-01-01,SDC vs. BOS,L,0,4,,,0.0,,,2,2,1.0,,,,,,,,,10,,0
8877,21980,78467,Kermit Washington,POR,Portland Trail Blazers,0028000451,1981-01-01,POR vs. DEN,W,0,4,,,0.0,,,2,6,0.333,,,,,,,,,10,,0
8878,21980,77056,Cedrick Hordges,DEN,Denver Nuggets,0028000450,1980-12-30,DEN vs. IND,W,0,5,,,0.0,,,0,0,,,,,,,,,,10,,0
8879,21980,77021,Kenny Higgs,DEN,Denver Nuggets,0028000450,1980-12-30,DEN vs. IND,W,0,4,,,0.0,,,2,2,1.0,,,,,,,,,10,,0
8880,21980,76231,Dudley Bradley,IND,Indiana Pacers,0028000450,1980-12-30,IND @ DEN,L,0,5,,,0.0,,,0,0,,,,,,,,,6.0,10,,0
8881,21980,77800,Sonny Parker,GOS,Golden State Warriors,0028000447,1980-12-30,GOS @ KCK,W,0,4,,,0.0,,,2,5,0.4,,,,,,,,,10,,0
8882,21980,77582,Joe Meriweather,KCK,Kansas City Kings,0028000447,1980-12-30,KCK vs. GOS,L,0,4,,,0.0,,,2,2,1.0,,,,,,,,,10,,0
8883,21980,77873,Ben Poquette,UTH,Utah Jazz,0028000446,1980-12-30,UTH vs. LAL,W,0,5,,,0.0,,,0,0,,,,,,,,,6.0,10,,0
8884,21980,76874,Rickey Green,UTH,Utah Jazz,0028000446,1980-12-30,UTH vs. LAL,W,0,5,,,0.0,,,0,0,,,,,,,,,,10,,0
8885,21980,76392,Jim Chones,LAL,Los Angeles Lakers,0028000446,1980-12-30,LAL @ UTH,L,0,5,,,0.0,,,0,1,0.0,,,,,,,,,10,,0
8886,21980,76266,Michael Brooks,SDC,San Diego Clippers,0028000443,1980-12-30,SDC @ HOU,L,0,5,,,0.0,,,0,0,,,,,,,,,,10,,0
8887,21980,77487,Cedric Maxwell,BOS,Boston Celtics,0028000442,1980-12-30,BOS @ PHX,W,0,4,,,0.0,,,2,2,1.0,,,,,,,,,10,,0
8888,21980,77022,Johnny High,PHX,Phoenix Suns,0028000442,1980-12-30,PHX vs. BOS,L,0,4,,,0.0,,,2,6,0.333,,,,,,,,,10,,0
8889,21980,77952,Micheal Ray Richardson,NYK,New York Knicks,0028000440,1980-12-30,NYK vs. DAL,W,0,5,,,0.0,,,0,0,,,,,,,,,,10,,0
8890,21980,77432,Ollie Mack,DAL,Dallas Mavericks,0028000440,1980-12-30,DAL @ NYK,L,0,5,,,0.0,,,0,0,,,,,,,,,,10,,0
8891,21980,100263,Bill Laimbeer,CLE,Cleveland Cavaliers,0028000439,1980-12-29,CLE vs. DAL,W,0,4,,,0.0,,,2,4,0.5,,,,,,,,,10,,0
8892,21980,77126,Abdul Jeelani,DAL,Dallas Mavericks,0028000439,1980-12-29,DAL @ CLE,L,0,4,,,0.0,,,2,2,1.0,,,,,,,,,10,,0
8893,21980,78351,Andrew Toney,PHL,Philadelphia 76ers,0028000434,1980-12-27,PHL @ DEN,L,0,4,,,1.0,,,1,2,0.5,,,,,,,,,10,,0
8894,21980,77689,Swen Nater,SDC,San Diego Clippers,0028000603,1980-12-27,SDC vs. IND,W,0,3,,,0.0,,,4,4,1.0,,,,,,,,,10,,0
8895,21980,78350,Rudy Tomjanovich,HOU,Houston Rockets,0028000436,1980-12-27,HOU @ WAS,L,0,4,,,0.0,,,2,2,1.0,,,,,,,,,10,,0
8896,21980,77936,Robert Reid,HOU,Houston Rockets,0028000436,1980-12-27,HOU @ WAS,L,0,3,,,0.0,,,4,4,1.0,,,,,,,,,10,,0
8897,21980,78482,Scott Wedman,KCK,Kansas City Kings,0028000435,1980-12-27,KCK @ NYK,L,0,5,,,0.0,,,0,0,,,,,,,,,,10,,0
8898,21980,77168,Mickey Johnson,MIL,Milwaukee Bucks,0028000433,1980-12-27,MIL vs. DAL,W,0,5,,,0.0,,,0,0,,,,,,,,,,10,,0
8899,21980,77087,Geoff Huston,DAL,Dallas Mavericks,0028000433,1980-12-27,DAL @ MIL,L,0,3,,,0.0,,,4,4,1.0,,,,,,,,,10,,0
8900,21980,76321,Marty Byrnes,DAL,Dallas Mavericks,0028000433,1980-12-27,DAL @ MIL,L,0,3,,,0.0,,,4,4,1.0,,,,,,,,,10,,0
8901,21980,77235,Rich Kelley,PHX,Phoenix Suns,0028000432,1980-12-27,PHX vs. LAL,W,0,2,,,0.0,,,6,6,1.0,,,,,,,,,10,,0
8902,21980,76881,David Greenwood,CHI,Chicago Bulls,0028000429,1980-12-27,CHI vs. DET,W,0,5,,,0.0,,,0,2,0.0,,,,,,,,,10,,0
8903,21980,76826,Mike Gminski,NJN,New Jersey Nets,0028000427,1980-12-26,NJN vs. ATL,L,0,4,,,0.0,,,2,2,1.0,,,,,,,,,10,,0
8904,21980,76435,Darwin Cook,NJN,New Jersey Nets,0028000427,1980-12-26,NJN vs. ATL,L,0,5,,,0.0,,,0,0,,,,,,,,,,10,,0
8905,21980,77691,Calvin Natt,POR,Portland Trail Blazers,0028000426,1980-12-26,POR @ SEA,W,0,4,,,0.0,,,2,2,1.0,,,,,,,,,10,,0
8906,21980,76272,Fred Brown,SEA,Seattle SuperSonics,0028000426,1980-12-26,SEA vs. POR,L,0,4,,,0.0,,,2,2,1.0,,,,,,,,,10,,0
8907,21980,76204,Ron Boone,UTH,Utah Jazz,0028000425,1980-12-26,UTH vs. GOS,L,0,5,,,0.0,,,0,0,,,,,,,,,,10,,0
8908,21980,76830,Glen Gondrezick,DEN,Denver Nuggets,0028000421,1980-12-26,DEN @ DAL,L,0,5,,,0.0,,,0,0,,,,,,,,,,10,,0
8909,21980,76516,Brad Davis,DAL,Dallas Mavericks,0028000421,1980-12-26,DAL vs. DEN,W,0,4,,,0.0,,,2,2,1.0,,,,,,,,,10,,0
8910,21980,76321,Marty Byrnes,DAL,Dallas Mavericks,0028000421,1980-12-26,DAL vs. DEN,W,0,5,,,0.0,,,0,0,,,,,,,,,,10,,0
8911,21980,77532,George McGinnis,IND,Indiana Pacers,0028000420,1980-12-26,IND @ LAL,L,0,4,,,0.0,,,2,2,1.0,,,,,,,,,10,,0
8912,21980,76392,Jim Chones,LAL,Los Angeles Lakers,0028000420,1980-12-26,LAL vs. IND,W,0,5,,,0.0,,,0,0,,,,,,,,,,10,,0
8913,21980,76993,Gerald Henderson,BOS,Boston Celtics,0028000419,1980-12-25,BOS @ NYK,W,0,4,,,0.0,,,2,3,0.667,,,,,,,,,10,,0
8914,21980,77438,Kyle Macy,PHX,Phoenix Suns,0028000418,1980-12-25,PHX vs. SAN,W,0,4,,,0.0,,,2,2,1.0,,,,,,,,,10,,0
8915,21980,77308,Joel Kramer,PHX,Phoenix Suns,0028000418,1980-12-25,PHX vs. SAN,W,0,4,,,0.0,,,2,3,0.667,,,,,,,,,10,,0
8916,21980,76656,Bob Elliott,NJN,New Jersey Nets,0028000416,1980-12-25,NJN @ WAS,L,0,4,,,0.0,,,2,4,0.5,,,,,,,,,10,,0
8917,21980,77721,Norm Nixon,LAL,Los Angeles Lakers,0028000415,1980-12-23,LAL @ POR,L,0,3,,,0.0,,,4,5,0.8,,,,,,,,,10,,0
8918,21980,76392,Jim Chones,LAL,Los Angeles Lakers,0028000415,1980-12-23,LAL @ POR,L,0,4,,,0.0,,,2,2,1.0,,,,,,,,,10,,0
8919,21980,77353,Allen Leavell,HOU,Houston Rockets,0028000413,1980-12-23,HOU vs. GOS,L,0,5,,,0.0,,,0,0,,,,,,,,,,10,,0
8920,21980,78326,David Thompson,DEN,Denver Nuggets,0028000412,1980-12-23,DEN @ BOS,L,0,5,,,0.0,,,0,0,,,,,,,,,,10,,0
8921,21980,77984,Rick Robey,BOS,Boston Celtics,0028000412,1980-12-23,BOS vs. DEN,W,0,4,,,0.0,,,2,4,0.5,,,,,,,,,10,,0
8922,21980,77547,Billy McKinney,DEN,Denver Nuggets,0028000412,1980-12-23,DEN @ BOS,L,0,5,,,0.0,,,0,0,,,,,,,,,,10,,0
8923,21980,77184,Edgar Jones,NJN,New Jersey Nets,0028000411,1980-12-23,NJN @ IND,L,0,5,,,0.0,,,0,0,,,,,,,,,,10,,0
8924,21980,77876,Kevin Porter,WAS,Washington Bullets,0028000410,1980-12-23,WAS @ ATL,L,0,5,,,0.0,,,0,0,,,,,,,,,,10,,0
8925,21980,76553,Larry Demic,NYK,New York Knicks,0028000408,1980-12-23,NYK @ CHI,L,0,3,,,0.0,,,4,7,0.571,,,,,,,,,10,,0
8926,21980,77087,Geoff Huston,DAL,Dallas Mavericks,0028000407,1980-12-23,DAL vs. UTH,L,0,5,,,0.0,,,0,0,,,,,,,,,,10,,0
8927,21980,76321,Marty Byrnes,DAL,Dallas Mavericks,0028000407,1980-12-23,DAL vs. UTH,L,0,3,,,0.0,,,4,4,1.0,,,,,,,,,10,,0
8928,21980,77438,Kyle Macy,PHX,Phoenix Suns,0028000406,1980-12-22,PHX @ SEA,W,0,5,,,0.0,,,0,0,,,,,,,,,,10,,0
8929,21980,77308,Joel Kramer,PHX,Phoenix Suns,0028000406,1980-12-22,PHX @ SEA,W,0,4,,,0.0,,,2,2,1.0,,,,,,,,,10,,0
8930,21980,77786,Tom Owens,POR,Portland Trail Blazers,0028000405,1980-12-21,POR vs. PHX,L,0,4,,,0.0,,,2,2,1.0,,,,,,,,,10,,0
8931,21980,77691,Calvin Natt,POR,Portland Trail Blazers,0028000405,1980-12-21,POR vs. PHX,L,0,5,,,0.0,,,0,0,,,,,,,,,,10,,0
8932,21980,76154,Kent Benson,DET,Detroit Pistons,0028000404,1980-12-21,DET @ SDC,L,0,4,,,0.0,,,2,3,0.667,,,,,,,,,10,,0
8933,21980,76249,Ron Brewer,SAN,San Antonio Spurs,0028000402,1980-12-21,SAN @ LAL,L,0,4,,,0.0,,,2,2,1.0,,,,,,,,,10,,0
8934,21980,78014,Tree Rollins,ATL,Atlanta Hawks,0028000401,1980-12-20,ATL @ POR,L,0,4,,,0.0,,,2,2,1.0,,,,,,,,,10,,0
8935,21980,78520,Sidney Wicks,SDC,San Diego Clippers,0028000399,1980-12-20,SDC @ UTH,W,0,3,,,0.0,,,4,5,0.8,,,,,,,,,10,,0
8936,21980,76441,Wayne Cooper,UTH,Utah Jazz,0028000399,1980-12-20,UTH vs. SDC,L,0,4,,,0.0,,,2,4,0.5,,,,,,,,,10,,0
8937,21980,77669,Calvin Murphy,HOU,Houston Rockets,0028000395,1980-12-20,HOU @ CHI,L,0,2,,,0.0,,,6,6,1.0,,,,,,,,,10,,0
8938,21980,76826,Mike Gminski,NJN,New Jersey Nets,0028000392,1980-12-19,NJN @ PHL,L,0,5,,,0.0,,,0,0,,,,,,,,,,10,,0
8939,21980,77152,John Johnson,SEA,Seattle SuperSonics,0028000391,1980-12-19,SEA vs. ATL,W,0,4,,,0.0,,,2,2,1.0,,,,,,,,,10,,0
8940,21980,76154,Kent Benson,DET,Detroit Pistons,0028000390,1980-12-19,DET vs. IND,W,0,3,,,0.0,,,4,5,0.8,,,,,,,,,10,,0
8941,21980,78195,Larry Smith,GOS,Golden State Warriors,0028000389,1980-12-19,GOS @ SAN,L,0,4,,,0.0,,,2,4,0.5,,,,,,,,,10,,0
8942,21980,77633,Johnny Moore,SAN,San Antonio Spurs,0028000389,1980-12-19,SAN vs. GOS,W,0,5,,,0.0,,,0,0,,,,,,,,,,10,,0
8943,21980,77163,Reggie Johnson,SAN,San Antonio Spurs,0028000389,1980-12-19,SAN vs. GOS,W,0,3,,,0.0,,,4,4,1.0,,,,,,,,,10,,0
8944,21980,77873,Ben Poquette,UTH,Utah Jazz,0028000386,1980-12-19,UTH @ PHX,L,0,3,,,0.0,,,4,5,0.8,,,,,,,,6.0,10,,0
8945,21980,76441,Wayne Cooper,UTH,Utah Jazz,0028000386,1980-12-19,UTH @ PHX,L,0,5,,,0.0,,,0,0,,,,,,,,,,10,,0
8946,21980,77126,Abdul Jeelani,DAL,Dallas Mavericks,0028000385,1980-12-18,DAL @ SDC,L,0,4,,,0.0,,,2,4,0.5,,,,,,,,,10,,0
8947,21980,76985,Garfield Heard,SDC,San Diego Clippers,0028000385,1980-12-18,SDC vs. DAL,W,0,3,,,0.0,,,4,4,1.0,,,,,,,,,10,,0
8948,21980,76266,Michael Brooks,SDC,San Diego Clippers,0028000385,1980-12-18,SDC vs. DAL,W,0,4,,,0.0,,,2,2,1.0,,,,,,,,,10,,0
8949,21980,600005,Bob Lanier,MIL,Milwaukee Bucks,0028000384,1980-12-18,MIL vs. DET,W,0,4,,,0.0,,,2,2,1.0,,,,,,,,,10,,0
8950,21980,77998,Dave Robisch,DEN,Denver Nuggets,0028000383,1980-12-18,DEN @ CLE,L,0,5,,,0.0,,,0,0,,,,,,,,,,10,,0
8951,21980,76471,Charlie Criss,ATL,Atlanta Hawks,0028000382,1980-12-18,ATL @ UTH,W,0,4,,,0.0,,,2,2,1.0,,,,,,,,,10,,0
8952,21980,78442,Wally Walker,SEA,Seattle SuperSonics,0028000381,1980-12-17,SEA vs. KCK,W,0,5,,,0.0,,,0,0,,,,,,,,,,10,,0
8953,21980,77273,Reggie King,KCK,Kansas City Kings,0028000381,1980-12-17,KCK @ SEA,L,0,3,,,0.0,,,4,7,0.571,,,,,,,,,10,,0
8954,21980,76590,Leon Douglas,KCK,Kansas City Kings,0028000381,1980-12-17,KCK @ SEA,L,0,4,,,0.0,,,2,5,0.4,,,,,,,,,10,,0
8955,21980,78533,James Wilkes,CHI,Chicago Bulls,0028000380,1980-12-17,CHI @ BOS,L,0,4,,,0.0,,,2,2,1.0,,,,,,,,,10,,0
8956,21980,1450,Kevin McHale,BOS,Boston Celtics,0028000380,1980-12-17,BOS vs. CHI,W,0,5,,,0.0,,,0,0,,,,,,,,,,10,,0
8957,21980,77438,Kyle Macy,PHX,Phoenix Suns,0028000379,1980-12-17,PHX vs. DAL,W,0,4,,,0.0,,,2,2,1.0,,,,,,,,,10,,0
8958,21980,77235,Rich Kelley,PHX,Phoenix Suns,0028000379,1980-12-17,PHX vs. DAL,W,0,4,,,0.0,,,2,2,1.0,,,,,,,,,10,,0
8959,21980,77126,Abdul Jeelani,DAL,Dallas Mavericks,0028000379,1980-12-17,DAL @ PHX,L,0,2,,,0.0,,,6,7,0.857,,,,,,,,,10,,0
8960,21980,77022,Johnny High,PHX,Phoenix Suns,0028000379,1980-12-17,PHX vs. DAL,W,0,4,,,0.0,,,2,3,0.667,,,,,,,,,10,,0
8961,21980,76011,Alvan Adams,PHX,Phoenix Suns,0028000379,1980-12-17,PHX vs. DAL,W,0,5,,,0.0,,,0,0,,,,,,,,,,10,,0
8962,21980,77175,Caldwell Jones,PHL,Philadelphia 76ers,0028000378,1980-12-17,PHL vs. CLE,W,0,5,,,0.0,,,0,0,,,,,,,,,,10,,0
8963,21980,76385,Maurice Cheeks,PHL,Philadelphia 76ers,0028000378,1980-12-17,PHL vs. CLE,W,0,5,,,0.0,,,0,0,,,,,,,,,,10,,0
8964,21980,76804,George Gervin,SAN,San Antonio Spurs,0028000377,1980-12-17,SAN @ HOU,W,0,4,,,0.0,,,2,2,1.0,,,,,,,,6.0,10,,0
8965,21980,76483,Pat Cummings,MIL,Milwaukee Bucks,0028000376,1980-12-17,MIL @ NJN,L,0,4,,,0.0,,,2,4,0.5,,,,,,,,,10,,0
8966,21980,76435,Darwin Cook,NJN,New Jersey Nets,0028000376,1980-12-17,NJN vs. MIL,W,0,4,,,0.0,,,2,5,0.4,,,,,,,,,10,,0
8967,21980,78623,Larry Wright,DET,Detroit Pistons,0028000374,1980-12-17,DET vs. NYK,L,0,5,,,0.0,,,0,0,,,,,,,,,,10,,0
8968,21980,76204,Ron Boone,UTH,Utah Jazz,0028000372,1980-12-16,UTH @ NYK,L,0,4,,,1.0,,,1,2,0.5,,,,,,,,,10,,0
8969,21980,77710,Mike Newlin,NJN,New Jersey Nets,0028000373,1980-12-16,NJN @ ATL,L,0,4,,,0.0,,,2,2,1.0,,,,,,,,,10,,0
8970,21980,78570,Sly Williams,NYK,New York Knicks,0028000372,1980-12-16,NYK vs. UTH,W,0,3,,,0.0,,,4,5,0.8,,,,,,,,,10,,0
8971,21980,77952,Micheal Ray Richardson,NYK,New York Knicks,0028000372,1980-12-16,NYK vs. UTH,W,0,5,,,0.0,,,0,0,,,,,,,,,,10,,0
8972,21980,76321,Marty Byrnes,DAL,Dallas Mavericks,0028000370,1980-12-16,DAL vs. SAN,L,0,4,,,0.0,,,2,2,1.0,,,,,,,,,10,,0
8973,21980,76534,Ron Davis,SDC,San Diego Clippers,0028000369,1980-12-16,SDC vs. LAL,W,0,5,,,0.0,,,0,7,0.0,,,,,,,,,10,,0
8974,21980,77326,Sam Lacey,KCK,Kansas City Kings,0028000368,1980-12-16,KCK @ DEN,W,0,4,,,0.0,,,2,2,1.0,,,,,,,,,10,,0
8975,21980,77490,Scott May,CHI,Chicago Bulls,0028000367,1980-12-16,CHI @ WAS,W,0,4,,,0.0,,,2,2,1.0,,,,,,,,,10,,0
8976,21980,76355,Butch Carter,LAL,Los Angeles Lakers,0028000366,1980-12-14,LAL vs. GOS,W,0,5,,,0.0,,,0,0,,,,,,,,,,10,,0
8977,21980,78527,Michael Wiley,SAN,San Antonio Spurs,0028000365,1980-12-14,SAN @ MIL,L,0,4,,,0.0,,,2,2,1.0,,,,,,,,,10,,0
8978,21980,77950,Clint Richardson,PHL,Philadelphia 76ers,0028000364,1980-12-14,PHL @ NJN,W,0,5,,,0.0,,,0,0,,,,,,,,,,10,,0
8979,21980,77438,Kyle Macy,PHX,Phoenix Suns,0028000363,1980-12-14,PHX vs. POR,L,0,3,,,0.0,,,4,6,0.667,,,,,,,,,10,,0
8980,21980,77235,Rich Kelley,PHX,Phoenix Suns,0028000363,1980-12-14,PHX vs. POR,L,0,5,,,0.0,,,0,0,,,,,,,,,,10,,0
8981,21980,76483,Pat Cummings,MIL,Milwaukee Bucks,0028000361,1980-12-13,MIL @ ATL,L,0,4,,,0.0,,,2,2,1.0,,,,,,,,,10,,0
8982,21980,76296,Quinn Buckner,MIL,Milwaukee Bucks,0028000361,1980-12-13,MIL @ ATL,L,0,4,,,0.0,,,2,2,1.0,,,,,,,,,10,,0
8983,21980,78527,Michael Wiley,SAN,San Antonio Spurs,0028000360,1980-12-13,SAN vs. DEN,W,0,5,,,0.0,,,0,0,,,,,,,,,,10,,0
8984,21980,76889,Paul Griffin,SAN,San Antonio Spurs,0028000360,1980-12-13,SAN vs. DEN,W,0,4,,,0.0,,,2,2,1.0,,,,,,,,,10,,0
8985,21980,76618,T.R. Dunn,DEN,Denver Nuggets,0028000360,1980-12-13,DEN @ SAN,L,0,4,,,0.0,,,2,3,0.667,,,,,,,,,10,,0
8986,21980,78015,Lorenzo Romar,GOS,Golden State Warriors,0028000357,1980-12-13,GOS vs. HOU,L,0,5,,,0.0,,,0,0,,,,,,,,,,10,,0
8987,21980,78623,Larry Wright,DET,Detroit Pistons,0028000356,1980-12-13,DET @ NYK,L,0,4,,,0.0,,,2,3,0.667,,,,,,,,,10,,0
8988,21980,1450,Kevin McHale,BOS,Boston Celtics,0028000354,1980-12-13,BOS @ CHI,W,0,4,,,0.0,,,2,2,1.0,,,,,,,,,10,,0
8989,21980,76516,Brad Davis,DAL,Dallas Mavericks,0028000353,1980-12-12,DAL vs. SDC,W,0,5,,,0.0,,,0,0,,,,,,,,,,10,,0
8990,21980,76392,Jim Chones,LAL,Los Angeles Lakers,0028000352,1980-12-12,LAL @ SEA,W,0,5,,,0.0,,,0,1,0.0,,,,,,,,,10,,0
8991,21980,77547,Billy McKinney,UTH,Utah Jazz,0028000351,1980-12-12,UTH @ CHI,L,0,4,,,0.0,,,2,2,1.0,,,,,,,,,10,,0
8992,21980,76257,Allan Bristow,UTH,Utah Jazz,0028000351,1980-12-12,UTH @ CHI,L,0,4,,,0.0,,,2,2,1.0,,,,,,,,6.0,10,,0
8993,21980,76826,Mike Gminski,NJN,New Jersey Nets,0028000348,1980-12-12,NJN @ BOS,L,0,3,,,0.0,,,4,5,0.8,,,,,,,,,10,,0
8994,21980,76681,Julius Erving,PHL,Philadelphia 76ers,0028000350,1980-12-12,PHL vs. WAS,W,0,3,,,1.0,,,3,4,0.75,,,,,,,,,10,,0
8995,21980,77952,Micheal Ray Richardson,NYK,New York Knicks,0028000346,1980-12-11,NYK @ MIL,L,0,4,,,0.0,,,2,2,1.0,,,,,,,,,10,,0
8996,21980,76889,Paul Griffin,SAN,San Antonio Spurs,0028000345,1980-12-11,SAN vs. KCK,W,0,3,,,0.0,,,4,4,1.0,,,,,,,,,10,,0
8997,21980,76736,Phil Ford,KCK,Kansas City Kings,0028000345,1980-12-11,KCK @ SAN,L,0,4,,,0.0,,,2,3,0.667,,,,,,,,,10,,0
8998,21980,76453,Dave Corzine,SAN,San Antonio Spurs,0028000345,1980-12-11,SAN vs. KCK,W,0,5,,,0.0,,,0,0,,,,,,,,,,10,,0
8999,21980,77532,George McGinnis,IND,Indiana Pacers,0028000344,1980-12-11,IND @ CLE,W,0,3,,,0.0,,,4,9,0.444,,,,,,,,,10,,0
9000,21980,77950,Clint Richardson,PHL,Philadelphia 76ers,0028000342,1980-12-10,PHL vs. CHI,W,0,5,,,0.0,,,0,0,,,,,,,,,,10,,0
9001,21980,76385,Maurice Cheeks,PHL,Philadelphia 76ers,0028000342,1980-12-10,PHL vs. CHI,W,0,5,,,0.0,,,0,1,0.0,,,,,,,,,10,,0
9002,21980,78350,Rudy Tomjanovich,HOU,Houston Rockets,0028000340,1980-12-10,HOU vs. LAL,L,0,4,,,0.0,,,2,2,1.0,,,,,,,,,10,,0
9003,21980,77669,Calvin Murphy,HOU,Houston Rockets,0028000340,1980-12-10,HOU vs. LAL,L,0,5,,,0.0,,,0,0,,,,,,,,,,10,,0
9004,21980,78390,Terry Tyler,DET,Detroit Pistons,0028000339,1980-12-10,DET vs. ATL,L,0,4,,,0.0,,,2,4,0.5,,,,,,,,,10,,0
9005,21980,78014,Tree Rollins,ATL,Atlanta Hawks,0028000339,1980-12-10,ATL @ DET,W,0,4,,,0.0,,,2,2,1.0,,,,,,,,6.0,10,,0
9006,21980,77071,Phil Hubbard,DET,Detroit Pistons,0028000339,1980-12-10,DET vs. ATL,L,0,3,,,0.0,,,4,7,0.571,,,,,,,,,10,,0
9007,21980,76418,Don Collins,ATL,Atlanta Hawks,0028000339,1980-12-10,ATL @ DET,W,0,4,,,0.0,,,2,2,1.0,,,,,,,,,10,,0
9008,21980,76154,Kent Benson,DET,Detroit Pistons,0028000339,1980-12-10,DET vs. ATL,L,0,4,,,0.0,,,2,2,1.0,,,,,,,,,10,,0
9009,21980,78392,Wes Unseld,WAS,Washington Bullets,0028000338,1980-12-10,WAS vs. BOS,L,0,5,,,0.0,,,0,2,0.0,,,,,,,,,10,,0
9010,21980,76733,Chris Ford,BOS,Boston Celtics,0028000338,1980-12-10,BOS @ WAS,W,0,4,,,0.0,,,2,2,1.0,,,,,,,,,10,,0
9011,21980,1450,Kevin McHale,BOS,Boston Celtics,0028000338,1980-12-10,BOS @ WAS,W,0,5,,,0.0,,,0,1,0.0,,,,,,,,,10,,0
9012,21980,78449,Lloyd Walton,KCK,Kansas City Kings,0028000337,1980-12-10,KCK vs. SDC,W,0,4,,,0.0,,,2,2,1.0,,,,,,,,,10,,0
9013,21980,77582,Joe Meriweather,KCK,Kansas City Kings,0028000337,1980-12-10,KCK vs. SDC,W,0,4,,,0.0,,,2,3,0.667,,,,,,,,,10,,0
9014,21980,77326,Sam Lacey,KCK,Kansas City Kings,0028000337,1980-12-10,KCK vs. SDC,W,0,5,,,0.0,,,0,0,,,,,,,,,,10,,0
9015,21980,77419,John Lucas,GOS,Golden State Warriors,0028000336,1980-12-10,GOS vs. SEA,L,0,4,,,0.0,,,2,3,0.667,,,,,,,,,10,,0
9016,21980,77633,Johnny Moore,SAN,San Antonio Spurs,0028000334,1980-12-09,SAN @ UTH,W,0,5,,,0.0,,,0,0,,,,,,,,,,10,,0
9017,21980,76257,Allan Bristow,UTH,Utah Jazz,0028000334,1980-12-09,UTH vs. SAN,L,0,3,,,0.0,,,4,4,1.0,,,,,,,,,10,,0
9018,21980,78468,Richard Washington,CLE,Cleveland Cavaliers,0028000333,1980-12-09,CLE vs. PHL,L,0,5,,,0.0,,,0,0,,,,,,,,,,10,,0
9019,21980,77618,Steve Mix,PHL,Philadelphia 76ers,0028000333,1980-12-09,PHL @ CLE,W,0,3,,,0.0,,,4,4,1.0,,,,,,,,,10,,0
9020,21980,76539,Darryl Dawkins,PHL,Philadelphia 76ers,0028000333,1980-12-09,PHL @ CLE,W,0,5,,,0.0,,,0,0,,,,,,,,,,10,,0
9021,21980,77528,Jim McElroy,ATL,Atlanta Hawks,0028000331,1980-12-09,ATL vs. SDC,W,0,5,,,0.0,,,0,0,,,,,,,,,,10,,0
9022,21980,76054,Nate Archibald,BOS,Boston Celtics,0028000330,1980-12-09,BOS vs. MIL,W,0,3,,,0.0,,,4,4,1.0,,,,,,,,,10,,0
9023,21980,77432,Ollie Mack,DAL,Dallas Mavericks,0028000329,1980-12-09,DAL vs. LAL,L,0,5,,,0.0,,,0,0,,,,,,,,,,10,,0
9024,21980,77024,Armond Hill,SEA,Seattle SuperSonics,0028000328,1980-12-09,SEA @ POR,L,0,2,,,0.0,,,6,6,1.0,,,,,,,,,10,,0
9025,21980,78531,Bob Wilkerson,CHI,Chicago Bulls,0028000327,1980-12-09,CHI vs. PHX,L,0,4,,,0.0,,,2,2,1.0,,,,,,,,,10,,0
9026,21980,76266,Michael Brooks,SDC,San Diego Clippers,0028000331,1980-12-09,SDC @ ATL,L,0,5,,,0.0,,,0,0,,,,,,,,,,10,,0
9027,21980,77167,Vinnie Johnson,SEA,Seattle SuperSonics,0028000326,1980-12-08,SEA vs. SAN,W,0,4,,,0.0,,,2,5,0.4,,,,,,,,,10,,0
9028,21980,77024,Armond Hill,SEA,Seattle SuperSonics,0028000326,1980-12-08,SEA vs. SAN,W,0,3,,,0.0,,,4,5,0.8,,,,,,,,,10,,0
9029,21980,77786,Tom Owens,POR,Portland Trail Blazers,0028000325,1980-12-07,POR vs. SAN,W,0,4,,,0.0,,,2,2,1.0,,,,,,,,,10,,0
9030,21980,78392,Wes Unseld,WAS,Washington Bullets,0028000323,1980-12-07,WAS @ BOS,W,0,5,,,0.0,,,0,0,,,,,,,,,,10,,0
9031,21980,76993,Gerald Henderson,BOS,Boston Celtics,0028000323,1980-12-07,BOS vs. WAS,L,0,5,,,0.0,,,0,0,,,,,,,,,,10,,0
9032,21980,76257,Allan Bristow,UTH,Utah Jazz,0028000321,1980-12-07,UTH @ LAL,L,0,5,,,0.0,,,0,0,,,,,,,,,,10,,0
9033,21980,77264,Bernard King,GOS,Golden State Warriors,0028000320,1980-12-06,GOS vs. LAL,W,0,5,,,0.0,,,0,0,,,,,,,,,,10,,0
9034,21980,78442,Wally Walker,SEA,Seattle SuperSonics,0028000316,1980-12-06,SEA @ UTH,W,0,5,,,0.0,,,0,0,,,,,,,,,,10,,0
9035,21980,78149,Jack Sikma,SEA,Seattle SuperSonics,0028000316,1980-12-06,SEA @ UTH,W,0,3,,,0.0,,,4,5,0.8,,,,,,,,,10,,0
9036,21980,77786,Tom Owens,POR,Portland Trail Blazers,0028000312,1980-12-05,POR vs. CHI,W,0,4,,,0.0,,,2,2,1.0,,,,,,,,6.0,10,,0
9037,21980,77182,Dwight Jones,CHI,Chicago Bulls,0028000312,1980-12-05,CHI @ POR,L,0,4,,,0.0,,,2,2,1.0,,,,,,,,,10,,0
9038,21980,77998,Dave Robisch,DEN,Denver Nuggets,0028000311,1980-12-05,DEN vs. GOS,L,0,4,,,0.0,,,2,2,1.0,,,,,,,,,10,,0
9039,21980,78014,Tree Rollins,ATL,Atlanta Hawks,0028000309,1980-12-05,ATL @ PHL,L,0,4,,,0.0,,,2,2,1.0,,,,,,,,,10,,0
9040,21980,76385,Maurice Cheeks,PHL,Philadelphia 76ers,0028000309,1980-12-05,PHL vs. ATL,W,0,5,,,0.0,,,0,0,,,,,,,,,,10,,0
9041,21980,78350,Rudy Tomjanovich,HOU,Houston Rockets,0028000308,1980-12-05,HOU @ KCK,L,0,5,,,0.0,,,0,0,,,,,,,,,,10,,0
9042,21980,77273,Reggie King,KCK,Kansas City Kings,0028000308,1980-12-05,KCK vs. HOU,W,0,3,,,0.0,,,4,4,1.0,,,,,,,,,10,,0
9043,21980,78307,Carlos Terry,WAS,Washington Bullets,0028000307,1980-12-05,WAS vs. DET,W,0,4,,,0.0,,,2,2,1.0,,,,,,,,,10,,0
9044,21980,77993,Truck Robinson,PHX,Phoenix Suns,0028000306,1980-12-05,PHX vs. NJN,L,0,3,,,0.0,,,4,4,1.0,,,,,,,,,10,,0
9045,21980,77689,Swen Nater,SDC,San Diego Clippers,0028000303,1980-12-04,SDC vs. POR,L,0,4,,,0.0,,,2,2,1.0,,,,,,,,,10,,0
9046,21980,78468,Richard Washington,CLE,Cleveland Cavaliers,0028000304,1980-12-04,CLE @ SAN,L,0,5,,,0.0,,,0,0,,,,,,,,,,10,,0
9047,21980,77184,Edgar Jones,NJN,New Jersey Nets,0028000298,1980-12-03,NJN @ GOS,L,0,3,,,0.0,,,4,6,0.667,,,,,,,,,10,,0
9048,21980,77532,George McGinnis,IND,Indiana Pacers,0028000301,1980-12-03,IND vs. WAS,W,0,3,,,0.0,,,4,6,0.667,,,,,,,,,10,,0
9049,21980,77484,Wes Matthews,WAS,Washington Bullets,0028000301,1980-12-03,WAS @ IND,L,0,2,,,0.0,,,6,6,1.0,,,,,,,,,10,,0
9050,21980,77528,Jim McElroy,ATL,Atlanta Hawks,0028000300,1980-12-03,ATL @ BOS,L,0,4,,,0.0,,,2,3,0.667,,,,,,,,,10,,0
9051,21980,77246,Larry Kenon,CHI,Chicago Bulls,0028000299,1980-12-03,CHI @ SEA,L,0,4,,,0.0,,,2,4,0.5,,,,,,,,,10,,0
9052,21980,78095,Alvin Scott,PHX,Phoenix Suns,0028000297,1980-12-03,PHX @ KCK,L,0,3,,,0.0,,,4,4,1.0,,,,,,,,,10,,0
9053,21980,77438,Kyle Macy,PHX,Phoenix Suns,0028000297,1980-12-03,PHX @ KCK,L,0,5,,,0.0,,,0,0,,,,,,,,,,10,,0
9054,21980,76444,Michael Cooper,LAL,Los Angeles Lakers,0028000296,1980-12-03,LAL vs. SDC,L,0,5,,,0.0,,,0,0,,,,,,,,,,10,,0
9055,21980,76453,Dave Corzine,SAN,San Antonio Spurs,0028000294,1980-12-02,SAN vs. PHX,L,0,2,,,0.0,,,6,6,1.0,,,,,,,,,10,,0
9056,21980,78392,Wes Unseld,WAS,Washington Bullets,0028000293,1980-12-02,WAS vs. KCK,W,0,4,,,0.0,,,2,4,0.5,,,,,,,,,10,,0
9057,21980,78390,Terry Tyler,DET,Detroit Pistons,0028000292,1980-12-02,DET vs. BOS,L,0,5,,,0.0,,,0,0,,,,,,,,,,10,,0
9058,21980,78047,Campy Russell,NYK,New York Knicks,0028000291,1980-12-02,NYK vs. IND,L,0,4,,,0.0,,,2,2,1.0,,,,,,,,,10,,0
9059,21980,229,James Edwards,IND,Indiana Pacers,0028000291,1980-12-02,IND @ NYK,W,0,3,,,0.0,,,4,4,1.0,,,,,,,,,10,,0
9060,21980,76483,Pat Cummings,MIL,Milwaukee Bucks,0028000289,1980-12-02,MIL vs. UTH,W,0,4,,,0.0,,,2,3,0.667,,,,,,,,,10,,0
9061,21980,78025,Dan Roundfield,ATL,Atlanta Hawks,0028000288,1980-12-02,ATL vs. PHL,W,0,4,,,0.0,,,2,2,1.0,,,,,,,,,10,,0
9062,21980,77993,Truck Robinson,PHX,Phoenix Suns,0028000285,1980-11-30,PHX vs. HOU,W,0,5,,,0.0,,,0,2,0.0,,,,,,,,,10,,0
9063,21980,77669,Calvin Murphy,HOU,Houston Rockets,0028000285,1980-11-30,HOU @ PHX,L,0,5,,,0.0,,,0,0,,,,,,,,,,10,,0
9064,21980,77246,Larry Kenon,CHI,Chicago Bulls,0028000284,1980-11-30,CHI @ LAL,W,0,4,,,0.0,,,2,3,0.667,,,,,,,,,10,,0
9065,21980,76483,Pat Cummings,MIL,Milwaukee Bucks,0028000283,1980-11-30,MIL vs. BOS,W,0,5,,,0.0,,,0,0,,,,,,,,,,10,,0
9066,21980,77420,Maurice Lucas,NJN,New Jersey Nets,0028000282,1980-11-30,NJN @ SEA,L,0,5,,,0.0,,,0,0,,,,,,,,,,10,,0
9067,21980,78199,Phil Smith,SDC,San Diego Clippers,0028000281,1980-11-30,SDC vs. GOS,W,0,4,,,0.0,,,2,3,0.667,,,,,,,,,10,,0
9068,21980,76392,Jim Chones,LAL,Los Angeles Lakers,0028000284,1980-11-30,LAL vs. CHI,L,0,5,,,0.0,,,0,0,,,,,,,,,,10,,0
9069,21980,77623,Paul Mokeski,DET,Detroit Pistons,0028000280,1980-11-29,DET @ ATL,W,0,5,,,0.0,,,0,1,0.0,,,,,,,,,10,,0
9070,21980,77432,Ollie Mack,DAL,Dallas Mavericks,0028000276,1980-11-29,DAL @ HOU,L,0,5,,,0.0,,,0,2,0.0,,,,,,,,,10,,0
9071,21980,76616,Mike Dunleavy,HOU,Houston Rockets,0028000276,1980-11-29,HOU vs. DAL,W,0,5,,,0.0,,,0,0,,,,,,,,,,10,,0
9072,21980,76225,Winford Boynes,DAL,Dallas Mavericks,0028000276,1980-11-29,DAL @ HOU,L,0,4,,,0.0,,,2,2,1.0,,,,,,,,,10,,0
9073,21980,76257,Allan Bristow,UTH,Utah Jazz,0028000273,1980-11-29,UTH @ PHL,L,0,4,,,0.0,,,2,4,0.5,,,,,,,,,10,,0
9074,21980,77148,George Johnson,IND,Indiana Pacers,0028000272,1980-11-29,IND vs. CLE,W,0,4,,,0.0,,,2,2,1.0,,,,,,,,,10,,0
9075,21980,76242,Mike Bratz,CLE,Cleveland Cavaliers,0028000272,1980-11-29,CLE @ IND,L,0,4,,,0.0,,,2,2,1.0,,,,,,,,,10,,0
9076,21980,77689,Swen Nater,SDC,San Diego Clippers,0028000271,1980-11-28,SDC @ SEA,W,0,5,,,0.0,,,0,2,0.0,,,,,,,,,10,,0
9077,21980,78570,Sly Williams,NYK,New York Knicks,0028000268,1980-11-28,NYK @ BOS,L,0,4,,,0.0,,,2,2,1.0,,,,,,,,,10,,0
9078,21980,78481,Marvin Webster,NYK,New York Knicks,0028000268,1980-11-28,NYK @ BOS,L,0,3,,,0.0,,,4,4,1.0,,,,,,,,,10,,0
9079,21980,77998,Dave Robisch,DEN,Denver Nuggets,0028000267,1980-11-28,DEN @ DAL,W,0,4,,,0.0,,,2,2,1.0,,,,,,,,,10,,0
9080,21980,77126,Abdul Jeelani,DAL,Dallas Mavericks,0028000267,1980-11-28,DAL vs. DEN,L,0,5,,,0.0,,,0,0,,,,,,,,,6.0,10,,0
9081,21980,77553,Tom McMillen,ATL,Atlanta Hawks,0028000265,1980-11-28,ATL @ MIL,L,0,5,,,0.0,,,0,0,,,,,,,,,,10,,0
9082,21980,78519,Charles Whitney,KCK,Kansas City Kings,0028000263,1980-11-28,KCK @ DET,L,0,4,,,0.0,,,2,3,0.667,,,,,,,,,10,,0
9083,21980,77246,Larry Kenon,CHI,Chicago Bulls,0028000262,1980-11-28,CHI @ PHX,L,0,5,,,0.0,,,0,0,,,,,,,,,,10,,0
9084,21980,76453,Dave Corzine,SAN,San Antonio Spurs,0028000270,1980-11-28,SAN vs. HOU,L,0,5,,,0.0,,,0,2,0.0,,,,,,,,,10,,0
9085,21980,77721,Norm Nixon,LAL,Los Angeles Lakers,0028000261,1980-11-27,LAL @ GOS,W,0,5,,,0.0,,,0,0,,,,,,,,,,10,,0
9086,21980,77419,John Lucas,GOS,Golden State Warriors,0028000261,1980-11-27,GOS vs. LAL,L,0,5,,,0.0,,,0,0,,,,,,,,,,10,,0
9087,21980,76095,Mike Bantom,IND,Indiana Pacers,0028000260,1980-11-27,IND @ WAS,L,0,5,,,0.0,,,0,0,,,,,,,,,,10,,0
9088,21980,77633,Johnny Moore,SAN,San Antonio Spurs,0028000259,1980-11-26,SAN vs. CHI,W,0,5,,,0.0,,,0,0,,,,,,,,,,10,,0
9089,21980,77246,Larry Kenon,CHI,Chicago Bulls,0028000259,1980-11-26,CHI @ SAN,L,0,5,,,0.0,,,0,0,,,,,,,,,,10,,0
9090,21980,77689,Swen Nater,SDC,San Diego Clippers,0028000258,1980-11-26,SDC @ DEN,L,0,4,,,0.0,,,2,2,1.0,,,,,,,,,10,,0
9091,21980,77353,Allen Leavell,HOU,Houston Rockets,0028000256,1980-11-26,HOU vs. PHL,L,0,3,,,0.0,,,4,7,0.571,,,,,,,,,10,,0
9092,21980,77582,Joe Meriweather,KCK,Kansas City Kings,0028000255,1980-11-26,KCK vs. NJN,W,0,4,,,0.0,,,2,3,0.667,,,,,,,,,10,,0
9093,21980,76272,Fred Brown,SEA,Seattle SuperSonics,0028000254,1980-11-26,SEA @ PHX,L,0,2,,,0.0,,,6,8,0.75,,,,,,,,,10,,0
9094,21980,78481,Marvin Webster,NYK,New York Knicks,0028000253,1980-11-26,NYK @ CLE,W,0,3,,,0.0,,,4,6,0.667,,,,,,,,,10,,0
9095,21980,76822,Mike Glenn,NYK,New York Knicks,0028000253,1980-11-26,NYK @ CLE,W,0,4,,,0.0,,,2,3,0.667,,,,,,,,,10,,0
9096,21980,76471,Charlie Criss,ATL,Atlanta Hawks,0028000252,1980-11-26,ATL @ IND,L,0,4,,,0.0,,,2,2,1.0,,,,,,,,,10,,0
9097,21980,229,James Edwards,IND,Indiana Pacers,0028000252,1980-11-26,IND vs. ATL,W,0,4,,,0.0,,,2,2,1.0,,,,,,,,,10,,0
9098,21980,77786,Tom Owens,POR,Portland Trail Blazers,0028000251,1980-11-26,POR @ BOS,L,0,3,,,0.0,,,4,5,0.8,,,,,,,,,10,,0
9099,21980,76121,Billyray Bates,POR,Portland Trail Blazers,0028000249,1980-11-25,POR @ ATL,L,0,4,,,0.0,,,2,2,1.0,,,,,,,,,10,,0
9100,21980,77950,Clint Richardson,PHL,Philadelphia 76ers,0028000248,1980-11-25,PHL @ DAL,W,0,5,,,0.0,,,0,0,,,,,,,,,,10,,0
9101,21980,77193,Bobby Jones,PHL,Philadelphia 76ers,0028000248,1980-11-25,PHL @ DAL,W,0,5,,,0.0,,,0,0,,,,,,,,,,10,,0
9102,21980,77911,Kelvin Ransey,POR,Portland Trail Blazers,0028000246,1980-11-23,POR vs. DAL,W,0,4,,,0.0,,,2,2,1.0,,,,,,,,,10,,0
9103,21980,77328,Tom LaGarde,DAL,Dallas Mavericks,0028000246,1980-11-23,DAL @ POR,L,0,3,,,0.0,,,4,5,0.8,,,,,,,,,10,,0
9104,21980,76249,Ron Brewer,POR,Portland Trail Blazers,0028000246,1980-11-23,POR vs. DAL,W,0,3,,,0.0,,,4,4,1.0,,,,,,,,,10,,0
9105,21980,77167,Vinnie Johnson,SEA,Seattle SuperSonics,0028000245,1980-11-23,SEA @ SDC,L,0,4,,,0.0,,,2,2,1.0,,,,,,,,,10,,0
9106,21980,76436,Jeff Cook,PHX,Phoenix Suns,0028000244,1980-11-23,PHX vs. DEN,W,0,5,,,0.0,,,0,0,,,,,,,,,,10,,0
9107,21980,76392,Jim Chones,LAL,Los Angeles Lakers,0028000243,1980-11-23,LAL vs. MIL,L,0,5,,,0.0,,,0,0,,,,,,,,,,10,,0
9108,21980,78392,Wes Unseld,WAS,Washington Bullets,0028000242,1980-11-22,WAS @ CHI,L,0,5,,,0.0,,,0,0,,,,,,,,,,10,,0
9109,21980,77484,Wes Matthews,WAS,Washington Bullets,0028000242,1980-11-22,WAS @ CHI,L,0,4,,,0.0,,,2,2,1.0,,,,,,,,,10,,0
9110,21980,76979,Elvin Hayes,WAS,Washington Bullets,0028000242,1980-11-22,WAS @ CHI,L,0,5,,,0.0,,,0,0,,,,,,,,,,10,,0
9111,21980,76091,Greg Ballard,WAS,Washington Bullets,0028000242,1980-11-22,WAS @ CHI,L,0,5,,,0.0,,,0,0,,,,,,,,,,10,,0
9112,21980,77800,Sonny Parker,GOS,Golden State Warriors,0028000240,1980-11-22,GOS @ NYK,W,0,4,,,0.0,,,2,2,1.0,,,,,,,,,10,,0
9113,21980,77633,Johnny Moore,SAN,San Antonio Spurs,0028000238,1980-11-22,SAN vs. PHL,L,0,5,,,0.0,,,0,1,0.0,,,,,,,,,10,,0
9114,21980,77193,Bobby Jones,PHL,Philadelphia 76ers,0028000238,1980-11-22,PHL @ SAN,W,0,1,,,0.0,,,8,8,1.0,,,,,,,,,10,,0
9115,21980,76385,Maurice Cheeks,PHL,Philadelphia 76ers,0028000238,1980-11-22,PHL @ SAN,W,0,4,,,0.0,,,2,4,0.5,,,,,,,,,10,,0
9116,21980,77353,Allen Leavell,HOU,Houston Rockets,0028000237,1980-11-22,HOU @ IND,L,0,3,,,0.0,,,4,6,0.667,,,,,,,,6.0,10,,0
9117,21980,76786,Calvin Garrett,HOU,Houston Rockets,0028000237,1980-11-22,HOU @ IND,L,0,3,,,0.0,,,4,4,1.0,,,,,,,,,10,,0
9118,21980,229,James Edwards,IND,Indiana Pacers,0028000237,1980-11-22,IND vs. HOU,W,0,4,,,0.0,,,2,2,1.0,,,,,,,,,10,,0
9119,21980,100263,Bill Laimbeer,CLE,Cleveland Cavaliers,0028000236,1980-11-22,CLE vs. BOS,W,0,4,,,0.0,,,2,2,1.0,,,,,,,,,10,,0
9120,21980,76054,Nate Archibald,BOS,Boston Celtics,0028000236,1980-11-22,BOS @ CLE,L,0,3,,,0.0,,,4,4,1.0,,,,,,,,,10,,0
9121,21980,76733,Chris Ford,BOS,Boston Celtics,0028000234,1980-11-21,BOS vs. GOS,W,0,5,,,0.0,,,0,0,,,,,,,,,,10,,0
9122,21980,77997,Bill Robinzine,DAL,Dallas Mavericks,0028000233,1980-11-21,DAL vs. SEA,L,0,5,,,0.0,,,0,0,,,,,,,,,,10,,0
9123,21980,77669,Calvin Murphy,HOU,Houston Rockets,0028000230,1980-11-21,HOU @ NJN,W,0,4,,,0.0,,,2,3,0.667,,,,,,,,,10,,0
9124,21980,77950,Clint Richardson,PHL,Philadelphia 76ers,0028000229,1980-11-21,PHL vs. IND,W,0,4,,,0.0,,,2,2,1.0,,,,,,,,,10,,0
9125,21980,77290,Billy Knight,IND,Indiana Pacers,0028000229,1980-11-21,IND @ PHL,L,0,4,,,0.0,,,2,2,1.0,,,,,,,,,10,,0
9126,21980,76385,Maurice Cheeks,PHL,Philadelphia 76ers,0028000229,1980-11-21,PHL vs. IND,W,0,5,,,0.0,,,0,0,,,,,,,,,,10,,0
9127,21980,76095,Mike Bantom,IND,Indiana Pacers,0028000229,1980-11-21,IND @ PHL,L,0,3,,,0.0,,,4,4,1.0,,,,,,,,,10,,0
9128,21980,78600,Brian Winters,MIL,Milwaukee Bucks,0028000226,1980-11-20,MIL @ POR,W,0,4,,,0.0,,,2,2,1.0,,,,,,,,,10,,0
9129,21980,77184,Edgar Jones,NJN,New Jersey Nets,0028000222,1980-11-19,NJN vs. SAN,L,0,4,,,0.0,,,2,4,0.5,,,,,,,,,10,,0
9130,21980,77148,George Johnson,IND,Indiana Pacers,0028000223,1980-11-19,IND vs. BOS,L,0,3,,,0.0,,,4,5,0.8,,,,,,,,,10,,0
9131,21980,76054,Nate Archibald,BOS,Boston Celtics,0028000223,1980-11-19,BOS @ IND,W,0,4,,,0.0,,,2,4,0.5,,,,,,,,,10,,0
9132,21980,78143,John Shumate,SAN,San Antonio Spurs,0028000222,1980-11-19,SAN @ NJN,W,0,4,,,0.0,,,2,2,1.0,,,,,,,,,10,,0
9133,21980,78351,Andrew Toney,PHL,Philadelphia 76ers,0028000221,1980-11-19,PHL vs. GOS,W,0,4,,,0.0,,,2,2,1.0,,,,,,,,,10,,0
9134,21980,77193,Bobby Jones,PHL,Philadelphia 76ers,0028000221,1980-11-19,PHL vs. GOS,W,0,3,,,0.0,,,4,4,1.0,,,,,,,,,10,,0
9135,21980,76385,Maurice Cheeks,PHL,Philadelphia 76ers,0028000221,1980-11-19,PHL vs. GOS,W,0,4,,,0.0,,,2,2,1.0,,,,,,,,,10,,0
9136,21980,78014,Tree Rollins,ATL,Atlanta Hawks,0028000220,1980-11-18,ATL vs. SAN,W,0,4,,,0.0,,,2,2,1.0,,,,,,,,6.0,10,,0
9137,21980,77876,Kevin Porter,WAS,Washington Bullets,0028000219,1980-11-18,WAS vs. GOS,L,0,5,,,0.0,,,0,0,,,,,,,,,,10,,0
9138,21980,78222,Jim Spanarkel,DAL,Dallas Mavericks,0028000218,1980-11-18,DAL vs. PHX,L,0,3,,,0.0,,,4,5,0.8,,,,,,,,,10,,0
9139,21980,76225,Winford Boynes,DAL,Dallas Mavericks,0028000218,1980-11-18,DAL vs. PHX,L,0,5,,,0.0,,,0,0,,,,,,,,,,10,,0
9140,21980,78520,Sidney Wicks,SDC,San Diego Clippers,0028000215,1980-11-18,SDC @ CLE,L,0,3,,,0.0,,,4,11,0.364,,,,,,,,,10,,0
9141,21980,78351,Andrew Toney,PHL,Philadelphia 76ers,0028000212,1980-11-18,PHL @ NYK,W,0,3,,,0.0,,,4,4,1.0,,,,,,,,,10,,0
9142,21980,76539,Darryl Dawkins,PHL,Philadelphia 76ers,0028000212,1980-11-18,PHL @ NYK,W,0,3,,,0.0,,,4,5,0.8,,,,,,,,,10,,0
9143,21980,76830,Glen Gondrezick,DEN,Denver Nuggets,0028000210,1980-11-18,DEN @ POR,L,0,4,,,0.0,,,2,2,1.0,,,,,,,,,10,,0
9144,21980,76362,Bill Cartwright,NYK,New York Knicks,0028000212,1980-11-18,NYK vs. PHL,L,0,5,,,0.0,,,0,1,0.0,,,,,,,,,10,,0
9145,21980,77911,Kelvin Ransey,POR,Portland Trail Blazers,0028000209,1980-11-16,POR @ PHX,L,0,5,,,0.0,,,0,0,,,,,,,,,,10,,0
9146,21980,77438,Kyle Macy,PHX,Phoenix Suns,0028000209,1980-11-16,PHX vs. POR,W,0,5,,,0.0,,,0,0,,,,,,,,,,10,,0
9147,21980,78215,Ricky Sobers,CHI,Chicago Bulls,0028000208,1980-11-16,CHI @ MIL,W,0,4,,,0.0,,,2,2,1.0,,,,,,,,,10,,0
9148,21980,77126,Abdul Jeelani,DAL,Dallas Mavericks,0028000207,1980-11-16,DAL @ LAL,L,0,3,,,0.0,,,4,7,0.571,,,,,,,,,10,,0
9149,21980,76444,Michael Cooper,LAL,Los Angeles Lakers,0028000207,1980-11-16,LAL vs. DAL,W,0,4,,,0.0,,,2,2,1.0,,,,,,,,,10,,0
9150,21980,76392,Jim Chones,LAL,Los Angeles Lakers,0028000207,1980-11-16,LAL vs. DAL,W,0,5,,,0.0,,,0,0,,,,,,,,,,10,,0
9151,21980,77986,Cliff T. Robinson,NJN,New Jersey Nets,0028000206,1980-11-16,NJN vs. DET,W,0,4,,,0.0,,,2,7,0.286,,,,,,,,,10,,0
9152,21980,77353,Allen Leavell,HOU,Houston Rockets,0028000200,1980-11-15,HOU @ SEA,L,0,4,,,1.0,,,1,1,1.0,,,,,,,,,10,,0
9153,21980,77043,Lionel Hollins,PHL,Philadelphia 76ers,0028000205,1980-11-15,PHL vs. NJN,W,0,4,,,0.0,,,2,2,1.0,,,,,,,,,10,,0
9154,21980,78548,Freeman Williams,SDC,San Diego Clippers,0028000203,1980-11-15,SDC vs. KCK,L,0,4,,,0.0,,,2,2,1.0,,,,,,,,,10,,0
9155,21980,77273,Reggie King,KCK,Kansas City Kings,0028000203,1980-11-15,KCK @ SDC,W,0,3,,,0.0,,,4,4,1.0,,,,,,,,,10,,0
9156,21980,76736,Phil Ford,KCK,Kansas City Kings,0028000203,1980-11-15,KCK @ SDC,W,0,4,,,0.0,,,2,2,1.0,,,,,,,,,10,,0
9157,21980,77438,Kyle Macy,PHX,Phoenix Suns,0028000202,1980-11-15,PHX @ GOS,L,0,4,,,0.0,,,2,2,1.0,,,,,,,,,10,,0
9158,21980,77022,Johnny High,PHX,Phoenix Suns,0028000202,1980-11-15,PHX @ GOS,L,0,2,,,0.0,,,6,7,0.857,,,,,,,,,10,,0
9159,21980,77998,Dave Robisch,DEN,Denver Nuggets,0028000201,1980-11-15,DEN vs. POR,W,0,3,,,0.0,,,4,5,0.8,,,,,,,,,10,,0
9160,21980,78025,Dan Roundfield,ATL,Atlanta Hawks,0028000198,1980-11-15,ATL vs. WAS,L,0,5,,,0.0,,,0,0,,,,,,,,,6.0,10,,0
9161,21980,77876,Kevin Porter,WAS,Washington Bullets,0028000198,1980-11-15,WAS @ ATL,W,0,4,,,0.0,,,2,2,1.0,,,,,,,,,10,,0
9162,21980,76971,Steve Hawes,ATL,Atlanta Hawks,0028000198,1980-11-15,ATL vs. WAS,L,0,4,,,0.0,,,2,2,1.0,,,,,,,,,10,,0
9163,21980,76252,Junior Bridgeman,MIL,Milwaukee Bucks,0028000197,1980-11-14,MIL vs. NYK,W,0,5,,,0.0,,,0,0,,,,,,,,,,10,,0
9164,21980,76257,Allan Bristow,UTH,Utah Jazz,0028000196,1980-11-14,UTH vs. HOU,W,0,5,,,0.0,,,0,0,,,,,,,,,,10,,0
9165,21980,77182,Dwight Jones,CHI,Chicago Bulls,0028000195,1980-11-14,CHI @ DET,L,0,4,,,0.0,,,2,2,1.0,,,,,,,,,10,,0
9166,21980,77010,Keith Herron,DET,Detroit Pistons,0028000195,1980-11-14,DET vs. CHI,W,0,5,,,0.0,,,0,0,,,,,,,,,,10,,0
9167,21980,77770,Louis Orr,IND,Indiana Pacers,0028000194,1980-11-14,IND vs. WAS,W,0,4,,,0.0,,,2,2,1.0,,,,,,,,,10,,0
9168,21980,78199,Phil Smith,SDC,San Diego Clippers,0028000192,1980-11-14,SDC @ LAL,L,0,5,,,0.0,,,0,0,,,,,,,,,,10,,0
9169,21980,77152,John Johnson,SEA,Seattle SuperSonics,0028000191,1980-11-14,SEA vs. KCK,W,0,2,,,0.0,,,6,8,0.75,,,,,,,,,10,,0
9170,21980,76993,Gerald Henderson,BOS,Boston Celtics,0028000190,1980-11-14,BOS vs. NJN,W,0,4,,,0.0,,,2,4,0.5,,,,,,,,,10,,0
9171,21980,77692,Kenny Natt,IND,Indiana Pacers,0028000189,1980-11-13,IND vs. PHL,L,0,5,,,0.0,,,0,0,,,,,,,,,,10,,0
9172,21980,77148,George Johnson,IND,Indiana Pacers,0028000189,1980-11-13,IND vs. PHL,L,0,5,,,0.0,,,0,0,,,,,,,,,,10,,0
9173,21980,76305,Tom Burleson,ATL,Atlanta Hawks,0028000188,1980-11-13,ATL @ CLE,L,0,3,,,0.0,,,4,4,1.0,,,,,,,,,10,,0
9174,21980,77582,Joe Meriweather,KCK,Kansas City Kings,0028000185,1980-11-12,KCK @ GOS,L,0,4,,,0.0,,,2,2,1.0,,,,,,,,,10,,0
9175,21980,77817,Billy Paultz,HOU,Houston Rockets,0028000183,1980-11-12,HOU vs. LAL,W,0,4,,,0.0,,,2,3,0.667,,,,,,,,,10,,0
9176,21980,76786,Calvin Garrett,HOU,Houston Rockets,0028000183,1980-11-12,HOU vs. LAL,W,0,5,,,0.0,,,0,0,,,,,,,,,,10,,0
9177,21980,78143,John Shumate,SAN,San Antonio Spurs,0028000182,1980-11-12,SAN @ PHX,L,0,5,,,0.0,,,0,0,,,,,,,,,,10,,0
9178,21980,77438,Kyle Macy,PHX,Phoenix Suns,0028000182,1980-11-12,PHX vs. SAN,W,0,4,,,0.0,,,2,2,1.0,,,,,,,,,10,,0
9179,21980,76453,Dave Corzine,SAN,San Antonio Spurs,0028000182,1980-11-12,SAN @ PHX,L,0,5,,,0.0,,,0,0,,,,,,,,,,10,,0
9180,21980,77097,Dan Issel,DEN,Denver Nuggets,0028000181,1980-11-12,DEN @ NJN,L,0,3,,,0.0,,,4,8,0.5,,,,,,,,,10,,0
9181,21980,77056,Cedrick Hordges,DEN,Denver Nuggets,0028000181,1980-11-12,DEN @ NJN,L,0,5,,,0.0,,,0,0,,,,,,,,,,10,,0
9182,21980,78600,Brian Winters,MIL,Milwaukee Bucks,0028000180,1980-11-12,MIL @ DET,W,0,3,,,0.0,,,4,4,1.0,,,,,,,,,10,,0
9183,21980,77071,Phil Hubbard,DET,Detroit Pistons,0028000180,1980-11-12,DET vs. MIL,L,0,3,,,0.0,,,4,4,1.0,,,,,,,,,10,,0
9184,21980,77010,Keith Herron,DET,Detroit Pistons,0028000180,1980-11-12,DET vs. MIL,L,0,3,,,0.0,,,4,4,1.0,,,,,,,,,10,,0
9185,21980,78614,Mike Woodson,NYK,New York Knicks,0028000179,1980-11-12,NYK @ PHL,W,0,5,,,0.0,,,0,2,0.0,,,,,,,,,10,,0
9186,21980,77235,Rich Kelley,PHX,Phoenix Suns,0028000178,1980-11-11,PHX @ SDC,W,0,3,,,0.0,,,4,4,1.0,,,,,,,,,10,,0
9187,21980,76290,Joe Bryant,SDC,San Diego Clippers,0028000178,1980-11-11,SDC vs. PHX,L,0,5,,,0.0,,,0,0,,,,,,,,,,10,,0
9188,21980,77490,Scott May,CHI,Chicago Bulls,0028000177,1980-11-11,CHI vs. PHL,L,0,3,,,0.0,,,4,5,0.8,,,,,,,,,10,,0
9189,21980,76881,David Greenwood,CHI,Chicago Bulls,0028000177,1980-11-11,CHI vs. PHL,L,0,4,,,0.0,,,2,2,1.0,,,,,,,,,10,,0
9190,21980,77876,Kevin Porter,WAS,Washington Bullets,0028000175,1980-11-11,WAS vs. DEN,W,0,3,,,0.0,,,4,4,1.0,,,,,,,,,10,,0
9191,21980,77553,Tom McMillen,ATL,Atlanta Hawks,0028000174,1980-11-11,ATL vs. LAL,L,0,5,,,0.0,,,0,0,,,,,,,,,,10,,0
9192,21980,76471,Charlie Criss,ATL,Atlanta Hawks,0028000174,1980-11-11,ATL vs. LAL,L,0,4,,,0.0,,,2,2,1.0,,,,,,,,,10,,0
9193,21980,77136,Clemon Johnson,IND,Indiana Pacers,0028000171,1980-11-11,IND @ SAN,W,0,4,,,0.0,,,2,2,1.0,,,,,,,,,10,,0
9194,21980,76453,Dave Corzine,SAN,San Antonio Spurs,0028000171,1980-11-11,SAN vs. IND,L,0,5,,,0.0,,,0,0,,,,,,,,,,10,,0
9195,21980,77770,Louis Orr,IND,Indiana Pacers,0028000169,1980-11-10,IND @ UTH,L,0,5,,,0.0,,,0,0,,,,,,,,,,10,,0
9196,21980,77043,Lionel Hollins,PHL,Philadelphia 76ers,0028000168,1980-11-09,PHL @ MIL,W,0,5,,,0.0,,,0,0,,,,,,,,,,10,,0
9197,21980,76539,Darryl Dawkins,PHL,Philadelphia 76ers,0028000168,1980-11-09,PHL @ MIL,W,0,5,,,0.0,,,0,1,0.0,,,,,,,,,10,,0
9198,21980,77235,Rich Kelley,PHX,Phoenix Suns,0028000166,1980-11-08,PHX @ HOU,W,0,4,,,0.0,,,2,5,0.4,,,,,,,,,10,,0
9199,21980,1453,Walter Davis,PHX,Phoenix Suns,0028000166,1980-11-08,PHX @ HOU,W,0,3,,,0.0,,,4,6,0.667,,,,,,,,,10,,0
9200,21980,77819,Jim Paxson,POR,Portland Trail Blazers,0028000165,1980-11-08,POR vs. SDC,L,0,4,,,0.0,,,2,2,1.0,,,,,,,,,10,,0
9201,21980,78143,John Shumate,SAN,San Antonio Spurs,0028000164,1980-11-08,SAN vs. LAL,W,0,3,,,0.0,,,4,4,1.0,,,,,,,,,10,,0
9202,21980,76771,Mike Gale,SAN,San Antonio Spurs,0028000164,1980-11-08,SAN vs. LAL,W,0,4,,,0.0,,,2,2,1.0,,,,,,,,,10,,0
9203,21980,78468,Richard Washington,CLE,Cleveland Cavaliers,0028000163,1980-11-08,CLE @ KCK,L,0,4,,,0.0,,,2,6,0.333,,,,,,,,,10,,0
9204,21980,77273,Reggie King,KCK,Kansas City Kings,0028000163,1980-11-08,KCK vs. CLE,W,0,5,,,0.0,,,0,0,,,,,,,,,,10,,0
9205,21980,77262,Chad Kinch,CLE,Cleveland Cavaliers,0028000163,1980-11-08,CLE @ KCK,L,0,5,,,0.0,,,0,0,,,,,,,,,,10,,0
9206,21980,78139,Purvis Short,GOS,Golden State Warriors,0028000162,1980-11-08,GOS vs. IND,W,0,4,,,0.0,,,2,3,0.667,,,,,,,,,10,,0
9207,21980,77547,Billy McKinney,UTH,Utah Jazz,0028000159,1980-11-08,UTH vs. NYK,L,0,5,,,0.0,,,0,0,,,,,,,,,,10,,0
9208,21980,77040,Brad Holland,LAL,Los Angeles Lakers,0028000156,1980-11-07,LAL @ DAL,W,0,4,,,0.0,,,2,2,1.0,,,,,,,,,10,,0
9209,21980,76392,Jim Chones,LAL,Los Angeles Lakers,0028000156,1980-11-07,LAL @ DAL,W,0,3,,,0.0,,,4,4,1.0,,,,,,,,,10,,0
9210,21980,78047,Campy Russell,NYK,New York Knicks,0028000152,1980-11-07,NYK @ DEN,W,0,4,,,0.0,,,2,3,0.667,,,,,,,,,10,,0
9211,21980,77998,Dave Robisch,DEN,Denver Nuggets,0028000152,1980-11-07,DEN vs. NYK,L,0,4,,,0.0,,,2,2,1.0,,,,,,,,,10,,0
9212,21980,77324,Mitch Kupchak,WAS,Washington Bullets,0028000151,1980-11-07,WAS vs. DET,W,0,4,,,0.0,,,2,3,0.667,,,,,,,,,10,,0
9213,21980,77911,Kelvin Ransey,POR,Portland Trail Blazers,0028000150,1980-11-07,POR vs. GOS,W,0,4,,,0.0,,,2,2,1.0,,,,,,,,,10,,0
9214,21980,77873,Ben Poquette,UTH,Utah Jazz,0028000149,1980-11-06,UTH vs. CLE,W,0,4,,,0.0,,,2,3,0.667,,,,,,,,,10,,0
9215,21980,77547,Billy McKinney,UTH,Utah Jazz,0028000149,1980-11-06,UTH vs. CLE,W,0,5,,,0.0,,,0,0,,,,,,,,,,10,,0
9216,21980,76257,Allan Bristow,UTH,Utah Jazz,0028000149,1980-11-06,UTH vs. CLE,W,0,5,,,0.0,,,0,0,,,,,,,,,,10,,0
9217,21980,76242,Mike Bratz,CLE,Cleveland Cavaliers,0028000149,1980-11-06,CLE @ UTH,L,0,5,,,0.0,,,0,0,,,,,,,,,,10,,0
9218,21980,78222,Jim Spanarkel,DAL,Dallas Mavericks,0028000148,1980-11-06,DAL @ WAS,L,0,3,,,0.0,,,4,4,1.0,,,,,,,,,10,,0
9219,21980,77087,Geoff Huston,DAL,Dallas Mavericks,0028000148,1980-11-06,DAL @ WAS,L,0,5,,,0.0,,,0,0,,,,,,,,,,10,,0
9220,21980,600014,Artis Gilmore,CHI,Chicago Bulls,0028000147,1980-11-05,CHI @ NJN,W,0,3,,,0.0,,,4,8,0.5,,,,,,,,,10,,0
9221,21980,78531,Bob Wilkerson,CHI,Chicago Bulls,0028000147,1980-11-05,CHI @ NJN,W,0,4,,,0.0,,,2,2,1.0,,,,,,,,,10,,0
9222,21980,77487,Cedric Maxwell,BOS,Boston Celtics,0028000145,1980-11-05,BOS vs. ATL,W,0,4,,,0.0,,,2,2,1.0,,,,,,,,,10,,0
9223,21980,76598,John Drew,ATL,Atlanta Hawks,0028000145,1980-11-05,ATL @ BOS,L,0,3,,,0.0,,,4,5,0.8,,,,,,,,,10,,0
9224,21980,78143,John Shumate,SAN,San Antonio Spurs,0028000143,1980-11-05,SAN vs. PHX,W,0,3,,,0.0,,,4,6,0.667,,,,,,,,,10,,0
9225,21980,77141,Dennis Johnson,PHX,Phoenix Suns,0028000143,1980-11-05,PHX @ SAN,L,0,4,,,0.0,,,2,2,1.0,,,,,,,,,10,,0
9226,21980,76453,Dave Corzine,SAN,San Antonio Spurs,0028000143,1980-11-05,SAN vs. PHX,W,0,5,,,0.0,,,0,0,,,,,,,,,,10,,0
9227,21980,77669,Calvin Murphy,HOU,Houston Rockets,0028000141,1980-11-05,HOU vs. SDC,L,0,5,,,0.0,,,0,0,,,,,,,,,,10,,0
9228,21980,77626,Sidney Moncrief,MIL,Milwaukee Bucks,0028000139,1980-11-04,MIL vs. DET,L,0,3,,,0.0,,,4,4,1.0,,,,,,,,,10,,0
9229,21980,77290,Billy Knight,IND,Indiana Pacers,0028000136,1980-11-04,IND @ PHX,L,0,5,,,0.0,,,0,0,,,,,,,,,,10,,0
9230,21980,77148,George Johnson,IND,Indiana Pacers,0028000136,1980-11-04,IND @ PHX,L,0,2,,,0.0,,,6,9,0.667,,,,,,,,,10,,0
9231,21980,1453,Walter Davis,PHX,Phoenix Suns,0028000136,1980-11-04,PHX vs. IND,W,0,4,,,0.0,,,2,2,1.0,,,,,,,,,10,,0
9232,21980,77528,Jim McElroy,ATL,Atlanta Hawks,0028000134,1980-11-04,ATL @ WAS,L,0,4,,,0.0,,,2,2,1.0,,,,,,,,,10,,0
9233,21980,76416,Art Collins,ATL,Atlanta Hawks,0028000134,1980-11-04,ATL @ WAS,L,0,5,,,,,,0,0,,,,,,,,,,10,,0
9234,21980,100263,Bill Laimbeer,CLE,Cleveland Cavaliers,0028000133,1980-11-03,CLE @ SEA,L,0,5,,,0.0,,,0,2,0.0,,,,,,,,,10,,0
9235,21980,78442,Wally Walker,SEA,Seattle SuperSonics,0028000133,1980-11-03,SEA vs. CLE,W,0,4,,,0.0,,,2,2,1.0,,,,,,,,,10,,0
9236,21980,77615,Mike Mitchell,CLE,Cleveland Cavaliers,0028000133,1980-11-03,CLE @ SEA,L,0,5,,,0.0,,,0,0,,,,,,,,,,10,,0
9237,21980,77262,Chad Kinch,CLE,Cleveland Cavaliers,0028000133,1980-11-03,CLE @ SEA,L,0,4,,,0.0,,,2,3,0.667,,,,,,,,,10,,0
9238,21980,77532,George McGinnis,IND,Indiana Pacers,0028000132,1980-11-02,IND @ MIL,L,0,2,,,0.0,,,6,12,0.5,,,,,,,,,10,,0
9239,21980,76392,Jim Chones,LAL,Los Angeles Lakers,0028000131,1980-11-02,LAL vs. DEN,L,0,5,,,0.0,,,0,3,0.0,,,,,,,,,10,,0
9240,21980,77911,Kelvin Ransey,POR,Portland Trail Blazers,0028000130,1980-11-02,POR vs. CLE,W,0,4,,,0.0,,,2,2,1.0,,,,,,,,,10,,0
9241,21980,76895,Bob Gross,POR,Portland Trail Blazers,0028000130,1980-11-02,POR vs. CLE,W,0,5,,,0.0,,,0,0,,,,,,,,,,10,,0
9242,21980,77308,Joel Kramer,PHX,Phoenix Suns,0028000129,1980-11-01,PHX @ KCK,W,0,4,,,0.0,,,2,4,0.5,,,,,,,,,10,,0
9243,21980,77911,Kelvin Ransey,POR,Portland Trail Blazers,0028000128,1980-11-01,POR vs. UTH,L,0,5,,,0.0,,,0,2,0.0,,,,,,,,,10,,0
9244,21980,76733,Chris Ford,BOS,Boston Celtics,0028000127,1980-11-01,BOS @ PHL,L,0,4,,,0.0,,,2,2,1.0,,,,,,,,,10,,0
9245,21980,77626,Sidney Moncrief,MIL,Milwaukee Bucks,0028000126,1980-11-01,MIL @ ATL,W,0,4,,,0.0,,,2,3,0.667,,,,,,,,,10,,0
9246,21980,77010,Keith Herron,DET,Detroit Pistons,0028000125,1980-11-01,DET @ CHI,L,0,3,,,0.0,,,4,6,0.667,,,,,,,,,10,,0
9247,21980,76085,James Bailey,SEA,Seattle SuperSonics,0028000124,1980-11-01,SEA @ DEN,L,0,5,,,0.0,,,0,0,,,,,,,,,6.0,10,,0
9248,21980,78047,Campy Russell,NYK,New York Knicks,0028000123,1980-11-01,NYK vs. WAS,W,0,4,,,0.0,,,2,3,0.667,,,,,,,,,10,,0
9249,21980,77215,Jeff Judkins,UTH,Utah Jazz,0028000119,1980-10-31,UTH vs. DAL,W,0,3,,,1.0,,,3,3,1.0,,,,,,,,,10,,0
9250,21980,78143,John Shumate,SAN,San Antonio Spurs,0028000120,1980-10-31,SAN @ SEA,W,0,3,,,0.0,,,4,6,0.667,,,,,,,,,10,,0
9251,21980,78133,Lonnie Shelton,SEA,Seattle SuperSonics,0028000120,1980-10-31,SEA vs. SAN,L,0,5,,,0.0,,,0,2,0.0,,,,,,,,,10,,0
9252,21980,77152,John Johnson,SEA,Seattle SuperSonics,0028000120,1980-10-31,SEA vs. SAN,L,0,5,,,0.0,,,0,0,,,,,,,,,,10,,0
9253,21980,77547,Billy McKinney,UTH,Utah Jazz,0028000119,1980-10-31,UTH vs. DAL,W,0,4,,,0.0,,,2,3,0.667,,,,,,,,,10,,0
9254,21980,76257,Allan Bristow,UTH,Utah Jazz,0028000119,1980-10-31,UTH vs. DAL,W,0,5,,,0.0,,,0,0,,,,,,,,,,10,,0
9255,21980,77800,Sonny Parker,GOS,Golden State Warriors,0028000118,1980-10-31,GOS @ SDC,L,0,3,,,0.0,,,4,5,0.8,,,,,,,,,10,,0
9256,21980,76444,Michael Cooper,LAL,Los Angeles Lakers,0028000117,1980-10-31,LAL vs. CLE,W,0,5,,,0.0,,,0,0,,,,,,,,,,10,,0
9257,21980,77553,Tom McMillen,ATL,Atlanta Hawks,0028000116,1980-10-31,ATL @ PHL,L,0,4,,,0.0,,,2,2,1.0,,,,,,,,,10,,0
9258,21980,77043,Lionel Hollins,PHL,Philadelphia 76ers,0028000116,1980-10-31,PHL vs. ATL,W,0,4,,,0.0,,,2,2,1.0,,,,,,,,,10,,0
9259,21980,76418,Don Collins,ATL,Atlanta Hawks,0028000116,1980-10-31,ATL @ PHL,L,0,4,,,0.0,,,2,2,1.0,,,,,,,,,10,,0
9260,21980,77324,Mitch Kupchak,WAS,Washington Bullets,0028000115,1980-10-31,WAS @ NJN,L,0,3,,,0.0,,,4,4,1.0,,,,,,,,,10,,0
9261,21980,76656,Bob Elliott,NJN,New Jersey Nets,0028000115,1980-10-31,NJN vs. WAS,W,0,5,,,0.0,,,0,4,0.0,,,,,,,,,10,,0
9262,21980,76435,Darwin Cook,NJN,New Jersey Nets,0028000115,1980-10-31,NJN vs. WAS,W,0,5,,,0.0,,,0,0,,,,,,,,,,10,,0
9263,21980,77582,Joe Meriweather,KCK,Kansas City Kings,0028000114,1980-10-31,KCK @ BOS,L,0,3,,,0.0,,,4,7,0.571,,,,,,,,,10,,0
9264,21980,76736,Phil Ford,KCK,Kansas City Kings,0028000114,1980-10-31,KCK @ BOS,L,0,4,,,0.0,,,2,2,1.0,,,,,,,,,10,,0
9265,21980,77623,Paul Mokeski,DET,Detroit Pistons,0028000113,1980-10-31,DET vs. PHX,L,0,4,,,0.0,,,2,3,0.667,,,,,,,,,10,,0
9266,21980,78000,John Roche,DEN,Denver Nuggets,0028000103,1980-10-29,DEN @ GOS,L,0,4,,,1.0,,,1,2,0.5,,,,,,,,,10,,0
9267,21980,77911,Kelvin Ransey,POR,Portland Trail Blazers,0028000110,1980-10-29,POR @ KCK,L,0,3,,,0.0,,,4,4,1.0,,,,,,,,,10,,0
9268,21980,77819,Jim Paxson,POR,Portland Trail Blazers,0028000110,1980-10-29,POR @ KCK,L,0,4,,,0.0,,,2,2,1.0,,,,,,,,,10,,0
9269,21980,76895,Bob Gross,POR,Portland Trail Blazers,0028000110,1980-10-29,POR @ KCK,L,0,3,,,0.0,,,4,5,0.8,,,,,,,,,10,,0
9270,21980,77873,Ben Poquette,UTH,Utah Jazz,0028000109,1980-10-29,UTH vs. SAN,W,0,5,,,0.0,,,0,0,,,,,,,,,,10,,0
9271,21980,76804,George Gervin,SAN,San Antonio Spurs,0028000109,1980-10-29,SAN @ UTH,L,0,4,,,0.0,,,2,2,1.0,,,,,,,,,10,,0
9272,21980,77754,Mike O'Koren,NJN,New Jersey Nets,0028000108,1980-10-29,NJN vs. MIL,L,0,4,,,0.0,,,2,4,0.5,,,,,,,,,10,,0
9273,21980,76826,Mike Gminski,NJN,New Jersey Nets,0028000108,1980-10-29,NJN vs. MIL,L,0,2,,,0.0,,,6,13,0.462,,,,,,,,,10,,0
9274,21980,76296,Quinn Buckner,MIL,Milwaukee Bucks,0028000108,1980-10-29,MIL @ NJN,W,0,5,,,0.0,,,0,0,,,,,,,,,,10,,0
9275,21980,78296,Brian Taylor,SDC,San Diego Clippers,0028000107,1980-10-29,SDC @ PHX,L,0,4,,,0.0,,,2,2,1.0,,,,,,,,,10,,0
9276,21980,76993,Gerald Henderson,BOS,Boston Celtics,0028000105,1980-10-29,BOS @ DET,W,0,5,,,0.0,,,0,0,,,,,,,,,,10,,0
9277,21980,76733,Chris Ford,BOS,Boston Celtics,0028000105,1980-10-29,BOS @ DET,W,0,5,,,0.0,,,0,0,,,,,,,,,,10,,0
9278,21980,77136,Clemon Johnson,IND,Indiana Pacers,0028000102,1980-10-29,IND vs. NYK,W,0,3,,,0.0,,,4,5,0.8,,,,,,,,,10,,0
9279,21980,78468,Richard Washington,DAL,Dallas Mavericks,0028000100,1980-10-28,DAL vs. UTH,L,0,4,,,0.0,,,2,2,1.0,,,,,,,,,10,,0
9280,21980,76204,Ron Boone,UTH,Utah Jazz,0028000100,1980-10-28,UTH @ DAL,W,0,5,,,0.0,,,0,0,,,,,,,,,,10,,0
9281,21980,600005,Bob Lanier,MIL,Milwaukee Bucks,0028000099,1980-10-28,MIL @ CHI,W,0,5,,,0.0,,,0,0,,,,,,,,,,10,,0
9282,21980,78600,Brian Winters,MIL,Milwaukee Bucks,0028000099,1980-10-28,MIL @ CHI,W,0,4,,,0.0,,,2,2,1.0,,,,,,,,,10,,0
9283,21980,76483,Pat Cummings,MIL,Milwaukee Bucks,0028000099,1980-10-28,MIL @ CHI,W,0,4,,,0.0,,,2,2,1.0,,,,,,,,,10,,0
9284,21980,77334,Mark Landsberger,LAL,Los Angeles Lakers,0028000098,1980-10-28,LAL @ SDC,W,0,5,,,0.0,,,0,0,,,,,,,,,,10,,0
9285,21980,76444,Michael Cooper,LAL,Los Angeles Lakers,0028000098,1980-10-28,LAL @ SDC,W,0,4,,,0.0,,,2,2,1.0,,,,,,,,,10,,0
9286,21980,100263,Bill Laimbeer,CLE,Cleveland Cavaliers,0028000097,1980-10-28,CLE vs. PHL,L,0,3,,,0.0,,,4,4,1.0,,,,,,,,,10,,0
9287,21980,77043,Lionel Hollins,PHL,Philadelphia 76ers,0028000097,1980-10-28,PHL @ CLE,W,0,5,,,0.0,,,0,0,,,,,,,,,,10,,0
9288,21980,78467,Kermit Washington,POR,Portland Trail Blazers,0028000094,1980-10-26,POR @ SEA,L,0,4,,,0.0,,,2,4,0.5,,,,,,,,,10,,0
9289,21980,78307,Carlos Terry,WAS,Washington Bullets,0028000092,1980-10-26,WAS @ MIL,L,0,4,,,0.0,,,2,2,1.0,,,,,,,,,10,,0
9290,21980,76365,Harvey Catchings,MIL,Milwaukee Bucks,0028000092,1980-10-26,MIL vs. WAS,W,0,3,,,0.0,,,4,4,1.0,,,,,,,,,10,,0
9291,21980,76826,Mike Gminski,NJN,New Jersey Nets,0028000090,1980-10-25,NJN @ NYK,L,0,5,,,0.0,,,0,0,,,,,,,,,,10,,0
9292,21980,77324,Mitch Kupchak,WAS,Washington Bullets,0028000087,1980-10-25,WAS vs. BOS,L,0,4,,,0.0,,,2,4,0.5,,,,,,,,,10,,0
9293,21980,76993,Gerald Henderson,BOS,Boston Celtics,0028000087,1980-10-25,BOS @ WAS,W,0,5,,,0.0,,,0,0,,,,,,,,,,10,,0
9294,21980,78000,John Roche,DEN,Denver Nuggets,0028000086,1980-10-25,DEN @ KCK,L,0,4,,,0.0,,,2,2,1.0,,,,,,,,,10,,0
9295,21980,76966,Joey Hassett,DAL,Dallas Mavericks,0028000085,1980-10-25,DAL @ GOS,L,0,5,,,0.0,,,0,0,,,,,,,,,,10,,0
9296,21980,77998,Dave Robisch,CLE,Cleveland Cavaliers,0028000083,1980-10-25,CLE vs. IND,W,0,3,,,0.0,,,4,5,0.8,,,,,,,,,10,,0
9297,21980,76418,Don Collins,ATL,Atlanta Hawks,0028000082,1980-10-25,ATL vs. PHL,L,0,4,,,0.0,,,2,2,1.0,,,,,,,,,10,,0
9298,21980,78133,Lonnie Shelton,SEA,Seattle SuperSonics,0028000081,1980-10-25,SEA vs. PHX,L,0,5,,,0.0,,,0,0,,,,,,,,,,10,,0
9299,21980,77235,Rich Kelley,PHX,Phoenix Suns,0028000081,1980-10-25,PHX @ SEA,W,0,4,,,0.0,,,2,3,0.667,,,,,,,,,10,,0
9300,21980,78442,Wally Walker,SEA,Seattle SuperSonics,0028000079,1980-10-24,SEA @ LAL,L,0,3,,,0.0,,,4,6,0.667,,,,,,,,,10,,0
9301,21980,78310,Reggie Theus,CHI,Chicago Bulls,0028000078,1980-10-24,CHI vs. WAS,W,0,5,,,0.0,,,0,0,,,,,,,,,,10,,0
9302,21980,77324,Mitch Kupchak,WAS,Washington Bullets,0028000078,1980-10-24,WAS @ CHI,L,0,5,,,0.0,,,0,0,,,,,,,,,,10,,0
9303,21980,77246,Larry Kenon,CHI,Chicago Bulls,0028000078,1980-10-24,CHI vs. WAS,W,0,4,,,0.0,,,2,2,1.0,,,,,,,,,10,,0
9304,21980,76895,Bob Gross,POR,Portland Trail Blazers,0028000076,1980-10-24,POR vs. DAL,W,0,4,,,0.0,,,2,3,0.667,,,,,,,,,10,,0
9305,21980,76249,Ron Brewer,POR,Portland Trail Blazers,0028000076,1980-10-24,POR vs. DAL,W,0,5,,,0.0,,,0,0,,,,,,,,,,10,,0
9306,21980,77997,Bill Robinzine,CLE,Cleveland Cavaliers,0028000075,1980-10-24,CLE @ NJN,W,0,5,,,0.0,,,0,0,,,,,,,,,,10,,0
9307,21980,77829,Sam Pellom,ATL,Atlanta Hawks,0028000074,1980-10-24,ATL @ IND,L,0,5,,,0.0,,,0,0,,,,,,,,,6.0,10,,0
9308,21980,76526,Johnny Davis,IND,Indiana Pacers,0028000074,1980-10-24,IND vs. ATL,W,0,4,,,0.0,,,2,2,1.0,,,,,,,,,10,,0
9309,21980,77984,Rick Robey,BOS,Boston Celtics,0028000073,1980-10-23,BOS vs. NYK,L,0,5,,,0.0,,,0,0,,,,,,,,,,10,,0
9310,21980,78143,John Shumate,SAN,San Antonio Spurs,0028000071,1980-10-23,SAN vs. GOS,W,0,3,,,0.0,,,4,8,0.5,,,,,,,,,10,,0
9311,21980,78575,John Williamson,WAS,Washington Bullets,0028000067,1980-10-22,WAS vs. CLE,W,0,5,,,0.0,,,0,0,,,,,,,,,,10,,0
9312,21980,77848,Roger Phegley,CLE,Cleveland Cavaliers,0028000067,1980-10-22,CLE @ WAS,L,0,3,,,0.0,,,4,4,1.0,,,,,,,,,10,,0
9313,21980,78400,Jan Van Breda Kolff,NJN,New Jersey Nets,0028000066,1980-10-22,NJN vs. BOS,L,0,4,,,0.0,,,2,3,0.667,,,,,,,,,10,,0
9314,21980,1450,Kevin McHale,BOS,Boston Celtics,0028000066,1980-10-22,BOS @ NJN,W,0,4,,,0.0,,,2,4,0.5,,,,,,,,,10,,0
9315,21980,600005,Bob Lanier,MIL,Milwaukee Bucks,0028000065,1980-10-21,MIL vs. CLE,W,0,4,,,0.0,,,2,2,1.0,,,,,,,,,10,,0
9316,21980,78331,Mychal Thompson,POR,Portland Trail Blazers,0028000064,1980-10-21,POR vs. LAL,W,0,5,,,0.0,,,0,0,,,,,,,,,,10,,0
9317,21980,76895,Bob Gross,POR,Portland Trail Blazers,0028000064,1980-10-21,POR vs. LAL,W,0,3,,,0.0,,,4,4,1.0,,,,,,,,,10,,0
9318,21980,77264,Bernard King,GOS,Golden State Warriors,0028000062,1980-10-21,GOS @ KCK,W,0,5,,,0.0,,,0,0,,,,,,,,,,10,,0
9319,21980,78520,Sidney Wicks,SDC,San Diego Clippers,0028000061,1980-10-21,SDC @ SAN,L,0,5,,,0.0,,,0,0,,,,,,,,,,10,,0
9320,21980,78143,John Shumate,SAN,San Antonio Spurs,0028000061,1980-10-21,SAN vs. SDC,W,0,5,,,0.0,,,0,0,,,,,,,,,,10,,0
9321,21980,76290,Joe Bryant,SDC,San Diego Clippers,0028000061,1980-10-21,SDC @ SAN,L,0,4,,,0.0,,,2,2,1.0,,,,,,,,,10,,0
9322,21980,77718,Mike Niles,PHX,Phoenix Suns,0028000059,1980-10-21,PHX vs. DAL,W,0,5,,,0.0,,,0,1,0.0,,,,,,,,,10,,0
9323,21980,77438,Kyle Macy,PHX,Phoenix Suns,0028000059,1980-10-21,PHX vs. DAL,W,0,3,,,0.0,,,4,4,1.0,,,,,,,,,10,,0
9324,21980,77235,Rich Kelley,PHX,Phoenix Suns,0028000059,1980-10-21,PHX vs. DAL,W,0,2,,,0.0,,,6,6,1.0,,,,,,,,,10,,0
9325,21980,76608,Terry Duerod,DAL,Dallas Mavericks,0028000059,1980-10-21,DAL @ PHX,L,0,4,,,2.0,,,0,0,,,,,,,,,,10,,0
9326,21980,78442,Wally Walker,SEA,Seattle SuperSonics,0028000057,1980-10-20,SEA @ UTH,W,0,5,,,0.0,,,0,0,,,,,,,,,,10,,0
9327,21980,76441,Wayne Cooper,UTH,Utah Jazz,0028000057,1980-10-20,UTH vs. SEA,L,0,5,,,0.0,,,0,0,,,,,,,,,,10,,0
9328,21980,77754,Mike O'Koren,NJN,New Jersey Nets,0028000054,1980-10-19,NJN @ MIL,L,0,4,,,0.0,,,2,5,0.4,,,,,,,,,10,,0
9329,21980,77710,Mike Newlin,NJN,New Jersey Nets,0028000054,1980-10-19,NJN @ MIL,L,0,3,,,0.0,,,4,4,1.0,,,,,,,,,10,,0
9330,21980,76826,Mike Gminski,NJN,New Jersey Nets,0028000054,1980-10-19,NJN @ MIL,L,0,5,,,0.0,,,0,0,,,,,,,,,,10,,0
9331,21980,76887,Kevin Grevey,WAS,Washington Bullets,0028000050,1980-10-18,WAS @ PHL,L,0,2,,,1.0,,,5,7,0.714,,,,,,,,,10,,0
9332,21980,77246,Larry Kenon,CHI,Chicago Bulls,0028000051,1980-10-18,CHI vs. NJN,L,0,4,,,0.0,,,2,3,0.667,,,,,,,,,10,,0
9333,21980,77876,Kevin Porter,WAS,Washington Bullets,0028000050,1980-10-18,WAS @ PHL,L,0,4,,,0.0,,,2,2,1.0,,,,,,,,,10,,0
9334,21980,76421,Doug Collins,PHL,Philadelphia 76ers,0028000050,1980-10-18,PHL vs. WAS,W,0,4,,,0.0,,,2,2,1.0,,,,,,,,,10,,0
9335,21980,78510,Jojo White,KCK,Kansas City Kings,0028000049,1980-10-18,KCK vs. SEA,L,0,3,,,0.0,,,4,4,1.0,,,,,,,,,10,,0
9336,21980,77582,Joe Meriweather,KCK,Kansas City Kings,0028000049,1980-10-18,KCK vs. SEA,L,0,3,,,0.0,,,4,4,1.0,,,,,,,,,10,,0
9337,21980,76054,Nate Archibald,BOS,Boston Celtics,0028000048,1980-10-18,BOS @ IND,L,0,3,,,0.0,,,4,4,1.0,,,,,,,,,10,,0
9338,21980,78143,John Shumate,SAN,San Antonio Spurs,0028000047,1980-10-18,SAN vs. DAL,W,0,3,,,0.0,,,4,4,1.0,,,,,,,,,10,,0
9339,21980,77163,Reggie Johnson,SAN,San Antonio Spurs,0028000047,1980-10-18,SAN vs. DAL,W,0,5,,,0.0,,,0,0,,,,,,,,,,10,,0
9340,21980,77087,Geoff Huston,DAL,Dallas Mavericks,0028000047,1980-10-18,DAL @ SAN,L,0,5,,,0.0,,,0,0,,,,,,,,,,10,,0
9341,21980,76242,Mike Bratz,CLE,Cleveland Cavaliers,0028000046,1980-10-18,CLE vs. MIL,L,0,4,,,0.0,,,2,2,1.0,,,,,,,,,10,,0
9342,21980,77021,Kenny Higgs,DEN,Denver Nuggets,0028000045,1980-10-18,DEN @ UTH,L,0,4,,,0.0,,,2,2,1.0,,,,,,,,,10,,0
9343,21980,77754,Mike O'Koren,NJN,New Jersey Nets,0028000043,1980-10-17,NJN @ WAS,W,0,5,,,0.0,,,0,0,,,,,,,,,,10,,0
9344,21980,77819,Jim Paxson,POR,Portland Trail Blazers,0028000042,1980-10-17,POR vs. HOU,L,0,5,,,0.0,,,0,2,0.0,,,,,,,,,10,,0
9345,21980,76996,Tom Henderson,HOU,Houston Rockets,0028000042,1980-10-17,HOU @ POR,W,0,4,,,0.0,,,2,2,1.0,,,,,,,,,10,,0
9346,21980,77326,Sam Lacey,KCK,Kansas City Kings,0028000041,1980-10-17,KCK @ DAL,W,0,3,,,0.0,,,4,4,1.0,,,,,,,,,10,,0
9347,21980,78143,John Shumate,SAN,San Antonio Spurs,0028000037,1980-10-16,SAN @ DET,W,0,4,,,0.0,,,2,2,1.0,,,,,,,,,10,,0
9348,21980,77010,Keith Herron,DET,Detroit Pistons,0028000037,1980-10-16,DET vs. SAN,L,0,4,,,0.0,,,2,2,1.0,,,,,,,,,10,,0
9349,21980,77484,Wes Matthews,WAS,Washington Bullets,0028000036,1980-10-16,WAS @ CLE,L,0,4,,,0.0,,,2,3,0.667,,,,,,,,,10,,0
9350,21980,76296,Quinn Buckner,MIL,Milwaukee Bucks,0028000035,1980-10-16,MIL vs. BOS,L,0,5,,,0.0,,,0,0,,,,,,,,,,10,,0
9351,21980,76054,Nate Archibald,BOS,Boston Celtics,0028000035,1980-10-16,BOS @ MIL,W,0,4,,,0.0,,,2,4,0.5,,,,,,,,,10,,0
9352,21980,78618,Sam Worthen,CHI,Chicago Bulls,0028000034,1980-10-15,CHI @ IND,W,0,3,,,0.0,,,4,6,0.667,,,,,,,,,10,,0
9353,21980,77873,Ben Poquette,UTH,Utah Jazz,0028000031,1980-10-15,UTH vs. PHX,L,0,5,,,0.0,,,0,0,,,,,,,,,,10,,0
9354,21980,77141,Dennis Johnson,PHX,Phoenix Suns,0028000031,1980-10-15,PHX @ UTH,W,0,3,,,0.0,,,4,4,1.0,,,,,,,,,10,,0
9355,21980,76890,Darrell Griffith,UTH,Utah Jazz,0028000031,1980-10-15,UTH vs. PHX,L,0,5,,,0.0,,,0,0,,,,,,,,,,10,,0
9356,21980,76085,James Bailey,SEA,Seattle SuperSonics,0028000030,1980-10-15,SEA @ HOU,L,0,5,,,0.0,,,0,0,,,,,,,,,,10,,0
9357,21980,77553,Tom McMillen,ATL,Atlanta Hawks,0028000025,1980-10-14,ATL vs. BOS,W,0,3,,,0.0,,,4,5,0.8,,,,,,,,,10,,0
9358,21980,77043,Lionel Hollins,PHL,Philadelphia 76ers,0028000027,1980-10-14,PHL @ NYK,L,0,5,,,0.0,,,0,2,0.0,,,,,,,,,10,,0
9359,21980,78133,Lonnie Shelton,SEA,Seattle SuperSonics,0028000024,1980-10-14,SEA @ DAL,W,0,4,,,0.0,,,2,2,1.0,,,,,,,,,10,,0
9360,21980,77126,Abdul Jeelani,DAL,Dallas Mavericks,0028000024,1980-10-14,DAL vs. SEA,L,0,5,,,0.0,,,0,0,,,,,,,,,,10,,0
9361,21980,77071,Phil Hubbard,DET,Detroit Pistons,0028000022,1980-10-13,DET @ NJN,L,0,3,,,0.0,,,4,6,0.667,,,,,,,,,10,,0
9362,21980,76444,Michael Cooper,LAL,Los Angeles Lakers,0028000019,1980-10-12,LAL vs. HOU,W,0,4,,,0.0,,,2,2,1.0,,,,,,,,,10,,0
9363,21980,77819,Jim Paxson,POR,Portland Trail Blazers,0028000021,1980-10-12,POR vs. SEA,W,0,4,,,0.0,,,2,2,1.0,,,,,,,,,10,,0
9364,21980,77353,Allen Leavell,HOU,Houston Rockets,0028000019,1980-10-12,HOU @ LAL,L,0,3,,,0.0,,,4,4,1.0,,,,,,,,,10,,0
9365,21980,76249,Ron Brewer,POR,Portland Trail Blazers,0028000021,1980-10-12,POR vs. SEA,W,0,4,,,0.0,,,2,3,0.667,,,,,,,,,10,,0
9366,21980,76392,Jim Chones,LAL,Los Angeles Lakers,0028000019,1980-10-12,LAL vs. HOU,W,0,4,,,0.0,,,2,4,0.5,,,,,,,,,10,,0
9367,21980,78510,Jojo White,KCK,Kansas City Kings,0028000020,1980-10-12,KCK @ PHX,L,0,5,,,0.0,,,0,1,0.0,,,,,,,,,10,,0
9368,21980,78095,Alvin Scott,PHX,Phoenix Suns,0028000020,1980-10-12,PHX vs. KCK,W,0,3,,,0.0,,,4,4,1.0,,,,,,,,,10,,0
9369,21980,77056,Cedrick Hordges,DEN,Denver Nuggets,0028000018,1980-10-12,DEN vs. UTH,L,0,4,,,0.0,,,2,4,0.5,,,,,,,,6.0,10,,0
9370,21980,77021,Kenny Higgs,DEN,Denver Nuggets,0028000018,1980-10-12,DEN vs. UTH,L,0,3,,,0.0,,,4,4,1.0,,,,,,,,,10,,0
9371,21980,76003,Kareem Abdul-Jabbar,LAL,Los Angeles Lakers,0028000019,1980-10-12,LAL vs. HOU,W,0,5,,,0.0,,,0,0,,,,,,,,,,10,,0
9372,21980,76266,Michael Brooks,SDC,San Diego Clippers,0028000015,1980-10-11,SDC @ GOS,L,0,4,,,0.0,,,2,7,0.286,,,,,,,,,10,,0
9373,21980,77633,Johnny Moore,SAN,San Antonio Spurs,0028000010,1980-10-11,SAN @ DAL,L,0,3,,,0.0,,,4,8,0.5,,,,,,,,,10,,0
9374,21980,77126,Abdul Jeelani,DAL,Dallas Mavericks,0028000010,1980-10-11,DAL vs. SAN,W,0,4,,,0.0,,,2,2,1.0,,,,,,,,,10,,0
9375,21980,76091,Greg Ballard,WAS,Washington Bullets,0028000014,1980-10-11,WAS vs. PHL,L,0,4,,,0.0,,,2,2,1.0,,,,,,,,,10,,0
9376,21980,77829,Sam Pellom,ATL,Atlanta Hawks,0028000013,1980-10-11,ATL vs. CHI,W,0,3,,,0.0,,,4,6,0.667,,,,,,,,,10,,0
9377,21980,78436,Foots Walker,NJN,New Jersey Nets,0028000012,1980-10-11,NJN @ CLE,W,0,5,,,0.0,,,0,0,,,,,,,,,,10,,0
9378,21980,77420,Maurice Lucas,NJN,New Jersey Nets,0028000012,1980-10-11,NJN @ CLE,W,0,2,,,0.0,,,6,9,0.667,,,,,,,,,10,,0
9379,21980,76826,Mike Gminski,NJN,New Jersey Nets,0028000012,1980-10-11,NJN @ CLE,W,0,4,,,0.0,,,2,2,1.0,,,,,,,,,10,,0
9380,21980,1381,John Long,DET,Detroit Pistons,0028000011,1980-10-11,DET @ IND,L,0,4,,,0.0,,,2,2,1.0,,,,,,,,,10,,0
9381,21980,78195,Larry Smith,GOS,Golden State Warriors,0028000015,1980-10-11,GOS vs. SDC,W,0,5,,,0.0,,,0,0,,,,,,,,,,10,,0
9382,21980,77754,Mike O'Koren,NJN,New Jersey Nets,0028000009,1980-10-10,NJN vs. IND,L,0,4,,,0.0,,,2,2,1.0,,,,,,,,,10,,0
9383,21980,77786,Tom Owens,POR,Portland Trail Blazers,0028000008,1980-10-10,POR @ UTH,L,0,5,,,0.0,,,0,0,,,,,,,,,,10,,0
9384,21980,76121,Billyray Bates,POR,Portland Trail Blazers,0028000008,1980-10-10,POR @ UTH,L,0,5,,,0.0,,,0,0,,,,,,,,,,10,,0
9385,21980,78149,Jack Sikma,SEA,Seattle SuperSonics,0028000006,1980-10-10,SEA vs. LAL,L,0,5,,,0.0,,,0,0,,,,,,,,,,10,,0
9386,21980,77334,Mark Landsberger,LAL,Los Angeles Lakers,0028000006,1980-10-10,LAL @ SEA,W,0,4,,,0.0,,,2,4,0.5,,,,,,,,,10,,0
9387,21980,76444,Michael Cooper,LAL,Los Angeles Lakers,0028000006,1980-10-10,LAL @ SEA,W,0,5,,,0.0,,,0,0,,,,,,,,,,10,,0
9388,21980,76392,Jim Chones,LAL,Los Angeles Lakers,0028000006,1980-10-10,LAL @ SEA,W,0,5,,,0.0,,,0,0,,,,,,,,,,10,,0
9389,21980,76979,Elvin Hayes,WAS,Washington Bullets,0028000005,1980-10-10,WAS @ DET,W,0,4,,,0.0,,,2,4,0.5,,,,,,,,,10,,0
9390,21980,76266,Michael Brooks,SDC,San Diego Clippers,0028000004,1980-10-10,SDC vs. HOU,W,0,4,,,0.0,,,2,2,1.0,,,,,,,,,10,,0
9391,21980,77633,Johnny Moore,SAN,San Antonio Spurs,0028000002,1980-10-10,SAN @ DEN,W,0,4,,,0.0,,,2,3,0.667,,,,,,,,,10,,0
9392,21980,76771,Mike Gale,SAN,San Antonio Spurs,0028000002,1980-10-10,SAN @ DEN,W,0,4,,,0.0,,,2,2,1.0,,,,,,,,,10,,0
9393,21980,78139,Purvis Short,GOS,Golden State Warriors,0028000001,1980-10-10,GOS @ PHX,L,0,5,,,0.0,,,0,0,,,,,,,,,,10,,0
9394,21980,77800,Sonny Parker,GOS,Golden State Warriors,0028000001,1980-10-10,GOS @ PHX,L,0,5,,,0.0,,,0,0,,,,,,,,,,10,,0
9395,21980,77235,Rich Kelley,PHX,Phoenix Suns,0028000001,1980-10-10,PHX vs. GOS,W,0,2,,,0.0,,,6,7,0.857,,,,,,,,,10,,0
9396,21980,77800,Sonny Parker,GOS,Golden State Warriors,0028000939,1981-03-29,GOS @ SEA,L,0,4,,,0.0,,,1,1,1.0,,,,,,,,,9,,0
9397,21980,77167,Vinnie Johnson,SEA,Seattle SuperSonics,0028000939,1981-03-29,SEA vs. GOS,W,0,4,,,0.0,,,1,3,0.333,,,,,,,,,9,,0
9398,21980,78577,Bill Willoughby,HOU,Houston Rockets,0028000935,1981-03-29,HOU @ SAN,L,0,3,,,0.0,,,3,4,0.75,,,,,,,,,9,,0
9399,21980,76996,Tom Henderson,HOU,Houston Rockets,0028000935,1981-03-29,HOU @ SAN,L,0,4,,,0.0,,,1,2,0.5,,,,,,,,,9,,0
9400,21980,78095,Alvin Scott,PHX,Phoenix Suns,0028000936,1981-03-29,PHX vs. UTH,W,0,4,,,0.0,,,1,1,1.0,,,,,,,,,9,,0
9401,21980,76830,Glen Gondrezick,DEN,Denver Nuggets,0028000932,1981-03-28,DEN @ GOS,W,0,4,,,0.0,,,1,2,0.5,,,,,,,,,9,,0
9402,21980,76500,Bob Dandridge,WAS,Washington Bullets,0028000929,1981-03-28,WAS vs. DET,W,0,4,,,0.0,,,1,3,0.333,,,,,,,,,9,,0
9403,21980,76154,Kent Benson,DET,Detroit Pistons,0028000929,1981-03-28,DET @ WAS,L,0,4,,,0.0,,,1,3,0.333,,,,,,,,,9,,0
9404,21980,77334,Mark Landsberger,LAL,Los Angeles Lakers,0028000927,1981-03-27,LAL @ SEA,W,0,1,,,0.0,,,7,10,0.7,,,,,,,,,9,,0
9405,21980,76085,James Bailey,SEA,Seattle SuperSonics,0028000927,1981-03-27,SEA vs. LAL,L,0,3,,,0.0,,,3,3,1.0,,,,,,,,,9,,0
9406,21980,78296,Brian Taylor,SDC,San Diego Clippers,0028000924,1981-03-27,SDC @ PHX,L,0,4,,,0.0,,,1,1,1.0,,,,,,,,,9,,0
9407,21980,77022,Johnny High,PHX,Phoenix Suns,0028000924,1981-03-27,PHX vs. SDC,W,0,2,,,0.0,,,5,8,0.625,,,,,,,,,9,,0
9408,21980,76899,Ernie Grunfeld,KCK,Kansas City Kings,0028000923,1981-03-27,KCK @ HOU,L,0,4,,,0.0,,,1,2,0.5,,,,,,,,,9,,0
9409,21980,76418,Don Collins,WAS,Washington Bullets,0028000922,1981-03-27,WAS @ IND,L,0,3,,,0.0,,,3,4,0.75,,,,,,,,,9,,0
9410,21980,77373,Ronnie Lester,CHI,Chicago Bulls,0028000921,1981-03-27,CHI vs. ATL,W,0,4,,,0.0,,,1,1,1.0,,,,,,,,,9,,0
9411,21980,76317,Don Buse,IND,Indiana Pacers,0028000922,1981-03-27,IND vs. WAS,W,0,4,,,1.0,,,0,0,,,,,,,,,,9,,0
9412,21980,77163,Reggie Johnson,SAN,San Antonio Spurs,0028000920,1981-03-26,SAN @ UTH,W,0,4,,,0.0,,,1,2,0.5,,,,,,,,,9,,0
9413,21980,77168,Mickey Johnson,MIL,Milwaukee Bucks,0028000918,1981-03-26,MIL vs. CLE,W,0,4,,,0.0,,,1,3,0.333,,,,,,,,,9,,0
9414,21980,78600,Brian Winters,MIL,Milwaukee Bucks,0028000918,1981-03-26,MIL vs. CLE,W,0,4,,,1.0,,,0,0,,,,,,,,,,9,,0
9415,21980,77984,Rick Robey,BOS,Boston Celtics,0028000916,1981-03-25,BOS @ NJN,W,0,3,,,0.0,,,3,5,0.6,,,,,,,,,9,,0
9416,21980,78195,Larry Smith,GOS,Golden State Warriors,0028000915,1981-03-25,GOS vs. SDC,W,0,3,,,0.0,,,3,5,0.6,,,,,,,,,9,,0
9417,21980,78068,Dewayne Scales,NYK,New York Knicks,0028000910,1981-03-25,NYK @ WAS,L,0,4,,,0.0,,,1,3,0.333,,,,,,,,,9,,0
9418,21980,78047,Campy Russell,NYK,New York Knicks,0028000910,1981-03-25,NYK @ WAS,L,0,3,,,1.0,,,2,2,1.0,,,,,,,,,9,,0
9419,21980,78404,Kiki Vandeweghe,DEN,Denver Nuggets,0028000909,1981-03-24,DEN @ SAN,W,0,2,,,0.0,,,5,6,0.833,,,,,,,,,9,,0
9420,21980,78390,Terry Tyler,DET,Detroit Pistons,0028000908,1981-03-24,DET @ ATL,L,0,4,,,0.0,,,1,2,0.5,,,,,,,,,9,,0
9421,21980,78132,Craig Shelton,ATL,Atlanta Hawks,0028000908,1981-03-24,ATL vs. DET,W,0,4,,,0.0,,,1,2,0.5,,,,,,,,,9,,0
9422,21980,77246,Larry Kenon,CHI,Chicago Bulls,0028000905,1981-03-24,CHI vs. CLE,W,0,3,,,0.0,,,3,5,0.6,,,,,,,,,9,,0
9423,21980,77986,Cliff T. Robinson,NJN,New Jersey Nets,0028000903,1981-03-24,NJN @ MIL,L,0,4,,,0.0,,,1,2,0.5,,,,,,,,,9,,0
9424,21980,600010,Len Elmore,MIL,Milwaukee Bucks,0028000898,1981-03-22,MIL @ NJN,W,0,3,,,0.0,,,3,8,0.375,,,,,,,,,9,,0
9425,21980,77770,Louis Orr,IND,Indiana Pacers,0028000897,1981-03-22,IND vs. CLE,W,0,4,,,0.0,,,1,2,0.5,,,,,,,,,9,,0
9426,21980,76418,Don Collins,WAS,Washington Bullets,0028000895,1981-03-22,WAS vs. ATL,W,0,4,,,0.0,,,1,2,0.5,,,,,,,,,9,,0
9427,21980,77817,Billy Paultz,HOU,Houston Rockets,0028000894,1981-03-22,HOU @ KCK,W,0,4,,,0.0,,,1,2,0.5,,,,,,,,,9,,0
9428,21980,76899,Ernie Grunfeld,KCK,Kansas City Kings,0028000894,1981-03-22,KCK vs. HOU,L,0,4,,,0.0,,,1,2,0.5,,,,,,,,,9,,0
9429,21980,76249,Ron Brewer,SAN,San Antonio Spurs,0028000891,1981-03-22,SAN vs. SDC,W,0,4,,,0.0,,,1,1,1.0,,,,,,,,,9,,0
9430,21980,76444,Michael Cooper,LAL,Los Angeles Lakers,0028000889,1981-03-21,LAL @ POR,W,0,4,,,0.0,,,1,2,0.5,,,,,,,,,9,,0
9431,21980,76321,Marty Byrnes,DAL,Dallas Mavericks,0028000887,1981-03-21,DAL vs. UTH,W,0,3,,,0.0,,,3,5,0.6,,,,,,,,,9,,0
9432,21980,76231,Dudley Bradley,IND,Indiana Pacers,0028000883,1981-03-20,IND vs. NYK,L,0,4,,,0.0,,,1,1,1.0,,,,,,,,,9,,0
9433,21980,77528,Jim McElroy,ATL,Atlanta Hawks,0028000882,1981-03-20,ATL @ NJN,L,0,3,,,0.0,,,3,4,0.75,,,,,,,,,9,,0
9434,21980,77498,Bob McAdoo,NJN,New Jersey Nets,0028000882,1981-03-20,NJN vs. ATL,W,0,2,,,0.0,,,5,6,0.833,,,,,,,,,9,,0
9435,21980,78467,Kermit Washington,POR,Portland Trail Blazers,0028000881,1981-03-20,POR vs. HOU,W,0,4,,,0.0,,,1,2,0.5,,,,,,,,,9,,0
9436,21980,76441,Wayne Cooper,UTH,Utah Jazz,0028000871,1981-03-18,UTH vs. DAL,W,0,4,,,0.0,,,1,1,1.0,,,,,,,,,9,,0
9437,21980,76830,Glen Gondrezick,DEN,Denver Nuggets,0028000870,1981-03-18,DEN @ KCK,W,0,3,,,0.0,,,3,4,0.75,,,,,,,,,9,,0
9438,21980,77022,Johnny High,PHX,Phoenix Suns,0028000869,1981-03-18,PHX vs. LAL,W,0,3,,,0.0,,,3,4,0.75,,,,,,,,,9,,0
9439,21980,78481,Marvin Webster,NYK,New York Knicks,0028000868,1981-03-18,NYK @ MIL,W,0,3,,,1.0,,,2,2,1.0,,,,,,,,,9,,0
9440,21980,77504,Andre McCarter,WAS,Washington Bullets,0028000865,1981-03-17,WAS vs. BOS,L,0,4,,,0.0,,,1,2,0.5,,,,,,,,,9,,0
9441,21980,77786,Tom Owens,POR,Portland Trail Blazers,0028000864,1981-03-17,POR vs. SDC,W,0,2,,,0.0,,,5,8,0.625,,,,,,,,,9,,0
9442,21980,77163,Reggie Johnson,SAN,San Antonio Spurs,0028000862,1981-03-17,SAN vs. UTH,W,0,3,,,0.0,,,3,5,0.6,,,,,,,,,9,,0
9443,21980,76231,Dudley Bradley,IND,Indiana Pacers,0028000859,1981-03-17,IND @ NYK,L,0,4,,,0.0,,,1,3,0.333,,,,,,,,,9,,0
9444,21980,76321,Marty Byrnes,DAL,Dallas Mavericks,0028000858,1981-03-17,DAL vs. LAL,L,0,4,,,0.0,,,1,1,1.0,,,,,,,,,9,,0
9445,21980,76392,Jim Chones,LAL,Los Angeles Lakers,0028000856,1981-03-15,LAL vs. SDC,L,0,4,,,0.0,,,1,1,1.0,,,,,,,,,9,,0
9446,21980,77189,Major Jones,HOU,Houston Rockets,0028000852,1981-03-15,HOU @ DEN,L,0,4,,,0.0,,,1,2,0.5,,,,,,,,,9,,0
9447,21980,76583,James Donaldson,SEA,Seattle SuperSonics,0028000849,1981-03-15,SEA @ MIL,L,0,2,,,0.0,,,5,8,0.625,,,,,,,,,9,,0
9448,21980,78195,Larry Smith,GOS,Golden State Warriors,0028000848,1981-03-15,GOS vs. SAN,L,0,4,,,0.0,,,1,4,0.25,,,,,,,,,9,,0
9449,21980,77873,Ben Poquette,UTH,Utah Jazz,0028000844,1981-03-14,UTH @ HOU,L,0,4,,,0.0,,,1,1,1.0,,,,,,,,,9,,0
9450,21980,78390,Terry Tyler,DET,Detroit Pistons,0028000843,1981-03-13,DET vs. SEA,L,0,4,,,0.0,,,1,4,0.25,,,,,,,,,9,,0
9451,21980,77819,Jim Paxson,POR,Portland Trail Blazers,0028000842,1981-03-13,POR @ HOU,L,0,3,,,0.0,,,3,4,0.75,,,,,,,,,9,,0
9452,21980,77721,Norm Nixon,LAL,Los Angeles Lakers,0028000840,1981-03-13,LAL vs. KCK,W,0,4,,,0.0,,,1,3,0.333,,,,,,,,,9,,0
9453,21980,76444,Michael Cooper,LAL,Los Angeles Lakers,0028000840,1981-03-13,LAL vs. KCK,W,0,3,,,0.0,,,3,4,0.75,,,,,,,,,9,,0
9454,21980,76305,Tom Burleson,ATL,Atlanta Hawks,0028000839,1981-03-13,ATL vs. DEN,W,0,4,,,0.0,,,1,2,0.5,,,,,,,,,9,,0
9455,21980,77136,Clemon Johnson,IND,Indiana Pacers,0028000834,1981-03-12,IND @ WAS,W,0,3,,,0.0,,,3,4,0.75,,,,,,,,,9,,0
9456,21980,76392,Jim Chones,LAL,Los Angeles Lakers,0028000832,1981-03-12,LAL @ SDC,W,0,3,,,0.0,,,3,5,0.6,,,,,,,,,9,,0
9457,21980,77071,Phil Hubbard,DET,Detroit Pistons,0028000829,1981-03-11,DET vs. ATL,W,0,3,,,0.0,,,3,5,0.6,,,,,,,,,9,,0
9458,21980,76296,Quinn Buckner,MIL,Milwaukee Bucks,0028000826,1981-03-11,MIL @ BOS,L,0,3,,,0.0,,,3,4,0.75,,,,,,,,,9,,0
9459,21980,78548,Freeman Williams,SDC,San Diego Clippers,0028000823,1981-03-10,SDC vs. KCK,L,0,4,,,0.0,,,1,2,0.5,,,,,,,,,9,,0
9460,21980,77553,Tom McMillen,ATL,Atlanta Hawks,0028000821,1981-03-10,ATL vs. CHI,L,0,4,,,0.0,,,1,2,0.5,,,,,,,,,9,,0
9461,21980,76296,Quinn Buckner,MIL,Milwaukee Bucks,0028000819,1981-03-09,MIL vs. CLE,W,0,4,,,0.0,,,1,2,0.5,,,,,,,,,9,,0
9462,21980,76516,Brad Davis,DAL,Dallas Mavericks,0028000818,1981-03-08,DAL @ SAN,L,0,2,,,0.0,,,5,7,0.714,,,,,,,,,9,,0
9463,21980,78215,Ricky Sobers,CHI,Chicago Bulls,0028000817,1981-03-08,CHI @ WAS,L,0,2,,,0.0,,,5,6,0.833,,,,,,,,,9,,0
9464,21980,76418,Don Collins,WAS,Washington Bullets,0028000817,1981-03-08,WAS vs. CHI,W,0,4,,,0.0,,,1,2,0.5,,,,,,,,,9,,0
9465,21980,77984,Rick Robey,BOS,Boston Celtics,0028000816,1981-03-08,BOS vs. NYK,W,0,4,,,0.0,,,1,2,0.5,,,,,,,,,9,,0
9466,21980,77952,Micheal Ray Richardson,NYK,New York Knicks,0028000816,1981-03-08,NYK @ BOS,L,0,4,,,1.0,,,0,2,0.0,,,,,,,,,9,,0
9467,21980,76966,Joey Hassett,GOS,Golden State Warriors,0028000812,1981-03-08,GOS @ POR,L,0,4,,,1.0,,,0,0,,,,,,,,,,9,,0
9468,21980,78548,Freeman Williams,SDC,San Diego Clippers,0028000808,1981-03-07,SDC @ UTH,L,0,4,,,1.0,,,0,0,,,,,,,,,,9,,0
9469,21980,77021,Kenny Higgs,DEN,Denver Nuggets,0028000810,1981-03-07,DEN @ DET,W,0,3,,,0.0,,,3,4,0.75,,,,,,,,,9,,0
9470,21980,77189,Major Jones,HOU,Houston Rockets,0028000809,1981-03-07,HOU @ ATL,L,0,2,,,0.0,,,5,6,0.833,,,,,,,,,9,,0
9471,21980,76616,Mike Dunleavy,HOU,Houston Rockets,0028000809,1981-03-07,HOU @ ATL,L,0,3,,,0.0,,,3,3,1.0,,,,,,,,,9,,0
9472,21980,78467,Kermit Washington,POR,Portland Trail Blazers,0028000806,1981-03-06,POR @ PHX,L,0,3,,,0.0,,,3,5,0.6,,,,,,,,,9,,0
9473,21980,77691,Calvin Natt,POR,Portland Trail Blazers,0028000806,1981-03-06,POR @ PHX,L,0,3,,,0.0,,,3,6,0.5,,,,,,,,,9,,0
9474,21980,76895,Bob Gross,POR,Portland Trail Blazers,0028000806,1981-03-06,POR @ PHX,L,0,3,,,0.0,,,3,4,0.75,,,,,,,,,9,,0
9475,21980,76290,Joe Bryant,SDC,San Diego Clippers,0028000805,1981-03-06,SDC vs. CLE,W,0,3,,,0.0,,,3,3,1.0,,,,,,,,,9,,0
9476,21980,77189,Major Jones,HOU,Houston Rockets,0028000802,1981-03-06,HOU vs. WAS,L,0,4,,,0.0,,,1,3,0.333,,,,,,,,,9,,0
9477,21980,76887,Kevin Grevey,WAS,Washington Bullets,0028000802,1981-03-06,WAS @ HOU,W,0,4,,,1.0,,,0,0,,,,,,,,,,9,,0
9478,21980,77149,George Johnson,SAN,San Antonio Spurs,0028000793,1981-03-04,SAN vs. KCK,L,0,3,,,0.0,,,3,4,0.75,,,,,,,,,9,,0
9479,21980,77182,Dwight Jones,CHI,Chicago Bulls,0028000792,1981-03-04,CHI @ PHL,W,0,3,,,0.0,,,3,3,1.0,,,,,,,,,9,,0
9480,21980,77162,Ollie Johnson,PHL,Philadelphia 76ers,0028000792,1981-03-04,PHL vs. CHI,L,0,4,,,0.0,,,1,1,1.0,,,,,,,,,9,,0
9481,21980,77718,Mike Niles,PHX,Phoenix Suns,0028000791,1981-03-04,PHX vs. CLE,W,0,4,,,0.0,,,1,1,1.0,,,,,,,,,9,,0
9482,21980,77235,Rich Kelley,PHX,Phoenix Suns,0028000791,1981-03-04,PHX vs. CLE,W,0,1,,,0.0,,,7,8,0.875,,,,,,,,,9,,0
9483,21980,77873,Ben Poquette,UTH,Utah Jazz,0028000790,1981-03-04,UTH @ GOS,L,0,3,,,0.0,,,3,4,0.75,,,,,,,,,9,,0
9484,21980,77021,Kenny Higgs,DEN,Denver Nuggets,0028000786,1981-03-04,DEN vs. LAL,W,0,3,,,0.0,,,3,4,0.75,,,,,,,,,9,,0
9485,21980,77582,Joe Meriweather,KCK,Kansas City Kings,0028000784,1981-03-03,KCK vs. LAL,L,0,2,,,0.0,,,5,5,1.0,,,,,,,,,9,,0
9486,21980,78614,Mike Woodson,NYK,New York Knicks,0028000782,1981-03-03,NYK vs. ATL,L,0,4,,,0.0,,,1,1,1.0,,,,,,,,,9,,0
9487,21980,77484,Wes Matthews,ATL,Atlanta Hawks,0028000782,1981-03-03,ATL @ NYK,W,0,3,,,0.0,,,3,4,0.75,,,,,,,,,9,,0
9488,21980,76252,Junior Bridgeman,MIL,Milwaukee Bucks,0028000781,1981-03-03,MIL vs. DET,W,0,3,,,0.0,,,3,3,1.0,,,,,,,,,9,,0
9489,21980,76441,Wayne Cooper,UTH,Utah Jazz,0028000780,1981-03-03,UTH vs. WAS,L,0,4,,,0.0,,,1,1,1.0,,,,,,,,,9,,0
9490,21980,76121,Billyray Bates,POR,Portland Trail Blazers,0028000779,1981-03-03,POR vs. IND,W,0,3,,,0.0,,,3,3,1.0,,,,,,,,,9,,0
9491,21980,76733,Chris Ford,BOS,Boston Celtics,0028000783,1981-03-03,BOS @ DAL,W,0,4,,,1.0,,,0,0,,,,,,,,,,9,,0
9492,21980,77142,Magic Johnson,LAL,Los Angeles Lakers,0028000778,1981-03-01,LAL vs. PHX,L,0,4,,,0.0,,,1,2,0.5,,,,,,,4.0,,9,,0
9493,21980,77754,Mike O'Koren,NJN,New Jersey Nets,0028000777,1981-03-01,NJN vs. DET,L,0,3,,,0.0,,,3,5,0.6,,,,,,,,,9,,0
9494,21980,76656,Bob Elliott,NJN,New Jersey Nets,0028000777,1981-03-01,NJN vs. DET,L,0,3,,,0.0,,,3,4,0.75,,,,,,,,,9,,0
9495,21980,76435,Darwin Cook,NJN,New Jersey Nets,0028000777,1981-03-01,NJN vs. DET,L,0,4,,,0.0,,,1,3,0.333,,,,,,,,,9,,0
9496,21980,77669,Calvin Murphy,HOU,Houston Rockets,0028000775,1981-03-01,HOU @ SAN,L,0,4,,,0.0,,,1,3,0.333,,,,,,,,,9,,0
9497,21980,76889,Paul Griffin,SAN,San Antonio Spurs,0028000775,1981-03-01,SAN vs. HOU,W,0,4,,,0.0,,,1,2,0.5,,,,,,,,,9,,0
9498,21980,76786,Calvin Garrett,HOU,Houston Rockets,0028000775,1981-03-01,HOU @ SAN,L,0,4,,,0.0,,,1,2,0.5,,,,,,,,,9,,0
9499,21980,77056,Cedrick Hordges,DEN,Denver Nuggets,0028000773,1981-03-01,DEN vs. CLE,W,0,3,,,0.0,,,3,4,0.75,,,,,,,,,9,,0
9500,21980,76895,Bob Gross,POR,Portland Trail Blazers,0028000770,1981-03-01,POR vs. UTH,W,0,4,,,0.0,,,1,3,0.333,,,,,,,,,9,,0
9501,21980,76121,Billyray Bates,POR,Portland Trail Blazers,0028000770,1981-03-01,POR vs. UTH,W,0,3,,,0.0,,,3,3,1.0,,,,,,,,,9,,0
9502,21980,78296,Brian Taylor,SDC,San Diego Clippers,0028000767,1981-02-28,SDC @ HOU,W,0,3,,,0.0,,,3,3,1.0,,,,,,,,,9,,0
9503,21980,77353,Allen Leavell,HOU,Houston Rockets,0028000767,1981-02-28,HOU vs. SDC,L,0,4,,,0.0,,,1,1,1.0,,,,,,,,,9,,0
9504,21980,77126,Abdul Jeelani,DAL,Dallas Mavericks,0028000765,1981-02-27,DAL vs. IND,L,0,3,,,0.0,,,3,4,0.75,,,,,,,,,9,,0
9505,21980,76385,Maurice Cheeks,PHL,Philadelphia 76ers,0028000762,1981-02-27,PHL @ UTH,W,0,4,,,0.0,,,1,1,1.0,,,,,,,,,9,,0
9506,21980,76257,Allan Bristow,UTH,Utah Jazz,0028000762,1981-02-27,UTH vs. PHL,L,0,4,,,0.0,,,1,2,0.5,,,,,,,,,9,,0
9507,21980,76733,Chris Ford,BOS,Boston Celtics,0028000766,1981-02-27,BOS @ ATL,W,0,4,,,1.0,,,0,0,,,,,,,,,,9,,0
9508,21980,76889,Paul Griffin,SAN,San Antonio Spurs,0028000757,1981-02-26,SAN vs. SEA,W,0,2,,,0.0,,,5,5,1.0,,,,,,,,,9,,0
9509,21980,77997,Bill Robinzine,DAL,Dallas Mavericks,0028000756,1981-02-26,DAL @ KCK,L,0,3,,,0.0,,,3,4,0.75,,,,,,,,,9,,0
9510,21980,78296,Brian Taylor,SDC,San Diego Clippers,0028000750,1981-02-25,SDC vs. PHL,L,0,3,,,1.0,,,2,2,1.0,,,,,,,,,9,,0
9511,21980,76526,Johnny Davis,IND,Indiana Pacers,0028000755,1981-02-25,IND @ HOU,L,0,4,,,0.0,,,1,2,0.5,,,,,,,,,9,,0
9512,21980,77829,Sam Pellom,ATL,Atlanta Hawks,0028000749,1981-02-24,ATL vs. NYK,L,0,2,,,0.0,,,5,7,0.714,,,,,,,,,9,,0
9513,21980,77800,Sonny Parker,GOS,Golden State Warriors,0028000747,1981-02-24,GOS @ SAN,L,0,2,,,0.0,,,5,6,0.833,,,,,,,,,9,,0
9514,21980,77149,George Johnson,SAN,San Antonio Spurs,0028000747,1981-02-24,SAN vs. GOS,W,0,4,,,0.0,,,1,1,1.0,,,,,,,,,9,,0
9515,21980,76085,James Bailey,SEA,Seattle SuperSonics,0028000745,1981-02-24,SEA @ DAL,W,0,3,,,0.0,,,3,3,1.0,,,,,,,,,9,,0
9516,21980,76095,Mike Bantom,IND,Indiana Pacers,0028000742,1981-02-22,IND vs. POR,L,0,3,,,0.0,,,3,6,0.5,,,,,,,,6.0,9,,0
9517,21980,77308,Joel Kramer,PHX,Phoenix Suns,0028000741,1981-02-22,PHX vs. PHL,W,0,3,,,0.0,,,3,4,0.75,,,,,,,,,9,,0
9518,21980,77633,Johnny Moore,SAN,San Antonio Spurs,0028000737,1981-02-22,SAN vs. DEN,W,0,3,,,0.0,,,3,5,0.6,,,,,,,,,9,,0
9519,21980,76618,T.R. Dunn,DEN,Denver Nuggets,0028000737,1981-02-22,DEN @ SAN,L,0,4,,,0.0,,,1,2,0.5,,,,,,,,,9,,0
9520,21980,77754,Mike O'Koren,NJN,New Jersey Nets,0028000733,1981-02-22,NJN vs. DAL,L,0,3,,,0.0,,,3,3,1.0,,,,,,,,,9,,0
9521,21980,77184,Edgar Jones,NJN,New Jersey Nets,0028000733,1981-02-22,NJN vs. DAL,L,0,3,,,0.0,,,3,6,0.5,,,,,,,,,9,,0
9522,21980,76321,Marty Byrnes,DAL,Dallas Mavericks,0028000733,1981-02-22,DAL @ NJN,W,0,4,,,0.0,,,1,2,0.5,,,,,,,,,9,,0
9523,21980,77800,Sonny Parker,GOS,Golden State Warriors,0028000729,1981-02-20,GOS vs. SDC,L,0,4,,,0.0,,,1,2,0.5,,,,,,,,,9,,0
9524,21980,76590,Leon Douglas,KCK,Kansas City Kings,0028000728,1981-02-20,KCK vs. MIL,W,0,4,,,0.0,,,1,1,1.0,,,,,,,,,9,,0
9525,21980,77205,Eddie Jordan,LAL,Los Angeles Lakers,0028000723,1981-02-20,LAL vs. HOU,L,0,3,,,0.0,,,3,4,0.75,,,,,,,,,9,,0
9526,21980,78351,Andrew Toney,PHL,Philadelphia 76ers,0028000722,1981-02-20,PHL vs. DAL,W,0,3,,,0.0,,,3,3,1.0,,,,,,,,,9,,0
9527,21980,78468,Richard Washington,CLE,Cleveland Cavaliers,0028000720,1981-02-19,CLE vs. SAN,W,0,4,,,0.0,,,1,2,0.5,,,,,,,,,9,,0
9528,21980,78390,Terry Tyler,DET,Detroit Pistons,0028000718,1981-02-19,DET vs. POR,L,0,3,,,0.0,,,3,5,0.6,,,,,,,,,9,,0
9529,21980,78577,Bill Willoughby,HOU,Houston Rockets,0028000717,1981-02-19,HOU @ SDC,L,0,3,,,0.0,,,3,4,0.75,,,,,,,,,9,,0
9530,21980,77754,Mike O'Koren,NJN,New Jersey Nets,0028000716,1981-02-18,NJN vs. CLE,W,0,4,,,0.0,,,1,2,0.5,,,,,,,,,9,,0
9531,21980,77635,Lowes Moore,NJN,New Jersey Nets,0028000716,1981-02-18,NJN vs. CLE,W,0,4,,,0.0,,,1,1,1.0,,,,,,,,,9,,0
9532,21980,78215,Ricky Sobers,CHI,Chicago Bulls,0028000714,1981-02-18,CHI @ GOS,L,0,4,,,0.0,,,1,1,1.0,,,,,,,,,9,,0
9533,21980,76567,Coby Dietrick,CHI,Chicago Bulls,0028000714,1981-02-18,CHI @ GOS,L,0,4,,,0.0,,,1,2,0.5,,,,,,,,,9,,0
9534,21980,76993,Gerald Henderson,BOS,Boston Celtics,0028000712,1981-02-18,BOS @ KCK,L,0,3,,,0.0,,,3,4,0.75,,,,,,,,,9,,0
9535,21980,78132,Craig Shelton,ATL,Atlanta Hawks,0028000711,1981-02-18,ATL @ IND,W,0,3,,,0.0,,,3,4,0.75,,,,,,,,,9,,0
9536,21980,77136,Clemon Johnson,IND,Indiana Pacers,0028000711,1981-02-18,IND vs. ATL,L,0,4,,,0.0,,,1,2,0.5,,,,,,,,,9,,0
9537,21980,76471,Charlie Criss,ATL,Atlanta Hawks,0028000711,1981-02-18,ATL @ IND,W,0,3,,,0.0,,,3,3,1.0,,,,,,,,,9,,0
9538,21980,76444,Michael Cooper,LAL,Los Angeles Lakers,0028000710,1981-02-17,LAL vs. NYK,W,0,4,,,0.0,,,1,2,0.5,,,,,,,,,9,,0
9539,21980,76392,Jim Chones,LAL,Los Angeles Lakers,0028000710,1981-02-17,LAL vs. NYK,W,0,4,,,0.0,,,1,2,0.5,,,,,,,,,9,,0
9540,21980,78442,Wally Walker,SEA,Seattle SuperSonics,0028000709,1981-02-17,SEA @ UTH,W,0,3,,,0.0,,,3,3,1.0,,,,,,,,,9,,0
9541,21980,77167,Vinnie Johnson,SEA,Seattle SuperSonics,0028000709,1981-02-17,SEA @ UTH,W,0,4,,,0.0,,,1,1,1.0,,,,,,,,,9,,0
9542,21980,77152,John Johnson,SEA,Seattle SuperSonics,0028000709,1981-02-17,SEA @ UTH,W,0,3,,,0.0,,,3,5,0.6,,,,,,,,,9,,0
9543,21980,77324,Mitch Kupchak,WAS,Washington Bullets,0028000707,1981-02-17,WAS vs. POR,L,0,2,,,0.0,,,5,6,0.833,,,,,,,,6.0,9,,0
9544,21980,78468,Richard Washington,CLE,Cleveland Cavaliers,0028000703,1981-02-17,CLE vs. DET,W,0,3,,,0.0,,,3,4,0.75,,,,,,,,,9,,0
9545,21980,77071,Phil Hubbard,DET,Detroit Pistons,0028000703,1981-02-17,DET @ CLE,L,0,2,,,0.0,,,5,5,1.0,,,,,,,,,9,,0
9546,21980,77229,Clarence Kea,DAL,Dallas Mavericks,0028000701,1981-02-15,DAL @ LAL,L,0,3,,,0.0,,,3,5,0.6,,,,,,,,,9,,0
9547,21980,76583,James Donaldson,SEA,Seattle SuperSonics,0028000700,1981-02-15,SEA @ KCK,L,0,3,,,0.0,,,3,5,0.6,,,,,,,,,9,,0
9548,21980,77873,Ben Poquette,UTH,Utah Jazz,0028000699,1981-02-15,UTH @ POR,L,0,4,,,0.0,,,1,1,1.0,,,,,,,,6.0,9,,0
9549,21980,76895,Bob Gross,POR,Portland Trail Blazers,0028000699,1981-02-15,POR vs. UTH,W,0,2,,,0.0,,,5,5,1.0,,,,,,,,,9,,0
9550,21980,76231,Dudley Bradley,IND,Indiana Pacers,0028000697,1981-02-15,IND vs. CHI,W,0,2,,,0.0,,,5,5,1.0,,,,,,,,,9,,0
9551,21980,77432,Ollie Mack,DAL,Dallas Mavericks,0028000692,1981-02-14,DAL vs. SAN,L,0,4,,,0.0,,,1,2,0.5,,,,,,,,,9,,0
9552,21980,78396,Ron Valentine,DEN,Denver Nuggets,0028000688,1981-02-13,DEN vs. POR,W,0,4,,,0.0,,,1,3,0.333,,,,,,,,,9,,0
9553,21980,77998,Dave Robisch,DEN,Denver Nuggets,0028000688,1981-02-13,DEN vs. POR,W,0,3,,,0.0,,,3,4,0.75,,,,,,,,,9,,0
9554,21980,76954,Mike Harper,POR,Portland Trail Blazers,0028000688,1981-02-13,POR @ DEN,L,0,3,,,0.0,,,3,6,0.5,,,,,,,,,9,,0
9555,21980,77438,Kyle Macy,PHX,Phoenix Suns,0028000687,1981-02-13,PHX vs. SDC,W,0,3,,,0.0,,,3,3,1.0,,,,,,,,,9,,0
9556,21980,76656,Bob Elliott,NJN,New Jersey Nets,0028000683,1981-02-13,NJN vs. IND,W,0,3,,,0.0,,,3,6,0.5,,,,,,,,,9,,0
9557,21980,77324,Mitch Kupchak,WAS,Washington Bullets,0028000680,1981-02-13,WAS @ PHL,W,0,4,,,0.0,,,1,2,0.5,,,,,,,,,9,,0
9558,21980,77193,Bobby Jones,PHL,Philadelphia 76ers,0028000680,1981-02-13,PHL vs. WAS,L,0,3,,,0.0,,,3,3,1.0,,,,,,,,,9,,0
9559,21980,78025,Dan Roundfield,ATL,Atlanta Hawks,0028000679,1981-02-12,ATL @ SAN,L,0,4,,,0.0,,,1,1,1.0,,,,,,,,,9,,0
9560,21980,76453,Dave Corzine,SAN,San Antonio Spurs,0028000679,1981-02-12,SAN vs. ATL,W,0,4,,,0.0,,,1,2,0.5,,,,,,,,,9,,0
9561,21980,78500,Paul Westphal,SEA,Seattle SuperSonics,0028000678,1981-02-12,SEA @ POR,W,0,3,,,0.0,,,3,4,0.75,,,,,,,,,9,,0
9562,21980,77043,Lionel Hollins,PHL,Philadelphia 76ers,0028000676,1981-02-11,PHL vs. CLE,W,0,4,,,0.0,,,1,1,1.0,,,,,,,,,9,,0
9563,21980,77997,Bill Robinzine,DAL,Dallas Mavericks,0028000675,1981-02-11,DAL @ PHX,L,0,4,,,0.0,,,1,1,1.0,,,,,,,,,9,,0
9564,21980,77184,Edgar Jones,NJN,New Jersey Nets,0028000674,1981-02-11,NJN vs. CHI,W,0,4,,,0.0,,,1,1,1.0,,,,,,,,,9,,0
9565,21980,77626,Sidney Moncrief,MIL,Milwaukee Bucks,0028000671,1981-02-11,MIL @ IND,W,0,2,,,0.0,,,5,5,1.0,,,,,,,,,9,,0
9566,21980,77290,Billy Knight,IND,Indiana Pacers,0028000671,1981-02-11,IND vs. MIL,L,0,3,,,0.0,,,3,3,1.0,,,,,,,,,9,,0
9567,21980,77326,Sam Lacey,KCK,Kansas City Kings,0028000669,1981-02-10,KCK @ CHI,L,0,4,,,0.0,,,1,1,1.0,,,,,,,,,9,,0
9568,21980,77056,Cedrick Hordges,DEN,Denver Nuggets,0028000666,1981-02-10,DEN vs. WAS,L,0,4,,,0.0,,,1,2,0.5,,,,,,,,,9,,0
9569,21980,78442,Wally Walker,SEA,Seattle SuperSonics,0028000665,1981-02-10,SEA vs. BOS,W,0,4,,,0.0,,,1,2,0.5,,,,,,,,,9,,0
9570,21980,76085,James Bailey,SEA,Seattle SuperSonics,0028000665,1981-02-10,SEA vs. BOS,W,0,3,,,0.0,,,3,4,0.75,,,,,,,,6.0,9,,0
9571,21980,77623,Paul Mokeski,DET,Detroit Pistons,0028000663,1981-02-08,DET vs. IND,L,0,2,,,0.0,,,5,7,0.714,,,,,,,,6.0,9,,0
9572,21980,78095,Alvin Scott,PHX,Phoenix Suns,0028000654,1981-02-08,PHX vs. WAS,W,0,3,,,0.0,,,3,3,1.0,,,,,,,,,9,,0
9573,21980,77324,Mitch Kupchak,WAS,Washington Bullets,0028000654,1981-02-08,WAS @ PHX,L,0,3,,,0.0,,,3,4,0.75,,,,,,,,,9,,0
9574,21980,78025,Dan Roundfield,ATL,Atlanta Hawks,0028000651,1981-02-07,ATL @ HOU,L,0,4,,,0.0,,,1,4,0.25,,,,,,,,,9,,0
9575,21980,77936,Robert Reid,HOU,Houston Rockets,0028000651,1981-02-07,HOU vs. ATL,W,0,4,,,0.0,,,1,3,0.333,,,,,,,,,9,,0
9576,21980,77996,Wayne Robinson,DET,Detroit Pistons,0028000648,1981-02-07,DET @ CHI,L,0,4,,,0.0,,,1,2,0.5,,,,,,,,,9,,0
9577,21980,76874,Rickey Green,UTH,Utah Jazz,0028000647,1981-02-06,UTH vs. DEN,L,0,3,,,0.0,,,3,4,0.75,,,,,,,,,9,,0
9578,21980,77952,Micheal Ray Richardson,NYK,New York Knicks,0028000645,1981-02-06,NYK @ CHI,W,0,4,,,0.0,,,1,2,0.5,,,,,,,,,9,,0
9579,21980,77235,Rich Kelley,PHX,Phoenix Suns,0028000642,1981-02-06,PHX vs. HOU,W,0,3,,,0.0,,,3,4,0.75,,,,,,,,,9,,0
9580,21980,77532,George McGinnis,IND,Indiana Pacers,0028000640,1981-02-06,IND @ BOS,L,0,4,,,0.0,,,1,2,0.5,,,,,,,,,9,,0
9581,21980,76170,Otis Birdsong,KCK,Kansas City Kings,0028000638,1981-02-06,KCK @ SEA,W,0,2,,,0.0,,,5,9,0.556,,,,,,,,,9,,0
9582,21980,77071,Phil Hubbard,DET,Detroit Pistons,0028000633,1981-02-04,DET @ KCK,L,0,2,,,0.0,,,5,7,0.714,,,,,,,,,9,,0
9583,21980,77817,Billy Paultz,HOU,Houston Rockets,0028000632,1981-02-04,HOU vs. DAL,W,0,4,,,0.0,,,1,2,0.5,,,,,,,,,9,,0
9584,21980,76656,Bob Elliott,NJN,New Jersey Nets,0028000631,1981-02-04,NJN vs. SDC,L,0,4,,,0.0,,,1,5,0.2,,,,,,,,,9,,0
9585,21980,77022,Johnny High,PHX,Phoenix Suns,0028000630,1981-02-04,PHX vs. UTH,W,0,3,,,0.0,,,3,4,0.75,,,,,,,,,9,,0
9586,21980,76436,Jeff Cook,PHX,Phoenix Suns,0028000630,1981-02-04,PHX vs. UTH,W,0,4,,,0.0,,,1,2,0.5,,,,,,,,,9,,0
9587,21980,77043,Lionel Hollins,PHL,Philadelphia 76ers,0028000629,1981-02-04,PHL vs. BOS,W,0,3,,,0.0,,,3,4,0.75,,,,,,,,,9,,0
9588,21980,305,Robert Parish,BOS,Boston Celtics,0028000629,1981-02-04,BOS @ PHL,L,0,3,,,0.0,,,3,6,0.5,,,,,,,,6.0,9,,0
9589,21980,77858,Stan Pietkiewicz,DAL,Dallas Mavericks,0028000632,1981-02-04,DAL @ HOU,L,0,4,,,1.0,,,0,0,,,,,,,,,,9,,0
9590,21980,76249,Ron Brewer,SAN,San Antonio Spurs,0028000625,1981-02-03,SAN vs. DET,W,0,4,,,0.0,,,1,2,0.5,,,,,,,,,9,,0
9591,21980,76971,Steve Hawes,ATL,Atlanta Hawks,0028000620,1981-02-03,ATL vs. PHL,L,0,4,,,0.0,,,1,2,0.5,,,,,,,,6.0,9,,0
9592,21980,76385,Maurice Cheeks,PHL,Philadelphia 76ers,0028000620,1981-02-03,PHL @ ATL,W,0,4,,,0.0,,,1,3,0.333,,,,,,,,,9,,0
9593,21980,78516,Jerome Whitehead,SDC,San Diego Clippers,0028000619,1981-02-03,SDC @ NYK,L,0,4,,,0.0,,,1,3,0.333,,,,,,,,,9,,0
9594,21980,76266,Michael Brooks,SDC,San Diego Clippers,0028000619,1981-02-03,SDC @ NYK,L,0,3,,,0.0,,,3,4,0.75,,,,,,,,,9,,0
9595,21980,76436,Jeff Cook,PHX,Phoenix Suns,0028000618,1981-01-29,PHX @ CLE,L,0,4,,,0.0,,,1,2,0.5,,,,,,,,,9,,0
9596,21980,78548,Freeman Williams,SDC,San Diego Clippers,0028000617,1981-01-29,SDC vs. POR,L,0,2,,,0.0,,,5,6,0.833,,,,,,,,,9,,0
9597,21980,76881,David Greenwood,CHI,Chicago Bulls,0028000616,1981-01-29,CHI vs. BOS,W,0,4,,,0.0,,,1,2,0.5,,,,,,,,,9,,0
9598,21980,77937,Billy Reid,GOS,Golden State Warriors,0028000615,1981-01-29,GOS @ DET,W,0,3,,,0.0,,,3,4,0.75,,,,,,,,,9,,0
9599,21980,77326,Sam Lacey,KCK,Kansas City Kings,0028000613,1981-01-29,KCK @ LAL,L,0,4,,,0.0,,,1,1,1.0,,,,,,,,,9,,0
9600,21980,76453,Dave Corzine,SAN,San Antonio Spurs,0028000612,1981-01-29,SAN vs. NJN,W,0,4,,,0.0,,,1,3,0.333,,,,,,,,,9,,0
9601,21980,77353,Allen Leavell,HOU,Houston Rockets,0028000607,1981-01-28,HOU vs. NJN,W,0,4,,,0.0,,,1,2,0.5,,,,,,,,,9,,0
9602,21980,76435,Darwin Cook,NJN,New Jersey Nets,0028000607,1981-01-28,NJN @ HOU,L,0,4,,,0.0,,,1,2,0.5,,,,,,,,,9,,0
9603,21980,76317,Don Buse,IND,Indiana Pacers,0028000600,1981-01-27,IND @ CLE,L,0,3,,,1.0,,,2,2,1.0,,,,,,,,,9,,0
9604,21980,77490,Scott May,CHI,Chicago Bulls,0028000604,1981-01-27,CHI vs. GOS,W,0,4,,,0.0,,,1,1,1.0,,,,,,,,,9,,0
9605,21980,77246,Larry Kenon,CHI,Chicago Bulls,0028000604,1981-01-27,CHI vs. GOS,W,0,4,,,0.0,,,1,1,1.0,,,,,,,,,9,,0
9606,21980,76567,Coby Dietrick,CHI,Chicago Bulls,0028000604,1981-01-27,CHI vs. GOS,W,0,4,,,0.0,,,1,1,1.0,,,,,,,,,9,,0
9607,21980,76266,Michael Brooks,SDC,San Diego Clippers,0028000602,1981-01-27,SDC vs. KCK,W,0,4,,,0.0,,,1,2,0.5,,,,,,,,,9,,0
9608,21980,77635,Lowes Moore,NJN,New Jersey Nets,0028000597,1981-01-27,NJN @ DAL,W,0,3,,,0.0,,,3,4,0.75,,,,,,,,,9,,0
9609,21980,77623,Paul Mokeski,DET,Detroit Pistons,0028000594,1981-01-26,DET @ UTH,L,0,4,,,0.0,,,1,2,0.5,,,,,,,,,9,,0
9610,21980,76355,Butch Carter,LAL,Los Angeles Lakers,0028000596,1981-01-26,LAL vs. POR,W,0,3,,,0.0,,,3,3,1.0,,,,,,,,,9,,0
9611,21980,77235,Rich Kelley,PHX,Phoenix Suns,0028000595,1981-01-26,PHX @ NYK,W,0,3,,,0.0,,,3,4,0.75,,,,,,,,,9,,0
9612,21980,76707,Eric Fernsten,BOS,Boston Celtics,0028000593,1981-01-25,BOS vs. SEA,W,0,4,,,0.0,,,1,2,0.5,,,,,,,,,9,,0
9613,21980,77163,Reggie Johnson,SAN,San Antonio Spurs,0028000592,1981-01-25,SAN @ POR,L,0,4,,,0.0,,,1,4,0.25,,,,,,,,,9,,0
9614,21980,100263,Bill Laimbeer,CLE,Cleveland Cavaliers,0028000587,1981-01-24,CLE @ DET,L,0,4,,,0.0,,,1,1,1.0,,,,,,,,,9,,0
9615,21980,77615,Mike Mitchell,CLE,Cleveland Cavaliers,0028000587,1981-01-24,CLE @ DET,L,0,4,,,0.0,,,1,2,0.5,,,,,,,,,9,,0
9616,21980,77438,Kyle Macy,PHX,Phoenix Suns,0028000581,1981-01-23,PHX vs. MIL,W,0,3,,,2.0,,,1,1,1.0,,,,,,,,,9,,0
9617,21980,77715,Carl Nicks,UTH,Utah Jazz,0028000578,1981-01-23,UTH vs. GOS,L,0,4,,,0.0,,,1,1,1.0,,,,,,,,,9,,0
9618,21980,77952,Micheal Ray Richardson,NYK,New York Knicks,0028000574,1981-01-23,NYK @ POR,L,0,4,,,0.0,,,1,1,1.0,,,,,,,,,9,,0
9619,21980,76054,Nate Archibald,BOS,Boston Celtics,0028000575,1981-01-23,BOS vs. IND,W,0,3,,,0.0,,,3,3,1.0,,,,,,,,,9,,0
9620,21980,100263,Bill Laimbeer,CLE,Cleveland Cavaliers,0028000571,1981-01-22,CLE vs. NJN,W,0,4,,,0.0,,,1,1,1.0,,,,,,,,,9,,0
9621,21980,77184,Edgar Jones,NJN,New Jersey Nets,0028000571,1981-01-22,NJN @ CLE,L,0,3,,,0.0,,,3,4,0.75,,,,,,,,,9,,0
9622,21980,76435,Darwin Cook,NJN,New Jersey Nets,0028000571,1981-01-22,NJN @ CLE,L,0,3,,,0.0,,,3,3,1.0,,,,,,,,,9,,0
9623,21980,77635,Lowes Moore,NJN,New Jersey Nets,0028000571,1981-01-22,NJN @ CLE,L,0,4,,,1.0,,,0,2,0.0,,,,,,,,,9,,0
9624,21980,77022,Johnny High,PHX,Phoenix Suns,0028000564,1981-01-21,PHX @ HOU,L,0,4,,,0.0,,,1,3,0.333,,,,,,,,,9,,0
9625,21980,76444,Michael Cooper,LAL,Los Angeles Lakers,0028000566,1981-01-21,LAL vs. ATL,W,0,2,,,0.0,,,5,6,0.833,,,,,,,,,9,,0
9626,21980,76257,Allan Bristow,UTH,Utah Jazz,0028000565,1981-01-21,UTH @ BOS,L,0,3,,,0.0,,,3,3,1.0,,,,,,,,,9,,0
9627,21980,1453,Walter Davis,PHX,Phoenix Suns,0028000564,1981-01-21,PHX @ HOU,L,0,4,,,0.0,,,1,2,0.5,,,,,,,,,9,,0
9628,21980,77490,Scott May,CHI,Chicago Bulls,0028000561,1981-01-20,CHI vs. IND,W,0,3,,,0.0,,,3,4,0.75,,,,,,,,,9,,0
9629,21980,77010,Keith Herron,DET,Detroit Pistons,0028000560,1981-01-20,DET vs. PHL,W,0,3,,,0.0,,,3,6,0.5,,,,,,,,,9,,0
9630,21980,77149,George Johnson,SAN,San Antonio Spurs,0028000558,1981-01-20,SAN vs. PHX,W,0,4,,,0.0,,,1,3,0.333,,,,,,,,,9,,0
9631,21980,76516,Brad Davis,DAL,Dallas Mavericks,0028000557,1981-01-20,DAL vs. KCK,L,0,4,,,0.0,,,1,2,0.5,,,,,,,,,9,,0
9632,21980,77986,Cliff T. Robinson,NJN,New Jersey Nets,0028000553,1981-01-18,NJN @ WAS,L,0,4,,,0.0,,,1,3,0.333,,,,,,,,,9,,0
9633,21980,77168,Mickey Johnson,MIL,Milwaukee Bucks,0028000550,1981-01-18,MIL vs. POR,W,0,3,,,0.0,,,3,3,1.0,,,,,,,,,9,,0
9634,21980,76733,Chris Ford,BOS,Boston Celtics,0028000546,1981-01-18,BOS vs. LAL,W,0,4,,,1.0,,,0,0,,,,,,,,,,9,,0
9635,21980,77754,Mike O'Koren,NJN,New Jersey Nets,0028000543,1981-01-17,NJN @ DET,W,0,2,,,0.0,,,5,9,0.556,,,,,,,,,9,,0
9636,21980,76656,Bob Elliott,NJN,New Jersey Nets,0028000543,1981-01-17,NJN @ DET,W,0,3,,,0.0,,,3,8,0.375,,,,,,,,,9,,0
9637,21980,78200,Randy Smith,CLE,Cleveland Cavaliers,0028000545,1981-01-17,CLE @ CHI,W,0,3,,,0.0,,,3,4,0.75,,,,,,,,,9,,0
9638,21980,77936,Robert Reid,HOU,Houston Rockets,0028000541,1981-01-17,HOU vs. NYK,L,0,3,,,0.0,,,3,3,1.0,,,,,,,,,9,,0
9639,21980,76453,Dave Corzine,SAN,San Antonio Spurs,0028000540,1981-01-16,SAN @ BOS,L,0,4,,,0.0,,,1,2,0.5,,,,,,,,,9,,0
9640,21980,77950,Clint Richardson,PHL,Philadelphia 76ers,0028000538,1981-01-16,PHL vs. CLE,W,0,4,,,0.0,,,1,2,0.5,,,,,,,,,9,,0
9641,21980,76539,Darryl Dawkins,PHL,Philadelphia 76ers,0028000538,1981-01-16,PHL vs. CLE,W,0,2,,,0.0,,,5,6,0.833,,,,,,,,,9,,0
9642,21980,76526,Johnny Davis,IND,Indiana Pacers,0028000534,1981-01-16,IND vs. SEA,L,0,2,,,0.0,,,5,6,0.833,,,,,,,,,9,,0
9643,21980,76471,Charlie Criss,ATL,Atlanta Hawks,0028000533,1981-01-16,ATL @ GOS,W,0,2,,,0.0,,,5,5,1.0,,,,,,,,,9,,0
9644,21980,77710,Mike Newlin,NJN,New Jersey Nets,0028000531,1981-01-16,NJN vs. LAL,L,0,4,,,0.0,,,1,2,0.5,,,,,,,,,9,,0
9645,21980,76392,Jim Chones,LAL,Los Angeles Lakers,0028000531,1981-01-16,LAL @ NJN,W,0,4,,,0.0,,,1,2,0.5,,,,,,,,,9,,0
9646,21980,78215,Ricky Sobers,CHI,Chicago Bulls,0028000520,1981-01-14,CHI @ HOU,L,0,3,,,1.0,,,2,3,0.667,,,,,,,,,9,,0
9647,21980,78467,Kermit Washington,POR,Portland Trail Blazers,0028000527,1981-01-14,POR @ KCK,W,0,2,,,0.0,,,5,6,0.833,,,,,,,,,9,,0
9648,21980,77487,Cedric Maxwell,BOS,Boston Celtics,0028000526,1981-01-14,BOS vs. CLE,W,0,2,,,0.0,,,5,5,1.0,,,,,,,,,9,,0
9649,21980,77635,Lowes Moore,NJN,New Jersey Nets,0028000525,1981-01-14,NJN @ PHL,L,0,4,,,0.0,,,1,2,0.5,,,,,,,,,9,,0
9650,21980,77618,Steve Mix,PHL,Philadelphia 76ers,0028000525,1981-01-14,PHL vs. NJN,W,0,4,,,0.0,,,1,1,1.0,,,,,,,,,9,,0
9651,21980,77873,Ben Poquette,UTH,Utah Jazz,0028000524,1981-01-14,UTH @ GOS,W,0,4,,,0.0,,,1,2,0.5,,,,,,,,,9,,0
9652,21980,76441,Wayne Cooper,UTH,Utah Jazz,0028000524,1981-01-14,UTH @ GOS,W,0,3,,,0.0,,,3,4,0.75,,,,,,,,,9,,0
9653,21980,77144,Eddie Johnson,ATL,Atlanta Hawks,0028000523,1981-01-14,ATL @ SDC,L,0,3,,,0.0,,,3,4,0.75,,,,,,,,,9,,0
9654,21980,77141,Dennis Johnson,PHX,Phoenix Suns,0028000521,1981-01-14,PHX vs. DEN,W,0,4,,,0.0,,,1,2,0.5,,,,,,,,,9,,0
9655,21980,77021,Kenny Higgs,DEN,Denver Nuggets,0028000521,1981-01-14,DEN @ PHX,L,0,3,,,0.0,,,3,5,0.6,,,,,,,,,9,,0
9656,21980,76944,Bill Hanzlik,SEA,Seattle SuperSonics,0028000518,1981-01-13,SEA @ PHX,L,0,3,,,0.0,,,3,3,1.0,,,,,,,,,9,,0
9657,21980,78600,Brian Winters,MIL,Milwaukee Bucks,0028000517,1981-01-13,MIL @ DET,W,0,4,,,0.0,,,1,3,0.333,,,,,,,,,9,,0
9658,21980,76392,Jim Chones,LAL,Los Angeles Lakers,0028000516,1981-01-13,LAL @ CLE,W,0,4,,,0.0,,,1,2,0.5,,,,,,,,,9,,0
9659,21980,77021,Kenny Higgs,DEN,Denver Nuggets,0028000514,1981-01-13,DEN vs. ATL,W,0,3,,,0.0,,,3,3,1.0,,,,,,,,,9,,0
9660,21980,77438,Kyle Macy,PHX,Phoenix Suns,0028000518,1981-01-13,PHX vs. SEA,W,0,4,,,1.0,,,0,0,,,,,,,,,,9,,0
9661,21980,77024,Armond Hill,SEA,Seattle SuperSonics,0028000512,1981-01-11,SEA vs. GOS,L,0,3,,,0.0,,,3,4,0.75,,,,,,,,6.0,9,,0
9662,21980,77235,Rich Kelley,PHX,Phoenix Suns,0028000509,1981-01-11,PHX @ MIL,L,0,1,,,0.0,,,7,8,0.875,,,,,,,,,9,,0
9663,21980,77582,Joe Meriweather,KCK,Kansas City Kings,0028000508,1981-01-11,KCK vs. SDC,L,0,3,,,0.0,,,3,6,0.5,,,,,,,,,9,,0
9664,21980,76590,Leon Douglas,KCK,Kansas City Kings,0028000508,1981-01-11,KCK vs. SDC,L,0,3,,,0.0,,,3,4,0.75,,,,,,,,,9,,0
9665,21980,76365,Harvey Catchings,MIL,Milwaukee Bucks,0028000507,1981-01-10,MIL @ IND,L,0,4,,,0.0,,,1,2,0.5,,,,,,,,,9,,0
9666,21980,76296,Quinn Buckner,MIL,Milwaukee Bucks,0028000507,1981-01-10,MIL @ IND,L,0,4,,,0.0,,,1,1,1.0,,,,,,,,,9,,0
9667,21980,77984,Rick Robey,BOS,Boston Celtics,0028000505,1981-01-10,BOS @ NJN,W,0,4,,,0.0,,,1,4,0.25,,,,,,,,,9,,0
9668,21980,77487,Cedric Maxwell,BOS,Boston Celtics,0028000505,1981-01-10,BOS @ NJN,W,0,3,,,0.0,,,3,4,0.75,,,,,,,,6.0,9,,0
9669,21980,76656,Bob Elliott,NJN,New Jersey Nets,0028000505,1981-01-10,NJN vs. BOS,L,0,4,,,0.0,,,1,1,1.0,,,,,,,,,9,,0
9670,21980,78537,Jeff Wilkins,UTH,Utah Jazz,0028000504,1981-01-10,UTH vs. KCK,L,0,3,,,0.0,,,3,4,0.75,,,,,,,,,9,,0
9671,21980,76590,Leon Douglas,KCK,Kansas City Kings,0028000504,1981-01-10,KCK @ UTH,W,0,4,,,0.0,,,1,1,1.0,,,,,,,,,9,,0
9672,21980,76996,Tom Henderson,HOU,Houston Rockets,0028000503,1981-01-10,HOU vs. POR,W,0,3,,,0.0,,,3,4,0.75,,,,,,,,,9,,0
9673,21980,76822,Mike Glenn,NYK,New York Knicks,0028000501,1981-01-10,NYK @ CLE,W,0,4,,,0.0,,,1,1,1.0,,,,,,,,,9,,0
9674,21980,77490,Scott May,CHI,Chicago Bulls,0028000499,1981-01-10,CHI vs. PHL,L,0,3,,,0.0,,,3,4,0.75,,,,,,,,,9,,0
9675,21980,77432,Ollie Mack,DAL,Dallas Mavericks,0028000490,1981-01-08,DAL @ UTH,L,0,4,,,0.0,,,1,2,0.5,,,,,,,,,9,,0
9676,21980,78614,Mike Woodson,NYK,New York Knicks,0028000488,1981-01-08,NYK vs. IND,L,0,4,,,0.0,,,1,2,0.5,,,,,,,,,9,,0
9677,21980,78442,Wally Walker,SEA,Seattle SuperSonics,0028000486,1981-01-07,SEA vs. DET,W,0,3,,,0.0,,,3,4,0.75,,,,,,,,,9,,0
9678,21980,78390,Terry Tyler,DET,Detroit Pistons,0028000486,1981-01-07,DET @ SEA,L,0,4,,,0.0,,,1,2,0.5,,,,,,,,,9,,0
9679,21980,77167,Vinnie Johnson,SEA,Seattle SuperSonics,0028000486,1981-01-07,SEA vs. DET,W,0,2,,,0.0,,,5,6,0.833,,,,,,,,,9,,0
9680,21980,76993,Gerald Henderson,BOS,Boston Celtics,0028000485,1981-01-07,BOS vs. PHX,W,0,4,,,0.0,,,1,2,0.5,,,,,,,,,9,,0
9681,21980,76435,Darwin Cook,NJN,New Jersey Nets,0028000484,1981-01-07,NJN @ IND,L,0,3,,,0.0,,,3,4,0.75,,,,,,,,,9,,0
9682,21980,77193,Bobby Jones,PHL,Philadelphia 76ers,0028000483,1981-01-07,PHL vs. SAN,W,0,2,,,0.0,,,5,8,0.625,,,,,,,,,9,,0
9683,21980,76889,Paul Griffin,SAN,San Antonio Spurs,0028000483,1981-01-07,SAN @ PHL,L,0,2,,,0.0,,,5,7,0.714,,,,,,,,,9,,0
9684,21980,76348,Austin Carr,WAS,Washington Bullets,0028000480,1981-01-06,WAS @ LAL,L,0,3,,,0.0,,,3,4,0.75,,,,,,,,,9,,0
9685,21980,76895,Bob Gross,POR,Portland Trail Blazers,0028000479,1981-01-06,POR vs. DET,W,0,2,,,0.0,,,5,6,0.833,,,,,,,,,9,,0
9686,21980,78400,Jan Van Breda Kolff,NJN,New Jersey Nets,0028000478,1981-01-06,NJN @ MIL,L,0,2,,,0.0,,,5,7,0.714,,,,,,,,,9,,0
9687,21980,76266,Michael Brooks,SDC,San Diego Clippers,0028000475,1981-01-06,SDC @ CHI,L,0,4,,,0.0,,,1,2,0.5,,,,,,,,,9,,0
9688,21980,78467,Kermit Washington,POR,Portland Trail Blazers,0028000473,1981-01-04,POR vs. BOS,L,0,4,,,0.0,,,1,2,0.5,,,,,,,,,9,,0
9689,21980,76526,Johnny Davis,IND,Indiana Pacers,0028000467,1981-01-03,IND vs. SDC,W,0,4,,,0.0,,,1,1,1.0,,,,,,,,,9,,0
9690,21980,76231,Dudley Bradley,IND,Indiana Pacers,0028000467,1981-01-03,IND vs. SDC,W,0,4,,,0.0,,,1,1,1.0,,,,,,,,,9,,0
9691,21980,76095,Mike Bantom,IND,Indiana Pacers,0028000467,1981-01-03,IND vs. SDC,W,0,4,,,0.0,,,1,3,0.333,,,,,,,,,9,,0
9692,21980,77756,Mark Olberding,SAN,San Antonio Spurs,0028000465,1981-01-03,SAN @ CHI,W,0,3,,,0.0,,,3,6,0.5,,,,,,,,,9,,0
9693,21980,76881,David Greenwood,CHI,Chicago Bulls,0028000465,1981-01-03,CHI vs. SAN,L,0,3,,,0.0,,,3,4,0.75,,,,,,,,,9,,0
9694,21980,76242,Mike Bratz,CLE,Cleveland Cavaliers,0028000466,1981-01-03,CLE vs. WAS,W,0,4,,,1.0,,,0,0,,,,,,,,,,9,,0
9695,21980,76242,Mike Bratz,CLE,Cleveland Cavaliers,0028000460,1981-01-02,CLE @ NJN,W,0,3,,,1.0,,,2,2,1.0,,,,,,,,,9,,0
9696,21980,77984,Rick Robey,BOS,Boston Celtics,0028000463,1981-01-02,BOS @ GOS,L,0,2,,,0.0,,,5,9,0.556,,,,,,,,,9,,0
9697,21980,77152,John Johnson,SEA,Seattle SuperSonics,0028000457,1981-01-02,SEA vs. PHL,L,0,3,,,0.0,,,3,5,0.6,,,,,,,,,9,,0
9698,21980,77205,Eddie Jordan,LAL,Los Angeles Lakers,0028000454,1981-01-02,LAL @ SAN,L,0,4,,,0.0,,,1,2,0.5,,,,,,,,,9,,0
9699,21980,76889,Paul Griffin,SAN,San Antonio Spurs,0028000454,1981-01-02,SAN vs. LAL,W,0,4,,,0.0,,,1,1,1.0,,,,,,,,,9,,0
9700,21980,78296,Brian Taylor,SDC,San Diego Clippers,0028000452,1981-01-01,SDC vs. BOS,L,0,4,,,0.0,,,1,2,0.5,,,,,,,,,9,,0
9701,21980,76266,Michael Brooks,SDC,San Diego Clippers,0028000452,1981-01-01,SDC vs. BOS,L,0,4,,,0.0,,,1,4,0.25,,,,,,,,,9,,0
9702,21980,76618,T.R. Dunn,DEN,Denver Nuggets,0028000450,1980-12-30,DEN vs. IND,W,0,4,,,0.0,,,1,4,0.25,,,,,,,,,9,,0
9703,21980,78467,Kermit Washington,POR,Portland Trail Blazers,0028000449,1980-12-30,POR vs. PHL,W,0,3,,,0.0,,,3,8,0.375,,,,,,,,,9,,0
9704,21980,76418,Don Collins,ATL,Atlanta Hawks,0028000448,1980-12-30,ATL vs. DET,W,0,3,,,0.0,,,3,5,0.6,,,,,,,,,9,,0
9705,21980,76899,Ernie Grunfeld,KCK,Kansas City Kings,0028000447,1980-12-30,KCK vs. GOS,L,0,4,,,0.0,,,1,2,0.5,,,,,,,,,9,,0
9706,21980,76583,James Donaldson,SEA,Seattle SuperSonics,0028000445,1980-12-30,SEA @ SAN,L,0,3,,,0.0,,,3,6,0.5,,,,,,,,,9,,0
9707,21980,77986,Cliff T. Robinson,NJN,New Jersey Nets,0028000444,1980-12-30,NJN @ CHI,L,0,4,,,0.0,,,1,2,0.5,,,,,,,,,9,,0
9708,21980,77484,Wes Matthews,WAS,Washington Bullets,0028000441,1980-12-30,WAS vs. MIL,L,0,3,,,0.0,,,3,4,0.75,,,,,,,,,9,,0
9709,21980,76553,Larry Demic,NYK,New York Knicks,0028000440,1980-12-30,NYK vs. DAL,W,0,3,,,0.0,,,3,4,0.75,,,,,,,,,9,,0
9710,21980,76520,Monti Davis,DAL,Dallas Mavericks,0028000440,1980-12-30,DAL @ NYK,L,0,3,,,,,,3,4,0.75,,,,,,,,,9,,0
9711,21980,77432,Ollie Mack,DAL,Dallas Mavericks,0028000439,1980-12-29,DAL @ CLE,L,0,4,,,0.0,,,1,2,0.5,,,,,,,,,9,,0
9712,21980,77334,Mark Landsberger,LAL,Los Angeles Lakers,0028000438,1980-12-28,LAL vs. PHL,W,0,4,,,0.0,,,1,1,1.0,,,,,,,,,9,,0
9713,21980,78520,Sidney Wicks,SDC,San Diego Clippers,0028000603,1980-12-27,SDC vs. IND,W,0,4,,,0.0,,,1,7,0.143,,,,,,,,,9,,0
9714,21980,76317,Don Buse,IND,Indiana Pacers,0028000603,1980-12-27,IND @ SDC,L,0,4,,,0.0,,,1,1,1.0,,,,,,,,,9,,0
9715,21980,229,James Edwards,IND,Indiana Pacers,0028000603,1980-12-27,IND @ SDC,L,0,3,,,0.0,,,3,4,0.75,,,,,,,,,9,,0
9716,21980,76283,Rickey Brown,GOS,Golden State Warriors,0028000430,1980-12-27,GOS vs. SEA,W,0,4,,,0.0,,,1,2,0.5,,,,,,,,,9,,0
9717,21980,76889,Paul Griffin,SAN,San Antonio Spurs,0028000428,1980-12-27,SAN vs. UTH,W,0,4,,,0.0,,,1,2,0.5,,,,,,,,,9,,0
9718,21980,76272,Fred Brown,SEA,Seattle SuperSonics,0028000430,1980-12-27,SEA @ GOS,L,0,2,,,1.0,,,4,4,1.0,,,,,,,,,9,,0
9719,21980,78400,Jan Van Breda Kolff,NJN,New Jersey Nets,0028000427,1980-12-26,NJN vs. ATL,L,0,1,,,0.0,,,7,8,0.875,,,,,,,,,9,,0
9720,21980,77710,Mike Newlin,NJN,New Jersey Nets,0028000427,1980-12-26,NJN vs. ATL,L,0,4,,,0.0,,,1,2,0.5,,,,,,,,,9,,0
9721,21980,77326,Sam Lacey,KCK,Kansas City Kings,0028000424,1980-12-26,KCK vs. PHL,L,0,4,,,0.0,,,1,1,1.0,,,,,,,,,9,,0
9722,21980,76385,Maurice Cheeks,PHL,Philadelphia 76ers,0028000424,1980-12-26,PHL @ KCK,W,0,4,,,0.0,,,1,2,0.5,,,,,,,,,9,,0
9723,21980,77087,Geoff Huston,DAL,Dallas Mavericks,0028000421,1980-12-26,DAL vs. DEN,W,0,4,,,0.0,,,1,1,1.0,,,,,,,,,9,,0
9724,21980,305,Robert Parish,BOS,Boston Celtics,0028000419,1980-12-25,BOS @ NYK,W,0,4,,,0.0,,,1,2,0.5,,,,,,,,,9,,0
9725,21980,76453,Dave Corzine,SAN,San Antonio Spurs,0028000418,1980-12-25,SAN @ PHX,L,0,4,,,0.0,,,1,2,0.5,,,,,,,,,9,,0
9726,21980,76435,Darwin Cook,NJN,New Jersey Nets,0028000416,1980-12-25,NJN @ WAS,L,0,4,,,0.0,,,1,3,0.333,,,,,,,,,9,,0
9727,21980,77021,Kenny Higgs,DEN,Denver Nuggets,0028000412,1980-12-23,DEN @ BOS,L,0,3,,,1.0,,,2,2,1.0,,,,,,,,,9,,0
9728,21980,77419,John Lucas,GOS,Golden State Warriors,0028000413,1980-12-23,GOS @ HOU,W,0,3,,,1.0,,,2,3,0.667,,,,,,,,,9,,0
9729,21980,76242,Mike Bratz,CLE,Cleveland Cavaliers,0028000414,1980-12-23,CLE vs. KCK,L,0,3,,,0.0,,,3,3,1.0,,,,,,,,,9,,0
9730,21980,77800,Sonny Parker,GOS,Golden State Warriors,0028000413,1980-12-23,GOS @ HOU,W,0,4,,,0.0,,,1,2,0.5,,,,,,,,,9,,0
9731,21980,77056,Cedrick Hordges,DEN,Denver Nuggets,0028000412,1980-12-23,DEN @ BOS,L,0,3,,,0.0,,,3,3,1.0,,,,,,,,,9,,0
9732,21980,77324,Mitch Kupchak,WAS,Washington Bullets,0028000410,1980-12-23,WAS @ ATL,L,0,4,,,0.0,,,1,2,0.5,,,,,,,,,9,,0
9733,21980,77623,Paul Mokeski,DET,Detroit Pistons,0028000409,1980-12-23,DET @ PHX,L,0,3,,,0.0,,,3,4,0.75,,,,,,,,,9,,0
9734,21980,77873,Ben Poquette,UTH,Utah Jazz,0028000407,1980-12-23,UTH @ DAL,W,0,4,,,0.0,,,1,2,0.5,,,,,,,,,9,,0
9735,21980,77323,Kevin Kunnert,POR,Portland Trail Blazers,0028000405,1980-12-21,POR vs. PHX,L,0,3,,,0.0,,,3,3,1.0,,,,,,,,,9,,0
9736,21980,78296,Brian Taylor,SDC,San Diego Clippers,0028000404,1980-12-21,SDC vs. DET,W,0,3,,,0.0,,,3,3,1.0,,,,,,,,,9,,0
9737,21980,77689,Swen Nater,SDC,San Diego Clippers,0028000404,1980-12-21,SDC vs. DET,W,0,4,,,0.0,,,1,2,0.5,,,,,,,,,9,,0
9738,21980,78527,Michael Wiley,SAN,San Antonio Spurs,0028000402,1980-12-21,SAN @ LAL,L,0,4,,,0.0,,,1,2,0.5,,,,,,,,,9,,0
9739,21980,76392,Jim Chones,LAL,Los Angeles Lakers,0028000402,1980-12-21,LAL vs. SAN,W,0,4,,,0.0,,,1,3,0.333,,,,,,,,,9,,0
9740,21980,78600,Brian Winters,MIL,Milwaukee Bucks,0028000403,1980-12-21,MIL vs. HOU,W,0,4,,,1.0,,,0,0,,,,,,,,,,9,,0
9741,21980,76257,Allan Bristow,UTH,Utah Jazz,0028000399,1980-12-20,UTH vs. SDC,L,0,1,,,0.0,,,7,10,0.7,,,,,,,,,9,,0
9742,21980,76590,Leon Douglas,KCK,Kansas City Kings,0028000397,1980-12-20,KCK vs. IND,L,0,2,,,0.0,,,5,6,0.833,,,,,,,,,9,,0
9743,21980,78195,Larry Smith,GOS,Golden State Warriors,0028000396,1980-12-20,GOS @ DAL,W,0,3,,,0.0,,,3,3,1.0,,,,,,,,,9,,0
9744,21980,76416,Art Collins,ATL,Atlanta Hawks,0028000391,1980-12-19,ATL @ SEA,L,0,2,,,,,,5,9,0.556,,,,,,,,,9,,0
9745,21980,76887,Kevin Grevey,WAS,Washington Bullets,0028000388,1980-12-19,WAS vs. NYK,L,0,3,,,1.0,,,2,2,1.0,,,,,,,,,9,,0
9746,21980,77353,Allen Leavell,HOU,Houston Rockets,0028000394,1980-12-19,HOU @ BOS,L,0,3,,,0.0,,,3,4,0.75,,,,,,,,,9,,0
9747,21980,77323,Kevin Kunnert,POR,Portland Trail Blazers,0028000387,1980-12-19,POR @ LAL,W,0,3,,,0.0,,,3,4,0.75,,,,,,,,,9,,0
9748,21980,76444,Michael Cooper,LAL,Los Angeles Lakers,0028000387,1980-12-19,LAL vs. POR,L,0,4,,,0.0,,,1,3,0.333,,,,,,,,,9,,0
9749,21980,600014,Artis Gilmore,CHI,Chicago Bulls,0028000380,1980-12-17,CHI @ BOS,L,0,3,,,0.0,,,3,4,0.75,,,,,,,,,9,,0
9750,21980,77490,Scott May,CHI,Chicago Bulls,0028000380,1980-12-17,CHI @ BOS,L,0,4,,,0.0,,,1,2,0.5,,,,,,,,,9,,0
9751,21980,77950,Clint Richardson,PHL,Philadelphia 76ers,0028000378,1980-12-17,PHL vs. CLE,W,0,4,,,0.0,,,1,3,0.333,,,,,,,,,9,,0
9752,21980,76895,Bob Gross,POR,Portland Trail Blazers,0028000375,1980-12-17,POR @ GOS,W,0,3,,,0.0,,,3,4,0.75,,,,,,,,,9,,0
9753,21980,76553,Larry Demic,NYK,New York Knicks,0028000374,1980-12-17,NYK @ DET,W,0,4,,,0.0,,,1,1,1.0,,,,,,,,,9,,0
9754,21980,76971,Steve Hawes,ATL,Atlanta Hawks,0028000373,1980-12-16,ATL vs. NJN,W,0,2,,,0.0,,,5,5,1.0,,,,,,,,,9,,0
9755,21980,76444,Michael Cooper,LAL,Los Angeles Lakers,0028000369,1980-12-16,LAL @ SDC,L,0,4,,,0.0,,,1,2,0.5,,,,,,,,,9,,0
9756,21980,76290,Joe Bryant,SDC,San Diego Clippers,0028000369,1980-12-16,SDC vs. LAL,W,0,3,,,0.0,,,3,4,0.75,,,,,,,,,9,,0
9757,21980,77756,Mark Olberding,SAN,San Antonio Spurs,0028000365,1980-12-14,SAN @ MIL,L,0,2,,,0.0,,,5,7,0.714,,,,,,,,,9,,0
9758,21980,78307,Carlos Terry,WAS,Washington Bullets,0028000359,1980-12-13,WAS vs. IND,W,0,4,,,0.0,,,1,1,1.0,,,,,,,,,9,,0
9759,21980,78215,Ricky Sobers,CHI,Chicago Bulls,0028000354,1980-12-13,CHI vs. BOS,L,0,4,,,0.0,,,1,2,0.5,,,,,,,,,9,,0
9760,21980,77246,Larry Kenon,CHI,Chicago Bulls,0028000354,1980-12-13,CHI vs. BOS,L,0,4,,,0.0,,,1,3,0.333,,,,,,,,,9,,0
9761,21980,76242,Mike Bratz,CLE,Cleveland Cavaliers,0028000355,1980-12-13,CLE vs. UTH,W,0,4,,,1.0,,,0,2,0.0,,,,,,,,,9,,0
9762,21980,76242,Mike Bratz,CLE,Cleveland Cavaliers,0028000349,1980-12-12,CLE @ DET,L,0,3,,,1.0,,,2,2,1.0,,,,,,,,,9,,0
9763,21980,78392,Wes Unseld,WAS,Washington Bullets,0028000350,1980-12-12,WAS @ PHL,L,0,3,,,0.0,,,3,3,1.0,,,,,,,,,9,,0
9764,21980,77324,Mitch Kupchak,WAS,Washington Bullets,0028000350,1980-12-12,WAS @ PHL,L,0,3,,,0.0,,,3,6,0.5,,,,,,,,,9,,0
9765,21980,77168,Mickey Johnson,MIL,Milwaukee Bucks,0028000346,1980-12-11,MIL vs. NYK,W,0,4,,,0.0,,,1,1,1.0,,,,,,,,,9,,0
9766,21980,78351,Andrew Toney,PHL,Philadelphia 76ers,0028000342,1980-12-10,PHL vs. CHI,W,0,4,,,0.0,,,1,3,0.333,,,,,,,,,9,,0
9767,21980,77328,Tom LaGarde,DAL,Dallas Mavericks,0028000341,1980-12-10,DAL @ DEN,L,0,3,,,0.0,,,3,5,0.6,,,,,,,,,9,,0
9768,21980,76392,Jim Chones,LAL,Los Angeles Lakers,0028000340,1980-12-10,LAL @ HOU,W,0,3,,,0.0,,,3,4,0.75,,,,,,,,,9,,0
9769,21980,76471,Charlie Criss,ATL,Atlanta Hawks,0028000339,1980-12-10,ATL @ DET,W,0,2,,,0.0,,,5,5,1.0,,,,,,,,,9,,0
9770,21980,77848,Roger Phegley,CLE,Cleveland Cavaliers,0028000333,1980-12-09,CLE vs. PHL,L,0,4,,,0.0,,,1,2,0.5,,,,,,,,,9,,0
9771,21980,77984,Rick Robey,BOS,Boston Celtics,0028000330,1980-12-09,BOS vs. MIL,W,0,3,,,0.0,,,3,3,1.0,,,,,,,,,9,,0
9772,21980,77786,Tom Owens,POR,Portland Trail Blazers,0028000328,1980-12-09,POR vs. SEA,W,0,2,,,0.0,,,5,5,1.0,,,,,,,,,9,,0
9773,21980,76944,Bill Hanzlik,SEA,Seattle SuperSonics,0028000328,1980-12-09,SEA @ POR,L,0,3,,,0.0,,,3,4,0.75,,,,,,,,,9,,0
9774,21980,77182,Dwight Jones,CHI,Chicago Bulls,0028000327,1980-12-09,CHI vs. PHX,L,0,4,,,0.0,,,1,1,1.0,,,,,,,,,9,,0
9775,21980,77944,Kevin Restani,SAN,San Antonio Spurs,0028000326,1980-12-08,SAN @ SEA,L,0,4,,,1.0,,,0,0,,,,,,,,,,9,,0
9776,21980,76895,Bob Gross,POR,Portland Trail Blazers,0028000325,1980-12-07,POR vs. SAN,W,0,4,,,0.0,,,1,1,1.0,,,,,,,,,9,,0
9777,21980,76392,Jim Chones,LAL,Los Angeles Lakers,0028000321,1980-12-07,LAL vs. UTH,W,0,3,,,0.0,,,3,7,0.429,,,,,,,,,9,,0
9778,21980,76590,Leon Douglas,KCK,Kansas City Kings,0028000319,1980-12-06,KCK @ IND,L,0,3,,,0.0,,,3,8,0.375,,,,,,,,,9,,0
9779,21980,76321,Marty Byrnes,DAL,Dallas Mavericks,0028000310,1980-12-05,DAL @ BOS,L,0,4,,,0.0,,,1,1,1.0,,,,,,,,,9,,0
9780,21980,77193,Bobby Jones,PHL,Philadelphia 76ers,0028000309,1980-12-05,PHL vs. ATL,W,0,3,,,0.0,,,3,3,1.0,,,,,,,,,9,,0
9781,21980,77175,Caldwell Jones,PHL,Philadelphia 76ers,0028000309,1980-12-05,PHL vs. ATL,W,0,3,,,0.0,,,3,4,0.75,,,,,,,,,9,,0
9782,21980,77582,Joe Meriweather,KCK,Kansas City Kings,0028000308,1980-12-05,KCK vs. HOU,W,0,4,,,0.0,,,1,1,1.0,,,,,,,,,9,,0
9783,21980,76590,Leon Douglas,KCK,Kansas City Kings,0028000308,1980-12-05,KCK vs. HOU,W,0,4,,,0.0,,,1,2,0.5,,,,,,,,,9,,0
9784,21980,78527,Michael Wiley,SAN,San Antonio Spurs,0028000304,1980-12-04,SAN vs. CLE,W,0,4,,,0.0,,,1,2,0.5,,,,,,,,,9,,0
9785,21980,77691,Calvin Natt,POR,Portland Trail Blazers,0028000303,1980-12-04,POR @ SDC,W,0,4,,,0.0,,,1,2,0.5,,,,,,,,,9,,0
9786,21980,78392,Wes Unseld,WAS,Washington Bullets,0028000301,1980-12-03,WAS @ IND,L,0,4,,,1.0,,,0,0,,,,,,,,,,9,,0
9787,21980,78307,Carlos Terry,WAS,Washington Bullets,0028000301,1980-12-03,WAS @ IND,L,0,4,,,0.0,,,1,3,0.333,,,,,,,,,9,,0
9788,21980,78215,Ricky Sobers,CHI,Chicago Bulls,0028000299,1980-12-03,CHI @ SEA,L,0,3,,,0.0,,,3,3,1.0,,,,,,,,,9,,0
9789,21980,77205,Eddie Jordan,LAL,Los Angeles Lakers,0028000296,1980-12-03,LAL vs. SDC,L,0,4,,,0.0,,,1,1,1.0,,,,,,,,,9,,0
9790,21980,76887,Kevin Grevey,WAS,Washington Bullets,0028000301,1980-12-03,WAS @ IND,L,0,4,,,1.0,,,0,0,,,,,,,,,,9,,0
9791,21980,77984,Rick Robey,BOS,Boston Celtics,0028000292,1980-12-02,BOS @ DET,W,0,4,,,0.0,,,1,1,1.0,,,,,,,,,9,,0
9792,21980,77364,Ron Lee,DET,Detroit Pistons,0028000292,1980-12-02,DET vs. BOS,L,0,4,,,0.0,,,1,1,1.0,,,,,,,,,9,,0
9793,21980,77396,Scott Lloyd,DAL,Dallas Mavericks,0028000287,1980-12-02,DAL vs. CLE,L,0,4,,,0.0,,,1,2,0.5,,,,,,,,,9,,0
9794,21980,78000,John Roche,DEN,Denver Nuggets,0028000286,1980-12-02,DEN vs. CHI,L,0,1,,,0.0,,,7,7,1.0,,,,,,,,,9,,0
9795,21980,76054,Nate Archibald,BOS,Boston Celtics,0028000283,1980-11-30,BOS @ MIL,L,0,3,,,0.0,,,3,3,1.0,,,,,,,,,9,,0
9796,21980,77582,Joe Meriweather,KCK,Kansas City Kings,0028000279,1980-11-29,KCK vs. SAN,L,0,2,,,0.0,,,5,5,1.0,,,,,,,,,9,,0
9797,21980,77189,Major Jones,HOU,Houston Rockets,0028000276,1980-11-29,HOU vs. DAL,W,0,4,,,0.0,,,1,2,0.5,,,,,,,,,9,,0
9798,21980,77937,Billy Reid,GOS,Golden State Warriors,0028000275,1980-11-29,GOS vs. PHX,L,0,4,,,0.0,,,1,1,1.0,,,,,,,,,9,,0
9799,21980,940,Earl Cureton,PHL,Philadelphia 76ers,0028000273,1980-11-29,PHL vs. UTH,W,0,3,,,0.0,,,3,4,0.75,,,,,,,,,9,,0
9800,21980,77756,Mark Olberding,SAN,San Antonio Spurs,0028000270,1980-11-28,SAN vs. HOU,L,0,4,,,0.0,,,1,1,1.0,,,,,,,,,9,,0
9801,21980,78520,Sidney Wicks,SDC,San Diego Clippers,0028000271,1980-11-28,SDC @ SEA,W,0,4,,,0.0,,,1,3,0.333,,,,,,,,,9,,0
9802,21980,76599,Larry Drew,DET,Detroit Pistons,0028000263,1980-11-28,DET vs. KCK,W,0,4,,,0.0,,,1,2,0.5,,,,,,,,,9,,0
9803,21980,77484,Wes Matthews,WAS,Washington Bullets,0028000264,1980-11-28,WAS @ CLE,L,0,4,,,1.0,,,0,0,,,,,,,,,,9,,0
9804,21980,78351,Andrew Toney,PHL,Philadelphia 76ers,0028000269,1980-11-28,PHL vs. POR,W,0,4,,,1.0,,,0,0,,,,,,,,,,9,,0
9805,21980,76786,Calvin Garrett,HOU,Houston Rockets,0028000256,1980-11-26,HOU vs. PHL,L,0,4,,,0.0,,,1,2,0.5,,,,,,,,,9,,0
9806,21980,78095,Alvin Scott,PHX,Phoenix Suns,0028000254,1980-11-26,PHX vs. SEA,W,0,4,,,0.0,,,1,2,0.5,,,,,,,,,9,,0
9807,21980,77022,Johnny High,PHX,Phoenix Suns,0028000254,1980-11-26,PHX vs. SEA,W,0,4,,,0.0,,,1,2,0.5,,,,,,,,,9,,0
9808,21980,77148,George Johnson,IND,Indiana Pacers,0028000252,1980-11-26,IND vs. ATL,W,0,2,,,0.0,,,5,6,0.833,,,,,,,,,9,,0
9809,21980,77136,Clemon Johnson,IND,Indiana Pacers,0028000252,1980-11-26,IND vs. ATL,W,0,4,,,0.0,,,1,2,0.5,,,,,,,,,9,,0
9810,21980,76971,Steve Hawes,ATL,Atlanta Hawks,0028000249,1980-11-25,ATL vs. POR,W,0,4,,,0.0,,,1,1,1.0,,,,,,,,,9,,0
9811,21980,78467,Kermit Washington,POR,Portland Trail Blazers,0028000246,1980-11-23,POR vs. DAL,W,0,4,,,0.0,,,1,4,0.25,,,,,,,,,9,,0
9812,21980,78331,Mychal Thompson,POR,Portland Trail Blazers,0028000246,1980-11-23,POR vs. DAL,W,0,4,,,0.0,,,1,4,0.25,,,,,,,,,9,,0
9813,21980,78222,Jim Spanarkel,DAL,Dallas Mavericks,0028000246,1980-11-23,DAL @ POR,L,0,4,,,0.0,,,1,2,0.5,,,,,,,,,9,,0
9814,21980,77022,Johnny High,PHX,Phoenix Suns,0028000244,1980-11-23,PHX vs. DEN,W,0,4,,,0.0,,,1,4,0.25,,,,,,,,,9,,0
9815,21980,600005,Bob Lanier,MIL,Milwaukee Bucks,0028000243,1980-11-23,MIL @ LAL,W,0,3,,,0.0,,,3,6,0.5,,,,,,,,,9,,0
9816,21980,77754,Mike O'Koren,NJN,New Jersey Nets,0028000239,1980-11-22,NJN @ DET,L,0,4,,,0.0,,,1,3,0.333,,,,,,,,,9,,0
9817,21980,77136,Clemon Johnson,IND,Indiana Pacers,0028000237,1980-11-22,IND vs. HOU,W,0,3,,,0.0,,,3,4,0.75,,,,,,,,,9,,0
9818,21980,77876,Kevin Porter,WAS,Washington Bullets,0028000235,1980-11-21,WAS vs. SDC,W,0,4,,,0.0,,,1,2,0.5,,,,,,,,,9,,0
9819,21980,77484,Wes Matthews,WAS,Washington Bullets,0028000235,1980-11-21,WAS vs. SDC,W,0,4,,,0.0,,,1,4,0.25,,,,,,,,,9,,0
9820,21980,77419,John Lucas,GOS,Golden State Warriors,0028000234,1980-11-21,GOS @ BOS,L,0,4,,,0.0,,,1,2,0.5,,,,,,,,,9,,0
9821,21980,77235,Rich Kelley,PHX,Phoenix Suns,0028000232,1980-11-21,PHX @ LAL,L,0,2,,,0.0,,,5,7,0.714,,,,,,,,,9,,0
9822,21980,77136,Clemon Johnson,IND,Indiana Pacers,0028000229,1980-11-21,IND @ PHL,L,0,3,,,0.0,,,3,4,0.75,,,,,,,,,9,,0
9823,21980,78215,Ricky Sobers,CHI,Chicago Bulls,0028000228,1980-11-21,CHI vs. NYK,W,0,2,,,0.0,,,5,5,1.0,,,,,,,,,9,,0
9824,21980,76248,Jim Brewer,LAL,Los Angeles Lakers,0028000225,1980-11-20,LAL @ PHX,L,0,4,,,0.0,,,1,2,0.5,,,,,,,,,9,,0
9825,21980,76993,Gerald Henderson,BOS,Boston Celtics,0028000223,1980-11-19,BOS @ IND,W,0,4,,,0.0,,,1,2,0.5,,,,,,,,,9,,0
9826,21980,77043,Lionel Hollins,PHL,Philadelphia 76ers,0028000221,1980-11-19,PHL vs. GOS,W,0,4,,,0.0,,,1,2,0.5,,,,,,,,,9,,0
9827,21980,76353,Joe Barry Carroll,GOS,Golden State Warriors,0028000221,1980-11-19,GOS @ PHL,L,0,3,,,0.0,,,3,5,0.6,,,,,,,,,9,,0
9828,21980,78392,Wes Unseld,WAS,Washington Bullets,0028000219,1980-11-18,WAS vs. GOS,L,0,4,,,0.0,,,1,3,0.333,,,,,,,,,9,,0
9829,21980,77022,Johnny High,PHX,Phoenix Suns,0028000218,1980-11-18,PHX @ DAL,W,0,4,,,0.0,,,1,2,0.5,,,,,,,,,9,,0
9830,21980,76436,Jeff Cook,PHX,Phoenix Suns,0028000218,1980-11-18,PHX @ DAL,W,0,3,,,0.0,,,3,6,0.5,,,,,,,,,9,,0
9831,21980,76011,Alvan Adams,PHX,Phoenix Suns,0028000218,1980-11-18,PHX @ DAL,W,0,4,,,0.0,,,1,2,0.5,,,,,,,,,9,,0
9832,21980,77273,Reggie King,KCK,Kansas City Kings,0028000213,1980-11-18,KCK @ LAL,L,0,4,,,0.0,,,1,1,1.0,,,,,,,,,9,,0
9833,21980,77618,Steve Mix,PHL,Philadelphia 76ers,0028000212,1980-11-18,PHL @ NYK,W,0,4,,,0.0,,,1,1,1.0,,,,,,,,,9,,0
9834,21980,76121,Billyray Bates,POR,Portland Trail Blazers,0028000210,1980-11-18,POR vs. DEN,W,0,3,,,0.0,,,3,4,0.75,,,,,,,,,9,,0
9835,21980,78390,Terry Tyler,DET,Detroit Pistons,0028000206,1980-11-16,DET @ NJN,L,0,4,,,0.0,,,1,4,0.25,,,,,,,,6.0,9,,0
9836,21980,78351,Andrew Toney,PHL,Philadelphia 76ers,0028000205,1980-11-15,PHL vs. NJN,W,0,3,,,0.0,,,3,4,0.75,,,,,,,,,9,,0
9837,21980,77184,Edgar Jones,NJN,New Jersey Nets,0028000205,1980-11-15,NJN @ PHL,L,0,4,,,0.0,,,1,2,0.5,,,,,,,,,9,,0
9838,21980,77715,Carl Nicks,DEN,Denver Nuggets,0028000201,1980-11-15,DEN vs. POR,W,0,4,,,0.0,,,1,2,0.5,,,,,,,,,9,,0
9839,21980,76954,Mike Harper,POR,Portland Trail Blazers,0028000201,1980-11-15,POR @ DEN,L,0,4,,,0.0,,,1,4,0.25,,,,,,,,,9,,0
9840,21980,76786,Calvin Garrett,HOU,Houston Rockets,0028000200,1980-11-15,HOU @ SEA,L,0,4,,,0.0,,,1,2,0.5,,,,,,,,,9,,0
9841,21980,77944,Kevin Restani,SAN,San Antonio Spurs,0028000199,1980-11-15,SAN vs. UTH,W,0,4,,,0.0,,,1,2,0.5,,,,,,,,,9,,0
9842,21980,76204,Ron Boone,UTH,Utah Jazz,0028000199,1980-11-15,UTH @ SAN,L,0,2,,,0.0,,,5,7,0.714,,,,,,,,,9,,0
9843,21980,77984,Rick Robey,BOS,Boston Celtics,0028000190,1980-11-14,BOS vs. NJN,W,0,3,,,0.0,,,3,4,0.75,,,,,,,,,9,,0
9844,21980,78195,Larry Smith,GOS,Golden State Warriors,0028000185,1980-11-12,GOS vs. KCK,W,0,4,,,0.0,,,1,2,0.5,,,,,,,,6.0,9,,0
9845,21980,77273,Reggie King,KCK,Kansas City Kings,0028000185,1980-11-12,KCK @ GOS,L,0,4,,,0.0,,,1,4,0.25,,,,,,,,,9,,0
9846,21980,78400,Jan Van Breda Kolff,NJN,New Jersey Nets,0028000181,1980-11-12,NJN vs. DEN,W,0,4,,,0.0,,,1,1,1.0,,,,,,,,,9,,0
9847,21980,77986,Cliff T. Robinson,NJN,New Jersey Nets,0028000181,1980-11-12,NJN vs. DEN,W,0,4,,,0.0,,,1,2,0.5,,,,,,,,,9,,0
9848,21980,77168,Mickey Johnson,MIL,Milwaukee Bucks,0028000180,1980-11-12,MIL @ DET,W,0,4,,,0.0,,,1,2,0.5,,,,,,,,,9,,0
9849,21980,76599,Larry Drew,DET,Detroit Pistons,0028000180,1980-11-12,DET vs. MIL,L,0,3,,,0.0,,,3,5,0.6,,,,,,,,,9,,0
9850,21980,76534,Ron Davis,SDC,San Diego Clippers,0028000178,1980-11-11,SDC vs. PHX,L,0,4,,,0.0,,,1,1,1.0,,,,,,,,,9,,0
9851,21980,78533,James Wilkes,CHI,Chicago Bulls,0028000177,1980-11-11,CHI vs. PHL,L,0,4,,,0.0,,,1,2,0.5,,,,,,,,,9,,0
9852,21980,78531,Bob Wilkerson,CHI,Chicago Bulls,0028000177,1980-11-11,CHI vs. PHL,L,0,3,,,0.0,,,3,6,0.5,,,,,,,,,9,,0
9853,21980,77324,Mitch Kupchak,WAS,Washington Bullets,0028000175,1980-11-11,WAS vs. DEN,W,0,4,,,0.0,,,1,2,0.5,,,,,,,,,9,,0
9854,21980,77144,Eddie Johnson,ATL,Atlanta Hawks,0028000174,1980-11-11,ATL vs. LAL,L,0,4,,,0.0,,,1,1,1.0,,,,,,,,,9,,0
9855,21980,78331,Mychal Thompson,POR,Portland Trail Blazers,0028000173,1980-11-11,POR vs. KCK,L,0,3,,,0.0,,,3,3,1.0,,,,,,,,,9,,0
9856,21980,77615,Mike Mitchell,CLE,Cleveland Cavaliers,0028000172,1980-11-11,CLE vs. MIL,L,0,3,,,0.0,,,3,4,0.75,,,,,,,,,9,,0
9857,21980,77756,Mark Olberding,SAN,San Antonio Spurs,0028000171,1980-11-11,SAN vs. IND,L,0,4,,,0.0,,,1,2,0.5,,,,,,,,,9,,0
9858,21980,76771,Mike Gale,SAN,San Antonio Spurs,0028000171,1980-11-11,SAN vs. IND,L,0,4,,,0.0,,,1,1,1.0,,,,,,,,,9,,0
9859,21980,78215,Ricky Sobers,CHI,Chicago Bulls,0028000167,1980-11-09,CHI @ BOS,L,0,4,,,1.0,,,0,0,,,,,,,,,,9,,0
9860,21980,77950,Clint Richardson,PHL,Philadelphia 76ers,0028000168,1980-11-09,PHL @ MIL,W,0,4,,,0.0,,,1,3,0.333,,,,,,,,,9,,0
9861,21980,76993,Gerald Henderson,BOS,Boston Celtics,0028000167,1980-11-09,BOS vs. CHI,W,0,4,,,0.0,,,1,2,0.5,,,,,,,,,9,,0
9862,21980,76296,Quinn Buckner,MIL,Milwaukee Bucks,0028000168,1980-11-09,MIL vs. PHL,L,0,4,,,1.0,,,0,0,,,,,,,,,,9,,0
9863,21980,76534,Ron Davis,SDC,San Diego Clippers,0028000165,1980-11-08,SDC @ POR,W,0,3,,,0.0,,,3,4,0.75,,,,,,,,,9,,0
9864,21980,76350,Kenny Carr,CLE,Cleveland Cavaliers,0028000163,1980-11-08,CLE @ KCK,L,0,2,,,0.0,,,5,6,0.833,,,,,,,,,9,,0
9865,21980,77205,Eddie Jordan,NJN,New Jersey Nets,0028000160,1980-11-08,NJN vs. ATL,W,0,4,,,0.0,,,1,2,0.5,,,,,,,,,9,,0
9866,21980,76204,Ron Boone,UTH,Utah Jazz,0028000159,1980-11-08,UTH vs. NYK,L,0,4,,,1.0,,,0,1,0.0,,,,,,,,,9,,0
9867,21980,76444,Michael Cooper,LAL,Los Angeles Lakers,0028000164,1980-11-08,LAL @ SAN,L,0,4,,,1.0,,,0,0,,,,,,,,,,9,,0
9868,21980,78215,Ricky Sobers,CHI,Chicago Bulls,0028000153,1980-11-07,CHI vs. ATL,W,0,2,,,0.0,,,5,6,0.833,,,,,,,,,9,,0
9869,21980,76553,Larry Demic,NYK,New York Knicks,0028000152,1980-11-07,NYK @ DEN,W,0,3,,,0.0,,,3,4,0.75,,,,,,,,,9,,0
9870,21980,76348,Austin Carr,WAS,Washington Bullets,0028000151,1980-11-07,WAS vs. DET,W,0,3,,,0.0,,,3,5,0.6,,,,,,,,,9,,0
9871,21980,76350,Kenny Carr,CLE,Cleveland Cavaliers,0028000149,1980-11-06,CLE @ UTH,L,0,4,,,0.0,,,1,2,0.5,,,,,,,,,9,,0
9872,21980,77022,Johnny High,PHX,Phoenix Suns,0028000143,1980-11-05,PHX @ SAN,L,0,3,,,1.0,,,2,3,0.667,,,,,,,,6.0,9,,0
9873,21980,78400,Jan Van Breda Kolff,NJN,New Jersey Nets,0028000147,1980-11-05,NJN vs. CHI,L,0,4,,,0.0,,,1,1,1.0,,,,,,,,6.0,9,,0
9874,21980,77193,Bobby Jones,PHL,Philadelphia 76ers,0028000146,1980-11-05,PHL vs. DET,W,0,3,,,0.0,,,3,4,0.75,,,,,,,,,9,,0
9875,21980,77944,Kevin Restani,SAN,San Antonio Spurs,0028000143,1980-11-05,SAN vs. PHX,W,0,3,,,0.0,,,3,4,0.75,,,,,,,,,9,,0
9876,21980,77149,George Johnson,SAN,San Antonio Spurs,0028000143,1980-11-05,SAN vs. PHX,W,0,3,,,0.0,,,3,3,1.0,,,,,,,,,9,,0
9877,21980,76436,Jeff Cook,PHX,Phoenix Suns,0028000143,1980-11-05,PHX @ SAN,L,0,4,,,0.0,,,1,2,0.5,,,,,,,,,9,,0
9878,21980,77353,Allen Leavell,HOU,Houston Rockets,0028000141,1980-11-05,HOU vs. SDC,L,0,4,,,0.0,,,1,2,0.5,,,,,,,,,9,,0
9879,21980,76290,Joe Bryant,SDC,San Diego Clippers,0028000141,1980-11-05,SDC @ HOU,W,0,4,,,0.0,,,1,1,1.0,,,,,,,,,9,,0
9880,21980,77264,Bernard King,GOS,Golden State Warriors,0028000140,1980-11-05,GOS vs. CLE,W,0,3,,,0.0,,,3,4,0.75,,,,,,,,,9,,0
9881,21980,76225,Winford Boynes,DAL,Dallas Mavericks,0028000137,1980-11-04,DAL vs. SDC,L,0,4,,,0.0,,,1,1,1.0,,,,,,,,,9,,0
9882,21980,76436,Jeff Cook,PHX,Phoenix Suns,0028000136,1980-11-04,PHX vs. IND,W,0,4,,,0.0,,,1,3,0.333,,,,,,,,,9,,0
9883,21980,77152,John Johnson,SEA,Seattle SuperSonics,0028000133,1980-11-03,SEA vs. CLE,W,0,3,,,0.0,,,3,4,0.75,,,,,,,,,9,,0
9884,21980,77334,Mark Landsberger,LAL,Los Angeles Lakers,0028000131,1980-11-02,LAL vs. DEN,L,0,4,,,0.0,,,1,1,1.0,,,,,,,,,9,,0
9885,21980,77235,Rich Kelley,PHX,Phoenix Suns,0028000129,1980-11-01,PHX @ KCK,W,0,2,,,0.0,,,5,6,0.833,,,,,,,,,9,,0
9886,21980,77193,Bobby Jones,PHL,Philadelphia 76ers,0028000127,1980-11-01,PHL vs. BOS,W,0,2,,,0.0,,,5,10,0.5,,,,,,,,,9,,0
9887,21980,305,Robert Parish,BOS,Boston Celtics,0028000127,1980-11-01,BOS @ PHL,L,0,4,,,0.0,,,1,2,0.5,,,,,,,,6.0,9,,0
9888,21980,77182,Dwight Jones,CHI,Chicago Bulls,0028000125,1980-11-01,CHI vs. DET,W,0,4,,,0.0,,,1,1,1.0,,,,,,,,,9,,0
9889,21980,77205,Eddie Jordan,NJN,New Jersey Nets,0028000121,1980-11-01,NJN @ IND,L,0,3,,,0.0,,,3,5,0.6,,,,,,,,,9,,0
9890,21980,77126,Abdul Jeelani,DAL,Dallas Mavericks,0028000119,1980-10-31,DAL @ UTH,L,0,0,,,0.0,,,9,10,0.9,,,,,,,,,9,,0
9891,21980,76421,Doug Collins,PHL,Philadelphia 76ers,0028000116,1980-10-31,PHL vs. ATL,W,0,3,,,0.0,,,3,3,1.0,,,,,,,,,9,,0
9892,21980,77484,Wes Matthews,WAS,Washington Bullets,0028000115,1980-10-31,WAS @ NJN,L,0,4,,,0.0,,,1,2,0.5,,,,,,,,,9,,0
9893,21980,78095,Alvin Scott,PHX,Phoenix Suns,0028000113,1980-10-31,PHX @ DET,W,0,4,,,0.0,,,1,1,1.0,,,,,,,,,9,,0
9894,21980,78510,Jojo White,KCK,Kansas City Kings,0028000110,1980-10-29,KCK vs. POR,W,0,4,,,0.0,,,1,1,1.0,,,,,,,,,9,,0
9895,21980,77626,Sidney Moncrief,MIL,Milwaukee Bucks,0028000108,1980-10-29,MIL @ NJN,W,0,2,,,0.0,,,5,5,1.0,,,,,,,,,9,,0
9896,21980,76483,Pat Cummings,MIL,Milwaukee Bucks,0028000108,1980-10-29,MIL @ NJN,W,0,4,,,0.0,,,1,1,1.0,,,,,,,,,9,,0
9897,21980,77193,Bobby Jones,PHL,Philadelphia 76ers,0028000104,1980-10-29,PHL vs. CHI,W,0,4,,,0.0,,,1,2,0.5,,,,,,,,,9,,0
9898,21980,77040,Brad Holland,LAL,Los Angeles Lakers,0028000098,1980-10-28,LAL @ SDC,W,0,2,,,0.0,,,5,6,0.833,,,,,,,,,9,,0
9899,21980,76985,Garfield Heard,SDC,San Diego Clippers,0028000098,1980-10-28,SDC vs. LAL,L,0,4,,,0.0,,,1,2,0.5,,,,,,,,,9,,0
9900,21980,76539,Darryl Dawkins,PHL,Philadelphia 76ers,0028000097,1980-10-28,PHL @ CLE,W,0,4,,,0.0,,,1,1,1.0,,,,,,,,,9,,0
9901,21980,76887,Kevin Grevey,WAS,Washington Bullets,0028000092,1980-10-26,WAS @ MIL,L,0,4,,,1.0,,,0,0,,,,,,,,,,9,,0
9902,21980,77163,Reggie Johnson,SAN,San Antonio Spurs,0028000093,1980-10-26,SAN @ LAL,W,0,4,,,0.0,,,1,2,0.5,,,,,,,,,9,,0
9903,21980,77626,Sidney Moncrief,MIL,Milwaukee Bucks,0028000092,1980-10-26,MIL vs. WAS,W,0,3,,,0.0,,,3,6,0.5,,,,,,,,,9,,0
9904,21980,76091,Greg Ballard,WAS,Washington Bullets,0028000092,1980-10-26,WAS @ MIL,L,0,3,,,0.0,,,3,5,0.6,,,,,,,,,9,,0
9905,21980,77353,Allen Leavell,HOU,Houston Rockets,0028000089,1980-10-25,HOU vs. DET,L,0,3,,,0.0,,,3,4,0.75,,,,,,,,,9,,0
9906,21980,76351,M.L. Carr,BOS,Boston Celtics,0028000087,1980-10-25,BOS @ WAS,W,0,3,,,0.0,,,3,4,0.75,,,,,,,,,9,,0
9907,21980,77264,Bernard King,GOS,Golden State Warriors,0028000085,1980-10-25,GOS vs. DAL,W,0,3,,,0.0,,,3,4,0.75,,,,,,,,,9,,0
9908,21980,77126,Abdul Jeelani,DAL,Dallas Mavericks,0028000085,1980-10-25,DAL @ GOS,L,0,4,,,0.0,,,1,2,0.5,,,,,,,,,9,,0
9909,21980,76296,Quinn Buckner,MIL,Milwaukee Bucks,0028000084,1980-10-25,MIL vs. CHI,W,0,4,,,0.0,,,1,2,0.5,,,,,,,,,9,,0
9910,21980,78200,Randy Smith,CLE,Cleveland Cavaliers,0028000083,1980-10-25,CLE vs. IND,W,0,3,,,0.0,,,3,3,1.0,,,,,,,,,9,,0
9911,21980,77136,Clemon Johnson,IND,Indiana Pacers,0028000083,1980-10-25,IND @ CLE,L,0,3,,,0.0,,,3,6,0.5,,,,,,,,,9,,0
9912,21980,229,James Edwards,IND,Indiana Pacers,0028000083,1980-10-25,IND @ CLE,L,0,4,,,0.0,,,1,2,0.5,,,,,,,,,9,,0
9913,21980,76272,Fred Brown,SEA,Seattle SuperSonics,0028000081,1980-10-25,SEA vs. PHX,L,0,3,,,1.0,,,2,2,1.0,,,,,,,,,9,,0
9914,21980,77715,Carl Nicks,DEN,Denver Nuggets,0028000080,1980-10-24,DEN vs. PHX,L,0,2,,,0.0,,,5,7,0.714,,,,,,,,,9,,0
9915,21980,77097,Dan Issel,DEN,Denver Nuggets,0028000080,1980-10-24,DEN vs. PHX,L,0,3,,,0.0,,,3,4,0.75,,,,,,,,,9,,0
9916,21980,77021,Kenny Higgs,DEN,Denver Nuggets,0028000080,1980-10-24,DEN vs. PHX,L,0,3,,,0.0,,,3,4,0.75,,,,,,,,,9,,0
9917,21980,1453,Walter Davis,PHX,Phoenix Suns,0028000080,1980-10-24,PHX @ DEN,W,0,2,,,0.0,,,5,6,0.833,,,,,,,,,9,,0
9918,21980,77484,Wes Matthews,WAS,Washington Bullets,0028000078,1980-10-24,WAS @ CHI,L,0,4,,,0.0,,,1,2,0.5,,,,,,,,,9,,0
9919,21980,77873,Ben Poquette,UTH,Utah Jazz,0028000077,1980-10-24,UTH @ SDC,L,0,4,,,0.0,,,1,3,0.333,,,,,,,,,9,,0
9920,21980,77420,Maurice Lucas,NJN,New Jersey Nets,0028000075,1980-10-24,NJN vs. CLE,L,0,4,,,0.0,,,1,1,1.0,,,,,,,,,9,,0
9921,21980,76095,Mike Bantom,IND,Indiana Pacers,0028000074,1980-10-24,IND vs. ATL,W,0,3,,,0.0,,,3,5,0.6,,,,,,,,,9,,0
9922,21980,77937,Billy Reid,GOS,Golden State Warriors,0028000071,1980-10-23,GOS @ SAN,L,0,4,,,0.0,,,1,2,0.5,,,,,,,,,9,,0
9923,21980,77756,Mark Olberding,SAN,San Antonio Spurs,0028000071,1980-10-23,SAN vs. GOS,W,0,4,,,0.0,,,1,2,0.5,,,,,,,,,9,,0
9924,21980,78350,Rudy Tomjanovich,HOU,Houston Rockets,0028000072,1980-10-23,HOU vs. KCK,L,0,4,,,1.0,,,0,0,,,,,,,,,,9,,0
9925,21980,77043,Lionel Hollins,PHL,Philadelphia 76ers,0028000069,1980-10-22,PHL @ DET,W,0,3,,,0.0,,,3,4,0.75,,,,,,,,,9,,0
9926,21980,76765,Tony Fuller,DET,Detroit Pistons,0028000069,1980-10-22,DET vs. PHL,L,0,4,,,0.0,,,1,1,1.0,,,,,,,,,9,,0
9927,21980,77626,Sidney Moncrief,MIL,Milwaukee Bucks,0028000068,1980-10-22,MIL @ IND,W,0,3,,,0.0,,,3,3,1.0,,,,,,,,,9,,0
9928,21980,77532,George McGinnis,IND,Indiana Pacers,0028000068,1980-10-22,IND vs. MIL,L,0,1,,,0.0,,,7,11,0.636,,,,,,,,,9,,0
9929,21980,77290,Billy Knight,IND,Indiana Pacers,0028000068,1980-10-22,IND vs. MIL,L,0,4,,,0.0,,,1,1,1.0,,,,,,,,,9,,0
9930,21980,76887,Kevin Grevey,WAS,Washington Bullets,0028000067,1980-10-22,WAS vs. CLE,W,0,4,,,0.0,,,1,1,1.0,,,,,,,,,9,,0
9931,21980,78296,Brian Taylor,SDC,San Diego Clippers,0028000061,1980-10-21,SDC @ SAN,L,0,3,,,1.0,,,2,2,1.0,,,,,,,,,9,,0
9932,21980,78200,Randy Smith,CLE,Cleveland Cavaliers,0028000065,1980-10-21,CLE @ MIL,L,0,4,,,0.0,,,1,2,0.5,,,,,,,,,9,,0
9933,21980,77626,Sidney Moncrief,MIL,Milwaukee Bucks,0028000065,1980-10-21,MIL vs. CLE,W,0,3,,,0.0,,,3,4,0.75,,,,,,,,,9,,0
9934,21980,77168,Mickey Johnson,MIL,Milwaukee Bucks,0028000065,1980-10-21,MIL vs. CLE,W,0,3,,,0.0,,,3,4,0.75,,,,,,,,,9,,0
9935,21980,77334,Mark Landsberger,LAL,Los Angeles Lakers,0028000064,1980-10-21,LAL @ POR,L,0,3,,,0.0,,,3,3,1.0,,,,,,,,,9,,0
9936,21980,76786,Calvin Garrett,HOU,Houston Rockets,0028000063,1980-10-21,HOU @ DEN,W,0,4,,,0.0,,,1,2,0.5,,,,,,,,,9,,0
9937,21980,76802,Gus Gerard,KCK,Kansas City Kings,0028000062,1980-10-21,KCK vs. GOS,L,0,3,,,0.0,,,3,4,0.75,,,,,,,,,9,,0
9938,21980,77148,George Johnson,IND,Indiana Pacers,0028000060,1980-10-21,IND @ ATL,W,0,3,,,0.0,,,3,5,0.6,,,,,,,,,9,,0
9939,21980,76231,Dudley Bradley,IND,Indiana Pacers,0028000060,1980-10-21,IND @ ATL,W,0,3,,,0.0,,,3,3,1.0,,,,,,,,,9,,0
9940,21980,78199,Phil Smith,SDC,San Diego Clippers,0028000056,1980-10-19,SDC vs. PHX,L,0,4,,,0.0,,,1,1,1.0,,,,,,,,,9,,0
9941,21980,77917,Clifford Ray,GOS,Golden State Warriors,0028000055,1980-10-19,GOS @ LAL,L,0,4,,,0.0,,,1,1,1.0,,,,,,,,,9,,0
9942,21980,78310,Reggie Theus,CHI,Chicago Bulls,0028000051,1980-10-18,CHI vs. NJN,L,0,3,,,0.0,,,3,4,0.75,,,,,,,,,9,,0
9943,21980,77490,Scott May,CHI,Chicago Bulls,0028000051,1980-10-18,CHI vs. NJN,L,0,4,,,0.0,,,1,1,1.0,,,,,,,,,9,,0
9944,21980,77950,Clint Richardson,PHL,Philadelphia 76ers,0028000050,1980-10-18,PHL vs. WAS,W,0,1,,,0.0,,,7,8,0.875,,,,,,,,,9,,0
9945,21980,78519,Charles Whitney,KCK,Kansas City Kings,0028000049,1980-10-18,KCK vs. SEA,L,0,3,,,0.0,,,3,5,0.6,,,,,,,,,9,,0
9946,21980,305,Robert Parish,BOS,Boston Celtics,0028000048,1980-10-18,BOS @ IND,L,0,3,,,0.0,,,3,4,0.75,,,,,,,,,9,,0
9947,21980,76608,Terry Duerod,DAL,Dallas Mavericks,0028000047,1980-10-18,DAL @ SAN,L,0,4,,,0.0,,,1,1,1.0,,,,,,,,,9,,0
9948,21980,77626,Sidney Moncrief,MIL,Milwaukee Bucks,0028000046,1980-10-18,MIL @ CLE,W,0,4,,,0.0,,,1,1,1.0,,,,,,,,,9,,0
9949,21980,78000,John Roche,DEN,Denver Nuggets,0028000045,1980-10-18,DEN @ UTH,L,0,3,,,0.0,,,3,4,0.75,,,,,,,,,9,,0
9950,21980,77873,Ben Poquette,UTH,Utah Jazz,0028000045,1980-10-18,UTH vs. DEN,W,0,3,,,0.0,,,3,4,0.75,,,,,,,,,9,,0
9951,21980,76351,M.L. Carr,BOS,Boston Celtics,0028000048,1980-10-18,BOS @ IND,L,0,4,,,1.0,,,0,0,,,,,,,,,,9,,0
9952,21980,77829,Sam Pellom,ATL,Atlanta Hawks,0028000044,1980-10-17,ATL vs. NYK,W,0,3,,,0.0,,,3,4,0.75,,,,,,,,,9,,0
9953,21980,77553,Tom McMillen,ATL,Atlanta Hawks,0028000044,1980-10-17,ATL vs. NYK,W,0,3,,,0.0,,,3,4,0.75,,,,,,,,,9,,0
9954,21980,76736,Phil Ford,KCK,Kansas City Kings,0028000041,1980-10-17,KCK @ DAL,W,0,4,,,0.0,,,1,1,1.0,,,,,,,,,9,,0
9955,21980,78000,John Roche,DEN,Denver Nuggets,0028000039,1980-10-17,DEN @ SDC,W,0,2,,,0.0,,,5,5,1.0,,,,,,,,,9,,0
9956,21980,77756,Mark Olberding,SAN,San Antonio Spurs,0028000037,1980-10-16,SAN @ DET,W,0,4,,,0.0,,,1,1,1.0,,,,,,,,,9,,0
9957,21980,78195,Larry Smith,GOS,Golden State Warriors,0028000028,1980-10-15,GOS vs. POR,W,0,4,,,0.0,,,1,1,1.0,,,,,,,,,9,,0
9958,21980,77290,Billy Knight,IND,Indiana Pacers,0028000034,1980-10-15,IND vs. CHI,L,0,3,,,0.0,,,3,4,0.75,,,,,,,,,9,,0
9959,21980,77326,Sam Lacey,KCK,Kansas City Kings,0028000032,1980-10-15,KCK vs. LAL,L,0,3,,,0.0,,,3,4,0.75,,,,,,,,,9,,0
9960,21980,76121,Billyray Bates,POR,Portland Trail Blazers,0028000028,1980-10-15,POR @ GOS,L,0,4,,,1.0,,,0,0,,,,,,,,,,9,,0
9961,21980,76966,Joey Hassett,DAL,Dallas Mavericks,0028000029,1980-10-15,DAL @ DEN,L,0,4,,,1.0,,,0,0,,,,,,,,,,9,,0
9962,21980,76351,M.L. Carr,BOS,Boston Celtics,0028000025,1980-10-14,BOS @ ATL,L,0,4,,,0.0,,,1,2,0.5,,,,,,,,,9,,0
9963,21980,76385,Maurice Cheeks,PHL,Philadelphia 76ers,0028000027,1980-10-14,PHL @ NYK,L,0,3,,,0.0,,,3,5,0.6,,,,,,,,,9,,0
9964,21980,78143,John Shumate,SAN,San Antonio Spurs,0028000026,1980-10-14,SAN vs. KCK,W,0,4,,,0.0,,,1,2,0.5,,,,,,,,,9,,0
9965,21980,78436,Foots Walker,NJN,New Jersey Nets,0028000022,1980-10-13,NJN vs. DET,W,0,2,,,0.0,,,5,6,0.833,,,,,,,,,9,,0
9966,21980,77582,Joe Meriweather,KCK,Kansas City Kings,0028000020,1980-10-12,KCK @ PHX,L,0,4,,,0.0,,,1,2,0.5,,,,,,,,,9,,0
9967,21980,77141,Dennis Johnson,PHX,Phoenix Suns,0028000020,1980-10-12,PHX vs. KCK,W,0,2,,,0.0,,,5,6,0.833,,,,,,,,,9,,0
9968,21980,78425,Brett Vroman,UTH,Utah Jazz,0028000018,1980-10-12,UTH @ DEN,W,0,4,,,0.0,,,1,1,1.0,,,,,,,,6.0,9,,0
9969,21980,76257,Allan Bristow,UTH,Utah Jazz,0028000017,1980-10-11,UTH @ KCK,L,0,4,,,0.0,,,1,3,0.333,,,,,,,,,9,,0
9970,21980,78047,Campy Russell,NYK,New York Knicks,0028000016,1980-10-11,NYK vs. MIL,W,0,3,,,0.0,,,3,4,0.75,,,,,,,,6.0,9,,0
9971,21980,77626,Sidney Moncrief,MIL,Milwaukee Bucks,0028000016,1980-10-11,MIL @ NYK,L,0,2,,,0.0,,,5,6,0.833,,,,,,,,,9,,0
9972,21980,77484,Wes Matthews,WAS,Washington Bullets,0028000014,1980-10-11,WAS vs. PHL,L,0,3,,,0.0,,,3,5,0.6,,,,,,,,,9,,0
9973,21980,77420,Maurice Lucas,NJN,New Jersey Nets,0028000009,1980-10-10,NJN vs. IND,L,0,2,,,0.0,,,5,9,0.556,,,,,,,,6.0,9,,0
9974,21980,77691,Calvin Natt,POR,Portland Trail Blazers,0028000008,1980-10-10,POR @ UTH,L,0,4,,,0.0,,,1,1,1.0,,,,,,,,,9,,0
9975,21980,77043,Lionel Hollins,PHL,Philadelphia 76ers,0028000003,1980-10-10,PHL vs. MIL,L,0,2,,,0.0,,,5,6,0.833,,,,,,,,,9,,0
9976,21980,78143,John Shumate,SAN,San Antonio Spurs,0028000002,1980-10-10,SAN @ DEN,W,0,0,,,0.0,,,9,13,0.692,,,,,,,,,9,,0
9977,21980,100263,Bill Laimbeer,CLE,Cleveland Cavaliers,0028000943,1981-03-29,CLE @ WAS,L,0,3,,,0.0,,,2,2,1.0,,,,,,,,,8,,0
9978,21980,78200,Randy Smith,CLE,Cleveland Cavaliers,0028000943,1981-03-29,CLE @ WAS,L,0,3,,,0.0,,,2,2,1.0,,,,,,,,,8,,0
9979,21980,77848,Roger Phegley,CLE,Cleveland Cavaliers,0028000943,1981-03-29,CLE @ WAS,L,0,3,,,0.0,,,2,2,1.0,,,,,,,,,8,,0
9980,21980,77087,Geoff Huston,CLE,Cleveland Cavaliers,0028000943,1981-03-29,CLE @ WAS,L,0,4,,,0.0,,,0,0,,,,,,,,,,8,,0
9981,21980,76500,Bob Dandridge,WAS,Washington Bullets,0028000943,1981-03-29,WAS vs. CLE,W,0,4,,,0.0,,,0,0,,,,,,,,,,8,,0
9982,21980,76616,Mike Dunleavy,HOU,Houston Rockets,0028000935,1981-03-29,HOU @ SAN,L,0,3,,,0.0,,,2,4,0.5,,,,,,,,,8,,0
9983,21980,76895,Bob Gross,POR,Portland Trail Blazers,0028000941,1981-03-29,POR @ SDC,W,0,2,,,0.0,,,4,6,0.667,,,,,,,,,8,,0
9984,21980,77175,Caldwell Jones,PHL,Philadelphia 76ers,0028000937,1981-03-29,PHL @ BOS,L,0,3,,,0.0,,,2,4,0.5,,,,,,,,,8,,0
9985,21980,77235,Rich Kelley,PHX,Phoenix Suns,0028000936,1981-03-29,PHX vs. UTH,W,0,3,,,0.0,,,2,3,0.667,,,,,,,,,8,,0
9986,21980,76151,Mel Bennett,UTH,Utah Jazz,0028000936,1981-03-29,UTH @ PHX,L,0,3,,,0.0,,,2,4,0.5,,,,,,,,,8,,0
9987,21980,76553,Larry Demic,NYK,New York Knicks,0028000940,1981-03-29,NYK vs. NJN,W,0,3,,,0.0,,,2,4,0.5,,,,,,,,,8,,0
9988,21980,77022,Johnny High,PHX,Phoenix Suns,0028000936,1981-03-29,PHX vs. UTH,W,0,3,,,0.0,,,2,4,0.5,,,,,,,,,8,,0
9989,21980,78404,Kiki Vandeweghe,DEN,Denver Nuggets,0028000932,1981-03-28,DEN @ GOS,W,0,4,,,0.0,,,0,0,,,,,,,,,,8,,0
9990,21980,78481,Marvin Webster,NYK,New York Knicks,0028000931,1981-03-28,NYK @ NJN,W,0,3,,,0.0,,,2,4,0.5,,,,,,,,,8,,0
9991,21980,77498,Bob McAdoo,NJN,New Jersey Nets,0028000931,1981-03-28,NJN vs. NYK,L,0,3,,,0.0,,,2,2,1.0,,,,,,,,,8,,0
9992,21980,76444,Michael Cooper,LAL,Los Angeles Lakers,0028000930,1981-03-28,LAL @ UTH,L,0,3,,,0.0,,,2,2,1.0,,,,,,,,,8,,0
9993,21980,76257,Allan Bristow,UTH,Utah Jazz,0028000930,1981-03-28,UTH vs. LAL,W,0,3,,,0.0,,,2,2,1.0,,,,,,,,,8,,0
9994,21980,77324,Mitch Kupchak,WAS,Washington Bullets,0028000929,1981-03-28,WAS vs. DET,W,0,2,,,0.0,,,4,5,0.8,,,,,,,,,8,,0
9995,21980,76599,Larry Drew,DET,Detroit Pistons,0028000928,1981-03-27,DET @ BOS,W,0,0,,,0.0,,,8,8,1.0,,,,,,,,,8,,0
9996,21980,76054,Nate Archibald,BOS,Boston Celtics,0028000928,1981-03-27,BOS vs. DET,L,0,3,,,0.0,,,2,2,1.0,,,,,,,,,8,,0
9997,21980,77126,Abdul Jeelani,DAL,Dallas Mavericks,0028000926,1981-03-27,DAL vs. POR,L,0,2,,,0.0,,,4,4,1.0,,,,,,,,,8,,0
9998,21980,77308,Joel Kramer,PHX,Phoenix Suns,0028000924,1981-03-27,PHX vs. SDC,W,0,3,,,0.0,,,2,2,1.0,,,,,,,,,8,,0
9999,21980,76266,Michael Brooks,SDC,San Diego Clippers,0028000924,1981-03-27,SDC @ PHX,L,0,3,,,0.0,,,2,2,1.0,,,,,,,,,8,,0
10000,21980,78482,Scott Wedman,KCK,Kansas City Kings,0028000923,1981-03-27,KCK @ HOU,L,0,3,,,0.0,,,2,2,1.0,,,,,,,,6.0,8,,0
10001,21980,77669,Calvin Murphy,HOU,Houston Rockets,0028000923,1981-03-27,HOU vs. KCK,W,0,3,,,0.0,,,2,2,1.0,,,,,,,,,8,,0
10002,21980,76996,Tom Henderson,HOU,Houston Rockets,0028000923,1981-03-27,HOU vs. KCK,W,0,2,,,0.0,,,4,4,1.0,,,,,,,,,8,,0
10003,21980,77484,Wes Matthews,ATL,Atlanta Hawks,0028000921,1981-03-27,ATL @ CHI,L,0,4,,,0.0,,,0,0,,,,,,,,,,8,,0
10004,21980,76242,Mike Bratz,CLE,Cleveland Cavaliers,0028000925,1981-03-27,CLE vs. PHL,L,0,2,,,2.0,,,2,2,1.0,,,,,,,,,8,,0
10005,21980,76257,Allan Bristow,UTH,Utah Jazz,0028000920,1981-03-26,UTH vs. SAN,L,0,4,,,0.0,,,0,0,,,,,,,,,,8,,0
10006,21980,77848,Roger Phegley,CLE,Cleveland Cavaliers,0028000918,1981-03-26,CLE @ MIL,L,0,4,,,0.0,,,0,0,,,,,,,,,,8,,0
10007,21980,78404,Kiki Vandeweghe,DEN,Denver Nuggets,0028000914,1981-03-25,DEN vs. DAL,L,0,4,,,0.0,,,0,0,,,,,,,,,,8,,0
10008,21980,77547,Billy McKinney,DEN,Denver Nuggets,0028000914,1981-03-25,DEN vs. DAL,L,0,3,,,0.0,,,2,4,0.5,,,,,,,,,8,,0
10009,21980,77021,Kenny Higgs,DEN,Denver Nuggets,0028000914,1981-03-25,DEN vs. DAL,L,0,3,,,0.0,,,2,3,0.667,,,,,,,,,8,,0
10010,21980,76830,Glen Gondrezick,DEN,Denver Nuggets,0028000914,1981-03-25,DEN vs. DAL,L,0,3,,,0.0,,,2,2,1.0,,,,,,,,,8,,0
10011,21980,77163,Reggie Johnson,SAN,San Antonio Spurs,0028000912,1981-03-25,SAN @ HOU,L,0,3,,,0.0,,,2,3,0.667,,,,,,,,,8,,0
10012,21980,77149,George Johnson,SAN,San Antonio Spurs,0028000912,1981-03-25,SAN @ HOU,L,0,4,,,0.0,,,0,0,,,,,,,,,,8,,0
10013,21980,76889,Paul Griffin,SAN,San Antonio Spurs,0028000912,1981-03-25,SAN @ HOU,L,0,4,,,0.0,,,0,0,,,,,,,,,,8,,0
10014,21980,77858,Stan Pietkiewicz,DAL,Dallas Mavericks,0028000914,1981-03-25,DAL @ DEN,W,0,3,,,2.0,,,0,0,,,,,,,,,,8,,0
10015,21980,76686,Mike Evans,MIL,Milwaukee Bucks,0028000903,1981-03-24,MIL vs. NJN,W,0,3,,,1.0,,,1,2,0.5,,,,,,,,,8,,0
10016,21980,77998,Dave Robisch,DEN,Denver Nuggets,0028000909,1981-03-24,DEN @ SAN,W,0,4,,,0.0,,,0,0,,,,,,,,,,8,,0
10017,21980,77149,George Johnson,SAN,San Antonio Spurs,0028000909,1981-03-24,SAN vs. DEN,L,0,3,,,0.0,,,2,2,1.0,,,,,,,,,8,,0
10018,21980,76889,Paul Griffin,SAN,San Antonio Spurs,0028000909,1981-03-24,SAN vs. DEN,L,0,3,,,0.0,,,2,2,1.0,,,,,,,,,8,,0
10019,21980,76618,T.R. Dunn,DEN,Denver Nuggets,0028000909,1981-03-24,DEN @ SAN,W,0,2,,,0.0,,,4,4,1.0,,,,,,,,,8,,0
10020,21980,77715,Carl Nicks,UTH,Utah Jazz,0028000907,1981-03-24,UTH vs. KCK,L,0,4,,,0.0,,,0,0,,,,,,,,,,8,,0
10021,21980,76441,Wayne Cooper,UTH,Utah Jazz,0028000907,1981-03-24,UTH vs. KCK,L,0,3,,,0.0,,,2,2,1.0,,,,,,,,,8,,0
10022,21980,100263,Bill Laimbeer,CLE,Cleveland Cavaliers,0028000905,1981-03-24,CLE @ CHI,L,0,4,,,0.0,,,0,0,,,,,,,,,6.0,8,,0
10023,21980,76985,Garfield Heard,SDC,San Diego Clippers,0028000904,1981-03-24,SDC vs. SEA,W,0,4,,,0.0,,,0,0,,,,,,,,,,8,,0
10024,21980,76085,James Bailey,SEA,Seattle SuperSonics,0028000904,1981-03-24,SEA @ SDC,L,0,3,,,0.0,,,2,3,0.667,,,,,,,,,8,,0
10025,21980,77754,Mike O'Koren,NJN,New Jersey Nets,0028000903,1981-03-24,NJN @ MIL,L,0,4,,,0.0,,,0,2,0.0,,,,,,,,,8,,0
10026,21980,76435,Darwin Cook,NJN,New Jersey Nets,0028000903,1981-03-24,NJN @ MIL,L,0,4,,,0.0,,,0,0,,,,,,,,,,8,,0
10027,21980,76895,Bob Gross,POR,Portland Trail Blazers,0028000902,1981-03-24,POR vs. PHX,W,0,3,,,0.0,,,2,2,1.0,,,,,,,,,8,,0
10028,21980,78570,Sly Williams,NYK,New York Knicks,0028000900,1981-03-24,NYK vs. BOS,L,0,4,,,0.0,,,0,0,,,,,,,,,,8,,0
10029,21980,76085,James Bailey,SEA,Seattle SuperSonics,0028000899,1981-03-22,SEA @ PHX,L,0,3,,,0.0,,,2,4,0.5,,,,,,,,,8,,0
10030,21980,76979,Elvin Hayes,WAS,Washington Bullets,0028000895,1981-03-22,WAS vs. ATL,W,0,4,,,0.0,,,0,0,,,,,,,,,,8,,0
10031,21980,77175,Caldwell Jones,PHL,Philadelphia 76ers,0028000892,1981-03-22,PHL vs. BOS,W,0,3,,,0.0,,,2,3,0.667,,,,,,,,,8,,0
10032,21980,940,Earl Cureton,PHL,Philadelphia 76ers,0028000892,1981-03-22,PHL vs. BOS,W,0,3,,,0.0,,,2,2,1.0,,,,,,,,,8,,0
10033,21980,77163,Reggie Johnson,SAN,San Antonio Spurs,0028000891,1981-03-22,SAN vs. SDC,W,0,1,,,0.0,,,6,7,0.857,,,,,,,,,8,,0
10034,21980,78533,James Wilkes,CHI,Chicago Bulls,0028000890,1981-03-22,CHI @ DET,W,0,4,,,0.0,,,0,0,,,,,,,,,,8,,0
10035,21980,76317,Don Buse,IND,Indiana Pacers,0028000897,1981-03-22,IND vs. CLE,W,0,2,,,1.0,,,3,4,0.75,,,,,,,,,8,,0
10036,21980,77691,Calvin Natt,POR,Portland Trail Blazers,0028000889,1981-03-21,POR vs. LAL,L,0,1,,,0.0,,,6,6,1.0,,,,,,,,,8,,0
10037,21980,78015,Lorenzo Romar,GOS,Golden State Warriors,0028000888,1981-03-21,GOS vs. PHX,W,0,3,,,0.0,,,2,2,1.0,,,,,,,,,8,,0
10038,21980,76436,Jeff Cook,PHX,Phoenix Suns,0028000888,1981-03-21,PHX @ GOS,L,0,4,,,0.0,,,0,0,,,,,,,,,,8,,0
10039,21980,100263,Bill Laimbeer,CLE,Cleveland Cavaliers,0028000886,1981-03-21,CLE @ NYK,L,0,4,,,0.0,,,0,0,,,,,,,,,,8,,0
10040,21980,77996,Wayne Robinson,DET,Detroit Pistons,0028000885,1981-03-20,DET vs. MIL,L,0,2,,,0.0,,,4,4,1.0,,,,,,,,,8,,0
10041,21980,77364,Ron Lee,DET,Detroit Pistons,0028000885,1981-03-20,DET vs. MIL,L,0,4,,,0.0,,,0,0,,,,,,,,,,8,,0
10042,21980,77010,Keith Herron,DET,Detroit Pistons,0028000885,1981-03-20,DET vs. MIL,L,0,4,,,0.0,,,0,0,,,,,,,,,,8,,0
10043,21980,77504,Andre McCarter,WAS,Washington Bullets,0028000884,1981-03-20,WAS @ BOS,L,0,3,,,0.0,,,2,2,1.0,,,,,,,,,8,,0
10044,21980,76993,Gerald Henderson,BOS,Boston Celtics,0028000884,1981-03-20,BOS vs. WAS,W,0,4,,,0.0,,,0,0,,,,,,,,,,8,,0
10045,21980,76979,Elvin Hayes,WAS,Washington Bullets,0028000884,1981-03-20,WAS @ BOS,L,0,4,,,0.0,,,0,1,0.0,,,,,,,,,8,,0
10046,21980,76733,Chris Ford,BOS,Boston Celtics,0028000884,1981-03-20,BOS vs. WAS,W,0,3,,,0.0,,,2,2,1.0,,,,,,,,,8,,0
10047,21980,78481,Marvin Webster,NYK,New York Knicks,0028000883,1981-03-20,NYK @ IND,W,0,2,,,0.0,,,4,6,0.667,,,,,,,,,8,,0
10048,21980,77136,Clemon Johnson,IND,Indiana Pacers,0028000883,1981-03-20,IND vs. NYK,L,0,4,,,0.0,,,0,0,,,,,,,,,,8,,0
10049,21980,76822,Mike Glenn,NYK,New York Knicks,0028000883,1981-03-20,NYK @ IND,W,0,4,,,0.0,,,0,0,,,,,,,,,,8,,0
10050,21980,76996,Tom Henderson,HOU,Houston Rockets,0028000881,1981-03-20,HOU @ POR,L,0,2,,,0.0,,,4,4,1.0,,,,,,,,,8,,0
10051,21980,77163,Reggie Johnson,SAN,San Antonio Spurs,0028000880,1981-03-20,SAN @ KCK,W,0,4,,,0.0,,,0,0,,,,,,,,,,8,,0
10052,21980,77328,Tom LaGarde,DAL,Dallas Mavericks,0028000877,1981-03-20,DAL vs. DEN,W,0,2,,,0.0,,,4,4,1.0,,,,,,,,,8,,0
10053,21980,76534,Ron Davis,SDC,San Diego Clippers,0028000876,1981-03-19,SDC vs. GOS,W,0,4,,,0.0,,,0,0,,,,,,,,,,8,,0
10054,21980,78618,Sam Worthen,CHI,Chicago Bulls,0028000874,1981-03-19,CHI @ CLE,W,0,4,,,0.0,,,0,0,,,,,,,,,,8,,0
10055,21980,78468,Richard Washington,CLE,Cleveland Cavaliers,0028000874,1981-03-19,CLE vs. CHI,L,0,4,,,0.0,,,0,0,,,,,,,,,,8,,0
10056,21980,77136,Clemon Johnson,IND,Indiana Pacers,0028000872,1981-03-18,IND @ PHL,L,0,3,,,0.0,,,2,3,0.667,,,,,,,,,8,,0
10057,21980,77396,Scott Lloyd,DAL,Dallas Mavericks,0028000871,1981-03-18,DAL @ UTH,L,0,3,,,0.0,,,2,2,1.0,,,,,,,,6.0,8,,0
10058,21980,76257,Allan Bristow,UTH,Utah Jazz,0028000871,1981-03-18,UTH vs. DAL,W,0,3,,,0.0,,,2,4,0.5,,,,,,,,,8,,0
10059,21980,77021,Kenny Higgs,DEN,Denver Nuggets,0028000870,1981-03-18,DEN @ KCK,W,0,4,,,0.0,,,0,0,,,,,,,,,6.0,8,,0
10060,21980,78095,Alvin Scott,PHX,Phoenix Suns,0028000869,1981-03-18,PHX vs. LAL,W,0,4,,,0.0,,,0,0,,,,,,,,,,8,,0
10061,21980,77334,Mark Landsberger,LAL,Los Angeles Lakers,0028000869,1981-03-18,LAL @ PHX,L,0,4,,,0.0,,,0,0,,,,,,,,,,8,,0
10062,21980,77553,Tom McMillen,ATL,Atlanta Hawks,0028000867,1981-03-18,ATL @ BOS,W,0,4,,,0.0,,,0,1,0.0,,,,,,,,,8,,0
10063,21980,76418,Don Collins,ATL,Atlanta Hawks,0028000867,1981-03-18,ATL @ BOS,W,0,4,,,,,,0,0,,,,,,,,,,8,,0
10064,21980,77858,Stan Pietkiewicz,DAL,Dallas Mavericks,0028000871,1981-03-18,DAL @ UTH,L,0,3,,,2.0,,,0,0,,,,,,,,,,8,,0
10065,21980,77324,Mitch Kupchak,WAS,Washington Bullets,0028000865,1981-03-17,WAS vs. BOS,L,0,2,,,0.0,,,4,5,0.8,,,,,,,,,8,,0
10066,21980,78296,Brian Taylor,SDC,San Diego Clippers,0028000864,1981-03-17,SDC @ POR,L,0,4,,,0.0,,,0,0,,,,,,,,,,8,,0
10067,21980,77691,Calvin Natt,POR,Portland Trail Blazers,0028000864,1981-03-17,POR vs. SDC,W,0,3,,,0.0,,,2,3,0.667,,,,,,,,,8,,0
10068,21980,76534,Ron Davis,SDC,San Diego Clippers,0028000864,1981-03-17,SDC @ POR,L,0,4,,,0.0,,,0,0,,,,,,,,,,8,,0
10069,21980,77182,Dwight Jones,CHI,Chicago Bulls,0028000863,1981-03-17,CHI vs. MIL,W,0,3,,,0.0,,,2,2,1.0,,,,,,,,,8,,0
10070,21980,76874,Rickey Green,UTH,Utah Jazz,0028000862,1981-03-17,UTH @ SAN,L,0,2,,,0.0,,,4,6,0.667,,,,,,,,,8,,0
10071,21980,77097,Dan Issel,DEN,Denver Nuggets,0028000861,1981-03-17,DEN vs. SEA,W,0,3,,,0.0,,,2,2,1.0,,,,,,,,,8,,0
10072,21980,76618,T.R. Dunn,DEN,Denver Nuggets,0028000861,1981-03-17,DEN vs. SEA,W,0,2,,,0.0,,,4,4,1.0,,,,,,,,,8,,0
10073,21980,76305,Tom Burleson,ATL,Atlanta Hawks,0028000860,1981-03-17,ATL @ CLE,L,0,3,,,0.0,,,2,3,0.667,,,,,,,,,8,,0
10074,21980,78068,Dewayne Scales,NYK,New York Knicks,0028000859,1981-03-17,NYK vs. IND,W,0,4,,,0.0,,,0,0,,,,,,,,,,8,,0
10075,21980,76526,Johnny Davis,IND,Indiana Pacers,0028000859,1981-03-17,IND @ NYK,L,0,4,,,0.0,,,0,0,,,,,,,,,,8,,0
10076,21980,77184,Edgar Jones,NJN,New Jersey Nets,0028000857,1981-03-17,NJN vs. PHL,W,0,2,,,0.0,,,4,4,1.0,,,,,,,,,8,,0
10077,21980,78531,Bob Wilkerson,CHI,Chicago Bulls,0028000854,1981-03-15,CHI @ KCK,W,0,4,,,0.0,,,0,0,,,,,,,,,,8,,0
10078,21980,77182,Dwight Jones,CHI,Chicago Bulls,0028000854,1981-03-15,CHI @ KCK,W,0,3,,,0.0,,,2,2,1.0,,,,,,,,,8,,0
10079,21980,78468,Richard Washington,CLE,Cleveland Cavaliers,0028000853,1981-03-15,CLE @ WAS,W,0,4,,,0.0,,,0,0,,,,,,,,,,8,,0
10080,21980,76418,Don Collins,WAS,Washington Bullets,0028000853,1981-03-15,WAS vs. CLE,L,0,3,,,0.0,,,2,2,1.0,,,,,,,,,8,,0
10081,21980,77817,Billy Paultz,HOU,Houston Rockets,0028000852,1981-03-15,HOU @ DEN,L,0,4,,,0.0,,,0,0,,,,,,,,,,8,,0
10082,21980,76996,Tom Henderson,HOU,Houston Rockets,0028000852,1981-03-15,HOU @ DEN,L,0,4,,,0.0,,,0,0,,,,,,,,,,8,,0
10083,21980,78481,Marvin Webster,NYK,New York Knicks,0028000851,1981-03-15,NYK vs. PHL,W,0,4,,,0.0,,,0,0,,,,,,,,,,8,,0
10084,21980,77043,Lionel Hollins,PHL,Philadelphia 76ers,0028000851,1981-03-15,PHL @ NYK,L,0,4,,,0.0,,,0,0,,,,,,,,,,8,,0
10085,21980,76362,Bill Cartwright,NYK,New York Knicks,0028000851,1981-03-15,NYK vs. PHL,W,0,3,,,0.0,,,2,2,1.0,,,,,,,,,8,,0
10086,21980,77420,Maurice Lucas,NJN,New Jersey Nets,0028000850,1981-03-15,NJN @ BOS,L,0,4,,,0.0,,,0,0,,,,,,,,,,8,,0
10087,21980,77149,George Johnson,SAN,San Antonio Spurs,0028000848,1981-03-15,SAN @ GOS,W,0,3,,,0.0,,,2,3,0.667,,,,,,,,,8,,0
10088,21980,76966,Joey Hassett,GOS,Golden State Warriors,0028000848,1981-03-15,GOS vs. SAN,L,0,3,,,2.0,,,0,0,,,,,,,,,,8,,0
10089,21980,77087,Geoff Huston,CLE,Cleveland Cavaliers,0028000845,1981-03-14,CLE @ ATL,W,0,4,,,0.0,,,0,0,,,,,,,,,,8,,0
10090,21980,77148,George Johnson,IND,Indiana Pacers,0028000847,1981-03-14,IND vs. DET,L,0,4,,,,,,0,0,,,,,,,,,,8,,0
10091,21980,77021,Kenny Higgs,DEN,Denver Nuggets,0028000839,1981-03-13,DEN @ ATL,L,0,3,,,1.0,,,1,2,0.5,,,,,,,,,8,,0
10092,21980,78577,Bill Willoughby,HOU,Houston Rockets,0028000842,1981-03-13,HOU vs. POR,W,0,4,,,0.0,,,0,0,,,,,,,,,,8,,0
10093,21980,76121,Billyray Bates,POR,Portland Trail Blazers,0028000842,1981-03-13,POR @ HOU,L,0,4,,,0.0,,,0,0,,,,,,,,,,8,,0
10094,21980,76993,Gerald Henderson,BOS,Boston Celtics,0028000841,1981-03-13,BOS vs. IND,L,0,3,,,0.0,,,2,2,1.0,,,,,,,,,8,,0
10095,21980,76054,Nate Archibald,BOS,Boston Celtics,0028000841,1981-03-13,BOS vs. IND,L,0,4,,,0.0,,,0,0,,,,,,,,,,8,,0
10096,21980,78449,Lloyd Walton,KCK,Kansas City Kings,0028000840,1981-03-13,KCK @ LAL,L,0,4,,,0.0,,,0,0,,,,,,,,,,8,,0
10097,21980,78057,Frankie Sanders,KCK,Kansas City Kings,0028000840,1981-03-13,KCK @ LAL,L,0,4,,,0.0,,,0,0,,,,,,,,,,8,,0
10098,21980,78132,Craig Shelton,ATL,Atlanta Hawks,0028000839,1981-03-13,ATL vs. DEN,W,0,4,,,0.0,,,0,0,,,,,,,,,,8,,0
10099,21980,77547,Billy McKinney,DEN,Denver Nuggets,0028000839,1981-03-13,DEN @ ATL,L,0,3,,,0.0,,,2,3,0.667,,,,,,,,,8,,0
10100,21980,76830,Glen Gondrezick,DEN,Denver Nuggets,0028000839,1981-03-13,DEN @ ATL,L,0,3,,,0.0,,,2,2,1.0,,,,,,,,,8,,0
10101,21980,76822,Mike Glenn,NYK,New York Knicks,0028000837,1981-03-13,NYK vs. CHI,W,0,2,,,0.0,,,4,4,1.0,,,,,,,,,8,,0
10102,21980,76539,Darryl Dawkins,PHL,Philadelphia 76ers,0028000836,1981-03-13,PHL @ MIL,L,0,2,,,0.0,,,4,6,0.667,,,,,,,,,8,,0
10103,21980,600010,Len Elmore,MIL,Milwaukee Bucks,0028000835,1981-03-12,MIL vs. DEN,W,0,4,,,0.0,,,0,0,,,,,,,,,,8,,0
10104,21980,78600,Brian Winters,MIL,Milwaukee Bucks,0028000835,1981-03-12,MIL vs. DEN,W,0,4,,,0.0,,,0,0,,,,,,,,,,8,,0
10105,21980,77432,Ollie Mack,DAL,Dallas Mavericks,0028000833,1981-03-12,DAL vs. GOS,W,0,3,,,0.0,,,2,3,0.667,,,,,,,,,8,,0
10106,21980,77419,John Lucas,GOS,Golden State Warriors,0028000833,1981-03-12,GOS @ DAL,L,0,4,,,0.0,,,0,0,,,,,,,,,,8,,0
10107,21980,76444,Michael Cooper,LAL,Los Angeles Lakers,0028000832,1981-03-12,LAL @ SDC,W,0,3,,,0.0,,,2,2,1.0,,,,,,,,,8,,0
10108,21980,76887,Kevin Grevey,WAS,Washington Bullets,0028000830,1981-03-11,WAS @ NJN,L,0,3,,,0.0,,,2,2,1.0,,,,,,,,,8,,0
10109,21980,76500,Bob Dandridge,WAS,Washington Bullets,0028000830,1981-03-11,WAS @ NJN,L,0,4,,,0.0,,,0,0,,,,,,,,,,8,,0
10110,21980,77996,Wayne Robinson,DET,Detroit Pistons,0028000829,1981-03-11,DET vs. ATL,W,0,2,,,0.0,,,4,5,0.8,,,,,,,,,8,,0
10111,21980,78139,Purvis Short,GOS,Golden State Warriors,0028000828,1981-03-11,GOS @ HOU,L,0,4,,,0.0,,,0,0,,,,,,,,,,8,,0
10112,21980,78570,Sly Williams,NYK,New York Knicks,0028000827,1981-03-11,NYK @ PHL,L,0,2,,,0.0,,,4,4,1.0,,,,,,,,,8,,0
10113,21980,76252,Junior Bridgeman,MIL,Milwaukee Bucks,0028000826,1981-03-11,MIL @ BOS,L,0,4,,,0.0,,,0,0,,,,,,,,,,8,,0
10114,21980,76385,Maurice Cheeks,PHL,Philadelphia 76ers,0028000825,1981-03-10,PHL @ IND,W,0,4,,,0.0,,,0,0,,,,,,,,,,8,,0
10115,21980,77432,Ollie Mack,DAL,Dallas Mavericks,0028000824,1981-03-10,DAL vs. PHX,W,0,4,,,0.0,,,0,0,,,,,,,,,,8,,0
10116,21980,77582,Joe Meriweather,KCK,Kansas City Kings,0028000823,1981-03-10,KCK @ SDC,W,0,3,,,0.0,,,2,2,1.0,,,,,,,,,8,,0
10117,21980,76266,Michael Brooks,SDC,San Diego Clippers,0028000823,1981-03-10,SDC vs. KCK,L,0,3,,,0.0,,,2,2,1.0,,,,,,,,,8,,0
10118,21980,76771,Mike Gale,POR,Portland Trail Blazers,0028000822,1981-03-10,POR @ DEN,W,0,3,,,0.0,,,2,2,1.0,,,,,,,,,8,,0
10119,21980,78533,James Wilkes,CHI,Chicago Bulls,0028000821,1981-03-10,CHI @ ATL,W,0,4,,,0.0,,,0,0,,,,,,,,,,8,,0
10120,21980,77149,George Johnson,SAN,San Antonio Spurs,0028000820,1981-03-10,SAN @ LAL,L,0,3,,,0.0,,,2,2,1.0,,,,,,,,,8,,0
10121,21980,76889,Paul Griffin,SAN,San Antonio Spurs,0028000820,1981-03-10,SAN @ LAL,L,0,4,,,0.0,,,0,0,,,,,,,,,,8,,0
10122,21980,76249,Ron Brewer,SAN,San Antonio Spurs,0028000820,1981-03-10,SAN @ LAL,L,0,4,,,0.0,,,0,0,,,,,,,,,,8,,0
10123,21980,77087,Geoff Huston,CLE,Cleveland Cavaliers,0028000819,1981-03-09,CLE @ MIL,L,0,3,,,0.0,,,2,2,1.0,,,,,,,,,8,,0
10124,21980,76252,Junior Bridgeman,MIL,Milwaukee Bucks,0028000819,1981-03-09,MIL vs. CLE,W,0,3,,,0.0,,,2,2,1.0,,,,,,,,,8,,0
10125,21980,78527,Michael Wiley,SAN,San Antonio Spurs,0028000818,1981-03-08,SAN vs. DAL,W,0,2,,,0.0,,,4,4,1.0,,,,,,,,,8,,0
10126,21980,77328,Tom LaGarde,DAL,Dallas Mavericks,0028000818,1981-03-08,DAL @ SAN,L,0,2,,,0.0,,,4,4,1.0,,,,,,,,,8,,0
10127,21980,76500,Bob Dandridge,WAS,Washington Bullets,0028000817,1981-03-08,WAS vs. CHI,W,0,4,,,0.0,,,0,0,,,,,,,,,,8,,0
10128,21980,76993,Gerald Henderson,BOS,Boston Celtics,0028000816,1981-03-08,BOS vs. NYK,W,0,4,,,0.0,,,0,0,,,,,,,,,,8,,0
10129,21980,76054,Nate Archibald,BOS,Boston Celtics,0028000816,1981-03-08,BOS vs. NYK,W,0,3,,,0.0,,,2,2,1.0,,,,,,,,,8,,0
10130,21980,77718,Mike Niles,PHX,Phoenix Suns,0028000815,1981-03-08,PHX @ KCK,L,0,3,,,0.0,,,2,2,1.0,,,,,,,,,8,,0
10131,21980,77326,Sam Lacey,KCK,Kansas City Kings,0028000815,1981-03-08,KCK vs. PHX,W,0,3,,,0.0,,,2,2,1.0,,,,,,,,,8,,0
10132,21980,78442,Wally Walker,SEA,Seattle SuperSonics,0028000814,1981-03-08,SEA vs. SDC,L,0,4,,,0.0,,,0,2,0.0,,,,,,,,,8,,0
10133,21980,78149,Jack Sikma,SEA,Seattle SuperSonics,0028000814,1981-03-08,SEA vs. SDC,L,0,2,,,0.0,,,4,5,0.8,,,,,,,,,8,,0
10134,21980,77136,Clemon Johnson,IND,Indiana Pacers,0028000813,1981-03-08,IND vs. DEN,W,0,3,,,0.0,,,2,2,1.0,,,,,,,,,8,,0
10135,21980,78195,Larry Smith,GOS,Golden State Warriors,0028000812,1981-03-08,GOS @ POR,L,0,3,,,0.0,,,2,4,0.5,,,,,,,,,8,,0
10136,21980,77623,Paul Mokeski,DET,Detroit Pistons,0028000810,1981-03-07,DET vs. DEN,L,0,3,,,0.0,,,2,3,0.667,,,,,,,,,8,,0
10137,21980,77829,Sam Pellom,ATL,Atlanta Hawks,0028000809,1981-03-07,ATL vs. HOU,W,0,3,,,0.0,,,2,3,0.667,,,,,,,,,8,,0
10138,21980,76874,Rickey Green,UTH,Utah Jazz,0028000808,1981-03-07,UTH vs. SDC,W,0,4,,,0.0,,,0,0,,,,,,,,,,8,,0
10139,21980,76290,Joe Bryant,SDC,San Diego Clippers,0028000808,1981-03-07,SDC @ UTH,L,0,4,,,0.0,,,0,0,,,,,,,,,,8,,0
10140,21980,76257,Allan Bristow,UTH,Utah Jazz,0028000808,1981-03-07,UTH vs. SDC,W,0,1,,,0.0,,,6,6,1.0,,,,,,,,,8,,0
10141,21980,76151,Mel Bennett,UTH,Utah Jazz,0028000808,1981-03-07,UTH vs. SDC,W,0,2,,,0.0,,,4,6,0.667,,,,,,,,,8,,0
10142,21980,76583,James Donaldson,SEA,Seattle SuperSonics,0028000807,1981-03-07,SEA @ GOS,L,0,4,,,0.0,,,0,0,,,,,,,,,,8,,0
10143,21980,76162,Henry Bibby,SDC,San Diego Clippers,0028000805,1981-03-06,SDC vs. CLE,W,0,4,,,0.0,,,0,0,,,,,,,,,,8,,0
10144,21980,78442,Wally Walker,SEA,Seattle SuperSonics,0028000804,1981-03-06,SEA vs. SAN,W,0,4,,,0.0,,,0,2,0.0,,,,,,,,,8,,0
10145,21980,76583,James Donaldson,SEA,Seattle SuperSonics,0028000804,1981-03-06,SEA vs. SAN,W,0,1,,,0.0,,,6,9,0.667,,,,,,,,,8,,0
10146,21980,76249,Ron Brewer,SAN,San Antonio Spurs,0028000804,1981-03-06,SAN @ SEA,L,0,4,,,0.0,,,0,0,,,,,,,,,,8,,0
10147,21980,76471,Charlie Criss,ATL,Atlanta Hawks,0028000801,1981-03-06,ATL vs. NJN,W,0,2,,,0.0,,,4,4,1.0,,,,,,,,,8,,0
10148,21980,77136,Clemon Johnson,IND,Indiana Pacers,0028000800,1981-03-06,IND vs. BOS,W,0,4,,,0.0,,,0,0,,,,,,,,,,8,,0
10149,21980,229,James Edwards,IND,Indiana Pacers,0028000800,1981-03-06,IND vs. BOS,W,0,3,,,0.0,,,2,2,1.0,,,,,,,,,8,,0
10150,21980,76483,Pat Cummings,MIL,Milwaukee Bucks,0028000799,1981-03-06,MIL @ NYK,W,0,4,,,0.0,,,0,0,,,,,,,,,,8,,0
10151,21980,77547,Billy McKinney,DEN,Denver Nuggets,0028000798,1981-03-06,DEN @ PHL,L,0,3,,,0.0,,,2,2,1.0,,,,,,,,,8,,0
10152,21980,77021,Kenny Higgs,DEN,Denver Nuggets,0028000798,1981-03-06,DEN @ PHL,L,0,4,,,0.0,,,0,0,,,,,,,,,,8,,0
10153,21980,76154,Kent Benson,DET,Detroit Pistons,0028000795,1981-03-05,DET vs. NYK,L,0,4,,,0.0,,,0,0,,,,,,,,,,8,,0
10154,21980,77873,Ben Poquette,UTH,Utah Jazz,0028000794,1981-03-05,UTH vs. PHX,L,0,3,,,0.0,,,2,2,1.0,,,,,,,,,8,,0
10155,21980,76257,Allan Bristow,UTH,Utah Jazz,0028000794,1981-03-05,UTH vs. PHX,L,0,3,,,0.0,,,2,2,1.0,,,,,,,,,8,,0
10156,21980,78527,Michael Wiley,SAN,San Antonio Spurs,0028000793,1981-03-04,SAN vs. KCK,L,0,4,,,0.0,,,0,0,,,,,,,,,,8,,0
10157,21980,76249,Ron Brewer,SAN,San Antonio Spurs,0028000793,1981-03-04,SAN vs. KCK,L,0,3,,,0.0,,,2,2,1.0,,,,,,,,,8,,0
10158,21980,77618,Steve Mix,PHL,Philadelphia 76ers,0028000792,1981-03-04,PHL vs. CHI,L,0,3,,,0.0,,,2,3,0.667,,,,,,,,,8,,0
10159,21980,77043,Lionel Hollins,PHL,Philadelphia 76ers,0028000792,1981-03-04,PHL vs. CHI,L,0,4,,,0.0,,,0,0,,,,,,,,,6.0,8,,0
10160,21980,77438,Kyle Macy,PHX,Phoenix Suns,0028000791,1981-03-04,PHX vs. CLE,W,0,4,,,0.0,,,0,0,,,,,,,,,,8,,0
10161,21980,76436,Jeff Cook,PHX,Phoenix Suns,0028000791,1981-03-04,PHX vs. CLE,W,0,3,,,0.0,,,2,2,1.0,,,,,,,,,8,,0
10162,21980,76350,Kenny Carr,CLE,Cleveland Cavaliers,0028000791,1981-03-04,CLE @ PHX,L,0,3,,,0.0,,,2,4,0.5,,,,,,,,,8,,0
10163,21980,76242,Mike Bratz,CLE,Cleveland Cavaliers,0028000791,1981-03-04,CLE @ PHX,L,0,3,,,0.0,,,2,2,1.0,,,,,,,,,8,,0
10164,21980,78577,Bill Willoughby,HOU,Houston Rockets,0028000789,1981-03-04,HOU vs. BOS,L,0,2,,,0.0,,,4,4,1.0,,,,,,,,,8,,0
10165,21980,77353,Allen Leavell,HOU,Houston Rockets,0028000789,1981-03-04,HOU vs. BOS,L,0,4,,,0.0,,,0,0,,,,,,,,,,8,,0
10166,21980,76733,Chris Ford,BOS,Boston Celtics,0028000789,1981-03-04,BOS @ HOU,W,0,2,,,0.0,,,4,4,1.0,,,,,,,,,8,,0
10167,21980,77770,Louis Orr,IND,Indiana Pacers,0028000788,1981-03-04,IND @ SEA,L,0,3,,,0.0,,,2,2,1.0,,,,,,,,,8,,0
10168,21980,77152,John Johnson,SEA,Seattle SuperSonics,0028000788,1981-03-04,SEA vs. IND,W,0,4,,,0.0,,,0,0,,,,,,,,,,8,,0
10169,21980,76290,Joe Bryant,SDC,San Diego Clippers,0028000787,1981-03-04,SDC vs. WAS,L,0,4,,,0.0,,,0,0,,,,,,,,,,8,,0
10170,21980,77056,Cedrick Hordges,DEN,Denver Nuggets,0028000786,1981-03-04,DEN vs. LAL,W,0,3,,,0.0,,,2,4,0.5,,,,,,,,,8,,0
10171,21980,77182,Dwight Jones,CHI,Chicago Bulls,0028000785,1981-03-03,CHI vs. NJN,W,0,3,,,0.0,,,2,2,1.0,,,,,,,,,8,,0
10172,21980,78623,Larry Wright,DET,Detroit Pistons,0028000781,1981-03-03,DET @ MIL,L,0,4,,,0.0,,,0,0,,,,,,,,,,8,,0
10173,21980,77168,Mickey Johnson,MIL,Milwaukee Bucks,0028000781,1981-03-03,MIL vs. DET,W,0,3,,,0.0,,,2,4,0.5,,,,,,,,,8,,0
10174,21980,77324,Mitch Kupchak,WAS,Washington Bullets,0028000780,1981-03-03,WAS @ UTH,W,0,3,,,0.0,,,2,4,0.5,,,,,,,,,8,,0
10175,21980,77420,Maurice Lucas,NJN,New Jersey Nets,0028000777,1981-03-01,NJN vs. DET,L,0,3,,,0.0,,,2,2,1.0,,,,,,,,,8,,0
10176,21980,77364,Ron Lee,DET,Detroit Pistons,0028000777,1981-03-01,DET @ NJN,W,0,0,,,0.0,,,8,9,0.889,,,,,,,,,8,,0
10177,21980,77043,Lionel Hollins,PHL,Philadelphia 76ers,0028000776,1981-03-01,PHL @ BOS,L,0,4,,,0.0,,,0,0,,,,,,,,,,8,,0
10178,21980,1450,Kevin McHale,BOS,Boston Celtics,0028000776,1981-03-01,BOS vs. PHL,W,0,2,,,0.0,,,4,6,0.667,,,,,,,,,8,,0
10179,21980,77353,Allen Leavell,HOU,Houston Rockets,0028000775,1981-03-01,HOU @ SAN,L,0,4,,,0.0,,,0,0,,,,,,,,,,8,,0
10180,21980,76887,Kevin Grevey,WAS,Washington Bullets,0028000774,1981-03-01,WAS @ MIL,L,0,1,,,0.0,,,6,7,0.857,,,,,,,,,8,,0
10181,21980,77873,Ben Poquette,UTH,Utah Jazz,0028000770,1981-03-01,UTH @ POR,L,0,4,,,0.0,,,0,0,,,,,,,,,,8,,0
10182,21980,76257,Allan Bristow,UTH,Utah Jazz,0028000770,1981-03-01,UTH @ POR,L,0,3,,,0.0,,,2,2,1.0,,,,,,,,,8,,0
10183,21980,77490,Scott May,CHI,Chicago Bulls,0028000769,1981-02-28,CHI @ NYK,W,0,4,,,0.0,,,0,0,,,,,,,,,,8,,0
10184,21980,76590,Leon Douglas,KCK,Kansas City Kings,0028000768,1981-02-28,KCK vs. GOS,L,0,4,,,0.0,,,0,0,,,,,,,,,,8,,0
10185,21980,76162,Henry Bibby,SDC,San Diego Clippers,0028000767,1981-02-28,SDC @ HOU,W,0,3,,,2.0,,,0,0,,,,,,,,,,8,,0
10186,21980,77144,Eddie Johnson,ATL,Atlanta Hawks,0028000766,1981-02-27,ATL vs. BOS,L,0,4,,,0.0,,,0,0,,,,,,,,,,8,,0
10187,21980,76993,Gerald Henderson,BOS,Boston Celtics,0028000766,1981-02-27,BOS @ ATL,W,0,2,,,0.0,,,4,5,0.8,,,,,,,,,8,,0
10188,21980,76971,Steve Hawes,ATL,Atlanta Hawks,0028000766,1981-02-27,ATL vs. BOS,L,0,4,,,0.0,,,0,0,,,,,,,,,,8,,0
10189,21980,76351,M.L. Carr,BOS,Boston Celtics,0028000766,1981-02-27,BOS @ ATL,W,0,4,,,0.0,,,0,0,,,,,,,,,,8,,0
10190,21980,77420,Maurice Lucas,NJN,New Jersey Nets,0028000764,1981-02-27,NJN @ LAL,L,0,3,,,0.0,,,2,5,0.4,,,,,,,,,8,,0
10191,21980,76616,Mike Dunleavy,HOU,Houston Rockets,0028000763,1981-02-27,HOU vs. SEA,W,0,4,,,0.0,,,0,0,,,,,,,,,,8,,0
10192,21980,77873,Ben Poquette,UTH,Utah Jazz,0028000762,1981-02-27,UTH vs. PHL,L,0,2,,,0.0,,,4,6,0.667,,,,,,,,,8,,0
10193,21980,77618,Steve Mix,PHL,Philadelphia 76ers,0028000762,1981-02-27,PHL @ UTH,W,0,4,,,0.0,,,0,0,,,,,,,,,,8,,0
10194,21980,100263,Bill Laimbeer,CLE,Cleveland Cavaliers,0028000761,1981-02-27,CLE @ DET,L,0,2,,,0.0,,,4,5,0.8,,,,,,,,,8,,0
10195,21980,76895,Bob Gross,POR,Portland Trail Blazers,0028000760,1981-02-27,POR vs. PHX,W,0,4,,,0.0,,,0,0,,,,,,,,,,8,,0
10196,21980,78215,Ricky Sobers,CHI,Chicago Bulls,0028000759,1981-02-27,CHI vs. WAS,W,0,4,,,0.0,,,0,0,,,,,,,,,,8,,0
10197,21980,77324,Mitch Kupchak,WAS,Washington Bullets,0028000759,1981-02-27,WAS @ CHI,L,0,3,,,0.0,,,2,5,0.4,,,,,,,,,8,,0
10198,21980,328,Rick Mahorn,WAS,Washington Bullets,0028000759,1981-02-27,WAS @ CHI,L,0,3,,,0.0,,,2,2,1.0,,,,,,,,,8,,0
10199,21980,77800,Sonny Parker,GOS,Golden State Warriors,0028000758,1981-02-27,GOS @ DEN,L,0,4,,,0.0,,,0,0,,,,,,,,,,8,,0
10200,21980,76802,Gus Gerard,SAN,San Antonio Spurs,0028000757,1981-02-26,SAN vs. SEA,W,0,3,,,0.0,,,2,2,1.0,,,,,,,,,8,,0
10201,21980,76583,James Donaldson,SEA,Seattle SuperSonics,0028000757,1981-02-26,SEA @ SAN,L,0,3,,,0.0,,,2,2,1.0,,,,,,,,,8,,0
10202,21980,77858,Stan Pietkiewicz,DAL,Dallas Mavericks,0028000756,1981-02-26,DAL @ KCK,L,0,4,,,0.0,,,0,0,,,,,,,,,,8,,0
10203,21980,77396,Scott Lloyd,DAL,Dallas Mavericks,0028000756,1981-02-26,DAL @ KCK,L,0,4,,,0.0,,,0,1,0.0,,,,,,,,,8,,0
10204,21980,77817,Billy Paultz,HOU,Houston Rockets,0028000755,1981-02-25,HOU vs. IND,W,0,4,,,0.0,,,0,0,,,,,,,,,,8,,0
10205,21980,76418,Don Collins,WAS,Washington Bullets,0028000754,1981-02-25,WAS vs. NYK,W,0,3,,,0.0,,,2,2,1.0,,,,,,,,,8,,0
10206,21980,76151,Mel Bennett,UTH,Utah Jazz,0028000752,1981-02-25,UTH vs. NJN,W,0,1,,,0.0,,,6,7,0.857,,,,,,,,,8,,0
10207,21980,76054,Nate Archibald,BOS,Boston Celtics,0028000751,1981-02-25,BOS vs. CLE,W,0,2,,,0.0,,,4,4,1.0,,,,,,,,,8,,0
10208,21980,78351,Andrew Toney,PHL,Philadelphia 76ers,0028000750,1981-02-25,PHL @ SDC,W,0,4,,,0.0,,,0,0,,,,,,,,,,8,,0
10209,21980,78481,Marvin Webster,NYK,New York Knicks,0028000749,1981-02-24,NYK @ ATL,W,0,4,,,0.0,,,0,0,,,,,,,,,,8,,0
10210,21980,77484,Wes Matthews,ATL,Atlanta Hawks,0028000749,1981-02-24,ATL vs. NYK,L,0,2,,,0.0,,,4,4,1.0,,,,,,,,6.0,8,,0
10211,21980,77419,John Lucas,GOS,Golden State Warriors,0028000747,1981-02-24,GOS @ SAN,L,0,4,,,0.0,,,0,0,,,,,,,,,6.0,8,,0
10212,21980,76453,Dave Corzine,SAN,San Antonio Spurs,0028000747,1981-02-24,SAN vs. GOS,W,0,4,,,0.0,,,0,0,,,,,,,,,,8,,0
10213,21980,77786,Tom Owens,POR,Portland Trail Blazers,0028000746,1981-02-24,POR vs. SDC,L,0,4,,,0.0,,,0,0,,,,,,,,,,8,,0
10214,21980,76895,Bob Gross,POR,Portland Trail Blazers,0028000746,1981-02-24,POR vs. SDC,L,0,4,,,0.0,,,0,1,0.0,,,,,,,,,8,,0
10215,21980,76290,Joe Bryant,SDC,San Diego Clippers,0028000746,1981-02-24,SDC @ POR,W,0,3,,,0.0,,,2,2,1.0,,,,,,,,6.0,8,,0
10216,21980,77432,Ollie Mack,DAL,Dallas Mavericks,0028000745,1981-02-24,DAL vs. SEA,L,0,3,,,0.0,,,2,6,0.333,,,,,,,,,8,,0
10217,21980,77547,Billy McKinney,DEN,Denver Nuggets,0028000744,1981-02-24,DEN vs. NJN,W,0,3,,,0.0,,,2,2,1.0,,,,,,,,,8,,0
10218,21980,77056,Cedrick Hordges,DEN,Denver Nuggets,0028000744,1981-02-24,DEN vs. NJN,W,0,3,,,0.0,,,2,4,0.5,,,,,,,,,8,,0
10219,21980,77021,Kenny Higgs,DEN,Denver Nuggets,0028000744,1981-02-24,DEN vs. NJN,W,0,4,,,0.0,,,0,0,,,,,,,,,,8,,0
10220,21980,76656,Bob Elliott,NJN,New Jersey Nets,0028000744,1981-02-24,NJN @ DEN,L,0,3,,,0.0,,,2,2,1.0,,,,,,,,,8,,0
10221,21980,77189,Major Jones,HOU,Houston Rockets,0028000743,1981-02-23,HOU @ UTH,W,0,4,,,0.0,,,0,0,,,,,,,,,,8,,0
10222,21980,78467,Kermit Washington,POR,Portland Trail Blazers,0028000742,1981-02-22,POR @ IND,W,0,2,,,0.0,,,4,4,1.0,,,,,,,,,8,,0
10223,21980,77290,Billy Knight,IND,Indiana Pacers,0028000742,1981-02-22,IND vs. POR,L,0,3,,,0.0,,,2,5,0.4,,,,,,,,,8,,0
10224,21980,77950,Clint Richardson,PHL,Philadelphia 76ers,0028000741,1981-02-22,PHL @ PHX,L,0,3,,,0.0,,,2,2,1.0,,,,,,,,,8,,0
10225,21980,77175,Caldwell Jones,PHL,Philadelphia 76ers,0028000741,1981-02-22,PHL @ PHX,L,0,4,,,0.0,,,0,0,,,,,,,,,,8,,0
10226,21980,77189,Major Jones,HOU,Houston Rockets,0028000740,1981-02-22,HOU @ SEA,W,0,4,,,0.0,,,0,2,0.0,,,,,,,,,8,,0
10227,21980,76616,Mike Dunleavy,HOU,Houston Rockets,0028000740,1981-02-22,HOU @ SEA,W,0,3,,,0.0,,,2,2,1.0,,,,,,,,,8,,0
10228,21980,78570,Sly Williams,NYK,New York Knicks,0028000739,1981-02-22,NYK vs. LAL,L,0,4,,,0.0,,,0,0,,,,,,,,,,8,,0
10229,21980,76553,Larry Demic,NYK,New York Knicks,0028000739,1981-02-22,NYK vs. LAL,L,0,4,,,0.0,,,0,0,,,,,,,,,,8,,0
10230,21980,77756,Mark Olberding,SAN,San Antonio Spurs,0028000737,1981-02-22,SAN vs. DEN,W,0,3,,,0.0,,,2,2,1.0,,,,,,,,6.0,8,,0
10231,21980,76889,Paul Griffin,SAN,San Antonio Spurs,0028000737,1981-02-22,SAN vs. DEN,W,0,3,,,0.0,,,2,5,0.4,,,,,,,,,8,,0
10232,21980,78195,Larry Smith,GOS,Golden State Warriors,0028000736,1981-02-22,GOS vs. KCK,W,0,4,,,0.0,,,0,0,,,,,,,,,,8,,0
10233,21980,78015,Lorenzo Romar,GOS,Golden State Warriors,0028000736,1981-02-22,GOS vs. KCK,W,0,2,,,0.0,,,4,5,0.8,,,,,,,,,8,,0
10234,21980,76979,Elvin Hayes,WAS,Washington Bullets,0028000734,1981-02-22,WAS vs. MIL,L,0,4,,,0.0,,,0,2,0.0,,,,,,,,,8,,0
10235,21980,77396,Scott Lloyd,DAL,Dallas Mavericks,0028000733,1981-02-22,DAL @ NJN,W,0,3,,,0.0,,,2,2,1.0,,,,,,,,,8,,0
10236,21980,76418,Don Collins,ATL,Atlanta Hawks,0028000730,1981-02-21,ATL @ CLE,W,0,3,,,,,,2,2,1.0,,,,,,,,,8,,0
10237,21980,77331,John Lambert,KCK,Kansas City Kings,0028000732,1981-02-21,KCK @ DEN,L,0,3,,,0.0,,,2,2,1.0,,,,,,,,,8,,0
10238,21980,77623,Paul Mokeski,DET,Detroit Pistons,0028000731,1981-02-21,DET vs. BOS,L,0,3,,,0.0,,,2,4,0.5,,,,,,,,,8,,0
10239,21980,76993,Gerald Henderson,BOS,Boston Celtics,0028000731,1981-02-21,BOS @ DET,W,0,3,,,0.0,,,2,2,1.0,,,,,,,,,8,,0
10240,21980,78132,Craig Shelton,ATL,Atlanta Hawks,0028000730,1981-02-21,ATL @ CLE,W,0,4,,,0.0,,,0,0,,,,,,,,,,8,,0
10241,21980,77087,Geoff Huston,CLE,Cleveland Cavaliers,0028000730,1981-02-21,CLE vs. ATL,L,0,2,,,0.0,,,4,5,0.8,,,,,,,,,8,,0
10242,21980,76471,Charlie Criss,ATL,Atlanta Hawks,0028000730,1981-02-21,ATL @ CLE,W,0,3,,,0.0,,,2,2,1.0,,,,,,,,,8,,0
10243,21980,76520,Monti Davis,DAL,Dallas Mavericks,0028000722,1981-02-20,DAL @ PHL,L,0,2,,,,,,4,4,1.0,,,,,,,,,8,,0
10244,21980,76266,Michael Brooks,SDC,San Diego Clippers,0028000729,1981-02-20,SDC @ GOS,W,0,4,,,0.0,,,0,0,,,,,,,,,,8,,0
10245,21980,77326,Sam Lacey,KCK,Kansas City Kings,0028000728,1981-02-20,KCK vs. MIL,W,0,4,,,0.0,,,0,0,,,,,,,,,,8,,0
10246,21980,77635,Lowes Moore,NJN,New Jersey Nets,0028000727,1981-02-20,NJN vs. POR,W,0,3,,,0.0,,,2,3,0.667,,,,,,,,,8,,0
10247,21980,77235,Rich Kelley,PHX,Phoenix Suns,0028000726,1981-02-20,PHX @ SEA,L,0,3,,,0.0,,,2,3,0.667,,,,,,,,,8,,0
10248,21980,77770,Louis Orr,IND,Indiana Pacers,0028000725,1981-02-20,IND vs. SAN,W,0,3,,,0.0,,,2,3,0.667,,,,,,,,,8,,0
10249,21980,77163,Reggie Johnson,SAN,San Antonio Spurs,0028000725,1981-02-20,SAN @ IND,L,0,2,,,0.0,,,4,4,1.0,,,,,,,,,8,,0
10250,21980,77149,George Johnson,SAN,San Antonio Spurs,0028000725,1981-02-20,SAN @ IND,L,0,3,,,0.0,,,2,2,1.0,,,,,,,,,8,,0
10251,21980,77182,Dwight Jones,CHI,Chicago Bulls,0028000724,1981-02-20,CHI @ UTH,W,0,4,,,0.0,,,0,1,0.0,,,,,,,,,8,,0
10252,21980,77229,Clarence Kea,DAL,Dallas Mavericks,0028000722,1981-02-20,DAL @ PHL,L,0,3,,,0.0,,,2,2,1.0,,,,,,,,,8,,0
10253,21980,77633,Johnny Moore,SAN,San Antonio Spurs,0028000720,1981-02-19,SAN @ CLE,L,0,4,,,0.0,,,0,0,,,,,,,,,,8,,0
10254,21980,78392,Wes Unseld,WAS,Washington Bullets,0028000719,1981-02-19,WAS vs. PHL,W,0,4,,,0.0,,,0,0,,,,,,,,,,8,,0
10255,21980,77175,Caldwell Jones,PHL,Philadelphia 76ers,0028000719,1981-02-19,PHL @ WAS,L,0,4,,,0.0,,,0,0,,,,,,,,,,8,,0
10256,21980,77364,Ron Lee,DET,Detroit Pistons,0028000718,1981-02-19,DET vs. POR,L,0,2,,,0.0,,,4,4,1.0,,,,,,,,6.0,8,,0
10257,21980,77071,Phil Hubbard,DET,Detroit Pistons,0028000718,1981-02-19,DET vs. POR,L,0,3,,,0.0,,,2,5,0.4,,,,,,,,,8,,0
10258,21980,76985,Garfield Heard,SDC,San Diego Clippers,0028000717,1981-02-19,SDC vs. HOU,W,0,0,,,0.0,,,8,8,1.0,,,,,,,,,8,,0
10259,21980,76290,Joe Bryant,SDC,San Diego Clippers,0028000717,1981-02-19,SDC vs. HOU,W,0,4,,,0.0,,,0,0,,,,,,,,,,8,,0
10260,21980,78468,Richard Washington,CLE,Cleveland Cavaliers,0028000716,1981-02-18,CLE @ NJN,L,0,3,,,0.0,,,2,3,0.667,,,,,,,,,8,,0
10261,21980,77996,Wayne Robinson,DET,Detroit Pistons,0028000715,1981-02-18,DET @ PHL,L,0,3,,,0.0,,,2,3,0.667,,,,,,,,,8,,0
10262,21980,78531,Bob Wilkerson,CHI,Chicago Bulls,0028000714,1981-02-18,CHI @ GOS,L,0,4,,,0.0,,,0,0,,,,,,,,,,8,,0
10263,21980,76944,Bill Hanzlik,SEA,Seattle SuperSonics,0028000713,1981-02-18,SEA vs. NYK,L,0,3,,,0.0,,,2,4,0.5,,,,,,,,,8,,0
10264,21980,77984,Rick Robey,BOS,Boston Celtics,0028000712,1981-02-18,BOS @ KCK,L,0,4,,,0.0,,,0,3,0.0,,,,,,,,,8,,0
10265,21980,78025,Dan Roundfield,ATL,Atlanta Hawks,0028000711,1981-02-18,ATL @ IND,W,0,3,,,0.0,,,2,2,1.0,,,,,,,,,8,,0
10266,21980,78537,Jeff Wilkins,UTH,Utah Jazz,0028000709,1981-02-17,UTH vs. SEA,L,0,4,,,0.0,,,0,0,,,,,,,,,,8,,0
10267,21980,77873,Ben Poquette,UTH,Utah Jazz,0028000709,1981-02-17,UTH vs. SEA,L,0,4,,,0.0,,,0,0,,,,,,,,,6.0,8,,0
10268,21980,78516,Jerome Whitehead,SDC,San Diego Clippers,0028000708,1981-02-17,SDC vs. CHI,W,0,4,,,0.0,,,0,0,,,,,,,,,6.0,8,,0
10269,21980,76162,Henry Bibby,SDC,San Diego Clippers,0028000708,1981-02-17,SDC vs. CHI,W,0,4,,,0.0,,,0,0,,,,,,,,,,8,,0
10270,21980,78467,Kermit Washington,POR,Portland Trail Blazers,0028000707,1981-02-17,POR @ WAS,W,0,4,,,0.0,,,0,0,,,,,,,,,,8,,0
10271,21980,76771,Mike Gale,POR,Portland Trail Blazers,0028000707,1981-02-17,POR @ WAS,W,0,4,,,0.0,,,0,0,,,,,,,,,,8,,0
10272,21980,78222,Jim Spanarkel,DAL,Dallas Mavericks,0028000705,1981-02-17,DAL vs. MIL,L,0,3,,,0.0,,,2,2,1.0,,,,,,,,,8,,0
10273,21980,77229,Clarence Kea,DAL,Dallas Mavericks,0028000705,1981-02-17,DAL vs. MIL,L,0,4,,,0.0,,,0,0,,,,,,,,,6.0,8,,0
10274,21980,77487,Cedric Maxwell,BOS,Boston Celtics,0028000704,1981-02-17,BOS @ SAN,W,0,2,,,0.0,,,4,4,1.0,,,,,,,,6.0,8,,0
10275,21980,76321,Marty Byrnes,DAL,Dallas Mavericks,0028000701,1981-02-15,DAL @ LAL,L,0,4,,,0.0,,,0,0,,,,,,,,,,8,,0
10276,21980,77152,John Johnson,SEA,Seattle SuperSonics,0028000700,1981-02-15,SEA @ KCK,L,0,3,,,0.0,,,2,2,1.0,,,,,,,,,8,,0
10277,21980,76590,Leon Douglas,KCK,Kansas City Kings,0028000700,1981-02-15,KCK vs. SEA,W,0,4,,,0.0,,,0,2,0.0,,,,,,,,,8,,0
10278,21980,76587,Jacky Dorsey,SEA,Seattle SuperSonics,0028000700,1981-02-15,SEA @ KCK,L,0,3,,,0.0,,,2,3,0.667,,,,,,,,,8,,0
10279,21980,77715,Carl Nicks,UTH,Utah Jazz,0028000699,1981-02-15,UTH @ POR,L,0,4,,,0.0,,,0,0,,,,,,,,,,8,,0
10280,21980,76771,Mike Gale,POR,Portland Trail Blazers,0028000699,1981-02-15,POR vs. UTH,W,0,3,,,0.0,,,2,2,1.0,,,,,,,,,8,,0
10281,21980,76257,Allan Bristow,UTH,Utah Jazz,0028000699,1981-02-15,UTH @ POR,L,0,3,,,0.0,,,2,2,1.0,,,,,,,,,8,,0
10282,21980,77163,Reggie Johnson,SAN,San Antonio Spurs,0028000698,1981-02-15,SAN vs. MIL,W,0,4,,,0.0,,,0,1,0.0,,,,,,,,6.0,8,,0
10283,21980,77182,Dwight Jones,CHI,Chicago Bulls,0028000697,1981-02-15,CHI @ IND,L,0,3,,,0.0,,,2,2,1.0,,,,,,,,,8,,0
10284,21980,77998,Dave Robisch,DEN,Denver Nuggets,0028000696,1981-02-15,DEN vs. BOS,L,0,3,,,0.0,,,2,3,0.667,,,,,,,,,8,,0
10285,21980,77547,Billy McKinney,DEN,Denver Nuggets,0028000696,1981-02-15,DEN vs. BOS,L,0,4,,,0.0,,,0,0,,,,,,,,,,8,,0
10286,21980,77993,Truck Robinson,PHX,Phoenix Suns,0028000695,1981-02-15,PHX vs. NYK,L,0,2,,,0.0,,,4,5,0.8,,,,,,,,,8,,0
10287,21980,76471,Charlie Criss,ATL,Atlanta Hawks,0028000694,1981-02-15,ATL @ PHL,L,0,3,,,0.0,,,2,2,1.0,,,,,,,,,8,,0
10288,21980,76966,Joey Hassett,GOS,Golden State Warriors,0028000702,1981-02-15,GOS @ NJN,L,0,3,,,2.0,,,0,0,,,,,,,,,,8,,0
10289,21980,78015,Lorenzo Romar,GOS,Golden State Warriors,0028000690,1981-02-14,GOS @ CLE,L,0,3,,,1.0,,,1,2,0.5,,,,,,,,,8,,0
10290,21980,78500,Paul Westphal,SEA,Seattle SuperSonics,0028000693,1981-02-14,SEA @ CHI,L,0,3,,,0.0,,,2,3,0.667,,,,,,,,,8,,0
10291,21980,76085,James Bailey,SEA,Seattle SuperSonics,0028000693,1981-02-14,SEA @ CHI,L,0,3,,,0.0,,,2,2,1.0,,,,,,,,,8,,0
10292,21980,77756,Mark Olberding,SAN,San Antonio Spurs,0028000692,1981-02-14,SAN @ DAL,W,0,1,,,0.0,,,6,6,1.0,,,,,,,,6.0,8,,0
10293,21980,76802,Gus Gerard,SAN,San Antonio Spurs,0028000692,1981-02-14,SAN @ DAL,W,0,2,,,0.0,,,4,4,1.0,,,,,,,,,8,,0
10294,21980,100263,Bill Laimbeer,CLE,Cleveland Cavaliers,0028000690,1981-02-14,CLE vs. GOS,W,0,4,,,0.0,,,0,0,,,,,,,,,,8,,0
10295,21980,76786,Calvin Garrett,HOU,Houston Rockets,0028000689,1981-02-14,HOU vs. MIL,L,0,4,,,0.0,,,0,0,,,,,,,,,,8,,0
10296,21980,77097,Dan Issel,DEN,Denver Nuggets,0028000688,1981-02-13,DEN vs. POR,W,0,2,,,0.0,,,4,4,1.0,,,,,,,,,8,,0
10297,21980,77022,Johnny High,PHX,Phoenix Suns,0028000687,1981-02-13,PHX vs. SDC,W,0,3,,,0.0,,,2,3,0.667,,,,,,,,,8,,0
10298,21980,77419,John Lucas,GOS,Golden State Warriors,0028000686,1981-02-13,GOS @ MIL,W,0,4,,,0.0,,,0,0,,,,,,,,,,8,,0
10299,21980,77326,Sam Lacey,KCK,Kansas City Kings,0028000682,1981-02-13,KCK vs. ATL,W,0,4,,,0.0,,,0,0,,,,,,,,,,8,,0
10300,21980,78392,Wes Unseld,WAS,Washington Bullets,0028000680,1981-02-13,WAS @ PHL,W,0,4,,,0.0,,,0,0,,,,,,,,,,8,,0
10301,21980,77087,Geoff Huston,CLE,Cleveland Cavaliers,0028000677,1981-02-12,CLE vs. NYK,L,0,4,,,0.0,,,0,0,,,,,,,,,,8,,0
10302,21980,76822,Mike Glenn,NYK,New York Knicks,0028000677,1981-02-12,NYK @ CLE,W,0,4,,,0.0,,,0,0,,,,,,,,,,8,,0
10303,21980,78468,Richard Washington,CLE,Cleveland Cavaliers,0028000676,1981-02-11,CLE @ PHL,L,0,3,,,0.0,,,2,2,1.0,,,,,,,,,8,,0
10304,21980,77087,Geoff Huston,CLE,Cleveland Cavaliers,0028000676,1981-02-11,CLE @ PHL,L,0,4,,,0.0,,,0,0,,,,,,,,,,8,,0
10305,21980,76539,Darryl Dawkins,PHL,Philadelphia 76ers,0028000676,1981-02-11,PHL vs. CLE,W,0,3,,,0.0,,,2,3,0.667,,,,,,,,,8,,0
10306,21980,77308,Joel Kramer,PHX,Phoenix Suns,0028000675,1981-02-11,PHX vs. DAL,W,0,2,,,0.0,,,4,5,0.8,,,,,,,,,8,,0
10307,21980,78150,James Silas,SAN,San Antonio Spurs,0028000673,1981-02-11,SAN @ HOU,L,0,4,,,0.0,,,0,0,,,,,,,,,,8,,0
10308,21980,76874,Rickey Green,UTH,Utah Jazz,0028000672,1981-02-11,UTH @ KCK,L,0,4,,,0.0,,,0,0,,,,,,,,,,8,,0
10309,21980,76296,Quinn Buckner,MIL,Milwaukee Bucks,0028000671,1981-02-11,MIL @ IND,W,0,4,,,0.0,,,0,2,0.0,,,,,,,,,8,,0
10310,21980,77487,Cedric Maxwell,BOS,Boston Celtics,0028000670,1981-02-11,BOS @ LAL,W,0,3,,,0.0,,,2,2,1.0,,,,,,,,,8,,0
10311,21980,76444,Michael Cooper,LAL,Los Angeles Lakers,0028000670,1981-02-11,LAL vs. BOS,L,0,4,,,0.0,,,0,0,,,,,,,,,,8,,0
10312,21980,77246,Larry Kenon,CHI,Chicago Bulls,0028000669,1981-02-10,CHI vs. KCK,W,0,3,,,0.0,,,2,2,1.0,,,,,,,,,8,,0
10313,21980,78095,Alvin Scott,PHX,Phoenix Suns,0028000668,1981-02-10,PHX @ SDC,W,0,1,,,0.0,,,6,7,0.857,,,,,,,,,8,,0
10314,21980,77689,Swen Nater,SDC,San Diego Clippers,0028000668,1981-02-10,SDC vs. PHX,L,0,3,,,0.0,,,2,2,1.0,,,,,,,,,8,,0
10315,21980,77022,Johnny High,PHX,Phoenix Suns,0028000668,1981-02-10,PHX @ SDC,W,0,4,,,0.0,,,0,0,,,,,,,,,,8,,0
10316,21980,77996,Wayne Robinson,DET,Detroit Pistons,0028000667,1981-02-10,DET @ DAL,W,0,2,,,0.0,,,4,4,1.0,,,,,,,,,8,,0
10317,21980,76348,Austin Carr,WAS,Washington Bullets,0028000666,1981-02-10,WAS @ DEN,W,0,4,,,0.0,,,0,0,,,,,,,,,,8,,0
10318,21980,77984,Rick Robey,BOS,Boston Celtics,0028000665,1981-02-10,BOS @ SEA,L,0,3,,,0.0,,,2,3,0.667,,,,,,,,,8,,0
10319,21980,1450,Kevin McHale,BOS,Boston Celtics,0028000665,1981-02-10,BOS @ SEA,L,0,4,,,0.0,,,0,2,0.0,,,,,,,,,8,,0
10320,21980,77996,Wayne Robinson,DET,Detroit Pistons,0028000663,1981-02-08,DET vs. IND,L,0,4,,,0.0,,,0,0,,,,,,,,,,8,,0
10321,21980,78195,Larry Smith,GOS,Golden State Warriors,0028000661,1981-02-08,GOS vs. UTH,W,0,4,,,0.0,,,0,0,,,,,,,,,,8,,0
10322,21980,78531,Bob Wilkerson,CHI,Chicago Bulls,0028000660,1981-02-08,CHI @ MIL,L,0,4,,,0.0,,,0,0,,,,,,,,,,8,,0
10323,21980,77182,Dwight Jones,CHI,Chicago Bulls,0028000660,1981-02-08,CHI @ MIL,L,0,2,,,0.0,,,4,7,0.571,,,,,,,,,8,,0
10324,21980,78404,Kiki Vandeweghe,DEN,Denver Nuggets,0028000659,1981-02-08,DEN @ SEA,L,0,4,,,0.0,,,0,0,,,,,,,,,,8,,0
10325,21980,76944,Bill Hanzlik,SEA,Seattle SuperSonics,0028000659,1981-02-08,SEA vs. DEN,W,0,3,,,0.0,,,2,2,1.0,,,,,,,,,8,,0
10326,21980,76590,Leon Douglas,KCK,Kansas City Kings,0028000658,1981-02-08,KCK @ POR,L,0,3,,,0.0,,,2,2,1.0,,,,,,,,6.0,8,,0
10327,21980,76656,Bob Elliott,NJN,New Jersey Nets,0028000657,1981-02-08,NJN vs. NYK,L,0,4,,,0.0,,,0,0,,,,,,,,,,8,,0
10328,21980,76444,Michael Cooper,LAL,Los Angeles Lakers,0028000655,1981-02-08,LAL @ PHL,L,0,4,,,0.0,,,0,2,0.0,,,,,,,,,8,,0
10329,21980,78392,Wes Unseld,WAS,Washington Bullets,0028000654,1981-02-08,WAS @ PHX,L,0,4,,,0.0,,,0,0,,,,,,,,,,8,,0
10330,21980,76418,Don Collins,WAS,Washington Bullets,0028000654,1981-02-08,WAS @ PHX,L,0,3,,,0.0,,,2,2,1.0,,,,,,,,,8,,0
10331,21980,78500,Paul Westphal,SEA,Seattle SuperSonics,0028000653,1981-02-07,SEA vs. UTH,W,0,3,,,0.0,,,2,5,0.4,,,,,,,,,8,,0
10332,21980,78442,Wally Walker,SEA,Seattle SuperSonics,0028000653,1981-02-07,SEA vs. UTH,W,0,4,,,0.0,,,0,0,,,,,,,,,,8,,0
10333,21980,76944,Bill Hanzlik,SEA,Seattle SuperSonics,0028000653,1981-02-07,SEA vs. UTH,W,0,2,,,0.0,,,4,4,1.0,,,,,,,,,8,,0
10334,21980,76272,Fred Brown,SEA,Seattle SuperSonics,0028000653,1981-02-07,SEA vs. UTH,W,0,4,,,0.0,,,0,0,,,,,,,,,,8,,0
10335,21980,77290,Billy Knight,IND,Indiana Pacers,0028000652,1981-02-07,IND vs. CLE,W,0,2,,,0.0,,,4,4,1.0,,,,,,,,,8,,0
10336,21980,76317,Don Buse,IND,Indiana Pacers,0028000652,1981-02-07,IND vs. CLE,W,0,4,,,0.0,,,0,0,,,,,,,,,,8,,0
10337,21980,76822,Mike Glenn,NYK,New York Knicks,0028000650,1981-02-07,NYK vs. NJN,W,0,3,,,0.0,,,2,2,1.0,,,,,,,,,8,,0
10338,21980,76435,Darwin Cook,NJN,New Jersey Nets,0028000650,1981-02-07,NJN @ NYK,L,0,4,,,0.0,,,0,0,,,,,,,,,,8,,0
10339,21980,77364,Ron Lee,DET,Detroit Pistons,0028000648,1981-02-07,DET @ CHI,L,0,1,,,0.0,,,6,7,0.857,,,,,,,,,8,,0
10340,21980,78404,Kiki Vandeweghe,DEN,Denver Nuggets,0028000647,1981-02-06,DEN @ UTH,W,0,4,,,0.0,,,0,0,,,,,,,,,,8,,0
10341,21980,77056,Cedrick Hordges,DEN,Denver Nuggets,0028000647,1981-02-06,DEN @ UTH,W,0,4,,,0.0,,,0,0,,,,,,,,,,8,,0
10342,21980,77950,Clint Richardson,PHL,Philadelphia 76ers,0028000646,1981-02-06,PHL vs. SDC,W,0,3,,,0.0,,,2,2,1.0,,,,,,,,,8,,0
10343,21980,77618,Steve Mix,PHL,Philadelphia 76ers,0028000646,1981-02-06,PHL vs. SDC,W,0,3,,,0.0,,,2,2,1.0,,,,,,,,,8,,0
10344,21980,77162,Ollie Johnson,PHL,Philadelphia 76ers,0028000646,1981-02-06,PHL vs. SDC,W,0,3,,,0.0,,,2,2,1.0,,,,,,,,,8,,0
10345,21980,600014,Artis Gilmore,CHI,Chicago Bulls,0028000645,1981-02-06,CHI vs. NYK,L,0,4,,,0.0,,,0,0,,,,,,,,,6.0,8,,0
10346,21980,78068,Dewayne Scales,NYK,New York Knicks,0028000645,1981-02-06,NYK @ CHI,W,0,4,,,0.0,,,0,0,,,,,,,,,,8,,0
10347,21980,76822,Mike Glenn,NYK,New York Knicks,0028000645,1981-02-06,NYK @ CHI,W,0,3,,,0.0,,,2,3,0.667,,,,,,,,,8,,0
10348,21980,78527,Michael Wiley,SAN,San Antonio Spurs,0028000644,1981-02-06,SAN vs. POR,W,0,2,,,0.0,,,4,4,1.0,,,,,,,,,8,,0
10349,21980,76453,Dave Corzine,SAN,San Antonio Spurs,0028000644,1981-02-06,SAN vs. POR,W,0,3,,,0.0,,,2,2,1.0,,,,,,,,,8,,0
10350,21980,77623,Paul Mokeski,DET,Detroit Pistons,0028000643,1981-02-06,DET vs. LAL,L,0,3,,,0.0,,,2,3,0.667,,,,,,,,,8,,0
10351,21980,77010,Keith Herron,DET,Detroit Pistons,0028000643,1981-02-06,DET vs. LAL,L,0,2,,,0.0,,,4,5,0.8,,,,,,,,,8,,0
10352,21980,76091,Greg Ballard,WAS,Washington Bullets,0028000639,1981-02-06,WAS @ GOS,W,0,3,,,0.0,,,2,2,1.0,,,,,,,,,8,,0
10353,21980,78500,Paul Westphal,SEA,Seattle SuperSonics,0028000638,1981-02-06,SEA vs. KCK,L,0,4,,,0.0,,,0,0,,,,,,,,,,8,,0
10354,21980,76733,Chris Ford,BOS,Boston Celtics,0028000636,1981-02-05,BOS @ MIL,L,0,4,,,0.0,,,0,0,,,,,,,,,,8,,0
10355,21980,78195,Larry Smith,GOS,Golden State Warriors,0028000635,1981-02-04,GOS vs. POR,W,0,2,,,0.0,,,4,9,0.444,,,,,,,,,8,,0
10356,21980,78623,Larry Wright,DET,Detroit Pistons,0028000633,1981-02-04,DET @ KCK,L,0,2,,,0.0,,,4,4,1.0,,,,,,,,,8,,0
10357,21980,78390,Terry Tyler,DET,Detroit Pistons,0028000633,1981-02-04,DET @ KCK,L,0,1,,,0.0,,,6,9,0.667,,,,,,,,,8,,0
10358,21980,77623,Paul Mokeski,DET,Detroit Pistons,0028000633,1981-02-04,DET @ KCK,L,0,3,,,0.0,,,2,4,0.5,,,,,,,,,8,,0
10359,21980,76899,Ernie Grunfeld,KCK,Kansas City Kings,0028000633,1981-02-04,KCK vs. DET,W,0,4,,,0.0,,,0,0,,,,,,,,,,8,,0
10360,21980,77353,Allen Leavell,HOU,Houston Rockets,0028000632,1981-02-04,HOU vs. DAL,W,0,3,,,0.0,,,2,2,1.0,,,,,,,,,8,,0
10361,21980,76290,Joe Bryant,SDC,San Diego Clippers,0028000631,1981-02-04,SDC @ NJN,W,0,1,,,0.0,,,6,8,0.75,,,,,,,,,8,,0
10362,21980,78537,Jeff Wilkins,UTH,Utah Jazz,0028000630,1981-02-04,UTH @ PHX,L,0,3,,,0.0,,,2,2,1.0,,,,,,,,,8,,0
10363,21980,77235,Rich Kelley,PHX,Phoenix Suns,0028000630,1981-02-04,PHX vs. UTH,W,0,3,,,0.0,,,2,2,1.0,,,,,,,,,8,,0
10364,21980,78442,Wally Walker,SEA,Seattle SuperSonics,0028000628,1981-02-04,SEA vs. WAS,W,0,3,,,0.0,,,2,2,1.0,,,,,,,,,8,,0
10365,21980,76944,Bill Hanzlik,SEA,Seattle SuperSonics,0028000628,1981-02-04,SEA vs. WAS,W,0,2,,,0.0,,,4,6,0.667,,,,,,,,,8,,0
10366,21980,76887,Kevin Grevey,WAS,Washington Bullets,0028000628,1981-02-04,WAS @ SEA,L,0,2,,,0.0,,,4,4,1.0,,,,,,,,,8,,0
10367,21980,76567,Coby Dietrick,CHI,Chicago Bulls,0028000627,1981-02-04,CHI @ CLE,W,0,3,,,0.0,,,2,2,1.0,,,,,,,,,8,,0
10368,21980,78527,Michael Wiley,SAN,San Antonio Spurs,0028000626,1981-02-04,SAN @ DEN,W,0,4,,,0.0,,,0,0,,,,,,,,,,8,,0
10369,21980,77756,Mark Olberding,SAN,San Antonio Spurs,0028000626,1981-02-04,SAN @ DEN,W,0,3,,,0.0,,,2,2,1.0,,,,,,,,6.0,8,,0
10370,21980,77633,Johnny Moore,SAN,San Antonio Spurs,0028000625,1981-02-03,SAN vs. DET,W,0,4,,,0.0,,,0,0,,,,,,,,,,8,,0
10371,21980,77876,Kevin Porter,WAS,Washington Bullets,0028000624,1981-02-03,WAS @ POR,L,0,4,,,0.0,,,0,0,,,,,,,,,,8,,0
10372,21980,77324,Mitch Kupchak,WAS,Washington Bullets,0028000624,1981-02-03,WAS @ POR,L,0,3,,,0.0,,,2,2,1.0,,,,,,,,,8,,0
10373,21980,76418,Don Collins,WAS,Washington Bullets,0028000624,1981-02-03,WAS @ POR,L,0,3,,,0.0,,,2,2,1.0,,,,,,,,,8,,0
10374,21980,76483,Pat Cummings,MIL,Milwaukee Bucks,0028000623,1981-02-03,MIL vs. IND,L,0,3,,,0.0,,,2,3,0.667,,,,,,,,,8,,0
10375,21980,77043,Lionel Hollins,PHL,Philadelphia 76ers,0028000620,1981-02-03,PHL @ ATL,W,0,3,,,0.0,,,2,5,0.4,,,,,,,,,8,,0
10376,21980,78614,Mike Woodson,NYK,New York Knicks,0028000619,1981-02-03,NYK vs. SDC,W,0,3,,,0.0,,,2,2,1.0,,,,,,,,,8,,0
10377,21980,76162,Henry Bibby,SDC,San Diego Clippers,0028000619,1981-02-03,SDC @ NYK,L,0,4,,,0.0,,,0,0,,,,,,,,,,8,,0
10378,21980,1450,Kevin McHale,BOS,Boston Celtics,0028000616,1981-01-29,BOS @ CHI,L,0,4,,,0.0,,,0,0,,,,,,,,,,8,,0
10379,21980,78390,Terry Tyler,DET,Detroit Pistons,0028000615,1981-01-29,DET vs. GOS,L,0,4,,,0.0,,,0,0,,,,,,,,,,8,,0
10380,21980,76392,Jim Chones,LAL,Los Angeles Lakers,0028000613,1981-01-29,LAL vs. KCK,W,0,3,,,0.0,,,2,3,0.667,,,,,,,,,8,,0
10381,21980,76355,Butch Carter,LAL,Los Angeles Lakers,0028000613,1981-01-29,LAL vs. KCK,W,0,3,,,0.0,,,2,2,1.0,,,,,,,,,8,,0
10382,21980,76249,Ron Brewer,SAN,San Antonio Spurs,0028000612,1981-01-29,SAN vs. NJN,W,0,2,,,0.0,,,4,4,1.0,,,,,,,,,8,,0
10383,21980,78014,Tree Rollins,ATL,Atlanta Hawks,0028000611,1981-01-29,ATL vs. NYK,L,0,3,,,0.0,,,2,2,1.0,,,,,,,,,8,,0
10384,21980,76471,Charlie Criss,ATL,Atlanta Hawks,0028000611,1981-01-29,ATL vs. NYK,L,0,3,,,0.0,,,2,2,1.0,,,,,,,,,8,,0
10385,21980,76257,Allan Bristow,UTH,Utah Jazz,0028000610,1981-01-29,UTH vs. HOU,W,0,2,,,0.0,,,4,6,0.667,,,,,,,,,8,,0
10386,21980,78500,Paul Westphal,SEA,Seattle SuperSonics,0028000609,1981-01-28,SEA vs. MIL,L,0,4,,,0.0,,,0,0,,,,,,,,,,8,,0
10387,21980,77324,Mitch Kupchak,WAS,Washington Bullets,0028000608,1981-01-28,WAS vs. PHX,W,0,4,,,0.0,,,0,0,,,,,,,,,,8,,0
10388,21980,77235,Rich Kelley,PHX,Phoenix Suns,0028000608,1981-01-28,PHX @ WAS,L,0,2,,,0.0,,,4,4,1.0,,,,,,,,,8,,0
10389,21980,78350,Rudy Tomjanovich,HOU,Houston Rockets,0028000607,1981-01-28,HOU vs. NJN,W,0,2,,,0.0,,,4,6,0.667,,,,,,,,,8,,0
10390,21980,77754,Mike O'Koren,NJN,New Jersey Nets,0028000607,1981-01-28,NJN @ HOU,L,0,3,,,0.0,,,2,2,1.0,,,,,,,,,8,,0
10391,21980,76996,Tom Henderson,HOU,Houston Rockets,0028000607,1981-01-28,HOU vs. NJN,W,0,4,,,0.0,,,0,0,,,,,,,,,,8,,0
10392,21980,76656,Bob Elliott,NJN,New Jersey Nets,0028000607,1981-01-28,NJN @ HOU,L,0,4,,,0.0,,,0,0,,,,,,,,,,8,,0
10393,21980,77175,Caldwell Jones,PHL,Philadelphia 76ers,0028000606,1981-01-28,PHL @ BOS,L,0,3,,,0.0,,,2,2,1.0,,,,,,,,,8,,0
10394,21980,78296,Brian Taylor,SDC,San Diego Clippers,0028000602,1981-01-27,SDC vs. KCK,W,0,1,,,0.0,,,6,9,0.667,,,,,,,,,8,,0
10395,21980,77331,John Lambert,KCK,Kansas City Kings,0028000602,1981-01-27,KCK @ SDC,L,0,4,,,0.0,,,0,0,,,,,,,,,,8,,0
10396,21980,76899,Ernie Grunfeld,KCK,Kansas City Kings,0028000602,1981-01-27,KCK @ SDC,L,0,2,,,0.0,,,4,4,1.0,,,,,,,,,8,,0
10397,21980,76590,Leon Douglas,KCK,Kansas City Kings,0028000602,1981-01-27,KCK @ SDC,L,0,3,,,0.0,,,2,3,0.667,,,,,,,,,8,,0
10398,21980,77290,Billy Knight,IND,Indiana Pacers,0028000600,1981-01-27,IND @ CLE,L,0,3,,,0.0,,,2,4,0.5,,,,,,,,,8,,0
10399,21980,78396,Ron Valentine,DEN,Denver Nuggets,0028000599,1981-01-27,DEN vs. DET,W,0,4,,,0.0,,,0,0,,,,,,,,,,8,,0
10400,21980,78400,Jan Van Breda Kolff,NJN,New Jersey Nets,0028000597,1981-01-27,NJN @ DAL,W,0,3,,,0.0,,,2,2,1.0,,,,,,,,,8,,0
10401,21980,77997,Bill Robinzine,DAL,Dallas Mavericks,0028000597,1981-01-27,DAL vs. NJN,L,0,3,,,0.0,,,2,2,1.0,,,,,,,,,8,,0
10402,21980,77205,Eddie Jordan,LAL,Los Angeles Lakers,0028000596,1981-01-26,LAL vs. POR,W,0,3,,,0.0,,,2,4,0.5,,,,,,,,,8,,0
10403,21980,76441,Wayne Cooper,UTH,Utah Jazz,0028000594,1981-01-26,UTH vs. DET,W,0,4,,,0.0,,,0,0,,,,,,,,,,8,,0
10404,21980,76993,Gerald Henderson,BOS,Boston Celtics,0028000593,1981-01-25,BOS vs. SEA,W,0,2,,,0.0,,,4,6,0.667,,,,,,,,,8,,0
10405,21980,76272,Fred Brown,SEA,Seattle SuperSonics,0028000593,1981-01-25,SEA @ BOS,L,0,3,,,0.0,,,2,3,0.667,,,,,,,,,8,,0
10406,21980,76249,Ron Brewer,SAN,San Antonio Spurs,0028000592,1981-01-25,SAN @ POR,L,0,4,,,0.0,,,0,0,,,,,,,,,,8,,0
10407,21980,77986,Cliff T. Robinson,NJN,New Jersey Nets,0028000591,1981-01-25,NJN vs. WAS,L,0,4,,,0.0,,,0,1,0.0,,,,,,,,,8,,0
10408,21980,76418,Don Collins,WAS,Washington Bullets,0028000591,1981-01-25,WAS @ NJN,W,0,3,,,0.0,,,2,5,0.4,,,,,,,,,8,,0
10409,21980,78095,Alvin Scott,PHX,Phoenix Suns,0028000590,1981-01-25,PHX @ PHL,L,0,3,,,0.0,,,2,2,1.0,,,,,,,,,8,,0
10410,21980,77873,Ben Poquette,UTH,Utah Jazz,0028000589,1981-01-24,UTH @ HOU,L,0,3,,,0.0,,,2,3,0.667,,,,,,,,,8,,0
10411,21980,76317,Don Buse,IND,Indiana Pacers,0028000586,1981-01-24,IND vs. DAL,W,0,4,,,0.0,,,0,0,,,,,,,,,,8,,0
10412,21980,78195,Larry Smith,GOS,Golden State Warriors,0028000585,1981-01-24,GOS vs. NYK,W,0,3,,,0.0,,,2,3,0.667,,,,,,,,,8,,0
10413,21980,78015,Lorenzo Romar,GOS,Golden State Warriors,0028000585,1981-01-24,GOS vs. NYK,W,0,3,,,0.0,,,2,2,1.0,,,,,,,,,8,,0
10414,21980,76353,Joe Barry Carroll,GOS,Golden State Warriors,0028000585,1981-01-24,GOS vs. NYK,W,0,4,,,0.0,,,0,0,,,,,,,,,,8,,0
10415,21980,77553,Tom McMillen,ATL,Atlanta Hawks,0028000584,1981-01-24,ATL vs. CHI,L,0,4,,,0.0,,,0,0,,,,,,,,,,8,,0
10416,21980,76889,Paul Griffin,SAN,San Antonio Spurs,0028000583,1981-01-24,SAN @ DEN,L,0,1,,,0.0,,,6,11,0.545,,,,,,,,,8,,0
10417,21980,76686,Mike Evans,MIL,Milwaukee Bucks,0028000581,1981-01-23,MIL @ PHX,L,0,3,,,0.0,,,2,2,1.0,,,,,,,,,8,,0
10418,21980,76993,Gerald Henderson,BOS,Boston Celtics,0028000575,1981-01-23,BOS vs. IND,W,0,2,,,0.0,,,4,4,1.0,,,,,,,,,8,,0
10419,21980,77136,Clemon Johnson,IND,Indiana Pacers,0028000575,1981-01-23,IND @ BOS,L,0,3,,,0.0,,,2,5,0.4,,,,,,,,,8,,0
10420,21980,77997,Bill Robinzine,DAL,Dallas Mavericks,0028000582,1981-01-23,DAL @ CHI,L,0,4,,,0.0,,,0,0,,,,,,,,,,8,,0
10421,21980,77396,Scott Lloyd,DAL,Dallas Mavericks,0028000582,1981-01-23,DAL @ CHI,L,0,3,,,0.0,,,2,3,0.667,,,,,,,,,8,,0
10422,21980,77182,Dwight Jones,CHI,Chicago Bulls,0028000582,1981-01-23,CHI vs. DAL,W,0,4,,,0.0,,,0,0,,,,,,,,,,8,,0
10423,21980,78132,Craig Shelton,ATL,Atlanta Hawks,0028000580,1981-01-23,ATL vs. CLE,L,0,1,,,0.0,,,6,8,0.75,,,,,,,,,8,,0
10424,21980,77484,Wes Matthews,ATL,Atlanta Hawks,0028000580,1981-01-23,ATL vs. CLE,L,0,4,,,0.0,,,0,2,0.0,,,,,,,,,8,,0
10425,21980,77419,John Lucas,GOS,Golden State Warriors,0028000578,1981-01-23,GOS @ UTH,W,0,3,,,0.0,,,2,4,0.5,,,,,,,,,8,,0
10426,21980,76441,Wayne Cooper,UTH,Utah Jazz,0028000578,1981-01-23,UTH vs. GOS,L,0,3,,,0.0,,,2,3,0.667,,,,,,,,,8,,0
10427,21980,77168,Mickey Johnson,MIL,Milwaukee Bucks,0028000581,1981-01-23,MIL @ PHX,L,0,3,,,0.0,,,2,4,0.5,,,,,,,,,8,,0
10428,21980,76348,Austin Carr,WAS,Washington Bullets,0028000577,1981-01-23,WAS vs. SEA,W,0,3,,,0.0,,,2,2,1.0,,,,,,,,,8,,0
10429,21980,78500,Paul Westphal,SEA,Seattle SuperSonics,0028000577,1981-01-23,SEA @ WAS,L,0,3,,,0.0,,,2,2,1.0,,,,,,,,,8,,0
10430,21980,77950,Clint Richardson,PHL,Philadelphia 76ers,0028000573,1981-01-22,PHL @ WAS,W,0,4,,,0.0,,,0,0,,,,,,,,,,8,,0
10431,21980,77324,Mitch Kupchak,WAS,Washington Bullets,0028000573,1981-01-22,WAS vs. PHL,L,0,3,,,0.0,,,2,4,0.5,,,,,,,,,8,,0
10432,21980,77754,Mike O'Koren,NJN,New Jersey Nets,0028000571,1981-01-22,NJN @ CLE,L,0,4,,,0.0,,,0,0,,,,,,,,,,8,,0
10433,21980,78390,Terry Tyler,DET,Detroit Pistons,0028000570,1981-01-22,DET vs. CHI,L,0,4,,,0.0,,,0,0,,,,,,,,,,8,,0
10434,21980,77364,Ron Lee,DET,Detroit Pistons,0028000570,1981-01-22,DET vs. CHI,L,0,3,,,0.0,,,2,5,0.4,,,,,,,,,8,,0
10435,21980,77071,Phil Hubbard,DET,Detroit Pistons,0028000570,1981-01-22,DET vs. CHI,L,0,1,,,0.0,,,6,8,0.75,,,,,,,,,8,,0
10436,21980,76881,David Greenwood,CHI,Chicago Bulls,0028000570,1981-01-22,CHI @ DET,W,0,3,,,0.0,,,2,2,1.0,,,,,,,,,8,,0
10437,21980,78095,Alvin Scott,PHX,Phoenix Suns,0028000564,1981-01-21,PHX @ HOU,L,0,3,,,0.0,,,2,2,1.0,,,,,,,,,8,,0
10438,21980,78482,Scott Wedman,KCK,Kansas City Kings,0028000569,1981-01-21,KCK vs. SAN,W,0,4,,,0.0,,,0,0,,,,,,,,,,8,,0
10439,21980,77331,John Lambert,KCK,Kansas City Kings,0028000569,1981-01-21,KCK vs. SAN,W,0,2,,,0.0,,,4,4,1.0,,,,,,,,,8,,0
10440,21980,77290,Billy Knight,IND,Indiana Pacers,0028000568,1981-01-21,IND @ PHL,L,0,2,,,0.0,,,4,5,0.8,,,,,,,,,8,,0
10441,21980,77175,Caldwell Jones,PHL,Philadelphia 76ers,0028000568,1981-01-21,PHL vs. IND,W,0,2,,,0.0,,,4,5,0.8,,,,,,,,,8,,0
10442,21980,77205,Eddie Jordan,LAL,Los Angeles Lakers,0028000566,1981-01-21,LAL vs. ATL,W,0,4,,,0.0,,,0,0,,,,,,,,,,8,,0
10443,21980,77817,Billy Paultz,HOU,Houston Rockets,0028000564,1981-01-21,HOU vs. PHX,W,0,4,,,0.0,,,0,0,,,,,,,,,,8,,0
10444,21980,78600,Brian Winters,MIL,Milwaukee Bucks,0028000563,1981-01-21,MIL @ GOS,W,0,3,,,0.0,,,2,2,1.0,,,,,,,,,8,,0
10445,21980,76317,Don Buse,IND,Indiana Pacers,0028000568,1981-01-21,IND @ PHL,L,0,3,,,2.0,,,0,0,,,,,,,,,,8,,0
10446,21980,78215,Ricky Sobers,CHI,Chicago Bulls,0028000561,1981-01-20,CHI vs. IND,W,0,4,,,0.0,,,0,0,,,,,,,,,,8,,0
10447,21980,77182,Dwight Jones,CHI,Chicago Bulls,0028000561,1981-01-20,CHI vs. IND,W,0,4,,,0.0,,,0,0,,,,,,,,,,8,,0
10448,21980,229,James Edwards,IND,Indiana Pacers,0028000561,1981-01-20,IND @ CHI,L,0,2,,,0.0,,,4,4,1.0,,,,,,,,,8,,0
10449,21980,77364,Ron Lee,DET,Detroit Pistons,0028000560,1981-01-20,DET vs. PHL,W,0,4,,,0.0,,,0,0,,,,,,,,,,8,,0
10450,21980,77175,Caldwell Jones,PHL,Philadelphia 76ers,0028000560,1981-01-20,PHL @ DET,L,0,4,,,0.0,,,0,1,0.0,,,,,,,,,8,,0
10451,21980,77043,Lionel Hollins,PHL,Philadelphia 76ers,0028000560,1981-01-20,PHL @ DET,L,0,4,,,0.0,,,0,0,,,,,,,,,,8,,0
10452,21980,76350,Kenny Carr,CLE,Cleveland Cavaliers,0028000559,1981-01-20,CLE vs. POR,W,0,2,,,0.0,,,4,6,0.667,,,,,,,,,8,,0
10453,21980,77944,Kevin Restani,SAN,San Antonio Spurs,0028000558,1981-01-20,SAN vs. PHX,W,0,4,,,0.0,,,0,0,,,,,,,,,,8,,0
10454,21980,77396,Scott Lloyd,DAL,Dallas Mavericks,0028000557,1981-01-20,DAL vs. KCK,L,0,3,,,0.0,,,2,2,1.0,,,,,,,,,8,,0
10455,21980,76590,Leon Douglas,KCK,Kansas City Kings,0028000557,1981-01-20,KCK @ DAL,W,0,4,,,0.0,,,0,0,,,,,,,,,,8,,0
10456,21980,78047,Campy Russell,NYK,New York Knicks,0028000555,1981-01-20,NYK vs. SEA,W,0,4,,,0.0,,,0,0,,,,,,,,,,8,,0
10457,21980,76979,Elvin Hayes,WAS,Washington Bullets,0028000553,1981-01-18,WAS vs. NJN,W,0,1,,,0.0,,,6,6,1.0,,,16.0,,,,,,8,,0
10458,21980,77022,Johnny High,PHX,Phoenix Suns,0028000551,1981-01-18,PHX vs. ATL,W,0,3,,,0.0,,,2,5,0.4,,,,,,,,,8,,0
10459,21980,940,Earl Cureton,PHL,Philadelphia 76ers,0028000548,1981-01-18,PHL vs. SEA,W,0,4,,,0.0,,,0,0,,,,,,,,,,8,,0
10460,21980,77873,Ben Poquette,UTH,Utah Jazz,0028000547,1981-01-18,UTH @ IND,L,0,4,,,0.0,,,0,0,,,,,,,,,6.0,8,,0
10461,21980,76444,Michael Cooper,LAL,Los Angeles Lakers,0028000546,1981-01-18,LAL @ BOS,L,0,4,,,0.0,,,0,0,,,,,,,,,,8,,0
10462,21980,78095,Alvin Scott,PHX,Phoenix Suns,0028000551,1981-01-18,PHX vs. ATL,W,0,4,,,0.0,,,0,0,,,,,,,,,,8,,0
10463,21980,77182,Dwight Jones,CHI,Chicago Bulls,0028000545,1981-01-17,CHI vs. CLE,L,0,3,,,0.0,,,2,2,1.0,,,,,,,,,8,,0
10464,21980,76453,Dave Corzine,SAN,San Antonio Spurs,0028000542,1981-01-17,SAN @ WAS,L,0,3,,,0.0,,,2,2,1.0,,,,,,,,,8,,0
10465,21980,76889,Paul Griffin,SAN,San Antonio Spurs,0028000540,1981-01-16,SAN @ BOS,L,0,2,,,0.0,,,4,4,1.0,,,,,,,,,8,,0
10466,21980,100263,Bill Laimbeer,CLE,Cleveland Cavaliers,0028000538,1981-01-16,CLE @ PHL,L,0,4,,,0.0,,,0,0,,,,,,,,,,8,,0
10467,21980,77209,Walter Jordan,CLE,Cleveland Cavaliers,0028000538,1981-01-16,CLE @ PHL,L,0,4,,,0.0,,,0,0,,,,,,,,,,8,,0
10468,21980,77175,Caldwell Jones,PHL,Philadelphia 76ers,0028000538,1981-01-16,PHL vs. CLE,W,0,4,,,0.0,,,0,0,,,,,,,,,,8,,0
10469,21980,77043,Lionel Hollins,PHL,Philadelphia 76ers,0028000538,1981-01-16,PHL vs. CLE,W,0,2,,,0.0,,,4,5,0.8,,,,,,,,,8,,0
10470,21980,76365,Harvey Catchings,MIL,Milwaukee Bucks,0028000537,1981-01-16,MIL vs. KCK,W,0,3,,,0.0,,,2,3,0.667,,,,,,,,,8,,0
10471,21980,77715,Carl Nicks,UTH,Utah Jazz,0028000535,1981-01-16,UTH vs. SDC,W,0,4,,,0.0,,,0,0,,,,,,,,,,8,,0
10472,21980,77770,Louis Orr,IND,Indiana Pacers,0028000534,1981-01-16,IND vs. SEA,L,0,4,,,0.0,,,0,0,,,,,,,,,,8,,0
10473,21980,78195,Larry Smith,GOS,Golden State Warriors,0028000533,1981-01-16,GOS vs. ATL,L,0,3,,,0.0,,,2,4,0.5,,,,,,,,,8,,0
10474,21980,77419,John Lucas,GOS,Golden State Warriors,0028000533,1981-01-16,GOS vs. ATL,L,0,4,,,0.0,,,0,0,,,,,,,,,,8,,0
10475,21980,78614,Mike Woodson,NYK,New York Knicks,0028000532,1981-01-16,NYK @ DAL,L,0,4,,,0.0,,,0,0,,,,,,,,,,8,,0
10476,21980,77754,Mike O'Koren,NJN,New Jersey Nets,0028000531,1981-01-16,NJN vs. LAL,L,0,3,,,0.0,,,2,2,1.0,,,,,,,,,8,,0
10477,21980,76826,Mike Gminski,NJN,New Jersey Nets,0028000531,1981-01-16,NJN vs. LAL,L,0,4,,,0.0,,,0,0,,,,,,,,,,8,,0
10478,21980,77996,Wayne Robinson,DET,Detroit Pistons,0028000530,1981-01-15,DET vs. WAS,L,0,2,,,0.0,,,4,4,1.0,,,,,,,,,8,,0
10479,21980,76348,Austin Carr,WAS,Washington Bullets,0028000530,1981-01-15,WAS @ DET,W,0,2,,,0.0,,,4,4,1.0,,,,,,,,,8,,0
10480,21980,78600,Brian Winters,MIL,Milwaukee Bucks,0028000529,1981-01-15,MIL vs. PHL,W,0,3,,,0.0,,,2,4,0.5,,,,,,,,,8,,0
10481,21980,77950,Clint Richardson,PHL,Philadelphia 76ers,0028000529,1981-01-15,PHL @ MIL,L,0,3,,,0.0,,,2,2,1.0,,,,,,,,,8,,0
10482,21980,76385,Maurice Cheeks,PHL,Philadelphia 76ers,0028000529,1981-01-15,PHL @ MIL,L,0,4,,,0.0,,,0,0,,,,,,,,,,8,,0
10483,21980,77975,Anthony Roberts,WAS,Washington Bullets,0028000528,1981-01-14,WAS vs. LAL,W,0,4,,,0.0,,,0,0,,,,,,,,,,8,,0
10484,21980,76392,Jim Chones,LAL,Los Angeles Lakers,0028000528,1981-01-14,LAL @ WAS,L,0,4,,,0.0,,,0,0,,,,,,,,,,8,,0
10485,21980,77326,Sam Lacey,KCK,Kansas City Kings,0028000527,1981-01-14,KCK vs. POR,L,0,4,,,0.0,,,0,0,,,,,,,,,,8,,0
10486,21980,78400,Jan Van Breda Kolff,NJN,New Jersey Nets,0028000525,1981-01-14,NJN @ PHL,L,0,3,,,0.0,,,2,2,1.0,,,,,,,,,8,,0
10487,21980,77710,Mike Newlin,NJN,New Jersey Nets,0028000525,1981-01-14,NJN @ PHL,L,0,3,,,0.0,,,2,2,1.0,,,,,,,,,8,,0
10488,21980,76553,Larry Demic,NYK,New York Knicks,0028000522,1981-01-14,NYK @ SAN,L,0,4,,,0.0,,,0,0,,,,,,,,,,8,,0
10489,21980,76249,Ron Brewer,SAN,San Antonio Spurs,0028000522,1981-01-14,SAN vs. NYK,W,0,4,,,0.0,,,0,0,,,,,,,,,,8,,0
10490,21980,77235,Rich Kelley,PHX,Phoenix Suns,0028000521,1981-01-14,PHX vs. DEN,W,0,2,,,0.0,,,4,4,1.0,,,,,,,,,8,,0
10491,21980,76436,Jeff Cook,PHX,Phoenix Suns,0028000521,1981-01-14,PHX vs. DEN,W,0,4,,,0.0,,,0,0,,,,,,,,,,8,,0
10492,21980,76996,Tom Henderson,HOU,Houston Rockets,0028000520,1981-01-14,HOU vs. CHI,W,0,4,,,0.0,,,0,0,,,,,,,,,,8,,0
10493,21980,77623,Paul Mokeski,DET,Detroit Pistons,0028000519,1981-01-14,DET @ IND,L,0,3,,,0.0,,,2,3,0.667,,,,,,,,,8,,0
10494,21980,76296,Quinn Buckner,MIL,Milwaukee Bucks,0028000517,1981-01-13,MIL @ DET,W,0,4,,,0.0,,,0,0,,,,,,,,,,8,,0
10495,21980,100263,Bill Laimbeer,CLE,Cleveland Cavaliers,0028000516,1981-01-13,CLE vs. LAL,L,0,4,,,0.0,,,0,0,,,,,,,,,,8,,0
10496,21980,77205,Eddie Jordan,LAL,Los Angeles Lakers,0028000516,1981-01-13,LAL @ CLE,W,0,4,,,0.0,,,0,1,0.0,,,,,,,,,8,,0
10497,21980,78404,Kiki Vandeweghe,DEN,Denver Nuggets,0028000514,1981-01-13,DEN vs. ATL,W,0,2,,,0.0,,,4,4,1.0,,,,,,,,,8,,0
10498,21980,77056,Cedrick Hordges,DEN,Denver Nuggets,0028000514,1981-01-13,DEN vs. ATL,W,0,3,,,0.0,,,2,2,1.0,,,,,,,,,8,,0
10499,21980,77490,Scott May,CHI,Chicago Bulls,0028000513,1981-01-13,CHI @ DAL,L,0,3,,,0.0,,,2,2,1.0,,,,,,,,,8,,0
10500,21980,77087,Geoff Huston,DAL,Dallas Mavericks,0028000513,1981-01-13,DAL vs. CHI,W,0,3,,,0.0,,,2,2,1.0,,,,,,,,,8,,0
10501,21980,76993,Gerald Henderson,BOS,Boston Celtics,0028000515,1981-01-13,BOS @ NYK,W,0,4,,,0.0,,,0,0,,,,,,,,,,8,,0
10502,21980,78195,Larry Smith,GOS,Golden State Warriors,0028000512,1981-01-11,GOS @ SEA,W,0,3,,,0.0,,,2,2,1.0,,,,,,,,6.0,8,,0
10503,21980,77996,Wayne Robinson,DET,Detroit Pistons,0028000511,1981-01-11,DET @ LAL,L,0,3,,,0.0,,,2,2,1.0,,,,,,,,,8,,0
10504,21980,76392,Jim Chones,LAL,Los Angeles Lakers,0028000511,1981-01-11,LAL vs. DET,W,0,4,,,0.0,,,0,0,,,,,,,,,6.0,8,,0
10505,21980,76365,Harvey Catchings,MIL,Milwaukee Bucks,0028000509,1981-01-11,MIL vs. PHX,W,0,4,,,0.0,,,0,0,,,,,,,,,,8,,0
10506,21980,77326,Sam Lacey,KCK,Kansas City Kings,0028000508,1981-01-11,KCK vs. SDC,L,0,4,,,0.0,,,0,0,,,,,,,,,,8,,0
10507,21980,76317,Don Buse,IND,Indiana Pacers,0028000507,1981-01-10,IND vs. MIL,W,0,3,,,0.0,,,2,3,0.667,,,,,,,,,8,,0
10508,21980,76993,Gerald Henderson,BOS,Boston Celtics,0028000505,1981-01-10,BOS @ NJN,W,0,2,,,0.0,,,4,5,0.8,,,,,,,,,8,,0
10509,21980,76895,Bob Gross,POR,Portland Trail Blazers,0028000503,1981-01-10,POR @ HOU,L,0,4,,,0.0,,,0,0,,,,,,,,,6.0,8,,0
10510,21980,78614,Mike Woodson,NYK,New York Knicks,0028000501,1981-01-10,NYK @ CLE,W,0,4,,,0.0,,,0,0,,,,,,,,,,8,,0
10511,21980,76290,Joe Bryant,SDC,San Diego Clippers,0028000498,1981-01-09,SDC vs. DEN,L,0,2,,,0.0,,,4,4,1.0,,,,,,,,,8,,0
10512,21980,77528,Jim McElroy,ATL,Atlanta Hawks,0028000497,1981-01-09,ATL vs. CLE,L,0,4,,,0.0,,,0,0,,,,,,,,,,8,,0
10513,21980,76392,Jim Chones,LAL,Los Angeles Lakers,0028000496,1981-01-09,LAL vs. SEA,W,0,4,,,0.0,,,0,1,0.0,,,,,,,,,8,,0
10514,21980,77669,Calvin Murphy,HOU,Houston Rockets,0028000495,1981-01-09,HOU @ PHL,L,0,4,,,0.0,,,0,0,,,,,,,,,,8,,0
10515,21980,78531,Bob Wilkerson,CHI,Chicago Bulls,0028000494,1981-01-09,CHI @ BOS,L,0,3,,,0.0,,,2,2,1.0,,,,,,,,,8,,0
10516,21980,76733,Chris Ford,BOS,Boston Celtics,0028000494,1981-01-09,BOS vs. CHI,W,0,4,,,0.0,,,0,0,,,,,,,,,,8,,0
10517,21980,1450,Kevin McHale,BOS,Boston Celtics,0028000494,1981-01-09,BOS vs. CHI,W,0,4,,,0.0,,,0,0,,,,,,,,,,8,,0
10518,21980,77993,Truck Robinson,PHX,Phoenix Suns,0028000493,1981-01-09,PHX @ NJN,W,0,3,,,0.0,,,2,2,1.0,,,,,,,,,8,,0
10519,21980,77691,Calvin Natt,POR,Portland Trail Blazers,0028000492,1981-01-09,POR @ SAN,L,0,2,,,0.0,,,4,7,0.571,,,,,,,,,8,,0
10520,21980,77149,George Johnson,SAN,San Antonio Spurs,0028000492,1981-01-09,SAN vs. POR,W,0,4,,,0.0,,,0,0,,,,,,,,,,8,,0
10521,21980,76895,Bob Gross,POR,Portland Trail Blazers,0028000492,1981-01-09,POR @ SAN,L,0,3,,,0.0,,,2,2,1.0,,,,,,,,,8,,0
10522,21980,76091,Greg Ballard,WAS,Washington Bullets,0028000491,1981-01-08,WAS @ KCK,L,0,3,,,1.0,,,1,1,1.0,,,,,,,,,8,,0
10523,21980,77582,Joe Meriweather,KCK,Kansas City Kings,0028000491,1981-01-08,KCK vs. WAS,W,0,2,,,0.0,,,4,5,0.8,,,,,,,,6.0,8,,0
10524,21980,77144,Eddie Johnson,ATL,Atlanta Hawks,0028000489,1981-01-08,ATL @ MIL,L,0,3,,,0.0,,,2,3,0.667,,,,,,,,,8,,0
10525,21980,78570,Sly Williams,NYK,New York Knicks,0028000488,1981-01-08,NYK vs. IND,L,0,2,,,0.0,,,4,5,0.8,,,,,,,,,8,,0
10526,21980,77010,Keith Herron,DET,Detroit Pistons,0028000486,1981-01-07,DET @ SEA,L,0,4,,,0.0,,,0,0,,,,,,,,,,8,,0
10527,21980,77487,Cedric Maxwell,BOS,Boston Celtics,0028000485,1981-01-07,BOS vs. PHX,W,0,3,,,0.0,,,2,2,1.0,,,,,,,,,8,,0
10528,21980,77438,Kyle Macy,PHX,Phoenix Suns,0028000485,1981-01-07,PHX @ BOS,L,0,4,,,0.0,,,0,0,,,,,,,,,,8,,0
10529,21980,76436,Jeff Cook,PHX,Phoenix Suns,0028000485,1981-01-07,PHX @ BOS,L,0,4,,,0.0,,,0,0,,,,,,,,,,8,,0
10530,21980,600009,Rory Sparrow,NJN,New Jersey Nets,0028000484,1981-01-07,NJN @ IND,L,0,4,,,0.0,,,0,0,,,,,,,,,,8,,0
10531,21980,77950,Clint Richardson,PHL,Philadelphia 76ers,0028000483,1981-01-07,PHL vs. SAN,W,0,4,,,0.0,,,0,0,,,,,,,,,,8,,0
10532,21980,77175,Caldwell Jones,PHL,Philadelphia 76ers,0028000483,1981-01-07,PHL vs. SAN,W,0,3,,,0.0,,,2,4,0.5,,,,,,,,,8,,0
10533,21980,78537,Jeff Wilkins,UTH,Utah Jazz,0028000482,1981-01-07,UTH @ DEN,W,0,4,,,0.0,,,0,0,,,,,,,,,,8,,0
10534,21980,77419,John Lucas,GOS,Golden State Warriors,0028000481,1981-01-07,GOS vs. DAL,L,0,1,,,0.0,,,6,9,0.667,,,,,,,,,8,,0
10535,21980,76225,Winford Boynes,DAL,Dallas Mavericks,0028000481,1981-01-07,DAL @ GOS,W,0,4,,,0.0,,,0,0,,,,,,,,,,8,,0
10536,21980,77996,Wayne Robinson,DET,Detroit Pistons,0028000479,1981-01-06,DET @ POR,L,0,4,,,0.0,,,0,0,,,,,,,,,,8,,0
10537,21980,600005,Bob Lanier,MIL,Milwaukee Bucks,0028000478,1981-01-06,MIL vs. NJN,W,0,3,,,0.0,,,2,2,1.0,,,,,,,,,8,,0
10538,21980,77168,Mickey Johnson,MIL,Milwaukee Bucks,0028000478,1981-01-06,MIL vs. NJN,W,0,2,,,0.0,,,4,7,0.571,,,,,,,,,8,,0
10539,21980,78570,Sly Williams,NYK,New York Knicks,0028000477,1981-01-06,NYK vs. SAN,L,0,3,,,0.0,,,2,2,1.0,,,,,,,,,8,,0
10540,21980,76889,Paul Griffin,SAN,San Antonio Spurs,0028000477,1981-01-06,SAN @ NYK,W,0,3,,,0.0,,,2,5,0.4,,,,,,,,,8,,0
10541,21980,76453,Dave Corzine,SAN,San Antonio Spurs,0028000477,1981-01-06,SAN @ NYK,W,0,4,,,0.0,,,0,0,,,,,,,,,,8,,0
10542,21980,76249,Ron Brewer,SAN,San Antonio Spurs,0028000477,1981-01-06,SAN @ NYK,W,0,3,,,0.0,,,2,2,1.0,,,,,,,,,8,,0
10543,21980,600014,Artis Gilmore,CHI,Chicago Bulls,0028000475,1981-01-06,CHI vs. SDC,W,0,3,,,0.0,,,2,5,0.4,,,,,,,,,8,,0
10544,21980,78215,Ricky Sobers,CHI,Chicago Bulls,0028000475,1981-01-06,CHI vs. SDC,W,0,3,,,0.0,,,2,2,1.0,,,,,,,,,8,,0
10545,21980,76162,Henry Bibby,SDC,San Diego Clippers,0028000475,1981-01-06,SDC @ CHI,L,0,3,,,0.0,,,2,2,1.0,,,,,,,,,8,,0
10546,21980,77152,John Johnson,SEA,Seattle SuperSonics,0028000474,1981-01-05,SEA vs. DAL,W,0,4,,,0.0,,,0,0,,,,,,,,,,8,,0
10547,21980,76993,Gerald Henderson,BOS,Boston Celtics,0028000473,1981-01-04,BOS @ POR,W,0,4,,,0.0,,,0,0,,,,,,,,,,8,,0
10548,21980,305,Robert Parish,BOS,Boston Celtics,0028000473,1981-01-04,BOS @ POR,W,0,3,,,0.0,,,2,2,1.0,,,,,,,,6.0,8,,0
10549,21980,78350,Rudy Tomjanovich,HOU,Houston Rockets,0028000470,1981-01-03,HOU vs. DEN,L,0,3,,,0.0,,,2,2,1.0,,,,,,,,,8,,0
10550,21980,77936,Robert Reid,HOU,Houston Rockets,0028000470,1981-01-03,HOU vs. DEN,L,0,3,,,0.0,,,2,2,1.0,,,,,,,,,8,,0
10551,21980,77021,Kenny Higgs,DEN,Denver Nuggets,0028000470,1981-01-03,DEN @ HOU,W,0,4,,,0.0,,,0,0,,,,,,,,,,8,,0
10552,21980,78537,Jeff Wilkins,UTH,Utah Jazz,0028000469,1981-01-03,UTH vs. POR,W,0,4,,,0.0,,,0,0,,,,,,,,,,8,,0
10553,21980,77911,Kelvin Ransey,POR,Portland Trail Blazers,0028000469,1981-01-03,POR @ UTH,L,0,4,,,0.0,,,0,0,,,,,,,,,,8,,0
10554,21980,76204,Ron Boone,UTH,Utah Jazz,0028000469,1981-01-03,UTH vs. POR,W,0,2,,,0.0,,,4,4,1.0,,,,,,,,,8,,0
10555,21980,77193,Bobby Jones,PHL,Philadelphia 76ers,0028000468,1981-01-03,PHL @ GOS,W,0,4,,,0.0,,,0,0,,,,,,,,,,8,,0
10556,21980,76822,Mike Glenn,NYK,New York Knicks,0028000461,1981-01-02,NYK @ DET,L,0,4,,,0.0,,,0,0,,,,,,,,,,8,,0
10557,21980,76599,Larry Drew,DET,Detroit Pistons,0028000461,1981-01-02,DET vs. NYK,W,0,2,,,0.0,,,4,4,1.0,,,,,,,,,8,,0
10558,21980,78014,Tree Rollins,ATL,Atlanta Hawks,0028000459,1981-01-02,ATL vs. IND,L,0,4,,,0.0,,,0,0,,,,,,,,,,8,,0
10559,21980,77136,Clemon Johnson,IND,Indiana Pacers,0028000459,1981-01-02,IND @ ATL,W,0,4,,,0.0,,,0,2,0.0,,,,,,,,,8,,0
10560,21980,76471,Charlie Criss,ATL,Atlanta Hawks,0028000459,1981-01-02,ATL vs. IND,L,0,4,,,0.0,,,0,0,,,,,,,,,,8,,0
10561,21980,77021,Kenny Higgs,DEN,Denver Nuggets,0028000458,1981-01-02,DEN vs. PHX,L,0,4,,,0.0,,,0,0,,,,,,,,,,8,,0
10562,21980,76436,Jeff Cook,PHX,Phoenix Suns,0028000458,1981-01-02,PHX @ DEN,W,0,4,,,0.0,,,0,0,,,,,,,,,6.0,8,,0
10563,21980,77396,Scott Lloyd,DAL,Dallas Mavericks,0028000456,1981-01-02,DAL vs. HOU,L,0,4,,,0.0,,,0,0,,,,,,,,,6.0,8,,0
10564,21980,76786,Calvin Garrett,HOU,Houston Rockets,0028000456,1981-01-02,HOU @ DAL,W,0,2,,,0.0,,,4,4,1.0,,,,,,,,,8,,0
10565,21980,78519,Charles Whitney,KCK,Kansas City Kings,0028000455,1981-01-02,KCK vs. UTH,W,0,4,,,0.0,,,0,0,,,,,,,,,,8,,0
10566,21980,77326,Sam Lacey,KCK,Kansas City Kings,0028000455,1981-01-02,KCK vs. UTH,W,0,2,,,0.0,,,4,4,1.0,,,,,,,,,8,,0
10567,21980,77756,Mark Olberding,SAN,San Antonio Spurs,0028000454,1981-01-02,SAN vs. LAL,W,0,3,,,0.0,,,2,2,1.0,,,,,,,,,8,,0
10568,21980,76257,Allan Bristow,UTH,Utah Jazz,0028000453,1981-01-01,UTH @ HOU,L,0,2,,,0.0,,,4,4,1.0,,,,,,,,,8,,0
10569,21980,77487,Cedric Maxwell,BOS,Boston Celtics,0028000452,1981-01-01,BOS @ SDC,W,0,3,,,0.0,,,2,4,0.5,,,,,,,,,8,,0
10570,21980,76733,Chris Ford,BOS,Boston Celtics,0028000452,1981-01-01,BOS @ SDC,W,0,3,,,0.0,,,2,2,1.0,,,,,,,,,8,,0
10571,21980,78404,Kiki Vandeweghe,DEN,Denver Nuggets,0028000451,1981-01-01,DEN @ POR,L,0,4,,,0.0,,,0,0,,,,,,,,,,8,,0
10572,21980,76895,Bob Gross,POR,Portland Trail Blazers,0028000451,1981-01-01,POR vs. DEN,W,0,3,,,0.0,,,2,2,1.0,,,,,,,,,8,,0
10573,21980,78351,Andrew Toney,PHL,Philadelphia 76ers,0028000449,1980-12-30,PHL @ POR,L,0,4,,,0.0,,,0,0,,,,,,,,,,8,,0
10574,21980,76895,Bob Gross,POR,Portland Trail Blazers,0028000449,1980-12-30,POR vs. PHL,W,0,3,,,0.0,,,2,2,1.0,,,,,,,,6.0,8,,0
10575,21980,76385,Maurice Cheeks,PHL,Philadelphia 76ers,0028000449,1980-12-30,PHL @ POR,L,0,4,,,0.0,,,0,0,,,,,,,,,,8,,0
10576,21980,77528,Jim McElroy,ATL,Atlanta Hawks,0028000448,1980-12-30,ATL vs. DET,W,0,3,,,0.0,,,2,3,0.667,,,,,,,,,8,,0
10577,21980,78449,Lloyd Walton,KCK,Kansas City Kings,0028000447,1980-12-30,KCK vs. GOS,L,0,4,,,0.0,,,0,0,,,,,,,,,,8,,0
10578,21980,78195,Larry Smith,GOS,Golden State Warriors,0028000447,1980-12-30,GOS @ KCK,W,0,3,,,0.0,,,2,7,0.286,,,,,,,,,8,,0
10579,21980,76257,Allan Bristow,UTH,Utah Jazz,0028000446,1980-12-30,UTH vs. LAL,W,0,2,,,0.0,,,4,6,0.667,,,,,,,,,8,,0
10580,21980,77944,Kevin Restani,SAN,San Antonio Spurs,0028000445,1980-12-30,SAN vs. SEA,W,0,4,,,0.0,,,0,0,,,,,,,,,,8,,0
10581,21980,77633,Johnny Moore,SAN,San Antonio Spurs,0028000445,1980-12-30,SAN vs. SEA,W,0,4,,,0.0,,,0,2,0.0,,,,,,,,,8,,0
10582,21980,77024,Armond Hill,SEA,Seattle SuperSonics,0028000445,1980-12-30,SEA @ SAN,L,0,4,,,0.0,,,0,0,,,,,,,,,,8,,0
10583,21980,76453,Dave Corzine,SAN,San Antonio Spurs,0028000445,1980-12-30,SAN vs. SEA,W,0,3,,,0.0,,,2,2,1.0,,,,,,,,,8,,0
10584,21980,1450,Kevin McHale,BOS,Boston Celtics,0028000442,1980-12-30,BOS @ PHX,W,0,3,,,0.0,,,2,2,1.0,,,,,,,,,8,,0
10585,21980,78392,Wes Unseld,WAS,Washington Bullets,0028000441,1980-12-30,WAS vs. MIL,L,0,3,,,0.0,,,2,4,0.5,,,,,,,,,8,,0
10586,21980,77975,Anthony Roberts,WAS,Washington Bullets,0028000441,1980-12-30,WAS vs. MIL,L,0,3,,,0.0,,,2,3,0.667,,,,,,,,,8,,0
10587,21980,76365,Harvey Catchings,MIL,Milwaukee Bucks,0028000441,1980-12-30,MIL @ WAS,W,0,3,,,0.0,,,2,3,0.667,,,,,,,,,8,,0
10588,21980,76252,Junior Bridgeman,MIL,Milwaukee Bucks,0028000441,1980-12-30,MIL @ WAS,W,0,3,,,0.0,,,2,2,1.0,,,,,,,,,8,,0
10589,21980,78614,Mike Woodson,NYK,New York Knicks,0028000440,1980-12-30,NYK vs. DAL,W,0,3,,,0.0,,,2,3,0.667,,,,,,,,,8,,0
10590,21980,78570,Sly Williams,NYK,New York Knicks,0028000440,1980-12-30,NYK vs. DAL,W,0,3,,,0.0,,,2,2,1.0,,,,,,,,,8,,0
10591,21980,77997,Bill Robinzine,DAL,Dallas Mavericks,0028000440,1980-12-30,DAL @ NYK,L,0,4,,,0.0,,,0,0,,,,,,,,,,8,,0
10592,21980,76734,Don Ford,CLE,Cleveland Cavaliers,0028000439,1980-12-29,CLE vs. DAL,W,0,4,,,0.0,,,0,0,,,,,,,,,,8,,0
10593,21980,76985,Garfield Heard,SDC,San Diego Clippers,0028000603,1980-12-27,SDC vs. IND,W,0,4,,,0.0,,,0,0,,,,,,,,,,8,,0
10594,21980,77876,Kevin Porter,WAS,Washington Bullets,0028000436,1980-12-27,WAS vs. HOU,W,0,2,,,0.0,,,4,6,0.667,,,,,,,,,8,,0
10595,21980,77021,Kenny Higgs,DEN,Denver Nuggets,0028000434,1980-12-27,DEN vs. PHL,W,0,4,,,0.0,,,0,0,,,,,,,,,,8,,0
10596,21980,600005,Bob Lanier,MIL,Milwaukee Bucks,0028000433,1980-12-27,MIL vs. DAL,W,0,4,,,0.0,,,0,2,0.0,,,,,,,,,8,,0
10597,21980,76444,Michael Cooper,LAL,Los Angeles Lakers,0028000432,1980-12-27,LAL @ PHX,L,0,4,,,0.0,,,0,0,,,,,,,,,6.0,8,,0
10598,21980,76392,Jim Chones,LAL,Los Angeles Lakers,0028000432,1980-12-27,LAL @ PHX,L,0,2,,,0.0,,,4,4,1.0,,,,,,,,,8,,0
10599,21980,77144,Eddie Johnson,ATL,Atlanta Hawks,0028000431,1980-12-27,ATL vs. BOS,L,0,2,,,0.0,,,4,4,1.0,,,,,,,,,8,,0
10600,21980,76733,Chris Ford,BOS,Boston Celtics,0028000431,1980-12-27,BOS @ ATL,W,0,4,,,0.0,,,0,0,,,,,,,,,,8,,0
10601,21980,76418,Don Collins,ATL,Atlanta Hawks,0028000431,1980-12-27,ATL vs. BOS,L,0,2,,,0.0,,,4,4,1.0,,,,,,,,,8,,0
10602,21980,78442,Wally Walker,SEA,Seattle SuperSonics,0028000430,1980-12-27,SEA @ GOS,L,0,3,,,0.0,,,2,4,0.5,,,,,,,,,8,,0
10603,21980,78195,Larry Smith,GOS,Golden State Warriors,0028000430,1980-12-27,GOS vs. SEA,W,0,3,,,0.0,,,2,2,1.0,,,,,,,,,8,,0
10604,21980,78390,Terry Tyler,DET,Detroit Pistons,0028000429,1980-12-27,DET @ CHI,L,0,4,,,0.0,,,0,0,,,,,,,,,,8,,0
10605,21980,77756,Mark Olberding,SAN,San Antonio Spurs,0028000428,1980-12-27,SAN vs. UTH,W,0,3,,,0.0,,,2,2,1.0,,,,,,,,,8,,0
10606,21980,77633,Johnny Moore,SAN,San Antonio Spurs,0028000428,1980-12-27,SAN vs. UTH,W,0,4,,,0.0,,,0,0,,,,,,,,,,8,,0
10607,21980,77149,George Johnson,SAN,San Antonio Spurs,0028000428,1980-12-27,SAN vs. UTH,W,0,3,,,0.0,,,2,3,0.667,,,,,,,,,8,,0
10608,21980,76249,Ron Brewer,SAN,San Antonio Spurs,0028000428,1980-12-27,SAN vs. UTH,W,0,2,,,0.0,,,4,4,1.0,,,,,,,,,8,,0
10609,21980,77786,Tom Owens,POR,Portland Trail Blazers,0028000426,1980-12-26,POR @ SEA,W,0,3,,,0.0,,,2,2,1.0,,,,,,,,,8,,0
10610,21980,76895,Bob Gross,POR,Portland Trail Blazers,0028000426,1980-12-26,POR @ SEA,W,0,2,,,0.0,,,4,5,0.8,,,,,,,,,8,,0
10611,21980,78537,Jeff Wilkins,UTH,Utah Jazz,0028000425,1980-12-26,UTH vs. GOS,L,0,3,,,0.0,,,2,4,0.5,,,,,,,,,8,,0
10612,21980,76441,Wayne Cooper,UTH,Utah Jazz,0028000425,1980-12-26,UTH vs. GOS,L,0,3,,,0.0,,,2,4,0.5,,,,,,,,,8,,0
10613,21980,77950,Clint Richardson,PHL,Philadelphia 76ers,0028000424,1980-12-26,PHL @ KCK,W,0,4,,,0.0,,,0,0,,,,,,,,,,8,,0
10614,21980,76590,Leon Douglas,KCK,Kansas City Kings,0028000424,1980-12-26,KCK vs. PHL,L,0,2,,,0.0,,,4,6,0.667,,,,,,,,,8,,0
10615,21980,100263,Bill Laimbeer,CLE,Cleveland Cavaliers,0028000423,1980-12-26,CLE vs. CHI,L,0,4,,,0.0,,,0,0,,,,,,,,,,8,,0
10616,21980,76616,Mike Dunleavy,HOU,Houston Rockets,0028000422,1980-12-26,HOU @ DET,W,0,4,,,0.0,,,0,0,,,,,,,,,,8,,0
10617,21980,78404,Kiki Vandeweghe,DEN,Denver Nuggets,0028000421,1980-12-26,DEN @ DAL,L,0,2,,,0.0,,,4,5,0.8,,,,,,,,,8,,0
10618,21980,77396,Scott Lloyd,DAL,Dallas Mavericks,0028000421,1980-12-26,DAL vs. DEN,W,0,3,,,0.0,,,2,7,0.286,,,,,,,,,8,,0
10619,21980,76526,Johnny Davis,IND,Indiana Pacers,0028000420,1980-12-26,IND @ LAL,L,0,4,,,0.0,,,0,0,,,,,,,,,,8,,0
10620,21980,76444,Michael Cooper,LAL,Los Angeles Lakers,0028000420,1980-12-26,LAL vs. IND,W,0,2,,,0.0,,,4,5,0.8,,,,,,,,,8,,0
10621,21980,76095,Mike Bantom,IND,Indiana Pacers,0028000420,1980-12-26,IND @ LAL,L,0,2,,,0.0,,,4,6,0.667,,,,,,,,,8,,0
10622,21980,1450,Kevin McHale,BOS,Boston Celtics,0028000419,1980-12-25,BOS @ NYK,W,0,3,,,0.0,,,2,2,1.0,,,,,,,,,8,,0
10623,21980,77323,Kevin Kunnert,POR,Portland Trail Blazers,0028000417,1980-12-25,POR vs. GOS,W,0,3,,,0.0,,,2,2,1.0,,,,,,,,,8,,0
10624,21980,76121,Billyray Bates,POR,Portland Trail Blazers,0028000417,1980-12-25,POR vs. GOS,W,0,3,,,0.0,,,2,2,1.0,,,,,,,,,8,,0
10625,21980,77754,Mike O'Koren,NJN,New Jersey Nets,0028000416,1980-12-25,NJN @ WAS,L,0,4,,,0.0,,,0,2,0.0,,,,,,,,,8,,0
10626,21980,76355,Butch Carter,LAL,Los Angeles Lakers,0028000415,1980-12-23,LAL @ POR,L,0,4,,,0.0,,,0,0,,,,,,,,,,8,,0
10627,21980,100263,Bill Laimbeer,CLE,Cleveland Cavaliers,0028000414,1980-12-23,CLE vs. KCK,L,0,4,,,0.0,,,0,3,0.0,,,,,,,,,8,,0
10628,21980,78195,Larry Smith,GOS,Golden State Warriors,0028000413,1980-12-23,GOS @ HOU,W,0,4,,,0.0,,,0,0,,,,,,,,,,8,,0
10629,21980,77936,Robert Reid,HOU,Houston Rockets,0028000413,1980-12-23,HOU vs. GOS,L,0,4,,,0.0,,,0,0,,,,,,,,,,8,,0
10630,21980,77817,Billy Paultz,HOU,Houston Rockets,0028000413,1980-12-23,HOU vs. GOS,L,0,3,,,0.0,,,2,4,0.5,,,,,,,,,8,,0
10631,21980,76971,Steve Hawes,ATL,Atlanta Hawks,0028000410,1980-12-23,ATL vs. WAS,W,0,3,,,0.0,,,2,2,1.0,,,,,,,,,8,,0
10632,21980,76091,Greg Ballard,WAS,Washington Bullets,0028000410,1980-12-23,WAS @ ATL,L,0,3,,,0.0,,,2,2,1.0,,,,,,,,,8,,0
10633,21980,78390,Terry Tyler,DET,Detroit Pistons,0028000409,1980-12-23,DET @ PHX,L,0,4,,,0.0,,,0,0,,,,,,,,,,8,,0
10634,21980,77141,Dennis Johnson,PHX,Phoenix Suns,0028000409,1980-12-23,PHX vs. DET,W,0,3,,,0.0,,,2,2,1.0,,,,,,,,,8,,0
10635,21980,78531,Bob Wilkerson,CHI,Chicago Bulls,0028000408,1980-12-23,CHI vs. NYK,W,0,4,,,0.0,,,0,0,,,,,,,,,,8,,0
10636,21980,78537,Jeff Wilkins,UTH,Utah Jazz,0028000407,1980-12-23,UTH @ DAL,W,0,4,,,0.0,,,0,0,,,,,,,,,,8,,0
10637,21980,76441,Wayne Cooper,UTH,Utah Jazz,0028000407,1980-12-23,UTH @ DAL,W,0,4,,,0.0,,,0,0,,,,,,,,,,8,,0
10638,21980,77024,Armond Hill,SEA,Seattle SuperSonics,0028000406,1980-12-22,SEA vs. PHX,L,0,1,,,0.0,,,6,6,1.0,,,,,,,,,8,,0
10639,21980,77022,Johnny High,PHX,Phoenix Suns,0028000406,1980-12-22,PHX @ SEA,W,0,3,,,0.0,,,2,4,0.5,,,,,,,,,8,,0
10640,21980,78520,Sidney Wicks,SDC,San Diego Clippers,0028000404,1980-12-21,SDC vs. DET,W,0,4,,,0.0,,,0,0,,,,,,,,,,8,,0
10641,21980,77623,Paul Mokeski,DET,Detroit Pistons,0028000404,1980-12-21,DET @ SDC,L,0,2,,,0.0,,,4,9,0.444,,,,,,,,,8,,0
10642,21980,77168,Mickey Johnson,MIL,Milwaukee Bucks,0028000403,1980-12-21,MIL vs. HOU,W,0,3,,,0.0,,,2,2,1.0,,,,,,,,,8,,0
10643,21980,76296,Quinn Buckner,MIL,Milwaukee Bucks,0028000403,1980-12-21,MIL vs. HOU,W,0,4,,,0.0,,,0,0,,,,,,,,,,8,,0
10644,21980,76993,Gerald Henderson,BOS,Boston Celtics,0028000400,1980-12-20,BOS @ CLE,W,0,2,,,0.0,,,4,7,0.571,,,,,,,,,8,,0
10645,21980,76733,Chris Ford,BOS,Boston Celtics,0028000400,1980-12-20,BOS @ CLE,W,0,4,,,0.0,,,0,0,,,,,,,,,,8,,0
10646,21980,1450,Kevin McHale,BOS,Boston Celtics,0028000400,1980-12-20,BOS @ CLE,W,0,4,,,0.0,,,0,0,,,,,,,,,,8,,0
10647,21980,78199,Phil Smith,SDC,San Diego Clippers,0028000399,1980-12-20,SDC @ UTH,W,0,2,,,0.0,,,4,4,1.0,,,,,,,,,8,,0
10648,21980,76618,T.R. Dunn,DEN,Denver Nuggets,0028000398,1980-12-20,DEN @ NYK,L,0,3,,,0.0,,,2,2,1.0,,,,,,,,,8,,0
10649,21980,77582,Joe Meriweather,KCK,Kansas City Kings,0028000397,1980-12-20,KCK vs. IND,L,0,3,,,0.0,,,2,3,0.667,,,,,,,,,8,,0
10650,21980,229,James Edwards,IND,Indiana Pacers,0028000397,1980-12-20,IND @ KCK,W,0,4,,,0.0,,,0,0,,,,,,,,,6.0,8,,0
10651,21980,78222,Jim Spanarkel,DAL,Dallas Mavericks,0028000396,1980-12-20,DAL vs. GOS,L,0,4,,,0.0,,,0,0,,,,,,,,,,8,,0
10652,21980,77396,Scott Lloyd,DAL,Dallas Mavericks,0028000396,1980-12-20,DAL vs. GOS,L,0,2,,,0.0,,,4,4,1.0,,,,,,,,,8,,0
10653,21980,77817,Billy Paultz,HOU,Houston Rockets,0028000395,1980-12-20,HOU @ CHI,L,0,4,,,0.0,,,0,0,,,,,,,,,,8,,0
10654,21980,76616,Mike Dunleavy,HOU,Houston Rockets,0028000394,1980-12-19,HOU @ BOS,L,0,4,,,0.0,,,0,0,,,,,,,,,,8,,0
10655,21980,77168,Mickey Johnson,MIL,Milwaukee Bucks,0028000393,1980-12-19,MIL @ CHI,L,0,1,,,0.0,,,6,6,1.0,,,,,,,,,8,,0
10656,21980,76483,Pat Cummings,MIL,Milwaukee Bucks,0028000393,1980-12-19,MIL @ CHI,L,0,3,,,0.0,,,2,2,1.0,,,,,,,,,8,,0
10657,21980,76296,Quinn Buckner,MIL,Milwaukee Bucks,0028000393,1980-12-19,MIL @ CHI,L,0,4,,,0.0,,,0,0,,,,,,,,,,8,,0
10658,21980,77148,George Johnson,IND,Indiana Pacers,0028000390,1980-12-19,IND @ DET,L,0,4,,,0.0,,,0,0,,,,,,,,,,8,,0
10659,21980,77136,Clemon Johnson,IND,Indiana Pacers,0028000390,1980-12-19,IND @ DET,L,0,4,,,0.0,,,0,0,,,,,,,,,,8,,0
10660,21980,77324,Mitch Kupchak,WAS,Washington Bullets,0028000388,1980-12-19,WAS vs. NYK,L,0,3,,,0.0,,,2,3,0.667,,,,,,,,,8,,0
10661,21980,78095,Alvin Scott,PHX,Phoenix Suns,0028000386,1980-12-19,PHX vs. UTH,W,0,3,,,0.0,,,2,2,1.0,,,,,,,,,8,,0
10662,21980,77438,Kyle Macy,PHX,Phoenix Suns,0028000386,1980-12-19,PHX vs. UTH,W,0,3,,,0.0,,,2,2,1.0,,,,,,,,,8,,0
10663,21980,76874,Rickey Green,UTH,Utah Jazz,0028000386,1980-12-19,UTH @ PHX,L,0,4,,,0.0,,,0,0,,,,,,,,,,8,,0
10664,21980,77623,Paul Mokeski,DET,Detroit Pistons,0028000384,1980-12-18,DET @ MIL,L,0,2,,,0.0,,,4,5,0.8,,,,,,,,,8,,0
10665,21980,77873,Ben Poquette,UTH,Utah Jazz,0028000382,1980-12-18,UTH vs. ATL,L,0,3,,,0.0,,,2,2,1.0,,,,,,,,,8,,0
10666,21980,76204,Ron Boone,UTH,Utah Jazz,0028000382,1980-12-18,UTH vs. ATL,L,0,3,,,0.0,,,2,2,1.0,,,,,,,,,8,,0
10667,21980,76736,Phil Ford,KCK,Kansas City Kings,0028000381,1980-12-17,KCK @ SEA,L,0,4,,,0.0,,,0,2,0.0,,,,,,,,,8,,0
10668,21980,305,Robert Parish,BOS,Boston Celtics,0028000380,1980-12-17,BOS vs. CHI,W,0,4,,,0.0,,,0,0,,,,,,,,,,8,,0
10669,21980,940,Earl Cureton,PHL,Philadelphia 76ers,0028000378,1980-12-17,PHL vs. CLE,W,0,4,,,0.0,,,0,0,,,,,,,,,,8,,0
10670,21980,76889,Paul Griffin,SAN,San Antonio Spurs,0028000377,1980-12-17,SAN @ HOU,W,0,3,,,0.0,,,2,2,1.0,,,,,,,,,8,,0
10671,21980,76616,Mike Dunleavy,HOU,Houston Rockets,0028000377,1980-12-17,HOU vs. SAN,L,0,3,,,0.0,,,2,2,1.0,,,,,,,,,8,,0
10672,21980,76686,Mike Evans,MIL,Milwaukee Bucks,0028000376,1980-12-17,MIL @ NJN,L,0,4,,,0.0,,,0,0,,,,,,,,,,8,,0
10673,21980,78139,Purvis Short,GOS,Golden State Warriors,0028000375,1980-12-17,GOS vs. POR,L,0,4,,,0.0,,,0,0,,,,,,,,,,8,,0
10674,21980,76830,Glen Gondrezick,DEN,Denver Nuggets,0028000368,1980-12-16,DEN vs. KCK,L,0,2,,,0.0,,,4,5,0.8,,,,,,,,,8,,0
10675,21980,77770,Louis Orr,IND,Indiana Pacers,0028000371,1980-12-16,IND vs. PHL,L,0,3,,,0.0,,,2,2,1.0,,,,,,,,,8,,0
10676,21980,76231,Dudley Bradley,IND,Indiana Pacers,0028000371,1980-12-16,IND vs. PHL,L,0,4,,,0.0,,,0,0,,,,,,,,,,8,,0
10677,21980,77126,Abdul Jeelani,DAL,Dallas Mavericks,0028000370,1980-12-16,DAL vs. SAN,L,0,3,,,0.0,,,2,2,1.0,,,,,,,,,8,,0
10678,21980,77721,Norm Nixon,LAL,Los Angeles Lakers,0028000369,1980-12-16,LAL @ SDC,L,0,3,,,0.0,,,2,2,1.0,,,,,,,,,8,,0
10679,21980,76266,Michael Brooks,SDC,San Diego Clippers,0028000369,1980-12-16,SDC vs. LAL,W,0,3,,,0.0,,,2,2,1.0,,,,,,,,,8,,0
10680,21980,76248,Jim Brewer,LAL,Los Angeles Lakers,0028000369,1980-12-16,LAL @ SDC,L,0,3,,,0.0,,,2,4,0.5,,,,,,,,,8,,0
10681,21980,78519,Charles Whitney,KCK,Kansas City Kings,0028000368,1980-12-16,KCK @ DEN,W,0,4,,,0.0,,,0,0,,,,,,,,,,8,,0
10682,21980,78533,James Wilkes,CHI,Chicago Bulls,0028000367,1980-12-16,CHI @ WAS,W,0,4,,,0.0,,,0,0,,,,,,,,,,8,,0
10683,21980,76444,Michael Cooper,LAL,Los Angeles Lakers,0028000366,1980-12-14,LAL vs. GOS,W,0,3,,,0.0,,,2,3,0.667,,,,,,,,,8,,0
10684,21980,77633,Johnny Moore,SAN,San Antonio Spurs,0028000365,1980-12-14,SAN @ MIL,L,0,4,,,0.0,,,0,0,,,,,,,,,,8,,0
10685,21980,77149,George Johnson,SAN,San Antonio Spurs,0028000365,1980-12-14,SAN @ MIL,L,0,3,,,0.0,,,2,2,1.0,,,,,,,,,8,,0
10686,21980,76771,Mike Gale,SAN,San Antonio Spurs,0028000365,1980-12-14,SAN @ MIL,L,0,4,,,0.0,,,0,0,,,,,,,,,,8,,0
10687,21980,76453,Dave Corzine,SAN,San Antonio Spurs,0028000365,1980-12-14,SAN @ MIL,L,0,4,,,0.0,,,0,0,,,,,,,,,,8,,0
10688,21980,77618,Steve Mix,PHL,Philadelphia 76ers,0028000364,1980-12-14,PHL @ NJN,W,0,3,,,0.0,,,2,2,1.0,,,,,,,,,8,,0
10689,21980,76085,James Bailey,SEA,Seattle SuperSonics,0028000362,1980-12-14,SEA @ SDC,L,0,3,,,0.0,,,2,3,0.667,,,,,,,,,8,,0
10690,21980,77626,Sidney Moncrief,MIL,Milwaukee Bucks,0028000361,1980-12-13,MIL @ ATL,L,0,3,,,0.0,,,2,2,1.0,,,,,,,,,8,,0
10691,21980,76418,Don Collins,ATL,Atlanta Hawks,0028000361,1980-12-13,ATL vs. MIL,W,0,4,,,0.0,,,0,0,,,,,,,,,,8,,0
10692,21980,77998,Dave Robisch,DEN,Denver Nuggets,0028000360,1980-12-13,DEN @ SAN,L,0,3,,,0.0,,,2,2,1.0,,,,,,,,,8,,0
10693,21980,77715,Carl Nicks,DEN,Denver Nuggets,0028000360,1980-12-13,DEN @ SAN,L,0,4,,,0.0,,,0,0,,,,,,,,,,8,,0
10694,21980,77770,Louis Orr,IND,Indiana Pacers,0028000359,1980-12-13,IND @ WAS,L,0,3,,,0.0,,,2,2,1.0,,,,,,,,,8,,0
10695,21980,77532,George McGinnis,IND,Indiana Pacers,0028000359,1980-12-13,IND @ WAS,L,0,2,,,0.0,,,4,6,0.667,,,,,,,,6.0,8,,0
10696,21980,77324,Mitch Kupchak,WAS,Washington Bullets,0028000359,1980-12-13,WAS vs. IND,W,0,3,,,0.0,,,2,2,1.0,,,,,,,,,8,,0
10697,21980,78222,Jim Spanarkel,DAL,Dallas Mavericks,0028000358,1980-12-13,DAL @ KCK,L,0,3,,,0.0,,,2,2,1.0,,,,,,,,,8,,0
10698,21980,76516,Brad Davis,DAL,Dallas Mavericks,0028000358,1980-12-13,DAL @ KCK,L,0,3,,,0.0,,,2,2,1.0,,,,,,,,,8,,0
10699,21980,100263,Bill Laimbeer,CLE,Cleveland Cavaliers,0028000355,1980-12-13,CLE vs. UTH,W,0,2,,,0.0,,,4,4,1.0,,,,,,,,,8,,0
10700,21980,78442,Wally Walker,SEA,Seattle SuperSonics,0028000352,1980-12-12,SEA vs. LAL,L,0,3,,,0.0,,,2,3,0.667,,,,,,,,,8,,0
10701,21980,76078,Dennis Awtrey,SEA,Seattle SuperSonics,0028000352,1980-12-12,SEA vs. LAL,L,0,4,,,0.0,,,0,0,,,,,,,,,,8,,0
10702,21980,77043,Lionel Hollins,PHL,Philadelphia 76ers,0028000350,1980-12-12,PHL vs. WAS,W,0,4,,,0.0,,,0,0,,,,,,,,,,8,,0
10703,21980,76539,Darryl Dawkins,PHL,Philadelphia 76ers,0028000350,1980-12-12,PHL vs. WAS,W,0,4,,,0.0,,,0,0,,,,,,,,,,8,,0
10704,21980,78390,Terry Tyler,DET,Detroit Pistons,0028000349,1980-12-12,DET vs. CLE,W,0,3,,,0.0,,,2,4,0.5,,,,,,,,,8,,0
10705,21980,77364,Ron Lee,DET,Detroit Pistons,0028000349,1980-12-12,DET vs. CLE,W,0,3,,,0.0,,,2,2,1.0,,,,,,,,,8,,0
10706,21980,76993,Gerald Henderson,BOS,Boston Celtics,0028000348,1980-12-12,BOS vs. NJN,W,0,4,,,0.0,,,0,0,,,,,,,,,,8,,0
10707,21980,76656,Bob Elliott,NJN,New Jersey Nets,0028000348,1980-12-12,NJN @ BOS,L,0,4,,,0.0,,,0,0,,,,,,,,,,8,,0
10708,21980,76054,Nate Archibald,BOS,Boston Celtics,0028000348,1980-12-12,BOS vs. NJN,W,0,3,,,0.0,,,2,2,1.0,,,,,,,,,8,,0
10709,21980,77323,Kevin Kunnert,POR,Portland Trail Blazers,0028000347,1980-12-12,POR vs. HOU,W,0,4,,,0.0,,,0,0,,,,,,,,,,8,,0
10710,21980,76996,Tom Henderson,HOU,Houston Rockets,0028000347,1980-12-12,HOU @ POR,L,0,4,,,0.0,,,0,0,,,,,,,,,,8,,0
10711,21980,77848,Roger Phegley,CLE,Cleveland Cavaliers,0028000344,1980-12-11,CLE vs. IND,L,0,3,,,1.0,,,1,1,1.0,,,,,,,,,8,,0
10712,21980,77136,Clemon Johnson,IND,Indiana Pacers,0028000344,1980-12-11,IND @ CLE,W,0,4,,,0.0,,,0,2,0.0,,,,,,,,,8,,0
10713,21980,76526,Johnny Davis,IND,Indiana Pacers,0028000344,1980-12-11,IND @ CLE,W,0,4,,,0.0,,,0,0,,,,,,,,,,8,,0
10714,21980,76350,Kenny Carr,CLE,Cleveland Cavaliers,0028000344,1980-12-11,CLE vs. IND,L,0,4,,,0.0,,,0,1,0.0,,,,,,,,,8,,0
10715,21980,77770,Louis Orr,IND,Indiana Pacers,0028000343,1980-12-10,IND vs. PHX,W,0,4,,,0.0,,,0,0,,,,,,,,,,8,,0
10716,21980,77290,Billy Knight,IND,Indiana Pacers,0028000343,1980-12-10,IND vs. PHX,W,0,4,,,0.0,,,0,0,,,,,,,,,,8,,0
10717,21980,76231,Dudley Bradley,IND,Indiana Pacers,0028000343,1980-12-10,IND vs. PHX,W,0,2,,,0.0,,,4,6,0.667,,,,,,,,,8,,0
10718,21980,78618,Sam Worthen,CHI,Chicago Bulls,0028000342,1980-12-10,CHI @ PHL,L,0,4,,,0.0,,,0,0,,,,,,,,,,8,,0
10719,21980,77998,Dave Robisch,DEN,Denver Nuggets,0028000341,1980-12-10,DEN vs. DAL,W,0,4,,,0.0,,,0,0,,,,,,,,,,8,,0
10720,21980,77715,Carl Nicks,DEN,Denver Nuggets,0028000341,1980-12-10,DEN vs. DAL,W,0,4,,,0.0,,,0,0,,,,,,,,,,8,,0
10721,21980,77432,Ollie Mack,DAL,Dallas Mavericks,0028000341,1980-12-10,DAL @ DEN,L,0,4,,,0.0,,,0,3,0.0,,,,,,,,,8,,0
10722,21980,77056,Cedrick Hordges,DEN,Denver Nuggets,0028000341,1980-12-10,DEN vs. DAL,W,0,2,,,0.0,,,4,4,1.0,,,,,,,,,8,,0
10723,21980,76618,T.R. Dunn,DEN,Denver Nuggets,0028000341,1980-12-10,DEN vs. DAL,W,0,3,,,0.0,,,2,2,1.0,,,,,,,,,8,,0
10724,21980,77984,Rick Robey,BOS,Boston Celtics,0028000338,1980-12-10,BOS @ WAS,W,0,4,,,0.0,,,0,0,,,,,,,,,,8,,0
10725,21980,77876,Kevin Porter,WAS,Washington Bullets,0028000338,1980-12-10,WAS vs. BOS,L,0,3,,,0.0,,,2,3,0.667,,,,,,,,,8,,0
10726,21980,77800,Sonny Parker,GOS,Golden State Warriors,0028000336,1980-12-10,GOS vs. SEA,L,0,4,,,0.0,,,0,0,,,,,,,,,,8,,0
10727,21980,77167,Vinnie Johnson,SEA,Seattle SuperSonics,0028000336,1980-12-10,SEA @ GOS,W,0,4,,,0.0,,,0,0,,,,,,,,,,8,,0
10728,21980,77754,Mike O'Koren,NJN,New Jersey Nets,0028000335,1980-12-10,NJN vs. NYK,L,0,3,,,0.0,,,2,2,1.0,,,,,,,,,8,,0
10729,21980,76656,Bob Elliott,NJN,New Jersey Nets,0028000335,1980-12-10,NJN vs. NYK,L,0,3,,,0.0,,,2,2,1.0,,,,,,,,,8,,0
10730,21980,77547,Billy McKinney,UTH,Utah Jazz,0028000334,1980-12-09,UTH vs. SAN,L,0,3,,,0.0,,,2,2,1.0,,,,,,,,,8,,0
10731,21980,77215,Jeff Judkins,UTH,Utah Jazz,0028000334,1980-12-09,UTH vs. SAN,L,0,4,,,0.0,,,0,0,,,,,,,,,,8,,0
10732,21980,77163,Reggie Johnson,SAN,San Antonio Spurs,0028000334,1980-12-09,SAN @ UTH,W,0,3,,,0.0,,,2,2,1.0,,,,,,,,,8,,0
10733,21980,100263,Bill Laimbeer,CLE,Cleveland Cavaliers,0028000333,1980-12-09,CLE vs. PHL,L,0,3,,,0.0,,,2,2,1.0,,,,,,,,,8,,0
10734,21980,77175,Caldwell Jones,PHL,Philadelphia 76ers,0028000333,1980-12-09,PHL @ CLE,W,0,3,,,0.0,,,2,2,1.0,,,,,,,,,8,,0
10735,21980,78614,Mike Woodson,NYK,New York Knicks,0028000332,1980-12-09,NYK vs. WAS,W,0,4,,,0.0,,,0,0,,,,,,,,,,8,,0
10736,21980,76993,Gerald Henderson,BOS,Boston Celtics,0028000330,1980-12-09,BOS vs. MIL,W,0,2,,,0.0,,,4,4,1.0,,,,,,,,,8,,0
10737,21980,76733,Chris Ford,BOS,Boston Celtics,0028000330,1980-12-09,BOS vs. MIL,W,0,4,,,0.0,,,0,0,,,,,,,,,,8,,0
10738,21980,76444,Michael Cooper,LAL,Los Angeles Lakers,0028000329,1980-12-09,LAL @ DAL,W,0,4,,,0.0,,,0,0,,,,,,,,,,8,,0
10739,21980,76248,Jim Brewer,LAL,Los Angeles Lakers,0028000329,1980-12-09,LAL @ DAL,W,0,4,,,0.0,,,0,0,,,,,,,,,,8,,0
10740,21980,78467,Kermit Washington,POR,Portland Trail Blazers,0028000328,1980-12-09,POR vs. SEA,W,0,2,,,0.0,,,4,7,0.571,,,,,,,,,8,,0
10741,21980,78331,Mychal Thompson,POR,Portland Trail Blazers,0028000328,1980-12-09,POR vs. SEA,W,0,2,,,0.0,,,4,4,1.0,,,,,,,,6.0,8,,0
10742,21980,76085,James Bailey,SEA,Seattle SuperSonics,0028000328,1980-12-09,SEA @ POR,L,0,3,,,0.0,,,2,3,0.667,,,,,,,,,8,,0
10743,21980,77246,Larry Kenon,CHI,Chicago Bulls,0028000327,1980-12-09,CHI vs. PHX,L,0,3,,,0.0,,,2,2,1.0,,,,,,,,,8,,0
10744,21980,76985,Garfield Heard,SDC,San Diego Clippers,0028000331,1980-12-09,SDC @ ATL,L,0,3,,,0.0,,,2,2,1.0,,,,,,,,,8,,0
10745,21980,77756,Mark Olberding,SAN,San Antonio Spurs,0028000326,1980-12-08,SAN @ SEA,L,0,2,,,0.0,,,4,7,0.571,,,,,,,,,8,,0
10746,21980,77944,Kevin Restani,SAN,San Antonio Spurs,0028000325,1980-12-07,SAN @ POR,L,0,4,,,0.0,,,0,1,0.0,,,,,,,,,8,,0
10747,21980,77633,Johnny Moore,SAN,San Antonio Spurs,0028000325,1980-12-07,SAN @ POR,L,0,3,,,0.0,,,2,2,1.0,,,,,,,,,8,,0
10748,21980,77149,George Johnson,SAN,San Antonio Spurs,0028000325,1980-12-07,SAN @ POR,L,0,4,,,0.0,,,0,0,,,,,,,,,,8,,0
10749,21980,76889,Paul Griffin,SAN,San Antonio Spurs,0028000325,1980-12-07,SAN @ POR,L,0,3,,,0.0,,,2,2,1.0,,,,,,,,,8,,0
10750,21980,77419,John Lucas,GOS,Golden State Warriors,0028000322,1980-12-07,GOS @ PHX,L,0,2,,,0.0,,,4,6,0.667,,,,,,,,,8,,0
10751,21980,77141,Dennis Johnson,PHX,Phoenix Suns,0028000322,1980-12-07,PHX vs. GOS,W,0,3,,,0.0,,,2,2,1.0,,,,,,,,,8,,0
10752,21980,78537,Jeff Wilkins,UTH,Utah Jazz,0028000321,1980-12-07,UTH @ LAL,L,0,4,,,0.0,,,0,0,,,,,,,,,,8,,0
10753,21980,78195,Larry Smith,GOS,Golden State Warriors,0028000320,1980-12-06,GOS vs. LAL,W,0,4,,,0.0,,,0,0,,,,,,,,,,8,,0
10754,21980,77669,Calvin Murphy,HOU,Houston Rockets,0028000315,1980-12-06,HOU vs. DEN,W,0,3,,,0.0,,,2,2,1.0,,,,,,,,,8,,0
10755,21980,77996,Wayne Robinson,DET,Detroit Pistons,0028000314,1980-12-06,DET @ CLE,L,0,2,,,0.0,,,4,5,0.8,,,,,,,,,8,,0
10756,21980,76618,T.R. Dunn,DEN,Denver Nuggets,0028000315,1980-12-06,DEN @ HOU,L,0,4,,,0.0,,,0,1,0.0,,,,,,,,,8,,0
10757,21980,77168,Mickey Johnson,MIL,Milwaukee Bucks,0028000313,1980-12-05,MIL vs. IND,W,0,2,,,0.0,,,4,4,1.0,,,,,,,,,8,,0
10758,21980,77419,John Lucas,GOS,Golden State Warriors,0028000311,1980-12-05,GOS @ DEN,W,0,3,,,0.0,,,2,2,1.0,,,,,,,,,8,,0
10759,21980,76618,T.R. Dunn,DEN,Denver Nuggets,0028000311,1980-12-05,DEN vs. GOS,L,0,3,,,0.0,,,2,2,1.0,,,,,,,,,8,,0
10760,21980,77487,Cedric Maxwell,BOS,Boston Celtics,0028000310,1980-12-05,BOS vs. DAL,W,0,4,,,0.0,,,0,2,0.0,,,,,,,,,8,,0
10761,21980,77326,Sam Lacey,KCK,Kansas City Kings,0028000308,1980-12-05,KCK vs. HOU,W,0,4,,,0.0,,,0,0,,,,,,,,,,8,,0
10762,21980,77996,Wayne Robinson,DET,Detroit Pistons,0028000307,1980-12-05,DET @ WAS,L,0,3,,,0.0,,,2,5,0.4,,,,,,,,,8,,0
10763,21980,78436,Foots Walker,NJN,New Jersey Nets,0028000306,1980-12-05,NJN @ PHX,W,0,3,,,0.0,,,2,2,1.0,,,,,,,,,8,,0
10764,21980,77438,Kyle Macy,PHX,Phoenix Suns,0028000306,1980-12-05,PHX vs. NJN,L,0,4,,,0.0,,,0,0,,,,,,,,,,8,,0
10765,21980,78000,John Roche,DEN,Denver Nuggets,0028000305,1980-12-04,DEN @ UTH,L,0,4,,,0.0,,,0,0,,,,,,,,,,8,,0
10766,21980,78150,James Silas,SAN,San Antonio Spurs,0028000304,1980-12-04,SAN vs. CLE,W,0,4,,,0.0,,,0,0,,,,,,,,,,8,,0
10767,21980,76889,Paul Griffin,SAN,San Antonio Spurs,0028000304,1980-12-04,SAN vs. CLE,W,0,1,,,0.0,,,6,6,1.0,,,,,,,,,8,,0
10768,21980,78199,Phil Smith,SDC,San Diego Clippers,0028000303,1980-12-04,SDC vs. POR,L,0,4,,,0.0,,,0,2,0.0,,,,,,,,,8,,0
10769,21980,77986,Cliff T. Robinson,NJN,New Jersey Nets,0028000298,1980-12-03,NJN @ GOS,L,0,3,,,0.0,,,2,2,1.0,,,,,,,,,8,,0
10770,21980,76242,Mike Bratz,CLE,Cleveland Cavaliers,0028000302,1980-12-03,CLE @ HOU,L,0,4,,,0.0,,,0,0,,,,,,,,,,8,,0
10771,21980,77876,Kevin Porter,WAS,Washington Bullets,0028000301,1980-12-03,WAS @ IND,L,0,3,,,0.0,,,2,2,1.0,,,,,,,,,8,,0
10772,21980,229,James Edwards,IND,Indiana Pacers,0028000301,1980-12-03,IND vs. WAS,W,0,3,,,0.0,,,2,2,1.0,,,,,,,,,8,,0
10773,21980,78519,Charles Whitney,KCK,Kansas City Kings,0028000297,1980-12-03,KCK vs. PHX,W,0,3,,,0.0,,,2,2,1.0,,,,,,,,,8,,0
10774,21980,76590,Leon Douglas,KCK,Kansas City Kings,0028000297,1980-12-03,KCK vs. PHX,W,0,2,,,0.0,,,4,9,0.444,,,,,,,,,8,,0
10775,21980,78351,Andrew Toney,PHL,Philadelphia 76ers,0028000295,1980-12-03,PHL vs. NYK,W,0,3,,,0.0,,,2,2,1.0,,,,,,,,,8,,0
10776,21980,76656,Bob Elliott,NJN,New Jersey Nets,0028000298,1980-12-03,NJN @ GOS,L,0,4,,,0.0,,,0,0,,,,,,,,,,8,,0
10777,21980,77438,Kyle Macy,PHX,Phoenix Suns,0028000294,1980-12-02,PHX @ SAN,W,0,4,,,0.0,,,0,0,,,,,,,,,,8,,0
10778,21980,77163,Reggie Johnson,SAN,San Antonio Spurs,0028000294,1980-12-02,SAN vs. PHX,L,0,3,,,0.0,,,2,4,0.5,,,,,,,,,8,,0
10779,21980,77149,George Johnson,SAN,San Antonio Spurs,0028000294,1980-12-02,SAN vs. PHX,L,0,2,,,0.0,,,4,4,1.0,,,,,,,,,8,,0
10780,21980,76436,Jeff Cook,PHX,Phoenix Suns,0028000294,1980-12-02,PHX @ SAN,W,0,4,,,0.0,,,0,0,,,,,,,,,,8,,0
10781,21980,77582,Joe Meriweather,KCK,Kansas City Kings,0028000293,1980-12-02,KCK @ WAS,L,0,3,,,0.0,,,2,2,1.0,,,,,,,,,8,,0
10782,21980,77484,Wes Matthews,WAS,Washington Bullets,0028000293,1980-12-02,WAS vs. KCK,W,0,4,,,0.0,,,0,0,,,,,,,,,,8,,0
10783,21980,76736,Phil Ford,KCK,Kansas City Kings,0028000293,1980-12-02,KCK @ WAS,L,0,3,,,0.0,,,2,2,1.0,,,,,,,,,8,,0
10784,21980,77996,Wayne Robinson,DET,Detroit Pistons,0028000292,1980-12-02,DET vs. BOS,L,0,3,,,0.0,,,2,4,0.5,,,,,,,,,8,,0
10785,21980,77623,Paul Mokeski,DET,Detroit Pistons,0028000292,1980-12-02,DET vs. BOS,L,0,3,,,0.0,,,2,2,1.0,,,,,,,,,8,,0
10786,21980,78481,Marvin Webster,NYK,New York Knicks,0028000291,1980-12-02,NYK vs. IND,L,0,4,,,0.0,,,0,2,0.0,,,,,,,,,8,,0
10787,21980,77215,Jeff Judkins,UTH,Utah Jazz,0028000289,1980-12-02,UTH @ MIL,L,0,2,,,0.0,,,4,4,1.0,,,,,,,,,8,,0
10788,21980,76971,Steve Hawes,ATL,Atlanta Hawks,0028000288,1980-12-02,ATL vs. PHL,W,0,3,,,0.0,,,2,2,1.0,,,,,,,,,8,,0
10789,21980,76321,Marty Byrnes,DAL,Dallas Mavericks,0028000287,1980-12-02,DAL vs. CLE,L,0,2,,,0.0,,,4,4,1.0,,,,,,,,,8,,0
10790,21980,76444,Michael Cooper,LAL,Los Angeles Lakers,0028000284,1980-11-30,LAL vs. CHI,L,0,3,,,0.0,,,2,2,1.0,,,,,,,,,8,,0
10791,21980,78296,Brian Taylor,SDC,San Diego Clippers,0028000281,1980-11-30,SDC vs. GOS,W,0,2,,,1.0,,,3,3,1.0,,,,,,,,,8,,0
10792,21980,77353,Allen Leavell,HOU,Houston Rockets,0028000285,1980-11-30,HOU @ PHX,L,0,3,,,0.0,,,2,2,1.0,,,,,,,,,8,,0
10793,21980,77141,Dennis Johnson,PHX,Phoenix Suns,0028000285,1980-11-30,PHX vs. HOU,W,0,3,,,0.0,,,2,2,1.0,,,,,,,,,8,,0
10794,21980,76011,Alvan Adams,PHX,Phoenix Suns,0028000285,1980-11-30,PHX vs. HOU,W,0,3,,,0.0,,,2,2,1.0,,,,,,,,,8,,0
10795,21980,77182,Dwight Jones,CHI,Chicago Bulls,0028000284,1980-11-30,CHI @ LAL,W,0,4,,,0.0,,,0,2,0.0,,,,,,,,,8,,0
10796,21980,77984,Rick Robey,BOS,Boston Celtics,0028000283,1980-11-30,BOS @ MIL,L,0,3,,,0.0,,,2,4,0.5,,,,,,,,,8,,0
10797,21980,76993,Gerald Henderson,BOS,Boston Celtics,0028000283,1980-11-30,BOS @ MIL,L,0,4,,,0.0,,,0,0,,,,,,,,,,8,,0
10798,21980,77754,Mike O'Koren,NJN,New Jersey Nets,0028000282,1980-11-30,NJN @ SEA,L,0,3,,,0.0,,,2,2,1.0,,,,,,,,6.0,8,,0
10799,21980,77635,Lowes Moore,NJN,New Jersey Nets,0028000282,1980-11-30,NJN @ SEA,L,0,4,,,0.0,,,0,0,,,,,,,,,,8,,0
10800,21980,76826,Mike Gminski,NJN,New Jersey Nets,0028000282,1980-11-30,NJN @ SEA,L,0,3,,,0.0,,,2,2,1.0,,,,,,,,,8,,0
10801,21980,76656,Bob Elliott,NJN,New Jersey Nets,0028000282,1980-11-30,NJN @ SEA,L,0,3,,,0.0,,,2,2,1.0,,,,,,,,,8,,0
10802,21980,76078,Dennis Awtrey,SEA,Seattle SuperSonics,0028000282,1980-11-30,SEA vs. NJN,W,0,4,,,0.0,,,0,0,,,,,,,,,,8,,0
10803,21980,77163,Reggie Johnson,SAN,San Antonio Spurs,0028000279,1980-11-29,SAN @ KCK,W,0,3,,,0.0,,,2,2,1.0,,,,,,,,,8,,0
10804,21980,77876,Kevin Porter,WAS,Washington Bullets,0028000278,1980-11-29,WAS vs. MIL,W,0,4,,,0.0,,,0,0,,,,,,,,,,8,,0
10805,21980,77484,Wes Matthews,WAS,Washington Bullets,0028000278,1980-11-29,WAS vs. MIL,W,0,4,,,0.0,,,0,1,0.0,,,,,,,,,8,,0
10806,21980,76252,Junior Bridgeman,MIL,Milwaukee Bucks,0028000278,1980-11-29,MIL @ WAS,L,0,4,,,0.0,,,0,0,,,,,,,,,,8,,0
10807,21980,78000,John Roche,DEN,Denver Nuggets,0028000277,1980-11-29,DEN vs. LAL,L,0,3,,,0.0,,,2,4,0.5,,,,,,,,,8,,0
10808,21980,77998,Dave Robisch,DEN,Denver Nuggets,0028000277,1980-11-29,DEN vs. LAL,L,0,2,,,0.0,,,4,5,0.8,,,,,,,,,8,,0
10809,21980,77715,Carl Nicks,DEN,Denver Nuggets,0028000277,1980-11-29,DEN vs. LAL,L,0,4,,,0.0,,,0,0,,,,,,,,,,8,,0
10810,21980,76355,Butch Carter,LAL,Los Angeles Lakers,0028000277,1980-11-29,LAL @ DEN,W,0,3,,,0.0,,,2,2,1.0,,,,,,,,,8,,0
10811,21980,78577,Bill Willoughby,HOU,Houston Rockets,0028000276,1980-11-29,HOU vs. DAL,W,0,4,,,0.0,,,0,0,,,,,,,,,,8,,0
10812,21980,77997,Bill Robinzine,DAL,Dallas Mavericks,0028000276,1980-11-29,DAL @ HOU,L,0,4,,,0.0,,,0,0,,,,,,,,,,8,,0
10813,21980,76283,Rickey Brown,GOS,Golden State Warriors,0028000275,1980-11-29,GOS vs. PHX,L,0,4,,,0.0,,,0,0,,,,,,,,,,8,,0
10814,21980,77911,Kelvin Ransey,POR,Portland Trail Blazers,0028000274,1980-11-29,POR @ NYK,L,0,4,,,0.0,,,0,0,,,,,,,,,,8,,0
10815,21980,76895,Bob Gross,POR,Portland Trail Blazers,0028000274,1980-11-29,POR @ NYK,L,0,2,,,0.0,,,4,4,1.0,,,,,,,,,8,,0
10816,21980,78468,Richard Washington,CLE,Cleveland Cavaliers,0028000272,1980-11-29,CLE @ IND,L,0,4,,,0.0,,,0,0,,,,,,,,,,8,,0
10817,21980,76996,Tom Henderson,HOU,Houston Rockets,0028000270,1980-11-28,HOU @ SAN,W,0,3,,,0.0,,,2,2,1.0,,,,,,,,,8,,0
10818,21980,77950,Clint Richardson,PHL,Philadelphia 76ers,0028000269,1980-11-28,PHL vs. POR,W,0,3,,,0.0,,,2,4,0.5,,,,,,,,,8,,0
10819,21980,76121,Billyray Bates,POR,Portland Trail Blazers,0028000269,1980-11-28,POR @ PHL,L,0,3,,,0.0,,,2,2,1.0,,,,,,,,,8,,0
10820,21980,78614,Mike Woodson,NYK,New York Knicks,0028000268,1980-11-28,NYK @ BOS,L,0,4,,,0.0,,,0,1,0.0,,,,,,,,,8,,0
10821,21980,77715,Carl Nicks,DEN,Denver Nuggets,0028000267,1980-11-28,DEN @ DAL,W,0,3,,,0.0,,,2,3,0.667,,,,,,,,,8,,0
10822,21980,78436,Foots Walker,NJN,New Jersey Nets,0028000266,1980-11-28,NJN vs. UTH,W,0,3,,,0.0,,,2,2,1.0,,,,,,,,,8,,0
10823,21980,77876,Kevin Porter,WAS,Washington Bullets,0028000264,1980-11-28,WAS @ CLE,L,0,3,,,0.0,,,2,2,1.0,,,,,,,,,8,,0
10824,21980,77438,Kyle Macy,PHX,Phoenix Suns,0028000262,1980-11-28,PHX vs. CHI,W,0,3,,,0.0,,,2,2,1.0,,,,,,,,,8,,0
10825,21980,76771,Mike Gale,SAN,San Antonio Spurs,0028000270,1980-11-28,SAN vs. HOU,L,0,4,,,0.0,,,0,0,,,,,,,,,,8,,0
10826,21980,77944,Kevin Restani,SAN,San Antonio Spurs,0028000270,1980-11-28,SAN vs. HOU,L,0,4,,,0.0,,,0,0,,,,,,,,,,8,,0
10827,21980,77205,Eddie Jordan,LAL,Los Angeles Lakers,0028000261,1980-11-27,LAL @ GOS,W,0,3,,,0.0,,,2,2,1.0,,,,,,,,,8,,0
10828,21980,77876,Kevin Porter,WAS,Washington Bullets,0028000260,1980-11-27,WAS vs. IND,W,0,3,,,0.0,,,2,3,0.667,,,,,,,,,8,,0
10829,21980,77290,Billy Knight,IND,Indiana Pacers,0028000260,1980-11-27,IND @ WAS,L,0,2,,,0.0,,,4,5,0.8,,,,,,,,,8,,0
10830,21980,78618,Sam Worthen,CHI,Chicago Bulls,0028000259,1980-11-26,CHI @ SAN,L,0,3,,,0.0,,,2,3,0.667,,,,,,,,,8,,0
10831,21980,77163,Reggie Johnson,SAN,San Antonio Spurs,0028000259,1980-11-26,SAN vs. CHI,W,0,4,,,0.0,,,0,1,0.0,,,,,,,,,8,,0
10832,21980,76881,David Greenwood,CHI,Chicago Bulls,0028000259,1980-11-26,CHI @ SAN,L,0,4,,,0.0,,,0,0,,,,,,,,,,8,,0
10833,21980,77547,Billy McKinney,UTH,Utah Jazz,0028000257,1980-11-26,UTH @ DET,W,0,4,,,0.0,,,0,0,,,,,,,,,,8,,0
10834,21980,76257,Allan Bristow,UTH,Utah Jazz,0028000257,1980-11-26,UTH @ DET,W,0,3,,,0.0,,,2,2,1.0,,,,,,,,,8,,0
10835,21980,76385,Maurice Cheeks,PHL,Philadelphia 76ers,0028000256,1980-11-26,PHL @ HOU,W,0,4,,,0.0,,,0,0,,,,,,,,,,8,,0
10836,21980,77420,Maurice Lucas,NJN,New Jersey Nets,0028000255,1980-11-26,NJN @ KCK,L,0,4,,,0.0,,,0,0,,,,,,,,,,8,,0
10837,21980,77167,Vinnie Johnson,SEA,Seattle SuperSonics,0028000254,1980-11-26,SEA @ PHX,L,0,4,,,0.0,,,0,0,,,,,,,,,,8,,0
10838,21980,76944,Bill Hanzlik,SEA,Seattle SuperSonics,0028000254,1980-11-26,SEA @ PHX,L,0,2,,,0.0,,,4,4,1.0,,,,,,,,6.0,8,,0
10839,21980,78570,Sly Williams,NYK,New York Knicks,0028000253,1980-11-26,NYK @ CLE,W,0,3,,,0.0,,,2,5,0.4,,,,,,,,,8,,0
10840,21980,78468,Richard Washington,CLE,Cleveland Cavaliers,0028000253,1980-11-26,CLE vs. NYK,L,0,4,,,0.0,,,0,0,,,,,,,,,,8,,0
10841,21980,78132,Craig Shelton,ATL,Atlanta Hawks,0028000252,1980-11-26,ATL @ IND,L,0,2,,,0.0,,,4,4,1.0,,,,,,,,,8,,0
10842,21980,77770,Louis Orr,IND,Indiana Pacers,0028000252,1980-11-26,IND vs. ATL,W,0,3,,,0.0,,,2,2,1.0,,,,,,,,,8,,0
10843,21980,76418,Don Collins,ATL,Atlanta Hawks,0028000252,1980-11-26,ATL @ IND,L,0,4,,,0.0,,,0,0,,,,,,,,,,8,,0
10844,21980,76231,Dudley Bradley,IND,Indiana Pacers,0028000252,1980-11-26,IND vs. ATL,W,0,4,,,0.0,,,0,0,,,,,,,,,,8,,0
10845,21980,78467,Kermit Washington,POR,Portland Trail Blazers,0028000249,1980-11-25,POR @ ATL,L,0,3,,,0.0,,,2,2,1.0,,,,,,,,,8,,0
10846,21980,77323,Kevin Kunnert,POR,Portland Trail Blazers,0028000249,1980-11-25,POR @ ATL,L,0,2,,,0.0,,,4,4,1.0,,,,,,,,,8,,0
10847,21980,77043,Lionel Hollins,PHL,Philadelphia 76ers,0028000248,1980-11-25,PHL @ DAL,W,0,4,,,0.0,,,0,0,,,,,,,,,,8,,0
10848,21980,76385,Maurice Cheeks,PHL,Philadelphia 76ers,0028000248,1980-11-25,PHL @ DAL,W,0,4,,,0.0,,,0,0,,,,,,,,,,8,,0
10849,21980,76985,Garfield Heard,SDC,San Diego Clippers,0028000247,1980-11-25,SDC vs. DEN,W,0,4,,,0.0,,,0,0,,,,,,,,,,8,,0
10850,21980,76290,Joe Bryant,SDC,San Diego Clippers,0028000247,1980-11-25,SDC vs. DEN,W,0,3,,,0.0,,,2,2,1.0,,,,,,,,,8,,0
10851,21980,76266,Michael Brooks,SDC,San Diego Clippers,0028000247,1980-11-25,SDC vs. DEN,W,0,4,,,0.0,,,0,0,,,,,,,,,,8,,0
10852,21980,77353,Allen Leavell,HOU,Houston Rockets,0028000250,1980-11-24,HOU @ NYK,L,0,4,,,0.0,,,0,0,,,,,,,,,,8,,0
10853,21980,77691,Calvin Natt,POR,Portland Trail Blazers,0028000246,1980-11-23,POR vs. DAL,W,0,2,,,0.0,,,4,4,1.0,,,,,,,,,8,,0
10854,21980,77323,Kevin Kunnert,POR,Portland Trail Blazers,0028000246,1980-11-23,POR vs. DAL,W,0,2,,,0.0,,,4,5,0.8,,,,,,,,,8,,0
10855,21980,76121,Billyray Bates,POR,Portland Trail Blazers,0028000246,1980-11-23,POR vs. DAL,W,0,3,,,0.0,,,2,2,1.0,,,,,,,,,8,,0
10856,21980,78531,Bob Wilkerson,CHI,Chicago Bulls,0028000242,1980-11-22,CHI vs. WAS,W,0,4,,,0.0,,,0,0,,,,,,,,,,8,,0
10857,21980,78307,Carlos Terry,WAS,Washington Bullets,0028000242,1980-11-22,WAS @ CHI,L,0,4,,,0.0,,,0,0,,,,,,,,,,8,,0
10858,21980,76971,Steve Hawes,ATL,Atlanta Hawks,0028000241,1980-11-22,ATL vs. UTH,W,0,2,,,0.0,,,4,6,0.667,,,,,,,,,8,,0
10859,21980,78195,Larry Smith,GOS,Golden State Warriors,0028000240,1980-11-22,GOS @ NYK,W,0,4,,,0.0,,,0,0,,,,,,,,,,8,,0
10860,21980,77635,Lowes Moore,NJN,New Jersey Nets,0028000239,1980-11-22,NJN @ DET,L,0,4,,,0.0,,,0,0,,,,,,,,,,8,,0
10861,21980,77364,Ron Lee,DET,Detroit Pistons,0028000239,1980-11-22,DET vs. NJN,W,0,2,,,0.0,,,4,4,1.0,,,,,,,,,8,,0
10862,21980,77950,Clint Richardson,PHL,Philadelphia 76ers,0028000238,1980-11-22,PHL @ SAN,W,0,4,,,0.0,,,0,0,,,,,,,,,,8,,0
10863,21980,77149,George Johnson,SAN,San Antonio Spurs,0028000238,1980-11-22,SAN vs. PHL,L,0,2,,,0.0,,,4,6,0.667,,,,,,,,,8,,0
10864,21980,78296,Brian Taylor,SDC,San Diego Clippers,0028000235,1980-11-21,SDC @ WAS,L,0,2,,,2.0,,,2,2,1.0,,,,,,,,,8,,0
10865,21980,76290,Joe Bryant,SDC,San Diego Clippers,0028000235,1980-11-21,SDC @ WAS,L,0,2,,,0.0,,,4,4,1.0,,,,,,,,,8,,0
10866,21980,78139,Purvis Short,GOS,Golden State Warriors,0028000234,1980-11-21,GOS @ BOS,L,0,4,,,0.0,,,0,0,,,,,,,,,,8,,0
10867,21980,77917,Clifford Ray,GOS,Golden State Warriors,0028000234,1980-11-21,GOS @ BOS,L,0,3,,,0.0,,,2,6,0.333,,,,,,,,,8,,0
10868,21980,78442,Wally Walker,SEA,Seattle SuperSonics,0028000233,1980-11-21,SEA @ DAL,W,0,3,,,0.0,,,2,4,0.5,,,,,,,,,8,,0
10869,21980,77152,John Johnson,SEA,Seattle SuperSonics,0028000233,1980-11-21,SEA @ DAL,W,0,4,,,0.0,,,0,0,,,,,,,,,,8,,0
10870,21980,77582,Joe Meriweather,KCK,Kansas City Kings,0028000231,1980-11-21,KCK @ DEN,L,0,3,,,0.0,,,2,2,1.0,,,,,,,,,8,,0
10871,21980,76590,Leon Douglas,KCK,Kansas City Kings,0028000231,1980-11-21,KCK @ DEN,L,0,3,,,0.0,,,2,4,0.5,,,,,,,,,8,,0
10872,21980,77490,Scott May,CHI,Chicago Bulls,0028000228,1980-11-21,CHI vs. NYK,W,0,3,,,0.0,,,2,2,1.0,,,,,,,,,8,,0
10873,21980,76822,Mike Glenn,NYK,New York Knicks,0028000228,1980-11-21,NYK @ CHI,L,0,2,,,0.0,,,4,4,1.0,,,,,,,,,8,,0
10874,21980,78296,Brian Taylor,SDC,San Diego Clippers,0028000224,1980-11-20,SDC @ DET,L,0,2,,,2.0,,,2,2,1.0,,,,,,,,,8,,0
10875,21980,78468,Richard Washington,CLE,Cleveland Cavaliers,0028000227,1980-11-20,CLE vs. HOU,L,0,4,,,0.0,,,0,0,,,,,,,,,,8,,0
10876,21980,77691,Calvin Natt,POR,Portland Trail Blazers,0028000226,1980-11-20,POR vs. MIL,L,0,3,,,0.0,,,2,5,0.4,,,,,,,,,8,,0
10877,21980,76895,Bob Gross,POR,Portland Trail Blazers,0028000226,1980-11-20,POR vs. MIL,L,0,4,,,0.0,,,0,0,,,,,,,,,,8,,0
10878,21980,76392,Jim Chones,LAL,Los Angeles Lakers,0028000225,1980-11-20,LAL @ PHX,L,0,3,,,0.0,,,2,2,1.0,,,,,,,,,8,,0
10879,21980,76011,Alvan Adams,PHX,Phoenix Suns,0028000225,1980-11-20,PHX vs. LAL,W,0,4,,,0.0,,,0,0,,,,,,,,,,8,,0
10880,21980,77996,Wayne Robinson,DET,Detroit Pistons,0028000224,1980-11-20,DET vs. SDC,W,0,4,,,0.0,,,0,0,,,,,,,,,,8,,0
10881,21980,77623,Paul Mokeski,DET,Detroit Pistons,0028000224,1980-11-20,DET vs. SDC,W,0,4,,,0.0,,,0,2,0.0,,,,,,,,,8,,0
10882,21980,77986,Cliff T. Robinson,NJN,New Jersey Nets,0028000222,1980-11-19,NJN vs. SAN,L,0,3,,,0.0,,,2,2,1.0,,,,,,,,,8,,0
10883,21980,77163,Reggie Johnson,SAN,San Antonio Spurs,0028000222,1980-11-19,SAN @ NJN,W,0,4,,,0.0,,,0,0,,,,,,,,,,8,,0
10884,21980,77175,Caldwell Jones,PHL,Philadelphia 76ers,0028000221,1980-11-19,PHL vs. GOS,W,0,2,,,0.0,,,4,4,1.0,,,,,,,,,8,,0
10885,21980,77328,Tom LaGarde,DAL,Dallas Mavericks,0028000218,1980-11-18,DAL vs. PHX,L,0,3,,,0.0,,,2,6,0.333,,,,,,,,,8,,0
10886,21980,78215,Ricky Sobers,CHI,Chicago Bulls,0028000217,1980-11-18,CHI vs. BOS,L,0,3,,,0.0,,,2,3,0.667,,,,,,,,,8,,0
10887,21980,77984,Rick Robey,BOS,Boston Celtics,0028000217,1980-11-18,BOS @ CHI,W,0,4,,,0.0,,,0,0,,,,,,,,,,8,,0
10888,21980,77770,Louis Orr,IND,Indiana Pacers,0028000216,1980-11-18,IND @ DET,W,0,2,,,0.0,,,4,4,1.0,,,,,,,,,8,,0
10889,21980,76231,Dudley Bradley,IND,Indiana Pacers,0028000216,1980-11-18,IND @ DET,W,0,4,,,0.0,,,0,0,,,,,,,,,,8,,0
10890,21980,78548,Freeman Williams,SDC,San Diego Clippers,0028000215,1980-11-18,SDC @ CLE,L,0,4,,,0.0,,,0,0,,,,,,,,,,8,,0
10891,21980,78468,Richard Washington,CLE,Cleveland Cavaliers,0028000215,1980-11-18,CLE vs. SDC,W,0,4,,,0.0,,,0,0,,,,,,,,,,8,,0
10892,21980,77873,Ben Poquette,UTH,Utah Jazz,0028000214,1980-11-18,UTH vs. MIL,L,0,3,,,0.0,,,2,2,1.0,,,,,,,,,8,,0
10893,21980,78519,Charles Whitney,KCK,Kansas City Kings,0028000213,1980-11-18,KCK @ LAL,L,0,4,,,0.0,,,0,0,,,,,,,,,,8,,0
10894,21980,76355,Butch Carter,LAL,Los Angeles Lakers,0028000213,1980-11-18,LAL vs. KCK,W,0,4,,,0.0,,,0,0,,,,,,,,,,8,,0
10895,21980,77950,Clint Richardson,PHL,Philadelphia 76ers,0028000212,1980-11-18,PHL @ NYK,W,0,4,,,0.0,,,0,0,,,,,,,,,,8,,0
10896,21980,77175,Caldwell Jones,PHL,Philadelphia 76ers,0028000212,1980-11-18,PHL @ NYK,W,0,4,,,0.0,,,0,2,0.0,,,,,,,,,8,,0
10897,21980,76385,Maurice Cheeks,PHL,Philadelphia 76ers,0028000212,1980-11-18,PHL @ NYK,W,0,4,,,0.0,,,0,0,,,,,,,,,,8,,0
10898,21980,76895,Bob Gross,POR,Portland Trail Blazers,0028000210,1980-11-18,POR vs. DEN,W,0,3,,,0.0,,,2,2,1.0,,,,,,,,,8,,0
10899,21980,77952,Micheal Ray Richardson,NYK,New York Knicks,0028000212,1980-11-18,NYK vs. PHL,L,0,3,,,0.0,,,2,4,0.5,,,,,,,,,8,,0
10900,21980,77786,Tom Owens,POR,Portland Trail Blazers,0028000209,1980-11-16,POR @ PHX,L,0,3,,,0.0,,,2,2,1.0,,,,,,,,,8,,0
10901,21980,76436,Jeff Cook,PHX,Phoenix Suns,0028000209,1980-11-16,PHX vs. POR,W,0,2,,,0.0,,,4,7,0.571,,,,,,,,,8,,0
10902,21980,77040,Brad Holland,LAL,Los Angeles Lakers,0028000207,1980-11-16,LAL vs. DAL,W,0,2,,,0.0,,,4,7,0.571,,,,,,,,,8,,0
10903,21980,77635,Lowes Moore,NJN,New Jersey Nets,0028000206,1980-11-16,NJN vs. DET,W,0,3,,,0.0,,,2,2,1.0,,,,,,,,,8,,0
10904,21980,77184,Edgar Jones,NJN,New Jersey Nets,0028000206,1980-11-16,NJN vs. DET,W,0,3,,,0.0,,,2,3,0.667,,,,,,,,,8,,0
10905,21980,77950,Clint Richardson,PHL,Philadelphia 76ers,0028000205,1980-11-15,PHL vs. NJN,W,0,4,,,0.0,,,0,0,,,,,,,,,,8,,0
10906,21980,77175,Caldwell Jones,PHL,Philadelphia 76ers,0028000205,1980-11-15,PHL vs. NJN,W,0,4,,,0.0,,,0,1,0.0,,,,,,,,,8,,0
10907,21980,76360,Reggie Carter,NYK,New York Knicks,0028000204,1980-11-15,NYK vs. CLE,W,0,3,,,0.0,,,2,2,1.0,,,,,,,,,8,,0
10908,21980,76290,Joe Bryant,SDC,San Diego Clippers,0028000203,1980-11-15,SDC vs. KCK,L,0,4,,,0.0,,,0,0,,,,,,,,,,8,,0
10909,21980,78331,Mychal Thompson,POR,Portland Trail Blazers,0028000201,1980-11-15,POR @ DEN,L,0,4,,,0.0,,,0,0,,,,,,,,,,8,,0
10910,21980,77911,Kelvin Ransey,POR,Portland Trail Blazers,0028000201,1980-11-15,POR @ DEN,L,0,4,,,0.0,,,0,2,0.0,,,,,,,,,8,,0
10911,21980,76996,Tom Henderson,HOU,Houston Rockets,0028000200,1980-11-15,HOU @ SEA,L,0,3,,,0.0,,,2,2,1.0,,,,,,,,,8,,0
10912,21980,77633,Johnny Moore,SAN,San Antonio Spurs,0028000199,1980-11-15,SAN vs. UTH,W,0,4,,,0.0,,,0,0,,,,,,,,,,8,,0
10913,21980,77163,Reggie Johnson,SAN,San Antonio Spurs,0028000199,1980-11-15,SAN vs. UTH,W,0,4,,,0.0,,,0,0,,,,,,,,,,8,,0
10914,21980,76771,Mike Gale,SAN,San Antonio Spurs,0028000199,1980-11-15,SAN vs. UTH,W,0,4,,,0.0,,,0,0,,,,,,,,,,8,,0
10915,21980,76348,Austin Carr,WAS,Washington Bullets,0028000198,1980-11-15,WAS @ ATL,W,0,4,,,0.0,,,0,0,,,,,,,,,,8,,0
10916,21980,76822,Mike Glenn,NYK,New York Knicks,0028000197,1980-11-14,NYK @ MIL,L,0,3,,,0.0,,,2,3,0.667,,,,,,,,,8,,0
10917,21980,76296,Quinn Buckner,MIL,Milwaukee Bucks,0028000197,1980-11-14,MIL vs. NYK,W,0,4,,,0.0,,,0,0,,,,,,,,,,8,,0
10918,21980,76786,Calvin Garrett,HOU,Houston Rockets,0028000196,1980-11-14,HOU @ UTH,L,0,4,,,0.0,,,0,0,,,,,,,,,,8,,0
10919,21980,76616,Mike Dunleavy,HOU,Houston Rockets,0028000196,1980-11-14,HOU @ UTH,L,0,2,,,0.0,,,4,4,1.0,,,,,,,,,8,,0
10920,21980,77239,Greg Kelser,DET,Detroit Pistons,0028000195,1980-11-14,DET vs. CHI,W,0,4,,,0.0,,,0,0,,,,,,,,,,8,,0
10921,21980,76231,Dudley Bradley,IND,Indiana Pacers,0028000194,1980-11-14,IND vs. WAS,W,0,3,,,0.0,,,2,2,1.0,,,,,,,,,8,,0
10922,21980,77911,Kelvin Ransey,POR,Portland Trail Blazers,0028000193,1980-11-14,POR @ DAL,L,0,3,,,0.0,,,2,3,0.667,,,,,,,,,8,,0
10923,21980,77819,Jim Paxson,POR,Portland Trail Blazers,0028000193,1980-11-14,POR @ DAL,L,0,1,,,0.0,,,6,7,0.857,,,,,,,,,8,,0
10924,21980,77396,Scott Lloyd,DAL,Dallas Mavericks,0028000193,1980-11-14,DAL vs. POR,W,0,3,,,0.0,,,2,3,0.667,,,,,,,,6.0,8,,0
10925,21980,76895,Bob Gross,POR,Portland Trail Blazers,0028000193,1980-11-14,POR @ DAL,L,0,3,,,0.0,,,2,2,1.0,,,,,,,,,8,,0
10926,21980,76321,Marty Byrnes,DAL,Dallas Mavericks,0028000193,1980-11-14,DAL vs. POR,W,0,4,,,0.0,,,0,0,,,,,,,,,,8,,0
10927,21980,76290,Joe Bryant,SDC,San Diego Clippers,0028000192,1980-11-14,SDC @ LAL,L,0,4,,,0.0,,,0,0,,,,,,,,,,8,,0
10928,21980,77326,Sam Lacey,KCK,Kansas City Kings,0028000191,1980-11-14,KCK @ SEA,L,0,2,,,0.0,,,4,5,0.8,,,,,,,,,8,,0
10929,21980,76944,Bill Hanzlik,SEA,Seattle SuperSonics,0028000191,1980-11-14,SEA vs. KCK,W,0,2,,,0.0,,,4,4,1.0,,,,,,,,,8,,0
10930,21980,77710,Mike Newlin,NJN,New Jersey Nets,0028000190,1980-11-14,NJN @ BOS,L,0,2,,,0.0,,,4,4,1.0,,,,,,,,,8,,0
10931,21980,76656,Bob Elliott,NJN,New Jersey Nets,0028000190,1980-11-14,NJN @ BOS,L,0,2,,,0.0,,,4,6,0.667,,,,,,,,6.0,8,,0
10932,21980,77175,Caldwell Jones,PHL,Philadelphia 76ers,0028000189,1980-11-13,PHL @ IND,W,0,4,,,0.0,,,0,0,,,,,,,,,,8,,0
10933,21980,77829,Sam Pellom,ATL,Atlanta Hawks,0028000188,1980-11-13,ATL @ CLE,L,0,4,,,0.0,,,0,0,,,,,,,,,,8,,0
10934,21980,76418,Don Collins,ATL,Atlanta Hawks,0028000188,1980-11-13,ATL @ CLE,L,0,3,,,0.0,,,2,2,1.0,,,,,,,,,8,,0
10935,21980,77756,Mark Olberding,SAN,San Antonio Spurs,0028000187,1980-11-13,SAN @ SDC,W,0,3,,,0.0,,,2,2,1.0,,,,,,,,,8,,0
10936,21980,76204,Ron Boone,UTH,Utah Jazz,0028000186,1980-11-12,UTH @ SEA,W,0,3,,,0.0,,,2,2,1.0,,,,,,,,,8,,0
10937,21980,77937,Billy Reid,GOS,Golden State Warriors,0028000185,1980-11-12,GOS vs. KCK,W,0,4,,,0.0,,,0,0,,,,,,,,,,8,,0
10938,21980,77419,John Lucas,GOS,Golden State Warriors,0028000185,1980-11-12,GOS vs. KCK,W,0,2,,,0.0,,,4,4,1.0,,,,,,,,,8,,0
10939,21980,76733,Chris Ford,BOS,Boston Celtics,0028000184,1980-11-12,BOS vs. WAS,W,0,4,,,0.0,,,0,0,,,,,,,,,,8,,0
10940,21980,76444,Michael Cooper,LAL,Los Angeles Lakers,0028000183,1980-11-12,LAL @ HOU,L,0,4,,,0.0,,,0,0,,,,,,,,,,8,,0
10941,21980,78095,Alvin Scott,PHX,Phoenix Suns,0028000182,1980-11-12,PHX vs. SAN,W,0,4,,,0.0,,,0,0,,,,,,,,,,8,,0
10942,21980,600010,Len Elmore,MIL,Milwaukee Bucks,0028000180,1980-11-12,MIL @ DET,W,0,4,,,0.0,,,0,0,,,,,,,,,6.0,8,,0
10943,21980,77175,Caldwell Jones,PHL,Philadelphia 76ers,0028000179,1980-11-12,PHL vs. NYK,L,0,2,,,0.0,,,4,4,1.0,,,,,,,,,8,,0
10944,21980,940,Earl Cureton,PHL,Philadelphia 76ers,0028000179,1980-11-12,PHL vs. NYK,L,0,3,,,0.0,,,2,3,0.667,,,,,,,,,8,,0
10945,21980,77152,John Johnson,SEA,Seattle SuperSonics,0028000186,1980-11-12,SEA vs. UTH,L,0,4,,,0.0,,,0,0,,,,,,,,,,8,,0
10946,21980,78310,Reggie Theus,CHI,Chicago Bulls,0028000177,1980-11-11,CHI vs. PHL,L,0,2,,,0.0,,,4,7,0.571,,,,,,,,,8,,0
10947,21980,78215,Ricky Sobers,CHI,Chicago Bulls,0028000177,1980-11-11,CHI vs. PHL,L,0,4,,,0.0,,,0,0,,,,,,,,,,8,,0
10948,21980,77246,Larry Kenon,CHI,Chicago Bulls,0028000177,1980-11-11,CHI vs. PHL,L,0,4,,,0.0,,,0,0,,,,,,,,,,8,,0
10949,21980,77043,Lionel Hollins,PHL,Philadelphia 76ers,0028000177,1980-11-11,PHL @ CHI,W,0,2,,,0.0,,,4,4,1.0,,,,,,,,,8,,0
10950,21980,940,Earl Cureton,PHL,Philadelphia 76ers,0028000177,1980-11-11,PHL @ CHI,W,0,2,,,0.0,,,4,4,1.0,,,,,,,,,8,,0
10951,21980,77239,Greg Kelser,DET,Detroit Pistons,0028000176,1980-11-11,DET @ NYK,L,0,2,,,0.0,,,4,6,0.667,,,,,,,,,8,,0
10952,21980,77021,Kenny Higgs,DEN,Denver Nuggets,0028000175,1980-11-11,DEN @ WAS,L,0,3,,,0.0,,,2,4,0.5,,,,,,,,,8,,0
10953,21980,76947,Alan Hardy,LAL,Los Angeles Lakers,0028000174,1980-11-11,LAL @ ATL,W,0,4,,,0.0,,,0,0,,,,,,,,,,8,,0
10954,21980,78519,Charles Whitney,KCK,Kansas City Kings,0028000173,1980-11-11,KCK @ POR,W,0,4,,,0.0,,,0,0,,,,,,,,,,8,,0
10955,21980,76242,Mike Bratz,CLE,Cleveland Cavaliers,0028000172,1980-11-11,CLE vs. MIL,L,0,2,,,0.0,,,4,9,0.444,,,,,,,,,8,,0
10956,21980,77770,Louis Orr,IND,Indiana Pacers,0028000171,1980-11-11,IND @ SAN,W,0,2,,,0.0,,,4,4,1.0,,,,,,,,,8,,0
10957,21980,77547,Billy McKinney,UTH,Utah Jazz,0028000169,1980-11-10,UTH vs. IND,W,0,3,,,0.0,,,2,2,1.0,,,,,,,,,8,,0
10958,21980,77626,Sidney Moncrief,MIL,Milwaukee Bucks,0028000168,1980-11-09,MIL vs. PHL,L,0,2,,,0.0,,,4,5,0.8,,,,,,,,,8,,0
10959,21980,76365,Harvey Catchings,MIL,Milwaukee Bucks,0028000168,1980-11-09,MIL vs. PHL,L,0,4,,,0.0,,,0,0,,,,,,,,,,8,,0
10960,21980,76733,Chris Ford,BOS,Boston Celtics,0028000167,1980-11-09,BOS vs. CHI,W,0,4,,,0.0,,,0,1,0.0,,,,,,,,,8,,0
10961,21980,76996,Tom Henderson,HOU,Houston Rockets,0028000166,1980-11-08,HOU vs. PHX,L,0,2,,,0.0,,,4,6,0.667,,,,,,,,6.0,8,,0
10962,21980,77721,Norm Nixon,LAL,Los Angeles Lakers,0028000164,1980-11-08,LAL @ SAN,L,0,3,,,0.0,,,2,4,0.5,,,,,,,,,8,,0
10963,21980,77149,George Johnson,SAN,San Antonio Spurs,0028000164,1980-11-08,SAN vs. LAL,W,0,3,,,0.0,,,2,2,1.0,,,,,,,,,8,,0
10964,21980,76889,Paul Griffin,SAN,San Antonio Spurs,0028000164,1980-11-08,SAN vs. LAL,W,0,3,,,0.0,,,2,2,1.0,,,,,,,,,8,,0
10965,21980,76590,Leon Douglas,KCK,Kansas City Kings,0028000163,1980-11-08,KCK vs. CLE,W,0,2,,,0.0,,,4,6,0.667,,,,,,,,,8,,0
10966,21980,77800,Sonny Parker,GOS,Golden State Warriors,0028000162,1980-11-08,GOS vs. IND,W,0,3,,,0.0,,,2,2,1.0,,,,,,,,,8,,0
10967,21980,77024,Armond Hill,ATL,Atlanta Hawks,0028000160,1980-11-08,ATL @ NJN,L,0,3,,,0.0,,,2,2,1.0,,,,,,,,,8,,0
10968,21980,76257,Allan Bristow,UTH,Utah Jazz,0028000159,1980-11-08,UTH vs. NYK,L,0,4,,,0.0,,,0,0,,,,,,,,,,8,,0
10969,21980,77396,Scott Lloyd,DAL,Dallas Mavericks,0028000158,1980-11-08,DAL @ DET,L,0,1,,,0.0,,,6,8,0.75,,,,,,,,,8,,0
10970,21980,76321,Marty Byrnes,DAL,Dallas Mavericks,0028000158,1980-11-08,DAL @ DET,L,0,2,,,0.0,,,4,4,1.0,,,,,,,,,8,,0
10971,21980,77175,Caldwell Jones,PHL,Philadelphia 76ers,0028000157,1980-11-07,PHL vs. KCK,W,0,4,,,0.0,,,0,0,,,,,,,,,,8,,0
10972,21980,76385,Maurice Cheeks,PHL,Philadelphia 76ers,0028000157,1980-11-07,PHL vs. KCK,W,0,3,,,0.0,,,2,2,1.0,,,,,,,,,8,,0
10973,21980,77396,Scott Lloyd,DAL,Dallas Mavericks,0028000156,1980-11-07,DAL vs. LAL,L,0,3,,,0.0,,,2,2,1.0,,,,,,,,,8,,0
10974,21980,76321,Marty Byrnes,DAL,Dallas Mavericks,0028000156,1980-11-07,DAL vs. LAL,L,0,4,,,0.0,,,0,0,,,,,,,,,,8,,0
10975,21980,76225,Winford Boynes,DAL,Dallas Mavericks,0028000156,1980-11-07,DAL vs. LAL,L,0,4,,,0.0,,,0,0,,,,,,,,,,8,,0
10976,21980,78520,Sidney Wicks,SDC,San Diego Clippers,0028000154,1980-11-07,SDC @ SEA,L,0,3,,,0.0,,,2,4,0.5,,,,,,,,,8,,0
10977,21980,78199,Phil Smith,SDC,San Diego Clippers,0028000154,1980-11-07,SDC @ SEA,L,0,2,,,0.0,,,4,4,1.0,,,,,,,,,8,,0
10978,21980,76085,James Bailey,SEA,Seattle SuperSonics,0028000154,1980-11-07,SEA vs. SDC,W,0,3,,,0.0,,,2,3,0.667,,,,,,,,,8,,0
10979,21980,76471,Charlie Criss,ATL,Atlanta Hawks,0028000153,1980-11-07,ATL @ CHI,L,0,3,,,0.0,,,2,2,1.0,,,,,,,,,8,,0
10980,21980,78392,Wes Unseld,WAS,Washington Bullets,0028000151,1980-11-07,WAS vs. DET,W,0,4,,,0.0,,,0,0,,,,,,,,,,8,,0
10981,21980,77484,Wes Matthews,WAS,Washington Bullets,0028000151,1980-11-07,WAS vs. DET,W,0,4,,,0.0,,,0,2,0.0,,,,,,,,,8,,0
10982,21980,77010,Keith Herron,DET,Detroit Pistons,0028000151,1980-11-07,DET @ WAS,L,0,3,,,0.0,,,2,3,0.667,,,,,,,,,8,,0
10983,21980,78195,Larry Smith,GOS,Golden State Warriors,0028000150,1980-11-07,GOS @ POR,L,0,2,,,0.0,,,4,4,1.0,,,,,,,,,8,,0
10984,21980,77996,Wayne Robinson,DET,Detroit Pistons,0028000146,1980-11-05,DET @ PHL,L,0,4,,,0.0,,,0,1,0.0,,,,,,,,,8,,0
10985,21980,77829,Sam Pellom,ATL,Atlanta Hawks,0028000145,1980-11-05,ATL @ BOS,L,0,2,,,0.0,,,4,4,1.0,,,,,,,,,8,,0
10986,21980,76707,Eric Fernsten,BOS,Boston Celtics,0028000145,1980-11-05,BOS vs. ATL,W,0,2,,,0.0,,,4,5,0.8,,,,,,,,,8,,0
10987,21980,76054,Nate Archibald,BOS,Boston Celtics,0028000145,1980-11-05,BOS vs. ATL,W,0,3,,,0.0,,,2,3,0.667,,,,,,,,,8,,0
10988,21980,77021,Kenny Higgs,DEN,Denver Nuggets,0028000144,1980-11-05,DEN @ SEA,W,0,3,,,0.0,,,2,2,1.0,,,,,,,,,8,,0
10989,21980,77308,Joel Kramer,PHX,Phoenix Suns,0028000143,1980-11-05,PHX @ SAN,L,0,3,,,0.0,,,2,2,1.0,,,,,,,,,8,,0
10990,21980,76786,Calvin Garrett,HOU,Houston Rockets,0028000141,1980-11-05,HOU vs. SDC,L,0,4,,,0.0,,,0,0,,,,,,,,,,8,,0
10991,21980,76534,Ron Davis,SDC,San Diego Clippers,0028000141,1980-11-05,SDC @ HOU,W,0,3,,,0.0,,,2,3,0.667,,,,,,,,,8,,0
10992,21980,100263,Bill Laimbeer,CLE,Cleveland Cavaliers,0028000140,1980-11-05,CLE @ GOS,L,0,4,,,0.0,,,0,0,,,,,,,,,,8,,0
10993,21980,76444,Michael Cooper,LAL,Los Angeles Lakers,0028000138,1980-11-04,LAL vs. POR,W,0,4,,,0.0,,,0,0,,,,,,,,,,8,,0
10994,21980,77022,Johnny High,PHX,Phoenix Suns,0028000136,1980-11-04,PHX vs. IND,W,0,2,,,0.0,,,4,5,0.8,,,,,,,,,8,,0
10995,21980,78025,Dan Roundfield,ATL,Atlanta Hawks,0028000134,1980-11-04,ATL @ WAS,L,0,4,,,0.0,,,0,0,,,,,,,,,,8,,0
10996,21980,76598,John Drew,ATL,Atlanta Hawks,0028000134,1980-11-04,ATL @ WAS,L,0,2,,,0.0,,,4,8,0.5,,,,,,,,,8,,0
10997,21980,78200,Randy Smith,CLE,Cleveland Cavaliers,0028000133,1980-11-03,CLE @ SEA,L,0,3,,,0.0,,,2,2,1.0,,,,,,,,,8,,0
10998,21980,76734,Don Ford,CLE,Cleveland Cavaliers,0028000133,1980-11-03,CLE @ SEA,L,0,4,,,0.0,,,0,0,,,,,,,,,,8,,0
10999,21980,78146,Jerry Sichting,IND,Indiana Pacers,0028000132,1980-11-02,IND @ MIL,L,0,3,,,0.0,,,2,2,1.0,,,,,,,,,8,,0
11000,21980,76483,Pat Cummings,MIL,Milwaukee Bucks,0028000132,1980-11-02,MIL vs. IND,W,0,4,,,0.0,,,0,0,,,,,,,,,,8,,0
11001,21980,76365,Harvey Catchings,MIL,Milwaukee Bucks,0028000132,1980-11-02,MIL vs. IND,W,0,2,,,0.0,,,4,4,1.0,,,,,,,,,8,,0
11002,21980,76231,Dudley Bradley,IND,Indiana Pacers,0028000132,1980-11-02,IND @ MIL,L,0,4,,,0.0,,,0,0,,,,,,,,,,8,,0
11003,21980,76618,T.R. Dunn,DEN,Denver Nuggets,0028000131,1980-11-02,DEN @ LAL,W,0,4,,,0.0,,,0,0,,,,,,,,,,8,,0
11004,21980,76444,Michael Cooper,LAL,Los Angeles Lakers,0028000131,1980-11-02,LAL vs. DEN,L,0,2,,,0.0,,,4,4,1.0,,,,,,,,6.0,8,,0
11005,21980,78095,Alvin Scott,PHX,Phoenix Suns,0028000129,1980-11-01,PHX @ KCK,W,0,4,,,0.0,,,0,0,,,,,,,,,,8,,0
11006,21980,77993,Truck Robinson,PHX,Phoenix Suns,0028000129,1980-11-01,PHX @ KCK,W,0,3,,,0.0,,,2,3,0.667,,,,,,,,,8,,0
11007,21980,77998,Dave Robisch,DEN,Denver Nuggets,0028000124,1980-11-01,DEN vs. SEA,W,0,4,,,0.0,,,0,0,,,,,,,,,,8,,0
11008,21980,78307,Carlos Terry,WAS,Washington Bullets,0028000123,1980-11-01,WAS @ NYK,L,0,4,,,0.0,,,0,0,,,,,,,,,,8,,0
11009,21980,76553,Larry Demic,NYK,New York Knicks,0028000123,1980-11-01,NYK vs. WAS,W,0,4,,,0.0,,,0,0,,,,,,,,,,8,,0
11010,21980,76362,Bill Cartwright,NYK,New York Knicks,0028000123,1980-11-01,NYK vs. WAS,W,0,2,,,0.0,,,4,5,0.8,,,,,,,,,8,,0
11011,21980,328,Rick Mahorn,WAS,Washington Bullets,0028000123,1980-11-01,WAS @ NYK,L,0,4,,,0.0,,,0,0,,,,,,,,,,8,,0
11012,21980,78195,Larry Smith,GOS,Golden State Warriors,0028000122,1980-11-01,GOS vs. SAN,W,0,4,,,0.0,,,0,0,,,,,,,,,,8,,0
11013,21980,77800,Sonny Parker,GOS,Golden State Warriors,0028000122,1980-11-01,GOS vs. SAN,W,0,3,,,0.0,,,2,2,1.0,,,,,,,,,8,,0
11014,21980,76453,Dave Corzine,SAN,San Antonio Spurs,0028000122,1980-11-01,SAN @ GOS,L,0,3,,,0.0,,,2,4,0.5,,,,,,,,,8,,0
11015,21980,78400,Jan Van Breda Kolff,NJN,New Jersey Nets,0028000121,1980-11-01,NJN @ IND,L,0,4,,,0.0,,,0,0,,,,,,,,,,8,,0
11016,21980,76948,James Hardy,UTH,Utah Jazz,0028000119,1980-10-31,UTH vs. DAL,W,0,2,,,0.0,,,4,4,1.0,,,,,,,,6.0,8,,0
11017,21980,76225,Winford Boynes,DAL,Dallas Mavericks,0028000119,1980-10-31,DAL @ UTH,L,0,4,,,0.0,,,0,0,,,,,,,,,6.0,8,,0
11018,21980,76350,Kenny Carr,CLE,Cleveland Cavaliers,0028000117,1980-10-31,CLE @ LAL,L,0,3,,,0.0,,,2,3,0.667,,,,,,,,,8,,0
11019,21980,78014,Tree Rollins,ATL,Atlanta Hawks,0028000116,1980-10-31,ATL @ PHL,L,0,2,,,0.0,,,4,4,1.0,,,,,,,,,8,,0
11020,21980,77144,Eddie Johnson,ATL,Atlanta Hawks,0028000116,1980-10-31,ATL @ PHL,L,0,3,,,0.0,,,2,2,1.0,,,,,,,,,8,,0
11021,21980,77205,Eddie Jordan,NJN,New Jersey Nets,0028000115,1980-10-31,NJN vs. WAS,W,0,4,,,0.0,,,0,0,,,,,,,,,,8,,0
11022,21980,78519,Charles Whitney,KCK,Kansas City Kings,0028000114,1980-10-31,KCK @ BOS,L,0,3,,,0.0,,,2,3,0.667,,,,,,,,,8,,0
11023,21980,78531,Bob Wilkerson,CHI,Chicago Bulls,0028000112,1980-10-31,CHI vs. IND,L,0,3,,,0.0,,,2,4,0.5,,,,,,,,,8,,0
11024,21980,77490,Scott May,CHI,Chicago Bulls,0028000112,1980-10-31,CHI vs. IND,L,0,4,,,0.0,,,0,0,,,,,,,,,,8,,0
11025,21980,78482,Scott Wedman,KCK,Kansas City Kings,0028000110,1980-10-29,KCK vs. POR,W,0,3,,,0.0,,,2,2,1.0,,,,,,,,,8,,0
11026,21980,77163,Reggie Johnson,SAN,San Antonio Spurs,0028000109,1980-10-29,SAN @ UTH,L,0,3,,,0.0,,,2,5,0.4,,,,,,,,,8,,0
11027,21980,77420,Maurice Lucas,NJN,New Jersey Nets,0028000108,1980-10-29,NJN vs. MIL,L,0,4,,,0.0,,,0,0,,,,,,,,,,8,,0
11028,21980,76686,Mike Evans,MIL,Milwaukee Bucks,0028000108,1980-10-29,MIL @ NJN,W,0,3,,,0.0,,,2,2,1.0,,,,,,,,,8,,0
11029,21980,76435,Darwin Cook,NJN,New Jersey Nets,0028000108,1980-10-29,NJN vs. MIL,L,0,2,,,0.0,,,4,4,1.0,,,,,,,,,8,,0
11030,21980,76985,Garfield Heard,SDC,San Diego Clippers,0028000107,1980-10-29,SDC @ PHX,L,0,4,,,0.0,,,0,0,,,,,,,,,,8,,0
11031,21980,76290,Joe Bryant,SDC,San Diego Clippers,0028000107,1980-10-29,SDC @ PHX,L,0,3,,,0.0,,,2,2,1.0,,,,,,,,,8,,0
11032,21980,76786,Calvin Garrett,HOU,Houston Rockets,0028000106,1980-10-29,HOU vs. DAL,W,0,4,,,0.0,,,0,0,,,,,,,,,,8,,0
11033,21980,76881,David Greenwood,CHI,Chicago Bulls,0028000104,1980-10-29,CHI @ PHL,L,0,3,,,0.0,,,2,2,1.0,,,,,,,,,8,,0
11034,21980,76618,T.R. Dunn,DEN,Denver Nuggets,0028000103,1980-10-29,DEN @ GOS,L,0,4,,,0.0,,,0,0,,,,,,,,,,8,,0
11035,21980,78222,Jim Spanarkel,DAL,Dallas Mavericks,0028000100,1980-10-28,DAL vs. UTH,L,0,2,,,0.0,,,4,4,1.0,,,,,,,,,8,,0
11036,21980,76947,Alan Hardy,LAL,Los Angeles Lakers,0028000098,1980-10-28,LAL @ SDC,W,0,4,,,0.0,,,0,0,,,,,,,,,,8,,0
11037,21980,76355,Butch Carter,LAL,Los Angeles Lakers,0028000098,1980-10-28,LAL @ SDC,W,0,4,,,0.0,,,0,0,,,,,,,,,,8,,0
11038,21980,76895,Bob Gross,POR,Portland Trail Blazers,0028000096,1980-10-28,POR @ SAN,L,0,3,,,0.0,,,2,2,1.0,,,,,,,,,8,,0
11039,21980,76771,Mike Gale,SAN,San Antonio Spurs,0028000096,1980-10-28,SAN vs. POR,W,0,4,,,0.0,,,0,0,,,,,,,,,,8,,0
11040,21980,77582,Joe Meriweather,KCK,Kansas City Kings,0028000095,1980-10-28,KCK @ ATL,L,0,2,,,0.0,,,4,7,0.571,,,,,,,,,8,,0
11041,21980,77553,Tom McMillen,ATL,Atlanta Hawks,0028000095,1980-10-28,ATL vs. KCK,W,0,4,,,0.0,,,0,0,,,,,,,,,,8,,0
11042,21980,78442,Wally Walker,SEA,Seattle SuperSonics,0028000094,1980-10-26,SEA vs. POR,W,0,3,,,0.0,,,2,3,0.667,,,,,,,,,8,,0
11043,21980,77786,Tom Owens,POR,Portland Trail Blazers,0028000094,1980-10-26,POR @ SEA,L,0,3,,,0.0,,,2,2,1.0,,,,,,,,,8,,0
11044,21980,77756,Mark Olberding,SAN,San Antonio Spurs,0028000091,1980-10-25,SAN @ SDC,W,0,2,,,0.0,,,4,5,0.8,,,,,,,,6.0,8,,0
11045,21980,77689,Swen Nater,SDC,San Diego Clippers,0028000091,1980-10-25,SDC vs. SAN,L,0,4,,,0.0,,,0,0,,,,,,,,,,8,,0
11046,21980,76822,Mike Glenn,NYK,New York Knicks,0028000090,1980-10-25,NYK vs. NJN,W,0,3,,,0.0,,,2,2,1.0,,,,,,,,,8,,0
11047,21980,78350,Rudy Tomjanovich,HOU,Houston Rockets,0028000089,1980-10-25,HOU vs. DET,L,0,4,,,0.0,,,0,0,,,,,,,,,,8,,0
11048,21980,77364,Ron Lee,DET,Detroit Pistons,0028000089,1980-10-25,DET @ HOU,W,0,3,,,0.0,,,2,2,1.0,,,,,,,,,8,,0
11049,21980,76599,Larry Drew,DET,Detroit Pistons,0028000089,1980-10-25,DET @ HOU,W,0,1,,,0.0,,,6,8,0.75,,,,,,,,,8,,0
11050,21980,76204,Ron Boone,UTH,Utah Jazz,0028000088,1980-10-25,UTH vs. LAL,L,0,3,,,0.0,,,2,2,1.0,,,,,,,,,8,,0
11051,21980,77487,Cedric Maxwell,BOS,Boston Celtics,0028000087,1980-10-25,BOS @ WAS,W,0,2,,,0.0,,,4,6,0.667,,,,,,,,,8,,0
11052,21980,76733,Chris Ford,BOS,Boston Celtics,0028000087,1980-10-25,BOS @ WAS,W,0,4,,,0.0,,,0,0,,,,,,,,,,8,,0
11053,21980,76707,Eric Fernsten,BOS,Boston Celtics,0028000087,1980-10-25,BOS @ WAS,W,0,3,,,0.0,,,2,2,1.0,,,,,,,,,8,,0
11054,21980,76091,Greg Ballard,WAS,Washington Bullets,0028000087,1980-10-25,WAS vs. BOS,L,0,4,,,0.0,,,0,1,0.0,,,,,,,,,8,,0
11055,21980,1450,Kevin McHale,BOS,Boston Celtics,0028000087,1980-10-25,BOS @ WAS,W,0,4,,,0.0,,,0,0,,,,,,,,,,8,,0
11056,21980,76590,Leon Douglas,KCK,Kansas City Kings,0028000086,1980-10-25,KCK vs. DEN,W,0,4,,,0.0,,,0,0,,,,,,,,,,8,,0
11057,21980,78468,Richard Washington,DAL,Dallas Mavericks,0028000085,1980-10-25,DAL @ GOS,L,0,4,,,0.0,,,0,0,,,,,,,,,,8,,0
11058,21980,76608,Terry Duerod,DAL,Dallas Mavericks,0028000085,1980-10-25,DAL @ GOS,L,0,4,,,0.0,,,0,0,,,,,,,,,,8,,0
11059,21980,600005,Bob Lanier,MIL,Milwaukee Bucks,0028000084,1980-10-25,MIL vs. CHI,W,0,3,,,0.0,,,2,4,0.5,,,,,,,,,8,,0
11060,21980,77182,Dwight Jones,CHI,Chicago Bulls,0028000084,1980-10-25,CHI @ MIL,L,0,4,,,0.0,,,0,0,,,,,,,,,,8,,0
11061,21980,76365,Harvey Catchings,MIL,Milwaukee Bucks,0028000084,1980-10-25,MIL vs. CHI,W,0,3,,,0.0,,,2,2,1.0,,,,,,,,,8,,0
11062,21980,77993,Truck Robinson,PHX,Phoenix Suns,0028000081,1980-10-25,PHX @ SEA,W,0,4,,,0.0,,,0,0,,,,,,,,,,8,,0
11063,21980,78500,Paul Westphal,SEA,Seattle SuperSonics,0028000079,1980-10-24,SEA @ LAL,L,0,3,,,0.0,,,2,2,1.0,,,,,,,,,8,,0
11064,21980,600014,Artis Gilmore,CHI,Chicago Bulls,0028000078,1980-10-24,CHI vs. WAS,W,0,3,,,0.0,,,2,3,0.667,,,,,,,,,8,,0
11065,21980,77373,Ronnie Lester,CHI,Chicago Bulls,0028000078,1980-10-24,CHI vs. WAS,W,0,2,,,0.0,,,4,4,1.0,,,,,,,,,8,,0
11066,21980,76290,Joe Bryant,SDC,San Diego Clippers,0028000077,1980-10-24,SDC vs. UTH,W,0,2,,,0.0,,,4,4,1.0,,,,,,,,,8,,0
11067,21980,76257,Allan Bristow,UTH,Utah Jazz,0028000077,1980-10-24,UTH @ SDC,L,0,4,,,0.0,,,0,0,,,,,,,,,,8,,0
11068,21980,76204,Ron Boone,UTH,Utah Jazz,0028000077,1980-10-24,UTH @ SDC,L,0,3,,,0.0,,,2,2,1.0,,,,,,,,,8,,0
11069,21980,77328,Tom LaGarde,DAL,Dallas Mavericks,0028000076,1980-10-24,DAL @ POR,L,0,1,,,0.0,,,6,9,0.667,,,,,,,,6.0,8,,0
11070,21980,76656,Bob Elliott,NJN,New Jersey Nets,0028000075,1980-10-24,NJN vs. CLE,L,0,4,,,0.0,,,0,1,0.0,,,,,,,,,8,,0
11071,21980,78014,Tree Rollins,ATL,Atlanta Hawks,0028000074,1980-10-24,ATL @ IND,L,0,4,,,0.0,,,0,0,,,,,,,,,,8,,0
11072,21980,77528,Jim McElroy,ATL,Atlanta Hawks,0028000074,1980-10-24,ATL @ IND,L,0,2,,,0.0,,,4,4,1.0,,,,,,,,,8,,0
11073,21980,76598,John Drew,ATL,Atlanta Hawks,0028000074,1980-10-24,ATL @ IND,L,0,3,,,0.0,,,2,5,0.4,,,,,,,,,8,,0
11074,21980,76231,Dudley Bradley,IND,Indiana Pacers,0028000074,1980-10-24,IND vs. ATL,W,0,2,,,0.0,,,4,4,1.0,,,,,,,,,8,,0
11075,21980,76889,Paul Griffin,SAN,San Antonio Spurs,0028000071,1980-10-23,SAN vs. GOS,W,0,1,,,0.0,,,6,7,0.857,,,,,,,,,8,,0
11076,21980,76453,Dave Corzine,SAN,San Antonio Spurs,0028000071,1980-10-23,SAN vs. GOS,W,0,3,,,0.0,,,2,2,1.0,,,,,,,,,8,,0
11077,21980,77071,Phil Hubbard,DET,Detroit Pistons,0028000069,1980-10-22,DET vs. PHL,L,0,2,,,0.0,,,4,4,1.0,,,,,,,,,8,,0
11078,21980,76231,Dudley Bradley,IND,Indiana Pacers,0028000068,1980-10-22,IND vs. MIL,L,0,3,,,0.0,,,2,2,1.0,,,,,,,,,8,,0
11079,21980,328,Rick Mahorn,WAS,Washington Bullets,0028000067,1980-10-22,WAS vs. CLE,W,0,4,,,0.0,,,0,0,,,,,,,,,,8,,0
11080,21980,78600,Brian Winters,MIL,Milwaukee Bucks,0028000065,1980-10-21,MIL vs. CLE,W,0,4,,,0.0,,,0,0,,,,,,,,,,8,,0
11081,21980,77998,Dave Robisch,CLE,Cleveland Cavaliers,0028000065,1980-10-21,CLE @ MIL,L,0,4,,,0.0,,,0,0,,,,,,,,,,8,,0
11082,21980,76483,Pat Cummings,MIL,Milwaukee Bucks,0028000065,1980-10-21,MIL vs. CLE,W,0,4,,,0.0,,,0,0,,,,,,,,,,8,,0
11083,21980,77669,Calvin Murphy,HOU,Houston Rockets,0028000063,1980-10-21,HOU @ DEN,W,0,3,,,0.0,,,2,2,1.0,,,,,,,,,8,,0
11084,21980,78510,Jojo White,KCK,Kansas City Kings,0028000062,1980-10-21,KCK vs. GOS,L,0,4,,,0.0,,,0,0,,,,,,,,,,8,,0
11085,21980,77770,Louis Orr,IND,Indiana Pacers,0028000060,1980-10-21,IND @ ATL,W,0,3,,,0.0,,,2,2,1.0,,,,,,,,,8,,0
11086,21980,77553,Tom McMillen,ATL,Atlanta Hawks,0028000060,1980-10-21,ATL vs. IND,L,0,4,,,0.0,,,0,0,,,,,,,,,,8,,0
11087,21980,76095,Mike Bantom,IND,Indiana Pacers,0028000060,1980-10-21,IND @ ATL,W,0,4,,,0.0,,,0,0,,,,,,,,,6.0,8,,0
11088,21980,77308,Joel Kramer,PHX,Phoenix Suns,0028000059,1980-10-21,PHX vs. DAL,W,0,3,,,0.0,,,2,3,0.667,,,,,,,,,8,,0
11089,21980,76436,Jeff Cook,PHX,Phoenix Suns,0028000059,1980-10-21,PHX vs. DAL,W,0,3,,,0.0,,,2,3,0.667,,,,,,,,,8,,0
11090,21980,76030,Darrell Allums,DAL,Dallas Mavericks,0028000059,1980-10-21,DAL @ PHX,L,0,4,,,0.0,,,0,1,0.0,,,,,,,,6.0,8,,0
11091,21980,77490,Scott May,CHI,Chicago Bulls,0028000058,1980-10-21,CHI @ NYK,L,0,3,,,0.0,,,2,3,0.667,,,,,,,,,8,,0
11092,21980,76362,Bill Cartwright,NYK,New York Knicks,0028000058,1980-10-21,NYK vs. CHI,W,0,2,,,0.0,,,4,6,0.667,,,,,,,,,8,,0
11093,21980,78133,Lonnie Shelton,SEA,Seattle SuperSonics,0028000057,1980-10-20,SEA @ UTH,W,0,4,,,0.0,,,0,0,,,,,,,,,,8,,0
11094,21980,78548,Freeman Williams,SDC,San Diego Clippers,0028000056,1980-10-19,SDC vs. PHX,L,0,3,,,0.0,,,2,4,0.5,,,,,,,,,8,,0
11095,21980,78296,Brian Taylor,SDC,San Diego Clippers,0028000056,1980-10-19,SDC vs. PHX,L,0,3,,,0.0,,,2,2,1.0,,,,,,,,,8,,0
11096,21980,77689,Swen Nater,SDC,San Diego Clippers,0028000056,1980-10-19,SDC vs. PHX,L,0,4,,,0.0,,,0,0,,,,,,,,,,8,,0
11097,21980,77721,Norm Nixon,LAL,Los Angeles Lakers,0028000055,1980-10-19,LAL vs. GOS,W,0,4,,,0.0,,,0,0,,,,,,,,,,8,,0
11098,21980,77334,Mark Landsberger,LAL,Los Angeles Lakers,0028000055,1980-10-19,LAL vs. GOS,W,0,4,,,0.0,,,0,0,,,,,,,,,,8,,0
11099,21980,76355,Butch Carter,LAL,Los Angeles Lakers,0028000055,1980-10-19,LAL vs. GOS,W,0,3,,,0.0,,,2,2,1.0,,,,,,,,,8,,0
11100,21980,76283,Rickey Brown,GOS,Golden State Warriors,0028000055,1980-10-19,GOS @ LAL,L,0,4,,,0.0,,,0,0,,,,,,,,,,8,,0
11101,21980,77635,Lowes Moore,NJN,New Jersey Nets,0028000054,1980-10-19,NJN @ MIL,L,0,3,,,0.0,,,2,2,1.0,,,,,,,,,8,,0
11102,21980,78132,Craig Shelton,ATL,Atlanta Hawks,0028000052,1980-10-18,ATL @ DET,W,0,4,,,0.0,,,0,0,,,,,,,,,,8,,0
11103,21980,77829,Sam Pellom,ATL,Atlanta Hawks,0028000052,1980-10-18,ATL @ DET,W,0,2,,,0.0,,,4,4,1.0,,,,,,,,6.0,8,,0
11104,21980,76539,Darryl Dawkins,PHL,Philadelphia 76ers,0028000050,1980-10-18,PHL vs. WAS,W,0,2,,,0.0,,,4,6,0.667,,,,,,,,,8,,0
11105,21980,77770,Louis Orr,IND,Indiana Pacers,0028000048,1980-10-18,IND vs. BOS,W,0,4,,,0.0,,,0,1,0.0,,,,,,,,,8,,0
11106,21980,77290,Billy Knight,IND,Indiana Pacers,0028000048,1980-10-18,IND vs. BOS,W,0,3,,,0.0,,,2,2,1.0,,,,,,,,,8,,0
11107,21980,76733,Chris Ford,BOS,Boston Celtics,0028000048,1980-10-18,BOS @ IND,L,0,3,,,0.0,,,2,2,1.0,,,,,,,,,8,,0
11108,21980,76771,Mike Gale,SAN,San Antonio Spurs,0028000047,1980-10-18,SAN vs. DAL,W,0,4,,,0.0,,,0,0,,,,,,,,,,8,,0
11109,21980,76604,Ralph Drollinger,DAL,Dallas Mavericks,0028000047,1980-10-18,DAL @ SAN,L,0,4,,,0.0,,,0,0,,,,,,,,,,8,,0
11110,21980,76734,Don Ford,CLE,Cleveland Cavaliers,0028000046,1980-10-18,CLE vs. MIL,L,0,4,,,0.0,,,0,0,,,,,,,,,,8,,0
11111,21980,76441,Wayne Cooper,UTH,Utah Jazz,0028000045,1980-10-18,UTH vs. DEN,W,0,4,,,0.0,,,0,0,,,,,,,,,,8,,0
11112,21980,78614,Mike Woodson,NYK,New York Knicks,0028000044,1980-10-17,NYK @ ATL,L,0,4,,,0.0,,,0,0,,,,,,,,,,8,,0
11113,21980,78481,Marvin Webster,NYK,New York Knicks,0028000044,1980-10-17,NYK @ ATL,L,0,1,,,0.0,,,6,6,1.0,,,,,,,,,8,,0
11114,21980,76598,John Drew,ATL,Atlanta Hawks,0028000044,1980-10-17,ATL vs. NYK,W,0,4,,,0.0,,,0,2,0.0,,,,,,,,,8,,0
11115,21980,77669,Calvin Murphy,HOU,Houston Rockets,0028000042,1980-10-17,HOU @ POR,W,0,4,,,0.0,,,0,0,,,,,,,,,,8,,0
11116,21980,76966,Joey Hassett,DAL,Dallas Mavericks,0028000041,1980-10-17,DAL vs. KCK,L,0,4,,,0.0,,,0,0,,,,,,,,,,8,,0
11117,21980,76444,Michael Cooper,LAL,Los Angeles Lakers,0028000040,1980-10-17,LAL vs. PHX,W,0,3,,,0.0,,,2,3,0.667,,,,,,,,,8,,0
11118,21980,78296,Brian Taylor,SDC,San Diego Clippers,0028000039,1980-10-17,SDC vs. DEN,L,0,3,,,0.0,,,2,2,1.0,,,,,,,,,8,,0
11119,21980,76290,Joe Bryant,SDC,San Diego Clippers,0028000039,1980-10-17,SDC vs. DEN,L,0,4,,,0.0,,,0,0,,,,,,,,,,8,,0
11120,21980,77848,Roger Phegley,CLE,Cleveland Cavaliers,0028000038,1980-10-17,CLE @ CHI,L,0,3,,,0.0,,,2,3,0.667,,,,,,,,,8,,0
11121,21980,77182,Dwight Jones,CHI,Chicago Bulls,0028000038,1980-10-17,CHI vs. CLE,W,0,3,,,0.0,,,2,2,1.0,,,,,,,,,8,,0
11122,21980,76889,Paul Griffin,SAN,San Antonio Spurs,0028000037,1980-10-16,SAN @ DET,W,0,1,,,0.0,,,6,7,0.857,,,,,,,,,8,,0
11123,21980,78392,Wes Unseld,WAS,Washington Bullets,0028000036,1980-10-16,WAS @ CLE,L,0,3,,,0.0,,,2,2,1.0,,,,,,,,,8,,0
11124,21980,76733,Chris Ford,BOS,Boston Celtics,0028000035,1980-10-16,BOS @ MIL,W,0,4,,,0.0,,,0,0,,,,,,,,,,8,,0
11125,21980,1449,Larry Bird,BOS,Boston Celtics,0028000035,1980-10-16,BOS @ MIL,W,0,4,,,0.0,,,0,0,,,,,,,,,,8,,0
11126,21980,229,James Edwards,IND,Indiana Pacers,0028000034,1980-10-15,IND vs. CHI,L,0,3,,,0.0,,,2,6,0.333,,,,,,,,6.0,8,,0
11127,21980,77420,Maurice Lucas,NJN,New Jersey Nets,0028000033,1980-10-15,NJN vs. PHL,L,0,4,,,0.0,,,0,0,,,,,,,,,,8,,0
11128,21980,77175,Caldwell Jones,PHL,Philadelphia 76ers,0028000033,1980-10-15,PHL @ NJN,W,0,4,,,0.0,,,0,0,,,,,,,,,,8,,0
11129,21980,76435,Darwin Cook,NJN,New Jersey Nets,0028000033,1980-10-15,NJN vs. PHL,L,0,4,,,0.0,,,0,0,,,,,,,,,,8,,0
11130,21980,78519,Charles Whitney,KCK,Kansas City Kings,0028000032,1980-10-15,KCK vs. LAL,L,0,3,,,0.0,,,2,2,1.0,,,,,,,,,8,,0
11131,21980,77438,Kyle Macy,PHX,Phoenix Suns,0028000031,1980-10-15,PHX @ UTH,W,0,3,,,0.0,,,2,2,1.0,,,,,,,,,8,,0
11132,21980,76436,Jeff Cook,PHX,Phoenix Suns,0028000031,1980-10-15,PHX @ UTH,W,0,4,,,0.0,,,0,0,,,,,,,,,,8,,0
11133,21980,78442,Wally Walker,SEA,Seattle SuperSonics,0028000030,1980-10-15,SEA @ HOU,L,0,3,,,0.0,,,2,2,1.0,,,,,,,,,8,,0
11134,21980,78149,Jack Sikma,SEA,Seattle SuperSonics,0028000030,1980-10-15,SEA @ HOU,L,0,4,,,0.0,,,0,0,,,,,,,,,,8,,0
11135,21980,77167,Vinnie Johnson,SEA,Seattle SuperSonics,0028000030,1980-10-15,SEA @ HOU,L,0,4,,,0.0,,,0,0,,,,,,,,,,8,,0
11136,21980,77152,John Johnson,SEA,Seattle SuperSonics,0028000030,1980-10-15,SEA @ HOU,L,0,4,,,0.0,,,0,0,,,,,,,,,,8,,0
11137,21980,78326,David Thompson,DEN,Denver Nuggets,0028000029,1980-10-15,DEN vs. DAL,W,0,2,,,0.0,,,4,6,0.667,,,,,,,,,8,,0
11138,21980,76618,T.R. Dunn,DEN,Denver Nuggets,0028000029,1980-10-15,DEN vs. DAL,W,0,2,,,0.0,,,4,4,1.0,,,,,,,,,8,,0
11139,21980,77950,Clint Richardson,PHL,Philadelphia 76ers,0028000027,1980-10-14,PHL @ NYK,L,0,4,,,0.0,,,0,0,,,,,,,,,,8,,0
11140,21980,77582,Joe Meriweather,KCK,Kansas City Kings,0028000026,1980-10-14,KCK @ SAN,L,0,3,,,0.0,,,2,4,0.5,,,,,,,,,8,,0
11141,21980,76899,Ernie Grunfeld,KCK,Kansas City Kings,0028000026,1980-10-14,KCK @ SAN,L,0,3,,,0.0,,,2,2,1.0,,,,,,,,,8,,0
11142,21980,76453,Dave Corzine,SAN,San Antonio Spurs,0028000026,1980-10-14,SAN vs. KCK,W,0,3,,,0.0,,,2,2,1.0,,,,,,,,,8,,0
11143,21980,78149,Jack Sikma,SEA,Seattle SuperSonics,0028000024,1980-10-14,SEA @ DAL,W,0,4,,,0.0,,,0,0,,,,,,,,,,8,,0
11144,21980,77328,Tom LaGarde,DAL,Dallas Mavericks,0028000024,1980-10-14,DAL vs. SEA,L,0,3,,,0.0,,,2,2,1.0,,,,,,,,,8,,0
11145,21980,76583,James Donaldson,SEA,Seattle SuperSonics,0028000024,1980-10-14,SEA @ DAL,W,0,4,,,0.0,,,0,0,,,,,,,,,,8,,0
11146,21980,76054,Nate Archibald,BOS,Boston Celtics,0028000025,1980-10-14,BOS @ ATL,L,0,2,,,0.0,,,4,4,1.0,,,,,,,,,8,,0
11147,21980,76993,Gerald Henderson,BOS,Boston Celtics,0028000025,1980-10-14,BOS @ ATL,L,0,4,,,0.0,,,0,0,,,,,,,,,,8,,0
11148,21980,77323,Kevin Kunnert,POR,Portland Trail Blazers,0028000021,1980-10-12,POR vs. SEA,W,0,3,,,0.0,,,2,4,0.5,,,,,,,,,8,,0
11149,21980,76895,Bob Gross,POR,Portland Trail Blazers,0028000021,1980-10-12,POR vs. SEA,W,0,4,,,0.0,,,0,0,,,,,,,,,,8,,0
11150,21980,600005,Bob Lanier,MIL,Milwaukee Bucks,0028000016,1980-10-11,MIL @ NYK,L,0,4,,,0.0,,,0,0,,,,,,,,,,8,,0
11151,21980,78614,Mike Woodson,NYK,New York Knicks,0028000016,1980-10-11,NYK vs. MIL,W,0,4,,,0.0,,,0,0,,,,,,,,,,8,,0
11152,21980,77175,Caldwell Jones,PHL,Philadelphia 76ers,0028000014,1980-10-11,PHL @ WAS,W,0,2,,,0.0,,,4,6,0.667,,,,,,,,,8,,0
11153,21980,77490,Scott May,CHI,Chicago Bulls,0028000013,1980-10-11,CHI @ ATL,L,0,2,,,0.0,,,4,7,0.571,,,,,,,,,8,,0
11154,21980,77986,Cliff T. Robinson,NJN,New Jersey Nets,0028000012,1980-10-11,NJN @ CLE,W,0,4,,,0.0,,,0,0,,,,,,,,,,8,,0
11155,21980,77754,Mike O'Koren,NJN,New Jersey Nets,0028000012,1980-10-11,NJN @ CLE,W,0,4,,,0.0,,,0,0,,,,,,,,,,8,,0
11156,21980,77262,Chad Kinch,CLE,Cleveland Cavaliers,0028000012,1980-10-11,CLE vs. NJN,L,0,4,,,0.0,,,0,0,,,,,,,,,,8,,0
11157,21980,76734,Don Ford,CLE,Cleveland Cavaliers,0028000012,1980-10-11,CLE vs. NJN,L,0,4,,,0.0,,,0,0,,,,,,,,,,8,,0
11158,21980,77136,Clemon Johnson,IND,Indiana Pacers,0028000011,1980-10-11,IND vs. DET,W,0,4,,,0.0,,,0,3,0.0,,,,,,,,,8,,0
11159,21980,76204,Ron Boone,UTH,Utah Jazz,0028000017,1980-10-11,UTH @ KCK,L,0,4,,,0.0,,,0,0,,,,,,,,,,8,,0
11160,21980,77205,Eddie Jordan,NJN,New Jersey Nets,0028000009,1980-10-10,NJN vs. IND,L,0,4,,,0.0,,,0,0,,,,,,,,,,8,,0
11161,21980,77873,Ben Poquette,UTH,Utah Jazz,0028000008,1980-10-10,UTH vs. POR,W,0,3,,,0.0,,,2,2,1.0,,,,,,,,,8,,0
11162,21980,77324,Mitch Kupchak,WAS,Washington Bullets,0028000005,1980-10-10,WAS @ DET,W,0,3,,,0.0,,,2,2,1.0,,,,,,,,,8,,0
11163,21980,78548,Freeman Williams,SDC,San Diego Clippers,0028000004,1980-10-10,SDC vs. HOU,W,0,4,,,0.0,,,0,0,,,,,,,,,,8,,0
11164,21980,77189,Major Jones,HOU,Houston Rockets,0028000004,1980-10-10,HOU @ SDC,L,0,4,,,0.0,,,0,1,0.0,,,,,,,,,8,,0
11165,21980,76786,Calvin Garrett,HOU,Houston Rockets,0028000004,1980-10-10,HOU @ SDC,L,0,4,,,0.0,,,0,0,,,,,,,,,,8,,0
11166,21980,78600,Brian Winters,MIL,Milwaukee Bucks,0028000003,1980-10-10,MIL @ PHL,W,0,4,,,0.0,,,0,2,0.0,,,,,,,,,8,,0
11167,21980,76385,Maurice Cheeks,PHL,Philadelphia 76ers,0028000003,1980-10-10,PHL vs. MIL,L,0,2,,,0.0,,,4,5,0.8,,,,,,,,,8,,0
11168,21980,77993,Truck Robinson,PHX,Phoenix Suns,0028000001,1980-10-10,PHX vs. GOS,W,0,4,,,0.0,,,0,0,,,,,,,,,,8,,0
11169,21980,76539,Darryl Dawkins,PHL,Philadelphia 76ers,0028000937,1981-03-29,PHL @ BOS,L,0,2,,,0.0,,,3,4,0.75,,,,,,,,6.0,7,,0
11170,21980,78015,Lorenzo Romar,GOS,Golden State Warriors,0028000939,1981-03-29,GOS @ SEA,L,0,2,,,0.0,,,3,4,0.75,,,,,,,,,7,,0
11171,21980,76162,Henry Bibby,SDC,San Diego Clippers,0028000941,1981-03-29,SDC vs. POR,L,0,2,,,2.0,,,1,2,0.5,,,,,,,,,7,,0
11172,21980,76435,Darwin Cook,NJN,New Jersey Nets,0028000940,1981-03-29,NJN @ NYK,L,0,3,,,0.0,,,1,2,0.5,,,,,,,,,7,,0
11173,21980,77438,Kyle Macy,PHX,Phoenix Suns,0028000936,1981-03-29,PHX vs. UTH,W,0,3,,,0.0,,,1,1,1.0,,,,,,,,,7,,0
11174,21980,76436,Jeff Cook,PHX,Phoenix Suns,0028000936,1981-03-29,PHX vs. UTH,W,0,3,,,0.0,,,1,1,1.0,,,,,,,,,7,,0
11175,21980,76385,Maurice Cheeks,PHL,Philadelphia 76ers,0028000937,1981-03-29,PHL @ BOS,L,0,3,,,1.0,,,0,0,,,,,,,,,,7,,0
11176,21980,76822,Mike Glenn,NYK,New York Knicks,0028000931,1981-03-28,NYK @ NJN,W,0,3,,,0.0,,,1,2,0.5,,,,,,,,,7,,0
11177,21980,77873,Ben Poquette,UTH,Utah Jazz,0028000930,1981-03-28,UTH vs. LAL,W,0,2,,,0.0,,,3,4,0.75,,,,,,,,,7,,0
11178,21980,328,Rick Mahorn,WAS,Washington Bullets,0028000929,1981-03-28,WAS vs. DET,W,0,3,,,0.0,,,1,1,1.0,,,,,,,,,7,,0
11179,21980,76351,M.L. Carr,BOS,Boston Celtics,0028000928,1981-03-27,BOS vs. DET,L,0,3,,,0.0,,,1,2,0.5,,,,,,,,,7,,0
11180,21980,76944,Bill Hanzlik,SEA,Seattle SuperSonics,0028000927,1981-03-27,SEA vs. LAL,L,0,3,,,0.0,,,1,1,1.0,,,,,,,,,7,,0
11181,21980,78222,Jim Spanarkel,DAL,Dallas Mavericks,0028000926,1981-03-27,DAL vs. POR,L,0,2,,,0.0,,,3,4,0.75,,,,,,,,,7,,0
11182,21980,76385,Maurice Cheeks,PHL,Philadelphia 76ers,0028000925,1981-03-27,PHL @ CLE,W,0,3,,,0.0,,,1,1,1.0,,,,,,,,,7,,0
11183,21980,77144,Eddie Johnson,ATL,Atlanta Hawks,0028000921,1981-03-27,ATL @ CHI,L,0,3,,,0.0,,,1,2,0.5,,,,,,,,,7,,0
11184,21980,76733,Chris Ford,BOS,Boston Celtics,0028000928,1981-03-27,BOS vs. DET,L,0,3,,,1.0,,,0,0,,,,,,,,,,7,,0
11185,21980,77873,Ben Poquette,UTH,Utah Jazz,0028000920,1981-03-26,UTH vs. SAN,L,0,2,,,0.0,,,3,3,1.0,,,,,,,,6.0,7,,0
11186,21980,77633,Johnny Moore,SAN,San Antonio Spurs,0028000920,1981-03-26,SAN @ UTH,W,0,3,,,0.0,,,1,1,1.0,,,,,,,,,7,,0
11187,21980,77996,Wayne Robinson,DET,Detroit Pistons,0028000917,1981-03-25,DET @ PHL,L,0,3,,,0.0,,,1,2,0.5,,,,,,,,,7,,0
11188,21980,76266,Michael Brooks,SDC,San Diego Clippers,0028000915,1981-03-25,SDC @ GOS,L,0,2,,,0.0,,,3,3,1.0,,,,,,,,,7,,0
11189,21980,77328,Tom LaGarde,DAL,Dallas Mavericks,0028000914,1981-03-25,DAL @ DEN,W,0,3,,,0.0,,,1,2,0.5,,,,,,,,6.0,7,,0
11190,21980,76895,Bob Gross,POR,Portland Trail Blazers,0028000911,1981-03-25,POR @ SEA,W,0,3,,,0.0,,,1,2,0.5,,,,,,,,,7,,0
11191,21980,77876,Kevin Porter,WAS,Washington Bullets,0028000910,1981-03-25,WAS vs. NYK,W,0,3,,,0.0,,,1,2,0.5,,,,,,,,,7,,0
11192,21980,76553,Larry Demic,NYK,New York Knicks,0028000910,1981-03-25,NYK @ WAS,L,0,3,,,0.0,,,1,1,1.0,,,,,,,,,7,,0
11193,21980,77623,Paul Mokeski,DET,Detroit Pistons,0028000908,1981-03-24,DET @ ATL,L,0,3,,,0.0,,,1,1,1.0,,,,,,,,,7,,0
11194,21980,76874,Rickey Green,UTH,Utah Jazz,0028000907,1981-03-24,UTH vs. KCK,L,0,3,,,0.0,,,1,2,0.5,,,,,,,,,7,,0
11195,21980,77635,Lowes Moore,NJN,New Jersey Nets,0028000903,1981-03-24,NJN @ MIL,L,0,3,,,0.0,,,1,1,1.0,,,,,,,,,7,,0
11196,21980,78195,Larry Smith,GOS,Golden State Warriors,0028000901,1981-03-24,GOS @ LAL,L,0,1,,,0.0,,,5,8,0.625,,,,,,,,,7,,0
11197,21980,76993,Gerald Henderson,BOS,Boston Celtics,0028000900,1981-03-24,BOS @ NYK,W,0,2,,,0.0,,,3,4,0.75,,,,,,,,,7,,0
11198,21980,77858,Stan Pietkiewicz,DAL,Dallas Mavericks,0028000906,1981-03-24,DAL vs. HOU,L,0,3,,,1.0,,,0,0,,,,,,,,,,7,,0
11199,21980,78600,Brian Winters,MIL,Milwaukee Bucks,0028000898,1981-03-22,MIL @ NJN,W,0,3,,,0.0,,,1,2,0.5,,,,,,,,,7,,0
11200,21980,77635,Lowes Moore,NJN,New Jersey Nets,0028000898,1981-03-22,NJN vs. MIL,L,0,3,,,0.0,,,1,1,1.0,,,,,,,,,7,,0
11201,21980,77633,Johnny Moore,SAN,San Antonio Spurs,0028000891,1981-03-22,SAN vs. SDC,W,0,1,,,0.0,,,5,6,0.833,,,,,,,,,7,,0
11202,21980,78531,Bob Wilkerson,CHI,Chicago Bulls,0028000890,1981-03-22,CHI @ DET,W,0,3,,,0.0,,,1,1,1.0,,,,,,,,,7,,0
11203,21980,77996,Wayne Robinson,DET,Detroit Pistons,0028000890,1981-03-22,DET vs. CHI,L,0,3,,,0.0,,,1,1,1.0,,,,,,,,,7,,0
11204,21980,76553,Larry Demic,NYK,New York Knicks,0028000883,1981-03-20,NYK @ IND,W,0,3,,,0.0,,,1,1,1.0,,,,,,,,,7,,0
11205,21980,76895,Bob Gross,POR,Portland Trail Blazers,0028000881,1981-03-20,POR vs. HOU,W,0,3,,,0.0,,,1,2,0.5,,,,,,,,,7,,0
11206,21980,77205,Eddie Jordan,LAL,Los Angeles Lakers,0028000879,1981-03-20,LAL vs. SEA,W,0,3,,,0.0,,,1,2,0.5,,,,,,,,,7,,0
11207,21980,77040,Brad Holland,LAL,Los Angeles Lakers,0028000879,1981-03-20,LAL vs. SEA,W,0,2,,,0.0,,,3,4,0.75,,,,,,,,,7,,0
11208,21980,77858,Stan Pietkiewicz,DAL,Dallas Mavericks,0028000877,1981-03-20,DAL vs. DEN,W,0,3,,,1.0,,,0,0,,,,,,,,,,7,,0
11209,21980,78222,Jim Spanarkel,DAL,Dallas Mavericks,0028000871,1981-03-18,DAL @ UTH,L,0,1,,,0.0,,,5,5,1.0,,,,,,,,,7,,0
11210,21980,77997,Bill Robinzine,DAL,Dallas Mavericks,0028000871,1981-03-18,DAL @ UTH,L,0,3,,,0.0,,,1,1,1.0,,,,,,,,,7,,0
11211,21980,76296,Quinn Buckner,MIL,Milwaukee Bucks,0028000868,1981-03-18,MIL vs. NYK,L,0,3,,,0.0,,,1,2,0.5,,,,,,,,,7,,0
11212,21980,77364,Ron Lee,DET,Detroit Pistons,0028000866,1981-03-18,DET vs. NJN,W,0,1,,,0.0,,,5,5,1.0,,,,,,,,,7,,0
11213,21980,76656,Bob Elliott,NJN,New Jersey Nets,0028000866,1981-03-18,NJN @ DET,L,0,3,,,0.0,,,1,4,0.25,,,,,,,,,7,,0
11214,21980,77984,Rick Robey,BOS,Boston Celtics,0028000865,1981-03-17,BOS @ WAS,W,0,2,,,0.0,,,3,7,0.429,,,,,,,,,7,,0
11215,21980,76895,Bob Gross,POR,Portland Trail Blazers,0028000864,1981-03-17,POR vs. SDC,W,0,3,,,0.0,,,1,1,1.0,,,,,,,,,7,,0
11216,21980,78614,Mike Woodson,NYK,New York Knicks,0028000859,1981-03-17,NYK vs. IND,W,0,3,,,0.0,,,1,1,1.0,,,,,,,,,7,,0
11217,21980,77532,George McGinnis,IND,Indiana Pacers,0028000859,1981-03-17,IND @ NYK,L,0,3,,,0.0,,,1,7,0.143,,,,,,,,,7,,0
11218,21980,76360,Reggie Carter,NYK,New York Knicks,0028000859,1981-03-17,NYK vs. IND,W,0,3,,,0.0,,,1,2,0.5,,,,,,,,,7,,0
11219,21980,78222,Jim Spanarkel,DAL,Dallas Mavericks,0028000858,1981-03-17,DAL vs. LAL,L,0,2,,,0.0,,,3,3,1.0,,,,,,,,,7,,0
11220,21980,77786,Tom Owens,POR,Portland Trail Blazers,0028000855,1981-03-15,POR vs. DAL,W,0,3,,,0.0,,,1,1,1.0,,,,,,,,,7,,0
11221,21980,76822,Mike Glenn,NYK,New York Knicks,0028000851,1981-03-15,NYK vs. PHL,W,0,3,,,0.0,,,1,2,0.5,,,,,,,,,7,,0
11222,21980,77184,Edgar Jones,NJN,New Jersey Nets,0028000850,1981-03-15,NJN @ BOS,L,0,1,,,0.0,,,5,7,0.714,,,,,,,,,7,,0
11223,21980,76599,Larry Drew,DET,Detroit Pistons,0028000847,1981-03-14,DET @ IND,W,0,2,,,0.0,,,3,3,1.0,,,,,,,,,7,,0
11224,21980,1450,Kevin McHale,BOS,Boston Celtics,0028000841,1981-03-13,BOS vs. IND,L,0,2,,,0.0,,,3,6,0.5,,,,,,,,,7,,0
11225,21980,78404,Kiki Vandeweghe,DEN,Denver Nuggets,0028000839,1981-03-13,DEN @ ATL,L,0,3,,,0.0,,,1,2,0.5,,,,,,,,,7,,0
11226,21980,77396,Scott Lloyd,DAL,Dallas Mavericks,0028000833,1981-03-12,DAL vs. GOS,W,0,3,,,0.0,,,1,2,0.5,,,,,,,,,7,,0
11227,21980,77504,Andre McCarter,WAS,Washington Bullets,0028000834,1981-03-12,WAS vs. IND,L,0,3,,,1.0,,,0,0,,,,,,,,,,7,,0
11228,21980,78296,Brian Taylor,SDC,San Diego Clippers,0028000832,1981-03-12,SDC vs. LAL,L,0,3,,,1.0,,,0,0,,,,,,,,,,7,,0
11229,21980,76656,Bob Elliott,NJN,New Jersey Nets,0028000830,1981-03-11,NJN vs. WAS,W,0,3,,,0.0,,,1,3,0.333,,,,,,,,,7,,0
11230,21980,77800,Sonny Parker,GOS,Golden State Warriors,0028000828,1981-03-11,GOS @ HOU,L,0,3,,,0.0,,,1,1,1.0,,,,,,,,,7,,0
11231,21980,78481,Marvin Webster,NYK,New York Knicks,0028000827,1981-03-11,NYK @ PHL,L,0,3,,,0.0,,,1,3,0.333,,,,,,,,,7,,0
11232,21980,77618,Steve Mix,PHL,Philadelphia 76ers,0028000827,1981-03-11,PHL vs. NYK,W,0,3,,,0.0,,,1,1,1.0,,,,,,,,,7,,0
11233,21980,940,Earl Cureton,PHL,Philadelphia 76ers,0028000827,1981-03-11,PHL vs. NYK,W,0,3,,,0.0,,,1,1,1.0,,,,,,,,,7,,0
11234,21980,76733,Chris Ford,BOS,Boston Celtics,0028000826,1981-03-11,BOS vs. MIL,W,0,3,,,0.0,,,1,2,0.5,,,,,,,,,7,,0
11235,21980,77021,Kenny Higgs,DEN,Denver Nuggets,0028000822,1981-03-10,DEN vs. POR,L,0,2,,,1.0,,,2,2,1.0,,,,,,,,6.0,7,,0
11236,21980,77532,George McGinnis,IND,Indiana Pacers,0028000825,1981-03-10,IND vs. PHL,L,0,2,,,0.0,,,3,3,1.0,,,,,,,,,7,,0
11237,21980,76011,Alvan Adams,PHX,Phoenix Suns,0028000824,1981-03-10,PHX @ DAL,L,0,3,,,0.0,,,1,2,0.5,,,,,,,,6.0,7,,0
11238,21980,77829,Sam Pellom,ATL,Atlanta Hawks,0028000821,1981-03-10,ATL vs. CHI,L,0,3,,,0.0,,,1,4,0.25,,,,,,,,,7,,0
11239,21980,77756,Mark Olberding,SAN,San Antonio Spurs,0028000820,1981-03-10,SAN @ LAL,L,0,3,,,0.0,,,1,2,0.5,,,,,,,,,7,,0
11240,21980,77334,Mark Landsberger,LAL,Los Angeles Lakers,0028000820,1981-03-10,LAL vs. SAN,W,0,3,,,0.0,,,1,2,0.5,,,,,,,,,7,,0
11241,21980,77262,Chad Kinch,DAL,Dallas Mavericks,0028000818,1981-03-08,DAL @ SAN,L,0,2,,,0.0,,,3,4,0.75,,,,,,,,,7,,0
11242,21980,76889,Paul Griffin,SAN,San Antonio Spurs,0028000818,1981-03-08,SAN vs. DAL,W,0,2,,,0.0,,,3,3,1.0,,,,,,,,,7,,0
11243,21980,77246,Larry Kenon,CHI,Chicago Bulls,0028000817,1981-03-08,CHI @ WAS,L,0,2,,,0.0,,,3,3,1.0,,,,,,,,,7,,0
11244,21980,76583,James Donaldson,SEA,Seattle SuperSonics,0028000814,1981-03-08,SEA vs. SDC,L,0,3,,,0.0,,,1,3,0.333,,,,,,,,,7,,0
11245,21980,76085,James Bailey,SEA,Seattle SuperSonics,0028000814,1981-03-08,SEA vs. SDC,L,0,2,,,0.0,,,3,6,0.5,,,,,,,,,7,,0
11246,21980,78516,Jerome Whitehead,SDC,San Diego Clippers,0028000805,1981-03-06,SDC vs. CLE,W,0,3,,,0.0,,,1,2,0.5,,,,,,,,,7,,0
11247,21980,77167,Vinnie Johnson,SEA,Seattle SuperSonics,0028000804,1981-03-06,SEA vs. SAN,W,0,3,,,0.0,,,1,1,1.0,,,,,,,,,7,,0
11248,21980,76418,Don Collins,WAS,Washington Bullets,0028000802,1981-03-06,WAS @ HOU,W,0,3,,,0.0,,,1,1,1.0,,,,,,,,,7,,0
11249,21980,76598,John Drew,ATL,Atlanta Hawks,0028000801,1981-03-06,ATL vs. NJN,W,0,1,,,0.0,,,5,7,0.714,,,,,,,,,7,,0
11250,21980,76360,Reggie Carter,NYK,New York Knicks,0028000799,1981-03-06,NYK vs. MIL,L,0,3,,,0.0,,,1,1,1.0,,,,,,,,,7,,0
11251,21980,77998,Dave Robisch,DEN,Denver Nuggets,0028000798,1981-03-06,DEN @ PHL,L,0,3,,,0.0,,,1,3,0.333,,,,,,,,,7,,0
11252,21980,77998,Dave Robisch,DEN,Denver Nuggets,0028000786,1981-03-04,DEN vs. LAL,W,0,3,,,0.0,,,1,2,0.5,,,,,,,,,7,,0
11253,21980,78400,Jan Van Breda Kolff,NJN,New Jersey Nets,0028000785,1981-03-03,NJN @ CHI,L,0,2,,,0.0,,,3,4,0.75,,,,,,,,6.0,7,,0
11254,21980,77273,Reggie King,KCK,Kansas City Kings,0028000784,1981-03-03,KCK vs. LAL,L,0,2,,,0.0,,,3,4,0.75,,,,,,,,,7,,0
11255,21980,78481,Marvin Webster,NYK,New York Knicks,0028000782,1981-03-03,NYK vs. ATL,L,0,3,,,0.0,,,1,5,0.2,,,,,,,,,7,,0
11256,21980,76362,Bill Cartwright,NYK,New York Knicks,0028000782,1981-03-03,NYK vs. ATL,L,0,3,,,0.0,,,1,3,0.333,,,,,,,,6.0,7,,0
11257,21980,76874,Rickey Green,UTH,Utah Jazz,0028000780,1981-03-03,UTH vs. WAS,L,0,3,,,0.0,,,1,1,1.0,,,,,,,,,7,,0
11258,21980,76895,Bob Gross,POR,Portland Trail Blazers,0028000779,1981-03-03,POR vs. IND,W,0,2,,,0.0,,,3,3,1.0,,,,,,,,,7,,0
11259,21980,77618,Steve Mix,PHL,Philadelphia 76ers,0028000776,1981-03-01,PHL @ BOS,L,0,2,,,0.0,,,3,5,0.6,,,,,,,,,7,,0
11260,21980,77691,Calvin Natt,POR,Portland Trail Blazers,0028000770,1981-03-01,POR vs. UTH,W,0,3,,,0.0,,,1,3,0.333,,,,,,,,,7,,0
11261,21980,77182,Dwight Jones,CHI,Chicago Bulls,0028000769,1981-02-28,CHI @ NYK,W,0,2,,,0.0,,,3,4,0.75,,,,,,,,,7,,0
11262,21980,77184,Edgar Jones,NJN,New Jersey Nets,0028000764,1981-02-27,NJN @ LAL,L,0,3,,,0.0,,,1,2,0.5,,,,,,,,,7,,0
11263,21980,77152,John Johnson,SEA,Seattle SuperSonics,0028000763,1981-02-27,SEA @ HOU,L,0,3,,,0.0,,,1,2,0.5,,,,,,,,,7,,0
11264,21980,77715,Carl Nicks,UTH,Utah Jazz,0028000762,1981-02-27,UTH vs. PHL,L,0,3,,,0.0,,,1,2,0.5,,,,,,,,,7,,0
11265,21980,77043,Lionel Hollins,PHL,Philadelphia 76ers,0028000762,1981-02-27,PHL @ UTH,W,0,2,,,0.0,,,3,4,0.75,,,,,,,,,7,,0
11266,21980,77998,Dave Robisch,DEN,Denver Nuggets,0028000758,1981-02-27,DEN vs. GOS,W,0,2,,,0.0,,,3,4,0.75,,,,,,,,,7,,0
11267,21980,76830,Glen Gondrezick,DEN,Denver Nuggets,0028000758,1981-02-27,DEN vs. GOS,W,0,3,,,0.0,,,1,1,1.0,,,,,,,,,7,,0
11268,21980,100263,Bill Laimbeer,CLE,Cleveland Cavaliers,0028000751,1981-02-25,CLE @ BOS,L,0,3,,,0.0,,,1,2,0.5,,,,,,,,,7,,0
11269,21980,1450,Kevin McHale,BOS,Boston Celtics,0028000751,1981-02-25,BOS vs. CLE,W,0,3,,,0.0,,,1,2,0.5,,,,,,,,,7,,0
11270,21980,77040,Brad Holland,LAL,Los Angeles Lakers,0028000753,1981-02-25,LAL @ MIL,L,0,3,,,1.0,,,0,0,,,,,,,,,,7,,0
11271,21980,77126,Abdul Jeelani,DAL,Dallas Mavericks,0028000745,1981-02-24,DAL vs. SEA,L,0,3,,,0.0,,,1,3,0.333,,,,,,,,,7,,0
11272,21980,76121,Billyray Bates,POR,Portland Trail Blazers,0028000742,1981-02-22,POR @ IND,W,0,3,,,0.0,,,1,2,0.5,,,,,,,,,7,,0
11273,21980,77024,Armond Hill,SEA,Seattle SuperSonics,0028000740,1981-02-22,SEA vs. HOU,L,0,3,,,0.0,,,1,2,0.5,,,,,,,,,7,,0
11274,21980,78296,Brian Taylor,SDC,San Diego Clippers,0028000738,1981-02-22,SDC vs. UTH,W,0,3,,,0.0,,,1,1,1.0,,,,,,,,,7,,0
11275,21980,76656,Bob Elliott,NJN,New Jersey Nets,0028000733,1981-02-22,NJN vs. DAL,L,0,3,,,0.0,,,1,2,0.5,,,,,,,,,7,,0
11276,21980,76435,Darwin Cook,NJN,New Jersey Nets,0028000733,1981-02-22,NJN vs. DAL,L,0,3,,,0.0,,,1,1,1.0,,,,,,,,,7,,0
11277,21980,76162,Henry Bibby,SDC,San Diego Clippers,0028000738,1981-02-22,SDC vs. UTH,W,0,2,,,2.0,,,1,2,0.5,,,,,,,,,7,,0
11278,21980,77056,Cedrick Hordges,DEN,Denver Nuggets,0028000732,1981-02-21,DEN vs. KCK,W,0,3,,,0.0,,,1,3,0.333,,,,,,,,,7,,0
11279,21980,78468,Richard Washington,CLE,Cleveland Cavaliers,0028000730,1981-02-21,CLE vs. ATL,L,0,3,,,0.0,,,1,2,0.5,,,,,,,,,7,,0
11280,21980,77484,Wes Matthews,ATL,Atlanta Hawks,0028000730,1981-02-21,ATL @ CLE,W,0,2,,,0.0,,,3,3,1.0,,,,,,,,,7,,0
11281,21980,76305,Tom Burleson,ATL,Atlanta Hawks,0028000730,1981-02-21,ATL @ CLE,W,0,3,,,0.0,,,1,5,0.2,,,,,,,,,7,,0
11282,21980,77786,Tom Owens,POR,Portland Trail Blazers,0028000727,1981-02-20,POR @ NJN,L,0,3,,,0.0,,,1,2,0.5,,,,,,,,,7,,0
11283,21980,76889,Paul Griffin,SAN,San Antonio Spurs,0028000725,1981-02-20,SAN @ IND,L,0,3,,,0.0,,,1,3,0.333,,,,,,,,,7,,0
11284,21980,76249,Ron Brewer,SAN,San Antonio Spurs,0028000725,1981-02-20,SAN @ IND,L,0,3,,,0.0,,,1,2,0.5,,,,,,,,,7,,0
11285,21980,78577,Bill Willoughby,HOU,Houston Rockets,0028000723,1981-02-20,HOU @ LAL,W,0,2,,,0.0,,,3,4,0.75,,,,,,,,,7,,0
11286,21980,77952,Micheal Ray Richardson,NYK,New York Knicks,0028000721,1981-02-20,NYK vs. WAS,W,0,3,,,0.0,,,1,3,0.333,,,,,,,,,7,,0
11287,21980,76553,Larry Demic,NYK,New York Knicks,0028000721,1981-02-20,NYK vs. WAS,W,0,3,,,0.0,,,1,2,0.5,,,,,,,,,7,,0
11288,21980,76360,Reggie Carter,NYK,New York Knicks,0028000721,1981-02-20,NYK vs. WAS,W,0,2,,,0.0,,,3,4,0.75,,,,,,,,,7,,0
11289,21980,76317,Don Buse,IND,Indiana Pacers,0028000725,1981-02-20,IND vs. SAN,W,0,3,,,1.0,,,0,0,,,,,,,,,,7,,0
11290,21980,77786,Tom Owens,POR,Portland Trail Blazers,0028000718,1981-02-19,POR @ DET,W,0,3,,,0.0,,,1,2,0.5,,,,,,,,6.0,7,,0
11291,21980,77087,Geoff Huston,CLE,Cleveland Cavaliers,0028000716,1981-02-18,CLE @ NJN,L,0,2,,,0.0,,,3,4,0.75,,,,,,,,,7,,0
11292,21980,78195,Larry Smith,GOS,Golden State Warriors,0028000714,1981-02-18,GOS vs. CHI,W,0,2,,,0.0,,,3,5,0.6,,,,,,,,6.0,7,,0
11293,21980,78614,Mike Woodson,NYK,New York Knicks,0028000713,1981-02-18,NYK @ SEA,W,0,3,,,0.0,,,1,2,0.5,,,,,,,,,7,,0
11294,21980,76944,Bill Hanzlik,SEA,Seattle SuperSonics,0028000709,1981-02-17,SEA @ UTH,W,0,3,,,0.0,,,1,3,0.333,,,,,,,,,7,,0
11295,21980,77633,Johnny Moore,SAN,San Antonio Spurs,0028000704,1981-02-17,SAN vs. BOS,L,0,3,,,0.0,,,1,2,0.5,,,,,,,,,7,,0
11296,21980,77997,Bill Robinzine,DAL,Dallas Mavericks,0028000701,1981-02-15,DAL @ LAL,L,0,3,,,0.0,,,1,2,0.5,,,,,,,,,7,,0
11297,21980,77334,Mark Landsberger,LAL,Los Angeles Lakers,0028000701,1981-02-15,LAL vs. DAL,W,0,3,,,0.0,,,1,2,0.5,,,,,,,,,7,,0
11298,21980,77136,Clemon Johnson,IND,Indiana Pacers,0028000697,1981-02-15,IND vs. CHI,W,0,3,,,0.0,,,1,2,0.5,,,,,,,,,7,,0
11299,21980,77984,Rick Robey,BOS,Boston Celtics,0028000696,1981-02-15,BOS @ DEN,W,0,3,,,0.0,,,1,3,0.333,,,,,,,,,7,,0
11300,21980,77438,Kyle Macy,PHX,Phoenix Suns,0028000695,1981-02-15,PHX vs. NYK,L,0,3,,,1.0,,,0,0,,,,,,,,,,7,,0
11301,21980,78442,Wally Walker,SEA,Seattle SuperSonics,0028000693,1981-02-14,SEA @ CHI,L,0,2,,,0.0,,,3,4,0.75,,,,,,,,,7,,0
11302,21980,76483,Pat Cummings,MIL,Milwaukee Bucks,0028000689,1981-02-14,MIL @ HOU,W,0,3,,,0.0,,,1,2,0.5,,,,,,,,,7,,0
11303,21980,76296,Quinn Buckner,MIL,Milwaukee Bucks,0028000689,1981-02-14,MIL @ HOU,W,0,3,,,0.0,,,1,2,0.5,,,,,,,,,7,,0
11304,21980,77873,Ben Poquette,UTH,Utah Jazz,0028000684,1981-02-13,UTH vs. BOS,W,0,1,,,0.0,,,5,8,0.625,,,,,,,,,7,,0
11305,21980,77487,Cedric Maxwell,BOS,Boston Celtics,0028000684,1981-02-13,BOS @ UTH,L,0,2,,,0.0,,,3,4,0.75,,,,,,,,,7,,0
11306,21980,76874,Rickey Green,UTH,Utah Jazz,0028000684,1981-02-13,UTH vs. BOS,W,0,3,,,0.0,,,1,2,0.5,,,,,,,,,7,,0
11307,21980,76257,Allan Bristow,UTH,Utah Jazz,0028000684,1981-02-13,UTH vs. BOS,W,0,1,,,0.0,,,5,6,0.833,,,,,,,,,7,,0
11308,21980,77184,Edgar Jones,NJN,New Jersey Nets,0028000683,1981-02-13,NJN vs. IND,W,0,3,,,0.0,,,1,2,0.5,,,,,,,,,7,,0
11309,21980,76242,Mike Bratz,CLE,Cleveland Cavaliers,0028000677,1981-02-12,CLE vs. NYK,L,0,2,,,1.0,,,2,2,1.0,,,,,,,,,7,,0
11310,21980,77262,Chad Kinch,DAL,Dallas Mavericks,0028000675,1981-02-11,DAL @ PHX,L,0,3,,,0.0,,,1,2,0.5,,,,,,,,,7,,0
11311,21980,76095,Mike Bantom,IND,Indiana Pacers,0028000671,1981-02-11,IND vs. MIL,L,0,3,,,0.0,,,1,2,0.5,,,,,,,,,7,,0
11312,21980,76733,Chris Ford,BOS,Boston Celtics,0028000665,1981-02-10,BOS @ SEA,L,0,3,,,1.0,,,0,0,,,,,,,,,,7,,0
11313,21980,77532,George McGinnis,IND,Indiana Pacers,0028000663,1981-02-08,IND @ DET,W,0,2,,,0.0,,,3,5,0.6,,,,,,,,,7,,0
11314,21980,76266,Michael Brooks,SDC,San Diego Clippers,0028000662,1981-02-08,SDC @ BOS,L,0,3,,,0.0,,,1,2,0.5,,,,,,,,,7,,0
11315,21980,76162,Henry Bibby,SDC,San Diego Clippers,0028000662,1981-02-08,SDC @ BOS,L,0,3,,,0.0,,,1,2,0.5,,,,,,,,,7,,0
11316,21980,76231,Dudley Bradley,IND,Indiana Pacers,0028000652,1981-02-07,IND vs. CLE,W,0,3,,,0.0,,,1,2,0.5,,,,,,,,,7,,0
11317,21980,76971,Steve Hawes,ATL,Atlanta Hawks,0028000651,1981-02-07,ATL @ HOU,L,0,3,,,0.0,,,1,1,1.0,,,,,,,,,7,,0
11318,21980,77623,Paul Mokeski,DET,Detroit Pistons,0028000648,1981-02-07,DET @ CHI,L,0,2,,,0.0,,,3,4,0.75,,,,,,,,6.0,7,,0
11319,21980,77873,Ben Poquette,UTH,Utah Jazz,0028000647,1981-02-06,UTH vs. DEN,L,0,3,,,0.0,,,1,1,1.0,,,,,,,,6.0,7,,0
11320,21980,77043,Lionel Hollins,PHL,Philadelphia 76ers,0028000646,1981-02-06,PHL vs. SDC,W,0,2,,,0.0,,,3,4,0.75,,,,,,,,,7,,0
11321,21980,78467,Kermit Washington,POR,Portland Trail Blazers,0028000644,1981-02-06,POR @ SAN,L,0,2,,,0.0,,,3,6,0.5,,,,,,,,,7,,0
11322,21980,77786,Tom Owens,POR,Portland Trail Blazers,0028000644,1981-02-06,POR @ SAN,L,0,2,,,0.0,,,3,4,0.75,,,,,,,,,7,,0
11323,21980,77633,Johnny Moore,SAN,San Antonio Spurs,0028000644,1981-02-06,SAN vs. POR,W,0,3,,,0.0,,,1,2,0.5,,,,,,,,,7,,0
11324,21980,77996,Wayne Robinson,DET,Detroit Pistons,0028000643,1981-02-06,DET vs. LAL,L,0,3,,,0.0,,,1,2,0.5,,,,,,,,,7,,0
11325,21980,77396,Scott Lloyd,DAL,Dallas Mavericks,0028000641,1981-02-06,DAL vs. ATL,L,0,1,,,0.0,,,5,6,0.833,,,,,,,,,7,,0
11326,21980,77087,Geoff Huston,DAL,Dallas Mavericks,0028000641,1981-02-06,DAL vs. ATL,L,0,3,,,0.0,,,1,2,0.5,,,,,,,,,7,,0
11327,21980,76590,Leon Douglas,KCK,Kansas City Kings,0028000638,1981-02-06,KCK @ SEA,W,0,2,,,0.0,,,3,4,0.75,,,,,,,,,7,,0
11328,21980,77215,Jeff Judkins,UTH,Utah Jazz,0028000647,1981-02-06,UTH vs. DEN,L,0,3,,,1.0,,,0,0,,,,,,,,,,7,,0
11329,21980,600010,Len Elmore,MIL,Milwaukee Bucks,0028000636,1981-02-05,MIL vs. BOS,W,0,3,,,0.0,,,1,3,0.333,,,,,,,,,7,,0
11330,21980,78467,Kermit Washington,POR,Portland Trail Blazers,0028000635,1981-02-04,POR @ GOS,L,0,3,,,0.0,,,1,2,0.5,,,,,,,,,7,,0
11331,21980,77328,Tom LaGarde,DAL,Dallas Mavericks,0028000632,1981-02-04,DAL @ HOU,L,0,2,,,0.0,,,3,4,0.75,,,,,,,,,7,,0
11332,21980,77308,Joel Kramer,PHX,Phoenix Suns,0028000630,1981-02-04,PHX vs. UTH,W,0,3,,,0.0,,,1,2,0.5,,,,,,,,,7,,0
11333,21980,76011,Alvan Adams,PHX,Phoenix Suns,0028000630,1981-02-04,PHX vs. UTH,W,0,2,,,0.0,,,3,4,0.75,,,,,,,,,7,,0
11334,21980,77149,George Johnson,SAN,San Antonio Spurs,0028000626,1981-02-04,SAN @ DEN,W,0,3,,,0.0,,,1,2,0.5,,,,,,,,,7,,0
11335,21980,78296,Brian Taylor,SDC,San Diego Clippers,0028000619,1981-02-03,SDC @ NYK,L,0,2,,,1.0,,,2,3,0.667,,,,,,,,,7,,0
11336,21980,76979,Elvin Hayes,WAS,Washington Bullets,0028000624,1981-02-03,WAS @ POR,L,0,2,,,0.0,,,3,4,0.75,,,,,,,,6.0,7,,0
11337,21980,78351,Andrew Toney,PHL,Philadelphia 76ers,0028000620,1981-02-03,PHL @ ATL,W,0,3,,,0.0,,,1,2,0.5,,,,,,,,,7,,0
11338,21980,77484,Wes Matthews,ATL,Atlanta Hawks,0028000620,1981-02-03,ATL vs. PHL,L,0,3,,,0.0,,,1,1,1.0,,,,,,,,,7,,0
11339,21980,78570,Sly Williams,NYK,New York Knicks,0028000619,1981-02-03,NYK vs. SDC,W,0,0,,,0.0,,,7,8,0.875,,,,,,,,,7,,0
11340,21980,76985,Garfield Heard,SDC,San Diego Clippers,0028000619,1981-02-03,SDC @ NYK,L,0,1,,,0.0,,,5,6,0.833,,,,,,,,,7,,0
11341,21980,76242,Mike Bratz,CLE,Cleveland Cavaliers,0028000618,1981-01-29,CLE vs. PHX,W,0,2,,,1.0,,,2,2,1.0,,,,,,,,,7,,0
11342,21980,77022,Johnny High,PHX,Phoenix Suns,0028000618,1981-01-29,PHX @ CLE,L,0,2,,,0.0,,,3,4,0.75,,,,,,,,,7,,0
11343,21980,78296,Brian Taylor,SDC,San Diego Clippers,0028000617,1981-01-29,SDC vs. POR,L,0,3,,,0.0,,,1,2,0.5,,,,,,,,,7,,0
11344,21980,77487,Cedric Maxwell,BOS,Boston Celtics,0028000616,1981-01-29,BOS @ CHI,L,0,3,,,0.0,,,1,1,1.0,,,,,,,,,7,,0
11345,21980,77184,Edgar Jones,NJN,New Jersey Nets,0028000612,1981-01-29,NJN @ SAN,L,0,3,,,0.0,,,1,3,0.333,,,,,,,,,7,,0
11346,21980,76348,Austin Carr,WAS,Washington Bullets,0028000608,1981-01-28,WAS vs. PHX,W,0,3,,,0.0,,,1,2,0.5,,,,,,,,,7,,0
11347,21980,77043,Lionel Hollins,PHL,Philadelphia 76ers,0028000606,1981-01-28,PHL @ BOS,L,0,3,,,0.0,,,1,6,0.167,,,,,,,,,7,,0
11348,21980,76733,Chris Ford,BOS,Boston Celtics,0028000606,1981-01-28,BOS vs. PHL,W,0,3,,,1.0,,,0,0,,,,,,,,,,7,,0
11349,21980,77364,Ron Lee,DET,Detroit Pistons,0028000599,1981-01-27,DET @ DEN,L,0,3,,,0.0,,,1,1,1.0,,,,,,,,,7,,0
11350,21980,78014,Tree Rollins,ATL,Atlanta Hawks,0028000601,1981-01-27,ATL vs. WAS,L,0,3,,,0.0,,,1,1,1.0,,,,,,,,,7,,0
11351,21980,77715,Carl Nicks,UTH,Utah Jazz,0028000598,1981-01-27,UTH @ LAL,L,0,3,,,0.0,,,1,2,0.5,,,,,,,,,7,,0
11352,21980,77911,Kelvin Ransey,POR,Portland Trail Blazers,0028000596,1981-01-26,POR @ LAL,L,0,3,,,0.0,,,1,2,0.5,,,,,,,,,7,,0
11353,21980,76771,Mike Gale,POR,Portland Trail Blazers,0028000596,1981-01-26,POR @ LAL,L,0,3,,,0.0,,,1,1,1.0,,,,,,,,,7,,0
11354,21980,78095,Alvin Scott,PHX,Phoenix Suns,0028000595,1981-01-26,PHX @ NYK,W,0,3,,,0.0,,,1,1,1.0,,,,,,,,,7,,0
11355,21980,76587,Jacky Dorsey,SEA,Seattle SuperSonics,0028000593,1981-01-25,SEA @ BOS,L,0,3,,,0.0,,,1,2,0.5,,,,,,,,,7,,0
11356,21980,76889,Paul Griffin,SAN,San Antonio Spurs,0028000592,1981-01-25,SAN @ POR,L,0,1,,,0.0,,,5,6,0.833,,,,,,,,,7,,0
11357,21980,78400,Jan Van Breda Kolff,NJN,New Jersey Nets,0028000591,1981-01-25,NJN vs. WAS,L,0,1,,,0.0,,,5,6,0.833,,,,,,,,,7,,0
11358,21980,77420,Maurice Lucas,NJN,New Jersey Nets,0028000591,1981-01-25,NJN vs. WAS,L,0,3,,,0.0,,,1,2,0.5,,,,,,,,,7,,0
11359,21980,76599,Larry Drew,DET,Detroit Pistons,0028000587,1981-01-24,DET vs. CLE,W,0,3,,,0.0,,,1,1,1.0,,,,,,,,,7,,0
11360,21980,76350,Kenny Carr,CLE,Cleveland Cavaliers,0028000587,1981-01-24,CLE @ DET,L,0,2,,,0.0,,,3,4,0.75,,,,,,,,,7,,0
11361,21980,77432,Ollie Mack,DAL,Dallas Mavericks,0028000586,1981-01-24,DAL @ IND,L,0,2,,,0.0,,,3,5,0.6,,,,,,,,,7,,0
11362,21980,77800,Sonny Parker,GOS,Golden State Warriors,0028000585,1981-01-24,GOS vs. NYK,W,0,3,,,0.0,,,1,3,0.333,,,,,,,,,7,,0
11363,21980,77167,Vinnie Johnson,SEA,Seattle SuperSonics,0028000577,1981-01-23,SEA @ WAS,L,0,3,,,0.0,,,1,2,0.5,,,,,,,,,7,,0
11364,21980,78095,Alvin Scott,PHX,Phoenix Suns,0028000581,1981-01-23,PHX vs. MIL,W,0,3,,,0.0,,,1,2,0.5,,,,,,,,,7,,0
11365,21980,78468,Richard Washington,CLE,Cleveland Cavaliers,0028000580,1981-01-23,CLE @ ATL,W,0,3,,,0.0,,,1,2,0.5,,,,,,,,,7,,0
11366,21980,78014,Tree Rollins,ATL,Atlanta Hawks,0028000580,1981-01-23,ATL vs. CLE,L,0,1,,,0.0,,,5,8,0.625,,,,,,,,,7,,0
11367,21980,77056,Cedrick Hordges,DEN,Denver Nuggets,0028000579,1981-01-23,DEN @ LAL,L,0,3,,,0.0,,,1,4,0.25,,,,,,,,,7,,0
11368,21980,76360,Reggie Carter,NYK,New York Knicks,0028000574,1981-01-23,NYK @ POR,L,0,3,,,0.0,,,1,1,1.0,,,,,,,,,7,,0
11369,21980,77858,Stan Pietkiewicz,DAL,Dallas Mavericks,0028000582,1981-01-23,DAL @ CHI,L,0,3,,,1.0,,,0,0,,,,,,,,,,7,,0
11370,21980,76204,Ron Boone,UTH,Utah Jazz,0028000578,1981-01-23,UTH vs. GOS,L,0,3,,,1.0,,,0,0,,,,,,,,,,7,,0
11371,21980,76317,Don Buse,IND,Indiana Pacers,0028000575,1981-01-23,IND @ BOS,L,0,3,,,1.0,,,0,0,,,,,,,,,,7,,0
11372,21980,78520,Sidney Wicks,SDC,San Diego Clippers,0028000572,1981-01-22,SDC vs. NYK,L,0,3,,,0.0,,,1,4,0.25,,,,,,,,,7,,0
11373,21980,76707,Eric Fernsten,BOS,Boston Celtics,0028000565,1981-01-21,BOS vs. UTH,W,0,2,,,0.0,,,3,4,0.75,,,,,,,,,7,,0
11374,21980,77944,Kevin Restani,SAN,San Antonio Spurs,0028000569,1981-01-21,SAN @ KCK,L,0,3,,,0.0,,,1,1,1.0,,,,,,,,,7,,0
11375,21980,77582,Joe Meriweather,KCK,Kansas City Kings,0028000569,1981-01-21,KCK vs. SAN,W,0,3,,,0.0,,,1,1,1.0,,,,,,,,,7,,0
11376,21980,76590,Leon Douglas,KCK,Kansas City Kings,0028000569,1981-01-21,KCK vs. SAN,W,0,2,,,0.0,,,3,4,0.75,,,,,,,,,7,,0
11377,21980,77168,Mickey Johnson,MIL,Milwaukee Bucks,0028000563,1981-01-21,MIL @ GOS,W,0,3,,,0.0,,,1,2,0.5,,,,,,,,,7,,0
11378,21980,78442,Wally Walker,SEA,Seattle SuperSonics,0028000562,1981-01-21,SEA @ NJN,L,0,3,,,0.0,,,1,4,0.25,,,,,,,,,7,,0
11379,21980,77152,John Johnson,SEA,Seattle SuperSonics,0028000562,1981-01-21,SEA @ NJN,L,0,3,,,0.0,,,1,2,0.5,,,,,,,,,7,,0
11380,21980,76895,Bob Gross,POR,Portland Trail Blazers,0028000559,1981-01-20,POR @ CLE,L,0,2,,,0.0,,,3,4,0.75,,,,,,,,,7,,0
11381,21980,77162,Ollie Johnson,PHL,Philadelphia 76ers,0028000560,1981-01-20,PHL @ DET,L,0,3,,,0.0,,,1,1,1.0,,,,,,,,,7,,0
11382,21980,100263,Bill Laimbeer,CLE,Cleveland Cavaliers,0028000559,1981-01-20,CLE vs. POR,W,0,3,,,0.0,,,1,1,1.0,,,,,,,,6.0,7,,0
11383,21980,76011,Alvan Adams,PHX,Phoenix Suns,0028000558,1981-01-20,PHX @ SAN,L,0,2,,,0.0,,,3,4,0.75,,,,,,,,,7,,0
11384,21980,77432,Ollie Mack,DAL,Dallas Mavericks,0028000557,1981-01-20,DAL vs. KCK,L,0,3,,,0.0,,,1,3,0.333,,,,,,,,,7,,0
11385,21980,77623,Paul Mokeski,DET,Detroit Pistons,0028000554,1981-01-19,DET @ BOS,L,0,3,,,0.0,,,1,2,0.5,,,,,,,,,7,,0
11386,21980,77911,Kelvin Ransey,POR,Portland Trail Blazers,0028000550,1981-01-18,POR @ MIL,L,0,3,,,0.0,,,1,2,0.5,,,,,,,,,7,,0
11387,21980,77152,John Johnson,SEA,Seattle SuperSonics,0028000548,1981-01-18,SEA @ PHL,L,0,2,,,0.0,,,3,4,0.75,,,,,,,,,7,,0
11388,21980,1450,Kevin McHale,BOS,Boston Celtics,0028000546,1981-01-18,BOS vs. LAL,W,0,3,,,0.0,,,1,2,0.5,,,,,,,,,7,,0
11389,21980,77756,Mark Olberding,SAN,San Antonio Spurs,0028000540,1981-01-16,SAN @ BOS,L,0,2,,,0.0,,,3,3,1.0,,,,,,,,,7,,0
11390,21980,78467,Kermit Washington,POR,Portland Trail Blazers,0028000539,1981-01-16,POR @ CHI,W,0,3,,,0.0,,,1,1,1.0,,,,,,,,,7,,0
11391,21980,77022,Johnny High,PHX,Phoenix Suns,0028000536,1981-01-16,PHX vs. HOU,W,0,2,,,0.0,,,3,4,0.75,,,,,,,,,7,,0
11392,21980,78548,Freeman Williams,SDC,San Diego Clippers,0028000535,1981-01-16,SDC @ UTH,L,0,3,,,0.0,,,1,2,0.5,,,,,,,,,7,,0
11393,21980,76266,Michael Brooks,SDC,San Diego Clippers,0028000535,1981-01-16,SDC @ UTH,L,0,2,,,0.0,,,3,3,1.0,,,,,,,,,7,,0
11394,21980,76151,Mel Bennett,UTH,Utah Jazz,0028000535,1981-01-16,UTH vs. SDC,W,0,1,,,0.0,,,5,6,0.833,,,,,,,,,7,,0
11395,21980,77800,Sonny Parker,GOS,Golden State Warriors,0028000533,1981-01-16,GOS vs. ATL,L,0,3,,,0.0,,,1,3,0.333,,,,,,,,,7,,0
11396,21980,76078,Dennis Awtrey,SEA,Seattle SuperSonics,0028000534,1981-01-16,SEA @ IND,W,0,3,,,0.0,,,1,1,1.0,,,,,,,,,7,,0
11397,21980,77618,Steve Mix,PHL,Philadelphia 76ers,0028000529,1981-01-15,PHL @ MIL,L,0,2,,,0.0,,,3,5,0.6,,,,,,,,,7,,0
11398,21980,78468,Richard Washington,CLE,Cleveland Cavaliers,0028000526,1981-01-14,CLE @ BOS,L,0,2,,,0.0,,,3,5,0.6,,,,,,,,,7,,0
11399,21980,77419,John Lucas,GOS,Golden State Warriors,0028000524,1981-01-14,GOS vs. UTH,L,0,3,,,0.0,,,1,2,0.5,,,,,,,,,7,,0
11400,21980,77553,Tom McMillen,ATL,Atlanta Hawks,0028000523,1981-01-14,ATL @ SDC,L,0,3,,,0.0,,,1,2,0.5,,,,,,,,,7,,0
11401,21980,76822,Mike Glenn,NYK,New York Knicks,0028000522,1981-01-14,NYK @ SAN,L,0,3,,,0.0,,,1,2,0.5,,,,,,,,,7,,0
11402,21980,76618,T.R. Dunn,DEN,Denver Nuggets,0028000521,1981-01-14,DEN @ PHX,L,0,3,,,0.0,,,1,2,0.5,,,,,,,,,7,,0
11403,21980,76616,Mike Dunleavy,HOU,Houston Rockets,0028000520,1981-01-14,HOU vs. CHI,W,0,0,,,0.0,,,7,7,1.0,,,,,,,,,7,,0
11404,21980,78146,Jerry Sichting,IND,Indiana Pacers,0028000519,1981-01-14,IND vs. DET,W,0,1,,,0.0,,,5,6,0.833,,,,,,,,,7,,0
11405,21980,77024,Armond Hill,SEA,Seattle SuperSonics,0028000518,1981-01-13,SEA @ PHX,L,0,3,,,0.0,,,1,1,1.0,,,,,,,,,7,,0
11406,21980,77022,Johnny High,PHX,Phoenix Suns,0028000518,1981-01-13,PHX vs. SEA,W,0,2,,,0.0,,,3,4,0.75,,,,,,,,,7,,0
11407,21980,78481,Marvin Webster,NYK,New York Knicks,0028000515,1981-01-13,NYK vs. BOS,L,0,2,,,0.0,,,3,5,0.6,,,,,,,,,7,,0
11408,21980,76733,Chris Ford,BOS,Boston Celtics,0028000515,1981-01-13,BOS @ NYK,W,0,3,,,1.0,,,0,0,,,,,,,,,,7,,0
11409,21980,77756,Mark Olberding,SAN,San Antonio Spurs,0028000510,1981-01-11,SAN vs. WAS,W,0,3,,,0.0,,,1,1,1.0,,,,,,,,,7,,0
11410,21980,76444,Michael Cooper,LAL,Los Angeles Lakers,0028000511,1981-01-11,LAL vs. DET,W,0,3,,,0.0,,,1,2,0.5,,,,,,,,,7,,0
11411,21980,76162,Henry Bibby,SDC,San Diego Clippers,0028000508,1981-01-11,SDC @ KCK,W,0,0,,,0.0,,,7,10,0.7,,,,,,,,,7,,0
11412,21980,77770,Louis Orr,IND,Indiana Pacers,0028000507,1981-01-10,IND vs. MIL,W,0,3,,,0.0,,,1,2,0.5,,,,,,,,,7,,0
11413,21980,77184,Edgar Jones,NJN,New Jersey Nets,0028000505,1981-01-10,NJN vs. BOS,L,0,0,,,0.0,,,7,8,0.875,,,,,,,,,7,,0
11414,21980,76441,Wayne Cooper,UTH,Utah Jazz,0028000504,1981-01-10,UTH vs. KCK,L,0,3,,,0.0,,,1,2,0.5,,,,,,,,,7,,0
11415,21980,77323,Kevin Kunnert,POR,Portland Trail Blazers,0028000503,1981-01-10,POR @ HOU,L,0,3,,,0.0,,,1,2,0.5,,,,,,,,,7,,0
11416,21980,78570,Sly Williams,NYK,New York Knicks,0028000501,1981-01-10,NYK @ CLE,W,0,3,,,0.0,,,1,2,0.5,,,,,,,,,7,,0
11417,21980,78468,Richard Washington,CLE,Cleveland Cavaliers,0028000501,1981-01-10,CLE vs. NYK,L,0,2,,,0.0,,,3,4,0.75,,,,,,,,,7,,0
11418,21980,76242,Mike Bratz,CLE,Cleveland Cavaliers,0028000501,1981-01-10,CLE vs. NYK,L,0,3,,,1.0,,,0,0,,,,,,,,,,7,,0
11419,21980,78296,Brian Taylor,SDC,San Diego Clippers,0028000498,1981-01-09,SDC vs. DEN,L,0,3,,,0.0,,,1,2,0.5,,,,,,,,,7,,0
11420,21980,76418,Don Collins,ATL,Atlanta Hawks,0028000497,1981-01-09,ATL vs. CLE,L,0,2,,,0.0,,,3,3,1.0,,,,,,,,,7,,0
11421,21980,76444,Michael Cooper,LAL,Los Angeles Lakers,0028000496,1981-01-09,LAL vs. SEA,W,0,3,,,0.0,,,1,2,0.5,,,,,,,,,7,,0
11422,21980,78577,Bill Willoughby,HOU,Houston Rockets,0028000495,1981-01-09,HOU @ PHL,L,0,3,,,0.0,,,1,2,0.5,,,,,,,,,7,,0
11423,21980,77936,Robert Reid,HOU,Houston Rockets,0028000495,1981-01-09,HOU @ PHL,L,0,3,,,0.0,,,1,3,0.333,,,,,,,,,7,,0
11424,21980,78095,Alvin Scott,PHX,Phoenix Suns,0028000493,1981-01-09,PHX @ NJN,W,0,3,,,0.0,,,1,2,0.5,,,,,,,,,7,,0
11425,21980,77235,Rich Kelley,PHX,Phoenix Suns,0028000493,1981-01-09,PHX @ NJN,W,0,3,,,0.0,,,1,1,1.0,,,,,,,,,7,,0
11426,21980,76121,Billyray Bates,POR,Portland Trail Blazers,0028000492,1981-01-09,POR @ SAN,L,0,3,,,0.0,,,1,2,0.5,,,,,,,,,7,,0
11427,21980,76162,Henry Bibby,SDC,San Diego Clippers,0028000498,1981-01-09,SDC vs. DEN,L,0,1,,,1.0,,,4,4,1.0,,,,,,,,,7,,0
11428,21980,76231,Dudley Bradley,IND,Indiana Pacers,0028000488,1981-01-08,IND @ NYK,W,0,3,,,1.0,,,0,0,,,,,,,,,,7,,0
11429,21980,77817,Billy Paultz,HOU,Houston Rockets,0028000487,1981-01-07,HOU vs. KCK,L,0,2,,,0.0,,,3,3,1.0,,,,,,,,,7,,0
11430,21980,77353,Allen Leavell,HOU,Houston Rockets,0028000487,1981-01-07,HOU vs. KCK,L,0,3,,,0.0,,,1,1,1.0,,,,,,,,,7,,0
11431,21980,77152,John Johnson,SEA,Seattle SuperSonics,0028000486,1981-01-07,SEA vs. DET,W,0,1,,,0.0,,,5,6,0.833,,,,,,,,,7,,0
11432,21980,77024,Armond Hill,SEA,Seattle SuperSonics,0028000486,1981-01-07,SEA vs. DET,W,0,2,,,0.0,,,3,4,0.75,,,,,,,,,7,,0
11433,21980,77715,Carl Nicks,UTH,Utah Jazz,0028000482,1981-01-07,UTH @ DEN,W,0,3,,,0.0,,,1,2,0.5,,,,,,,,,7,,0
11434,21980,77504,Andre McCarter,WAS,Washington Bullets,0028000480,1981-01-06,WAS @ LAL,L,0,3,,,0.0,,,1,2,0.5,,,,,,,,,7,,0
11435,21980,78481,Marvin Webster,NYK,New York Knicks,0028000477,1981-01-06,NYK vs. SAN,L,0,2,,,0.0,,,3,3,1.0,,,,,,,,,7,,0
11436,21980,76516,Brad Davis,DAL,Dallas Mavericks,0028000474,1981-01-05,DAL @ SEA,L,0,2,,,0.0,,,3,4,0.75,,,,,,,,,7,,0
11437,21980,76231,Dudley Bradley,IND,Indiana Pacers,0028000471,1981-01-04,IND @ NJN,W,0,3,,,0.0,,,1,1,1.0,,,,,,,,,7,,0
11438,21980,76895,Bob Gross,POR,Portland Trail Blazers,0028000469,1981-01-03,POR @ UTH,L,0,2,,,0.0,,,3,3,1.0,,,,,,,,,7,,0
11439,21980,78481,Marvin Webster,NYK,New York Knicks,0028000464,1981-01-03,NYK vs. ATL,W,0,2,,,0.0,,,3,4,0.75,,,,,,,,,7,,0
11440,21980,78025,Dan Roundfield,ATL,Atlanta Hawks,0028000464,1981-01-03,ATL @ NYK,L,0,2,,,0.0,,,3,4,0.75,,,,,,,,,7,,0
11441,21980,77504,Andre McCarter,WAS,Washington Bullets,0028000466,1981-01-03,WAS @ CLE,L,0,3,,,1.0,,,0,0,,,,,,,,,,7,,0
11442,21980,77996,Wayne Robinson,DET,Detroit Pistons,0028000461,1981-01-02,DET vs. NYK,W,0,3,,,0.0,,,1,2,0.5,,,,,,,,,7,,0
11443,21980,77432,Ollie Mack,DAL,Dallas Mavericks,0028000456,1981-01-02,DAL vs. HOU,L,0,3,,,0.0,,,1,2,0.5,,,,,,,,,7,,0
11444,21980,77126,Abdul Jeelani,DAL,Dallas Mavericks,0028000456,1981-01-02,DAL vs. HOU,L,0,2,,,0.0,,,3,3,1.0,,,,,,,,,7,,0
11445,21980,77582,Joe Meriweather,KCK,Kansas City Kings,0028000455,1981-01-02,KCK vs. UTH,W,0,1,,,0.0,,,5,7,0.714,,,,,,,,,7,,0
11446,21980,76249,Ron Brewer,SAN,San Antonio Spurs,0028000454,1981-01-02,SAN vs. LAL,W,0,3,,,0.0,,,1,1,1.0,,,,,,,,,7,,0
11447,21980,76204,Ron Boone,UTH,Utah Jazz,0028000455,1981-01-02,UTH @ KCK,L,0,3,,,1.0,,,0,0,,,,,,,,,,7,,0
11448,21980,77786,Tom Owens,POR,Portland Trail Blazers,0028000451,1981-01-01,POR vs. DEN,W,0,3,,,0.0,,,1,3,0.333,,,,,,,,6.0,7,,0
11449,21980,76317,Don Buse,IND,Indiana Pacers,0028000450,1980-12-30,IND @ DEN,L,0,3,,,0.0,,,1,1,1.0,,,,,,,,,7,,0
11450,21980,77419,John Lucas,GOS,Golden State Warriors,0028000447,1980-12-30,GOS @ KCK,W,0,2,,,0.0,,,3,4,0.75,,,,,,,,,7,,0
11451,21980,76355,Butch Carter,LAL,Los Angeles Lakers,0028000446,1980-12-30,LAL @ UTH,L,0,2,,,0.0,,,3,4,0.75,,,,,,,,,7,,0
11452,21980,76996,Tom Henderson,HOU,Houston Rockets,0028000443,1980-12-30,HOU vs. SDC,W,0,1,,,0.0,,,5,6,0.833,,,,,,,,,7,,0
11453,21980,76436,Jeff Cook,PHX,Phoenix Suns,0028000442,1980-12-30,PHX vs. BOS,L,0,2,,,0.0,,,3,4,0.75,,,,,,,,,7,,0
11454,21980,77876,Kevin Porter,WAS,Washington Bullets,0028000441,1980-12-30,WAS vs. MIL,L,0,2,,,0.0,,,3,3,1.0,,,,,,,,,7,,0
11455,21980,77324,Mitch Kupchak,WAS,Washington Bullets,0028000441,1980-12-30,WAS vs. MIL,L,0,2,,,0.0,,,3,4,0.75,,,,,,,,,7,,0
11456,21980,77189,Major Jones,HOU,Houston Rockets,0028000436,1980-12-27,HOU @ WAS,L,0,3,,,0.0,,,1,3,0.333,,,,,,,,,7,,0
11457,21980,78570,Sly Williams,NYK,New York Knicks,0028000435,1980-12-27,NYK vs. KCK,W,0,2,,,0.0,,,3,3,1.0,,,,,,,,,7,,0
11458,21980,77043,Lionel Hollins,PHL,Philadelphia 76ers,0028000434,1980-12-27,PHL @ DEN,L,0,2,,,0.0,,,3,3,1.0,,,,,,,,,7,,0
11459,21980,77438,Kyle Macy,PHX,Phoenix Suns,0028000432,1980-12-27,PHX vs. LAL,W,0,3,,,0.0,,,1,1,1.0,,,,,,,,,7,,0
11460,21980,77205,Eddie Jordan,LAL,Los Angeles Lakers,0028000432,1980-12-27,LAL @ PHX,L,0,3,,,0.0,,,1,2,0.5,,,,,,,,,7,,0
11461,21980,77984,Rick Robey,BOS,Boston Celtics,0028000431,1980-12-27,BOS @ ATL,W,0,3,,,0.0,,,1,1,1.0,,,,,,,,,7,,0
11462,21980,76971,Steve Hawes,ATL,Atlanta Hawks,0028000431,1980-12-27,ATL vs. BOS,L,0,3,,,0.0,,,1,3,0.333,,,,,,,,,7,,0
11463,21980,77623,Paul Mokeski,DET,Detroit Pistons,0028000429,1980-12-27,DET @ CHI,L,0,2,,,0.0,,,3,4,0.75,,,,,,,,,7,,0
11464,21980,77715,Carl Nicks,UTH,Utah Jazz,0028000428,1980-12-27,UTH @ SAN,L,0,3,,,0.0,,,1,1,1.0,,,,,,,,,7,,0
11465,21980,76656,Bob Elliott,NJN,New Jersey Nets,0028000427,1980-12-26,NJN vs. ATL,L,0,2,,,0.0,,,3,8,0.375,,,,,,,,,7,,0
11466,21980,77353,Allen Leavell,HOU,Houston Rockets,0028000422,1980-12-26,HOU @ DET,W,0,3,,,0.0,,,1,2,0.5,,,,,,,,,7,,0
11467,21980,76599,Larry Drew,DET,Detroit Pistons,0028000422,1980-12-26,DET vs. HOU,L,0,3,,,0.0,,,1,2,0.5,,,,,,,,,7,,0
11468,21980,77056,Cedrick Hordges,DEN,Denver Nuggets,0028000421,1980-12-26,DEN @ DAL,L,0,3,,,0.0,,,1,1,1.0,,,,,,,,,7,,0
11469,21980,77756,Mark Olberding,SAN,San Antonio Spurs,0028000418,1980-12-25,SAN @ PHX,L,0,2,,,0.0,,,3,4,0.75,,,,,,,,,7,,0
11470,21980,77718,Mike Niles,PHX,Phoenix Suns,0028000418,1980-12-25,PHX vs. SAN,W,0,2,,,0.0,,,3,4,0.75,,,,,,,,,7,,0
11471,21980,76895,Bob Gross,POR,Portland Trail Blazers,0028000417,1980-12-25,POR vs. GOS,W,0,2,,,0.0,,,3,4,0.75,,,,,,,,,7,,0
11472,21980,77786,Tom Owens,POR,Portland Trail Blazers,0028000415,1980-12-23,POR vs. LAL,W,0,3,,,0.0,,,1,1,1.0,,,,,,,,,7,,0
11473,21980,77996,Wayne Robinson,DET,Detroit Pistons,0028000409,1980-12-23,DET @ PHX,L,0,1,,,0.0,,,5,7,0.714,,,,,,,,,7,,0
11474,21980,77182,Dwight Jones,CHI,Chicago Bulls,0028000408,1980-12-23,CHI vs. NYK,W,0,3,,,0.0,,,1,2,0.5,,,,,,,,,7,,0
11475,21980,76881,David Greenwood,CHI,Chicago Bulls,0028000408,1980-12-23,CHI vs. NYK,W,0,3,,,0.0,,,1,2,0.5,,,,,,,,,7,,0
11476,21980,78222,Jim Spanarkel,DAL,Dallas Mavericks,0028000407,1980-12-23,DAL vs. UTH,L,0,3,,,0.0,,,1,1,1.0,,,,,,,,,7,,0
11477,21980,77396,Scott Lloyd,DAL,Dallas Mavericks,0028000407,1980-12-23,DAL vs. UTH,L,0,3,,,0.0,,,1,2,0.5,,,,,,,,,7,,0
11478,21980,76944,Bill Hanzlik,SEA,Seattle SuperSonics,0028000406,1980-12-22,SEA vs. PHX,L,0,3,,,0.0,,,1,2,0.5,,,,,,,,,7,,0
11479,21980,77235,Rich Kelley,PHX,Phoenix Suns,0028000405,1980-12-21,PHX @ POR,W,0,3,,,0.0,,,1,2,0.5,,,,,,,,,7,,0
11480,21980,600010,Len Elmore,MIL,Milwaukee Bucks,0028000403,1980-12-21,MIL vs. HOU,W,0,3,,,0.0,,,1,2,0.5,,,,,,,,,7,,0
11481,21980,76616,Mike Dunleavy,HOU,Houston Rockets,0028000403,1980-12-21,HOU @ MIL,L,0,2,,,0.0,,,3,4,0.75,,,,,,,,,7,,0
11482,21980,76553,Larry Demic,NYK,New York Knicks,0028000398,1980-12-20,NYK vs. DEN,W,0,2,,,0.0,,,3,4,0.75,,,,,,,,,7,,0
11483,21980,76317,Don Buse,IND,Indiana Pacers,0028000397,1980-12-20,IND @ KCK,W,0,3,,,0.0,,,1,2,0.5,,,,,,,,,7,,0
11484,21980,76231,Dudley Bradley,IND,Indiana Pacers,0028000397,1980-12-20,IND @ KCK,W,0,2,,,0.0,,,3,3,1.0,,,,,,,,,7,,0
11485,21980,77419,John Lucas,GOS,Golden State Warriors,0028000396,1980-12-20,GOS @ DAL,W,0,2,,,0.0,,,3,4,0.75,,,,,,,,,7,,0
11486,21980,77189,Major Jones,HOU,Houston Rockets,0028000394,1980-12-19,HOU @ BOS,L,0,3,,,0.0,,,1,2,0.5,,,,,,,,,7,,0
11487,21980,77950,Clint Richardson,PHL,Philadelphia 76ers,0028000392,1980-12-19,PHL vs. NJN,W,0,2,,,0.0,,,3,4,0.75,,,,,,,,,7,,0
11488,21980,78442,Wally Walker,SEA,Seattle SuperSonics,0028000391,1980-12-19,SEA vs. ATL,W,0,3,,,0.0,,,1,3,0.333,,,,,,,,,7,,0
11489,21980,77364,Ron Lee,DET,Detroit Pistons,0028000390,1980-12-19,DET vs. IND,W,0,1,,,0.0,,,5,6,0.833,,,,,,,,,7,,0
11490,21980,76231,Dudley Bradley,IND,Indiana Pacers,0028000390,1980-12-19,IND @ DET,L,0,2,,,0.0,,,3,4,0.75,,,,,,,,,7,,0
11491,21980,77691,Calvin Natt,POR,Portland Trail Blazers,0028000387,1980-12-19,POR @ LAL,W,0,1,,,0.0,,,5,8,0.625,,,,,,,,,7,,0
11492,21980,77308,Joel Kramer,PHX,Phoenix Suns,0028000386,1980-12-19,PHX vs. UTH,W,0,3,,,0.0,,,1,2,0.5,,,,,,,,,7,,0
11493,21980,77547,Billy McKinney,UTH,Utah Jazz,0028000382,1980-12-18,UTH vs. ATL,L,0,3,,,1.0,,,0,0,,,,,,,,,6.0,7,,0
11494,21980,77996,Wayne Robinson,DET,Detroit Pistons,0028000384,1980-12-18,DET @ MIL,L,0,2,,,0.0,,,3,6,0.5,,,,,,,,,7,,0
11495,21980,77168,Mickey Johnson,MIL,Milwaukee Bucks,0028000384,1980-12-18,MIL vs. DET,W,0,2,,,0.0,,,3,3,1.0,,,,,,,,,7,,0
11496,21980,100263,Bill Laimbeer,CLE,Cleveland Cavaliers,0028000378,1980-12-17,CLE @ PHL,L,0,2,,,0.0,,,3,4,0.75,,,,,,,,,7,,0
11497,21980,77193,Bobby Jones,PHL,Philadelphia 76ers,0028000378,1980-12-17,PHL vs. CLE,W,0,2,,,0.0,,,3,4,0.75,,,,,,,,,7,,0
11498,21980,78390,Terry Tyler,DET,Detroit Pistons,0028000374,1980-12-17,DET vs. NYK,L,0,3,,,0.0,,,1,2,0.5,,,,,,,,,7,,0
11499,21980,76362,Bill Cartwright,NYK,New York Knicks,0028000374,1980-12-17,NYK @ DET,W,0,3,,,0.0,,,1,2,0.5,,,,,,,,,7,,0
11500,21980,77950,Clint Richardson,PHL,Philadelphia 76ers,0028000371,1980-12-16,PHL @ IND,W,0,3,,,0.0,,,1,2,0.5,,,,,,,,,7,,0
11501,21980,77148,George Johnson,IND,Indiana Pacers,0028000371,1980-12-16,IND vs. PHL,L,0,2,,,0.0,,,3,4,0.75,,,,,,,,,7,,0
11502,21980,76355,Butch Carter,LAL,Los Angeles Lakers,0028000369,1980-12-16,LAL @ SDC,L,0,3,,,0.0,,,1,1,1.0,,,,,,,,,7,,0
11503,21980,77484,Wes Matthews,WAS,Washington Bullets,0028000367,1980-12-16,WAS vs. CHI,L,0,1,,,0.0,,,5,7,0.714,,,,,,,,,7,,0
11504,21980,77324,Mitch Kupchak,WAS,Washington Bullets,0028000367,1980-12-16,WAS vs. CHI,L,0,3,,,0.0,,,1,2,0.5,,,,,,,,,7,,0
11505,21980,77334,Mark Landsberger,LAL,Los Angeles Lakers,0028000366,1980-12-14,LAL vs. GOS,W,0,3,,,0.0,,,1,2,0.5,,,,,,,,,7,,0
11506,21980,76248,Jim Brewer,LAL,Los Angeles Lakers,0028000366,1980-12-14,LAL vs. GOS,W,0,3,,,0.0,,,1,2,0.5,,,,,,,,,7,,0
11507,21980,77184,Edgar Jones,NJN,New Jersey Nets,0028000364,1980-12-14,NJN vs. PHL,L,0,2,,,0.0,,,3,6,0.5,,,,,,,,,7,,0
11508,21980,76290,Joe Bryant,SDC,San Diego Clippers,0028000362,1980-12-14,SDC vs. SEA,W,0,2,,,0.0,,,3,3,1.0,,,,,,,,6.0,7,,0
11509,21980,77136,Clemon Johnson,IND,Indiana Pacers,0028000359,1980-12-13,IND @ WAS,L,0,3,,,0.0,,,1,1,1.0,,,,,,,,,7,,0
11510,21980,77396,Scott Lloyd,DAL,Dallas Mavericks,0028000358,1980-12-13,DAL @ KCK,L,0,2,,,0.0,,,3,3,1.0,,,,,,,,,7,,0
11511,21980,76590,Leon Douglas,KCK,Kansas City Kings,0028000358,1980-12-13,KCK vs. DAL,W,0,3,,,0.0,,,1,1,1.0,,,,,,,,,7,,0
11512,21980,77152,John Johnson,SEA,Seattle SuperSonics,0028000352,1980-12-12,SEA vs. LAL,L,0,3,,,0.0,,,1,1,1.0,,,,,,,,,7,,0
11513,21980,76355,Butch Carter,LAL,Los Angeles Lakers,0028000352,1980-12-12,LAL @ SEA,W,0,2,,,0.0,,,3,4,0.75,,,,,,,,,7,,0
11514,21980,78331,Mychal Thompson,POR,Portland Trail Blazers,0028000347,1980-12-12,POR vs. HOU,W,0,3,,,0.0,,,1,2,0.5,,,,,,,,,7,,0
11515,21980,77396,Scott Lloyd,DAL,Dallas Mavericks,0028000341,1980-12-10,DAL @ DEN,L,0,2,,,0.0,,,3,5,0.6,,,,,,,,,7,,0
11516,21980,78296,Brian Taylor,SDC,San Diego Clippers,0028000337,1980-12-10,SDC @ KCK,L,0,3,,,0.0,,,1,3,0.333,,,,,,,,,7,,0
11517,21980,77273,Reggie King,KCK,Kansas City Kings,0028000337,1980-12-10,KCK vs. SDC,W,0,2,,,0.0,,,3,3,1.0,,,,,,,,,7,,0
11518,21980,76162,Henry Bibby,SDC,San Diego Clippers,0028000337,1980-12-10,SDC @ KCK,L,0,3,,,1.0,,,0,0,,,,,,,,,,7,,0
11519,21980,78527,Michael Wiley,SAN,San Antonio Spurs,0028000334,1980-12-09,SAN @ UTH,W,0,3,,,0.0,,,1,1,1.0,,,,,,,,,7,,0
11520,21980,76771,Mike Gale,SAN,San Antonio Spurs,0028000334,1980-12-09,SAN @ UTH,W,0,3,,,0.0,,,1,2,0.5,,,,,,,,,7,,0
11521,21980,78047,Campy Russell,NYK,New York Knicks,0028000332,1980-12-09,NYK vs. WAS,W,0,1,,,0.0,,,5,9,0.556,,,,,,,,,7,,0
11522,21980,77490,Scott May,CHI,Chicago Bulls,0028000327,1980-12-09,CHI vs. PHX,L,0,2,,,0.0,,,3,6,0.5,,,,,,,,,7,,0
11523,21980,78527,Michael Wiley,SAN,San Antonio Spurs,0028000325,1980-12-07,SAN @ POR,L,0,3,,,0.0,,,1,1,1.0,,,,,,,,,7,,0
11524,21980,77819,Jim Paxson,POR,Portland Trail Blazers,0028000325,1980-12-07,POR vs. SAN,W,0,3,,,0.0,,,1,3,0.333,,,,,,,,,7,,0
11525,21980,76283,Rickey Brown,GOS,Golden State Warriors,0028000322,1980-12-07,GOS @ PHX,L,0,3,,,0.0,,,1,1,1.0,,,,,,,,6.0,7,,0
11526,21980,76444,Michael Cooper,LAL,Los Angeles Lakers,0028000321,1980-12-07,LAL vs. UTH,W,0,3,,,0.0,,,1,1,1.0,,,,,,,,,7,,0
11527,21980,77998,Dave Robisch,DEN,Denver Nuggets,0028000315,1980-12-06,DEN @ HOU,L,0,3,,,0.0,,,1,1,1.0,,,,,,,,,7,,0
11528,21980,76283,Rickey Brown,GOS,Golden State Warriors,0028000320,1980-12-06,GOS vs. LAL,W,0,3,,,0.0,,,1,1,1.0,,,,,,,,,7,,0
11529,21980,78449,Lloyd Walton,KCK,Kansas City Kings,0028000319,1980-12-06,KCK @ IND,L,0,3,,,0.0,,,1,2,0.5,,,,,,,,,7,,0
11530,21980,76734,Don Ford,CLE,Cleveland Cavaliers,0028000314,1980-12-06,CLE vs. DET,W,0,3,,,0.0,,,1,1,1.0,,,,,,,,,7,,0
11531,21980,77290,Billy Knight,IND,Indiana Pacers,0028000313,1980-12-05,IND @ MIL,L,0,1,,,0.0,,,5,6,0.833,,,,,,,,,7,,0
11532,21980,77148,George Johnson,IND,Indiana Pacers,0028000313,1980-12-05,IND @ MIL,L,0,3,,,0.0,,,1,3,0.333,,,,,,,,,7,,0
11533,21980,77246,Larry Kenon,CHI,Chicago Bulls,0028000312,1980-12-05,CHI @ POR,L,0,3,,,0.0,,,1,4,0.25,,,,,,,,,7,,0
11534,21980,77396,Scott Lloyd,DAL,Dallas Mavericks,0028000310,1980-12-05,DAL @ BOS,L,0,2,,,0.0,,,3,4,0.75,,,,,,,,,7,,0
11535,21980,77087,Geoff Huston,DAL,Dallas Mavericks,0028000310,1980-12-05,DAL @ BOS,L,0,2,,,0.0,,,3,3,1.0,,,,,,,,,7,,0
11536,21980,77986,Cliff T. Robinson,NJN,New Jersey Nets,0028000306,1980-12-05,NJN @ PHX,W,0,3,,,0.0,,,1,2,0.5,,,,,,,,,7,,0
11537,21980,77262,Chad Kinch,CLE,Cleveland Cavaliers,0028000302,1980-12-03,CLE @ HOU,L,0,3,,,0.0,,,1,1,1.0,,,,,,,,,7,,0
11538,21980,77189,Major Jones,HOU,Houston Rockets,0028000302,1980-12-03,HOU vs. CLE,W,0,2,,,0.0,,,3,4,0.75,,,,,,,,,7,,0
11539,21980,76996,Tom Henderson,HOU,Houston Rockets,0028000302,1980-12-03,HOU vs. CLE,W,0,3,,,0.0,,,1,3,0.333,,,,,,,,,7,,0
11540,21980,76078,Dennis Awtrey,SEA,Seattle SuperSonics,0028000299,1980-12-03,SEA vs. CHI,W,0,2,,,0.0,,,3,3,1.0,,,,,,,,,7,,0
11541,21980,77022,Johnny High,PHX,Phoenix Suns,0028000297,1980-12-03,PHX @ KCK,L,0,2,,,0.0,,,3,4,0.75,,,,,,,,,7,,0
11542,21980,78527,Michael Wiley,SAN,San Antonio Spurs,0028000294,1980-12-02,SAN vs. PHX,L,0,2,,,0.0,,,3,7,0.429,,,,,,,,,7,,0
11543,21980,78307,Carlos Terry,WAS,Washington Bullets,0028000293,1980-12-02,WAS vs. KCK,W,0,3,,,0.0,,,1,2,0.5,,,,,,,,,7,,0
11544,21980,77239,Greg Kelser,DET,Detroit Pistons,0028000292,1980-12-02,DET vs. BOS,L,0,3,,,0.0,,,1,1,1.0,,,,,,,,,7,,0
11545,21980,78570,Sly Williams,NYK,New York Knicks,0028000291,1980-12-02,NYK vs. IND,L,0,3,,,0.0,,,1,2,0.5,,,,,,,,,7,,0
11546,21980,76204,Ron Boone,UTH,Utah Jazz,0028000289,1980-12-02,UTH @ MIL,L,0,1,,,0.0,,,5,7,0.714,,,,,,,,,7,,0
11547,21980,77432,Ollie Mack,DAL,Dallas Mavericks,0028000287,1980-12-02,DAL vs. CLE,L,0,2,,,0.0,,,3,3,1.0,,,,,,,,,7,,0
11548,21980,76242,Mike Bratz,CLE,Cleveland Cavaliers,0028000287,1980-12-02,CLE @ DAL,W,0,3,,,1.0,,,0,0,,,,,,,,,,7,,0
11549,21980,77022,Johnny High,PHX,Phoenix Suns,0028000285,1980-11-30,PHX vs. HOU,W,0,2,,,0.0,,,3,4,0.75,,,,,,,,,7,,0
11550,21980,76786,Calvin Garrett,HOU,Houston Rockets,0028000285,1980-11-30,HOU @ PHX,L,0,2,,,0.0,,,3,3,1.0,,,,,,,,,7,,0
11551,21980,76365,Harvey Catchings,MIL,Milwaukee Bucks,0028000283,1980-11-30,MIL vs. BOS,W,0,1,,,0.0,,,5,6,0.833,,,,,,,,,7,,0
11552,21980,77937,Billy Reid,GOS,Golden State Warriors,0028000281,1980-11-30,GOS @ SDC,L,0,3,,,0.0,,,1,2,0.5,,,,,,,,,7,,0
11553,21980,77144,Eddie Johnson,ATL,Atlanta Hawks,0028000280,1980-11-29,ATL vs. DET,L,0,2,,,0.0,,,3,5,0.6,,,,,,,,,7,,0
11554,21980,76471,Charlie Criss,ATL,Atlanta Hawks,0028000280,1980-11-29,ATL vs. DET,L,0,3,,,0.0,,,1,1,1.0,,,,,,,,,7,,0
11555,21980,76418,Don Collins,ATL,Atlanta Hawks,0028000280,1980-11-29,ATL vs. DET,L,0,3,,,0.0,,,1,1,1.0,,,,,,,,,7,,0
11556,21980,77235,Rich Kelley,PHX,Phoenix Suns,0028000275,1980-11-29,PHX @ GOS,W,0,1,,,0.0,,,5,7,0.714,,,,,,,,,7,,0
11557,21980,77618,Steve Mix,PHL,Philadelphia 76ers,0028000273,1980-11-29,PHL vs. UTH,W,0,3,,,0.0,,,1,2,0.5,,,,,,,,,7,,0
11558,21980,76290,Joe Bryant,SDC,San Diego Clippers,0028000271,1980-11-28,SDC @ SEA,W,0,3,,,0.0,,,1,2,0.5,,,,,,,,,7,,0
11559,21980,76686,Mike Evans,MIL,Milwaukee Bucks,0028000265,1980-11-28,MIL vs. ATL,W,0,2,,,0.0,,,3,5,0.6,,,,,,,,,7,,0
11560,21980,77326,Sam Lacey,KCK,Kansas City Kings,0028000263,1980-11-28,KCK @ DET,L,0,2,,,0.0,,,3,4,0.75,,,,,,,,,7,,0
11561,21980,77235,Rich Kelley,PHX,Phoenix Suns,0028000262,1980-11-28,PHX vs. CHI,W,0,3,,,0.0,,,1,3,0.333,,,,,,,,,7,,0
11562,21980,78390,Terry Tyler,DET,Detroit Pistons,0028000257,1980-11-26,DET vs. UTH,L,0,3,,,0.0,,,1,3,0.333,,,,,,,,,7,,0
11563,21980,77396,Scott Lloyd,DAL,Dallas Mavericks,0028000248,1980-11-25,DAL vs. PHL,L,0,3,,,0.0,,,1,2,0.5,,,,,,,,,7,,0
11564,21980,77175,Caldwell Jones,PHL,Philadelphia 76ers,0028000248,1980-11-25,PHL @ DAL,W,0,3,,,0.0,,,1,3,0.333,,,,,,,,,7,,0
11565,21980,78520,Sidney Wicks,SDC,San Diego Clippers,0028000245,1980-11-23,SDC vs. SEA,W,0,2,,,0.0,,,3,5,0.6,,,,,,,,,7,,0
11566,21980,78442,Wally Walker,SEA,Seattle SuperSonics,0028000245,1980-11-23,SEA @ SDC,L,0,3,,,0.0,,,1,2,0.5,,,,,,,,,7,,0
11567,21980,76290,Joe Bryant,SDC,San Diego Clippers,0028000245,1980-11-23,SDC vs. SEA,W,0,3,,,0.0,,,1,2,0.5,,,,,,,,,7,,0
11568,21980,78014,Tree Rollins,ATL,Atlanta Hawks,0028000241,1980-11-22,ATL vs. UTH,W,0,3,,,0.0,,,1,1,1.0,,,,,,,,,7,,0
11569,21980,78139,Purvis Short,GOS,Golden State Warriors,0028000240,1980-11-22,GOS @ NYK,W,0,3,,,0.0,,,1,1,1.0,,,,,,,,,7,,0
11570,21980,78199,Phil Smith,SDC,San Diego Clippers,0028000235,1980-11-21,SDC @ WAS,L,0,2,,,0.0,,,3,5,0.6,,,,,,,,,7,,0
11571,21980,78195,Larry Smith,GOS,Golden State Warriors,0028000234,1980-11-21,GOS @ BOS,L,0,3,,,0.0,,,1,4,0.25,,,,,,,,,7,,0
11572,21980,78519,Charles Whitney,KCK,Kansas City Kings,0028000231,1980-11-21,KCK @ DEN,L,0,3,,,0.0,,,1,2,0.5,,,,,,,,,7,,0
11573,21980,78449,Lloyd Walton,KCK,Kansas City Kings,0028000231,1980-11-21,KCK @ DEN,L,0,3,,,0.0,,,1,1,1.0,,,,,,,,,7,,0
11574,21980,77817,Billy Paultz,HOU,Houston Rockets,0028000230,1980-11-21,HOU @ NJN,W,0,3,,,0.0,,,1,4,0.25,,,,,,,,,7,,0
11575,21980,76365,Harvey Catchings,MIL,Milwaukee Bucks,0028000214,1980-11-18,MIL @ UTH,W,0,0,,,0.0,,,7,8,0.875,,,,,,,,,7,,0
11576,21980,76736,Phil Ford,KCK,Kansas City Kings,0028000213,1980-11-18,KCK @ LAL,L,0,3,,,0.0,,,1,2,0.5,,,,,,,,,7,,0
11577,21980,77353,Allen Leavell,HOU,Houston Rockets,0028000211,1980-11-18,HOU vs. SEA,W,0,3,,,0.0,,,1,2,0.5,,,,,,,,,7,,0
11578,21980,76944,Bill Hanzlik,SEA,Seattle SuperSonics,0028000211,1980-11-18,SEA @ HOU,L,0,3,,,0.0,,,1,1,1.0,,,,,,,,,7,,0
11579,21980,78331,Mychal Thompson,POR,Portland Trail Blazers,0028000210,1980-11-18,POR vs. DEN,W,0,3,,,0.0,,,1,2,0.5,,,,,,,,,7,,0
11580,21980,78000,John Roche,DEN,Denver Nuggets,0028000210,1980-11-18,DEN @ POR,L,0,2,,,0.0,,,3,6,0.5,,,,,,,,,7,,0
11581,21980,76733,Chris Ford,BOS,Boston Celtics,0028000217,1980-11-18,BOS @ CHI,W,0,2,,,1.0,,,2,2,1.0,,,,,,,,,7,,0
11582,21980,76822,Mike Glenn,NYK,New York Knicks,0028000212,1980-11-18,NYK vs. PHL,L,0,3,,,0.0,,,1,2,0.5,,,,,,,,,7,,0
11583,21980,78614,Mike Woodson,NYK,New York Knicks,0028000212,1980-11-18,NYK vs. PHL,L,0,3,,,1.0,,,0,0,,,,,,,,,,7,,0
11584,21980,76947,Alan Hardy,LAL,Los Angeles Lakers,0028000207,1980-11-16,LAL vs. DAL,W,0,3,,,0.0,,,1,2,0.5,,,,,,,,,7,,0
11585,21980,76656,Bob Elliott,NJN,New Jersey Nets,0028000206,1980-11-16,NJN vs. DET,W,0,3,,,0.0,,,1,3,0.333,,,,,,,,,7,,0
11586,21980,76599,Larry Drew,DET,Detroit Pistons,0028000206,1980-11-16,DET @ NJN,L,0,3,,,0.0,,,1,2,0.5,,,,,,,,,7,,0
11587,21980,77235,Rich Kelley,PHX,Phoenix Suns,0028000202,1980-11-15,PHX @ GOS,L,0,2,,,0.0,,,3,3,1.0,,,,,,,,,7,,0
11588,21980,78000,John Roche,DEN,Denver Nuggets,0028000201,1980-11-15,DEN vs. POR,W,0,3,,,0.0,,,1,4,0.25,,,,,,,,,7,,0
11589,21980,76830,Glen Gondrezick,DEN,Denver Nuggets,0028000201,1980-11-15,DEN vs. POR,W,0,2,,,0.0,,,3,4,0.75,,,,,,,,,7,,0
11590,21980,77873,Ben Poquette,UTH,Utah Jazz,0028000199,1980-11-15,UTH @ SAN,L,0,2,,,0.0,,,3,5,0.6,,,,,,,,,7,,0
11591,21980,76225,Winford Boynes,DAL,Dallas Mavericks,0028000193,1980-11-14,DAL vs. POR,W,0,3,,,0.0,,,1,1,1.0,,,,,,,,,7,,0
11592,21980,77721,Norm Nixon,LAL,Los Angeles Lakers,0028000192,1980-11-14,LAL vs. SDC,W,0,3,,,0.0,,,1,1,1.0,,,,,,,,,7,,0
11593,21980,78519,Charles Whitney,KCK,Kansas City Kings,0028000191,1980-11-14,KCK @ SEA,L,0,3,,,0.0,,,1,1,1.0,,,,,,,,,7,,0
11594,21980,76242,Mike Bratz,CLE,Cleveland Cavaliers,0028000188,1980-11-13,CLE vs. ATL,W,0,2,,,1.0,,,2,2,1.0,,,,,,,,,7,,0
11595,21980,76889,Paul Griffin,SAN,San Antonio Spurs,0028000187,1980-11-13,SAN @ SDC,W,0,3,,,0.0,,,1,2,0.5,,,,,,,,,7,,0
11596,21980,77043,Lionel Hollins,PHL,Philadelphia 76ers,0028000179,1980-11-12,PHL vs. NYK,L,0,3,,,1.0,,,0,0,,,,,,,,,6.0,7,,0
11597,21980,78519,Charles Whitney,KCK,Kansas City Kings,0028000185,1980-11-12,KCK @ GOS,L,0,3,,,0.0,,,1,1,1.0,,,,,,,,,7,,0
11598,21980,77021,Kenny Higgs,DEN,Denver Nuggets,0028000181,1980-11-12,DEN @ NJN,L,0,0,,,0.0,,,7,8,0.875,,,,,,,,,7,,0
11599,21980,76656,Bob Elliott,NJN,New Jersey Nets,0028000181,1980-11-12,NJN vs. DEN,W,0,3,,,0.0,,,1,1,1.0,,,,,,,,,7,,0
11600,21980,76162,Henry Bibby,SDC,San Diego Clippers,0028000178,1980-11-11,SDC vs. PHX,L,0,2,,,1.0,,,2,2,1.0,,,,,,,,,7,,0
11601,21980,76436,Jeff Cook,PHX,Phoenix Suns,0028000178,1980-11-11,PHX @ SDC,W,0,3,,,0.0,,,1,1,1.0,,,,,,,,,7,,0
11602,21980,77996,Wayne Robinson,DET,Detroit Pistons,0028000176,1980-11-11,DET @ NYK,L,0,3,,,0.0,,,1,2,0.5,,,,,,,,,7,,0
11603,21980,76444,Michael Cooper,LAL,Los Angeles Lakers,0028000174,1980-11-11,LAL @ ATL,W,0,3,,,0.0,,,1,2,0.5,,,,,,,,,7,,0
11604,21980,77582,Joe Meriweather,KCK,Kansas City Kings,0028000173,1980-11-11,KCK @ POR,W,0,3,,,0.0,,,1,2,0.5,,,,,,,,,7,,0
11605,21980,600005,Bob Lanier,MIL,Milwaukee Bucks,0028000172,1980-11-11,MIL @ CLE,W,0,3,,,0.0,,,1,3,0.333,,,,,,,,,7,,0
11606,21980,78468,Richard Washington,CLE,Cleveland Cavaliers,0028000172,1980-11-11,CLE vs. MIL,L,0,1,,,0.0,,,5,6,0.833,,,,,,,,,7,,0
11607,21980,76252,Junior Bridgeman,MIL,Milwaukee Bucks,0028000168,1980-11-09,MIL vs. PHL,L,0,3,,,0.0,,,1,2,0.5,,,,,,,,,7,,0
11608,21980,77182,Dwight Jones,CHI,Chicago Bulls,0028000167,1980-11-09,CHI @ BOS,L,0,3,,,0.0,,,1,2,0.5,,,,,,,,,7,,0
11609,21980,77817,Billy Paultz,HOU,Houston Rockets,0028000166,1980-11-08,HOU vs. PHX,L,0,3,,,0.0,,,1,2,0.5,,,,,,,,,7,,0
11610,21980,78520,Sidney Wicks,SDC,San Diego Clippers,0028000165,1980-11-08,SDC @ POR,W,0,2,,,0.0,,,3,7,0.429,,,,,,,,,7,,0
11611,21980,77754,Mike O'Koren,NJN,New Jersey Nets,0028000160,1980-11-08,NJN vs. ATL,W,0,3,,,0.0,,,1,3,0.333,,,,,,,,6.0,7,,0
11612,21980,78390,Terry Tyler,DET,Detroit Pistons,0028000158,1980-11-08,DET vs. DAL,W,0,2,,,0.0,,,3,4,0.75,,,,,,,,,7,,0
11613,21980,77239,Greg Kelser,DET,Detroit Pistons,0028000158,1980-11-08,DET vs. DAL,W,0,1,,,0.0,,,5,6,0.833,,,,,,,,,7,,0
11614,21980,77043,Lionel Hollins,PHL,Philadelphia 76ers,0028000157,1980-11-07,PHL vs. KCK,W,0,2,,,0.0,,,3,5,0.6,,,,,,,,,7,,0
11615,21980,77984,Rick Robey,BOS,Boston Celtics,0028000155,1980-11-07,BOS vs. MIL,L,0,2,,,0.0,,,3,6,0.5,,,,,,,,,7,,0
11616,21980,77487,Cedric Maxwell,BOS,Boston Celtics,0028000155,1980-11-07,BOS vs. MIL,L,0,3,,,0.0,,,1,2,0.5,,,,,,,,6.0,7,,0
11617,21980,78531,Bob Wilkerson,CHI,Chicago Bulls,0028000153,1980-11-07,CHI vs. ATL,W,0,1,,,0.0,,,5,7,0.714,,,,,,,,,7,,0
11618,21980,78481,Marvin Webster,NYK,New York Knicks,0028000152,1980-11-07,NYK @ DEN,W,0,3,,,0.0,,,1,1,1.0,,,,,,,,,7,,0
11619,21980,77800,Sonny Parker,GOS,Golden State Warriors,0028000150,1980-11-07,GOS @ POR,L,0,2,,,0.0,,,3,3,1.0,,,,,,,,,7,,0
11620,21980,76966,Joey Hassett,DAL,Dallas Mavericks,0028000156,1980-11-07,DAL vs. LAL,L,0,3,,,1.0,,,0,0,,,,,,,,,,7,,0
11621,21980,76348,Austin Carr,WAS,Washington Bullets,0028000148,1980-11-06,WAS vs. DAL,W,0,2,,,0.0,,,3,4,0.75,,,,,,,,,7,,0
11622,21980,76567,Coby Dietrick,CHI,Chicago Bulls,0028000147,1980-11-05,CHI @ NJN,W,0,2,,,0.0,,,3,7,0.429,,,,,,,,,7,,0
11623,21980,76385,Maurice Cheeks,PHL,Philadelphia 76ers,0028000146,1980-11-05,PHL vs. DET,W,0,3,,,0.0,,,1,2,0.5,,,,,,,,,7,,0
11624,21980,76618,T.R. Dunn,DEN,Denver Nuggets,0028000144,1980-11-05,DEN @ SEA,W,0,2,,,0.0,,,3,4,0.75,,,,,,,,,7,,0
11625,21980,76011,Alvan Adams,PHX,Phoenix Suns,0028000143,1980-11-05,PHX @ SAN,L,0,3,,,0.0,,,1,2,0.5,,,,,,,,,7,,0
11626,21980,78195,Larry Smith,GOS,Golden State Warriors,0028000140,1980-11-05,GOS vs. CLE,W,0,3,,,0.0,,,1,3,0.333,,,,,,,,,7,,0
11627,21980,77071,Phil Hubbard,DET,Detroit Pistons,0028000139,1980-11-04,DET @ MIL,W,0,2,,,0.0,,,3,3,1.0,,,,,,,,,7,,0
11628,21980,76590,Leon Douglas,KCK,Kansas City Kings,0028000135,1980-11-04,KCK @ UTH,L,0,3,,,0.0,,,1,1,1.0,,,,,,,,,7,,0
11629,21980,76971,Steve Hawes,ATL,Atlanta Hawks,0028000134,1980-11-04,ATL @ WAS,L,0,3,,,0.0,,,1,1,1.0,,,,,,,,,7,,0
11630,21980,77167,Vinnie Johnson,SEA,Seattle SuperSonics,0028000133,1980-11-03,SEA vs. CLE,W,0,2,,,0.0,,,3,4,0.75,,,,,,,,,7,,0
11631,21980,76583,James Donaldson,SEA,Seattle SuperSonics,0028000133,1980-11-03,SEA vs. CLE,W,0,1,,,0.0,,,5,9,0.556,,,,,,,,,7,,0
11632,21980,77071,Phil Hubbard,DET,Detroit Pistons,0028000125,1980-11-01,DET @ CHI,L,0,1,,,0.0,,,5,7,0.714,,,,,,,,,7,,0
11633,21980,76881,David Greenwood,CHI,Chicago Bulls,0028000125,1980-11-01,CHI vs. DET,W,0,3,,,0.0,,,1,1,1.0,,,,,,,,,7,,0
11634,21980,76567,Coby Dietrick,CHI,Chicago Bulls,0028000125,1980-11-01,CHI vs. DET,W,0,3,,,0.0,,,1,1,1.0,,,,,,,,,7,,0
11635,21980,76771,Mike Gale,SAN,San Antonio Spurs,0028000120,1980-10-31,SAN @ SEA,W,0,3,,,0.0,,,1,1,1.0,,,,,,,,,7,,0
11636,21980,78425,Brett Vroman,UTH,Utah Jazz,0028000119,1980-10-31,UTH vs. DAL,W,0,2,,,0.0,,,3,4,0.75,,,,,,,,,7,,0
11637,21980,76985,Garfield Heard,SDC,San Diego Clippers,0028000118,1980-10-31,SDC vs. GOS,W,0,3,,,0.0,,,1,4,0.25,,,,,,,,,7,,0
11638,21980,78436,Foots Walker,NJN,New Jersey Nets,0028000115,1980-10-31,NJN vs. WAS,W,0,1,,,0.0,,,5,6,0.833,,,,,,,,,7,,0
11639,21980,76091,Greg Ballard,WAS,Washington Bullets,0028000115,1980-10-31,WAS @ NJN,L,0,3,,,0.0,,,1,1,1.0,,,,,,,,,7,,0
11640,21980,77326,Sam Lacey,KCK,Kansas City Kings,0028000114,1980-10-31,KCK @ BOS,L,0,2,,,0.0,,,3,4,0.75,,,,,,,,,7,,0
11641,21980,1453,Walter Davis,PHX,Phoenix Suns,0028000113,1980-10-31,PHX @ DET,W,0,3,,,0.0,,,1,1,1.0,,,,,,,,,7,,0
11642,21980,77692,Kenny Natt,IND,Indiana Pacers,0028000112,1980-10-31,IND @ CHI,W,0,3,,,1.0,,,0,0,,,,,,,,,,7,,0
11643,21980,78351,Andrew Toney,PHL,Philadelphia 76ers,0028000116,1980-10-31,PHL vs. ATL,W,0,3,,,1.0,,,0,0,,,,,,,,,,7,,0
11644,21980,78400,Jan Van Breda Kolff,NJN,New Jersey Nets,0028000115,1980-10-31,NJN vs. WAS,W,0,3,,,1.0,,,0,0,,,,,,,,,,7,,0
11645,21980,77633,Johnny Moore,SAN,San Antonio Spurs,0028000109,1980-10-29,SAN @ UTH,L,0,3,,,0.0,,,1,2,0.5,,,,,,,,,7,,0
11646,21980,76257,Allan Bristow,UTH,Utah Jazz,0028000109,1980-10-29,UTH vs. SAN,W,0,2,,,0.0,,,3,4,0.75,,,,,,,,,7,,0
11647,21980,78548,Freeman Williams,SDC,San Diego Clippers,0028000107,1980-10-29,SDC @ PHX,L,0,3,,,0.0,,,1,1,1.0,,,,,,,,,7,,0
11648,21980,77022,Johnny High,PHX,Phoenix Suns,0028000107,1980-10-29,PHX vs. SDC,W,0,2,,,0.0,,,3,7,0.429,,,,,,,,,7,,0
11649,21980,77175,Caldwell Jones,PHL,Philadelphia 76ers,0028000104,1980-10-29,PHL vs. CHI,W,0,2,,,0.0,,,3,6,0.5,,,,,,,,,7,,0
11650,21980,76567,Coby Dietrick,CHI,Chicago Bulls,0028000104,1980-10-29,CHI @ PHL,L,0,3,,,0.0,,,1,2,0.5,,,,,,,,,7,,0
11651,21980,76526,Johnny Davis,IND,Indiana Pacers,0028000102,1980-10-29,IND vs. NYK,W,0,3,,,0.0,,,1,1,1.0,,,,,,,,,7,,0
11652,21980,76231,Dudley Bradley,IND,Indiana Pacers,0028000102,1980-10-29,IND vs. NYK,W,0,3,,,0.0,,,1,2,0.5,,,,,,,,,7,,0
11653,21980,229,James Edwards,IND,Indiana Pacers,0028000102,1980-10-29,IND vs. NYK,W,0,3,,,0.0,,,1,2,0.5,,,,,,,,,7,,0
11654,21980,76948,James Hardy,UTH,Utah Jazz,0028000100,1980-10-28,UTH @ DAL,W,0,3,,,0.0,,,1,1,1.0,,,,,,,,6.0,7,,0
11655,21980,76899,Ernie Grunfeld,KCK,Kansas City Kings,0028000095,1980-10-28,KCK @ ATL,L,0,2,,,0.0,,,3,4,0.75,,,,,,,,,7,,0
11656,21980,76590,Leon Douglas,KCK,Kansas City Kings,0028000095,1980-10-28,KCK @ ATL,L,0,3,,,0.0,,,1,1,1.0,,,,,,,,,7,,0
11657,21980,78531,Bob Wilkerson,CHI,Chicago Bulls,0028000099,1980-10-28,CHI vs. MIL,L,0,3,,,1.0,,,0,0,,,,,,,,,,7,,0
11658,21980,76162,Henry Bibby,SDC,San Diego Clippers,0028000098,1980-10-28,SDC vs. LAL,L,0,3,,,1.0,,,0,0,,,,,,,,,,7,,0
11659,21980,76121,Billyray Bates,POR,Portland Trail Blazers,0028000094,1980-10-26,POR @ SEA,L,0,1,,,0.0,,,5,6,0.833,,,,,,,,,7,,0
11660,21980,76392,Jim Chones,LAL,Los Angeles Lakers,0028000093,1980-10-26,LAL vs. SAN,L,0,3,,,0.0,,,1,4,0.25,,,,,,,,,7,,0
11661,21980,77324,Mitch Kupchak,WAS,Washington Bullets,0028000092,1980-10-26,WAS @ MIL,L,0,3,,,0.0,,,1,2,0.5,,,,,,,,,7,,0
11662,21980,76889,Paul Griffin,SAN,San Antonio Spurs,0028000091,1980-10-25,SAN @ SDC,W,0,1,,,0.0,,,5,8,0.625,,,,,,,,,7,,0
11663,21980,76054,Nate Archibald,BOS,Boston Celtics,0028000087,1980-10-25,BOS @ WAS,W,0,2,,,0.0,,,3,5,0.6,,,,,,,,,7,,0
11664,21980,77582,Joe Meriweather,KCK,Kansas City Kings,0028000086,1980-10-25,KCK vs. DEN,W,0,3,,,0.0,,,1,2,0.5,,,,,,,,,7,,0
11665,21980,78014,Tree Rollins,ATL,Atlanta Hawks,0028000082,1980-10-25,ATL vs. PHL,L,0,3,,,0.0,,,1,1,1.0,,,,,,,,,7,,0
11666,21980,77193,Bobby Jones,PHL,Philadelphia 76ers,0028000082,1980-10-25,PHL @ ATL,W,0,3,,,0.0,,,1,1,1.0,,,,,,,,,7,,0
11667,21980,76421,Doug Collins,PHL,Philadelphia 76ers,0028000082,1980-10-25,PHL @ ATL,W,0,3,,,0.0,,,1,2,0.5,,,,,,,,6.0,7,,0
11668,21980,78095,Alvin Scott,PHX,Phoenix Suns,0028000081,1980-10-25,PHX @ SEA,W,0,3,,,0.0,,,1,2,0.5,,,,,,,,,7,,0
11669,21980,77920,Jamesearl Ray,DEN,Denver Nuggets,0028000080,1980-10-24,DEN vs. PHX,L,0,3,,,0.0,,,1,2,0.5,,,,,,,,,7,,0
11670,21980,76436,Jeff Cook,PHX,Phoenix Suns,0028000080,1980-10-24,PHX @ DEN,W,0,3,,,0.0,,,1,2,0.5,,,,,,,,,7,,0
11671,21980,76392,Jim Chones,LAL,Los Angeles Lakers,0028000079,1980-10-24,LAL vs. SEA,W,0,3,,,0.0,,,1,2,0.5,,,,,,,,,7,,0
11672,21980,76786,Calvin Garrett,HOU,Houston Rockets,0028000072,1980-10-23,HOU vs. KCK,L,0,3,,,0.0,,,1,2,0.5,,,,,,,,,7,,0
11673,21980,77324,Mitch Kupchak,WAS,Washington Bullets,0028000067,1980-10-22,WAS vs. CLE,W,0,3,,,0.0,,,1,1,1.0,,,,,,,,,7,,0
11674,21980,76734,Don Ford,CLE,Cleveland Cavaliers,0028000067,1980-10-22,CLE @ WAS,L,0,3,,,0.0,,,1,2,0.5,,,,,,,,,7,,0
11675,21980,76351,M.L. Carr,BOS,Boston Celtics,0028000066,1980-10-22,BOS @ NJN,W,0,3,,,0.0,,,1,1,1.0,,,,,,,,,7,,0
11676,21980,77633,Johnny Moore,SAN,San Antonio Spurs,0028000061,1980-10-21,SAN vs. SDC,W,0,3,,,0.0,,,1,2,0.5,,,,,,,,,7,,0
11677,21980,78618,Sam Worthen,CHI,Chicago Bulls,0028000058,1980-10-21,CHI @ NYK,L,0,3,,,0.0,,,1,1,1.0,,,,,,,,,7,,0
11678,21980,77152,John Johnson,SEA,Seattle SuperSonics,0028000057,1980-10-20,SEA @ UTH,W,0,3,,,0.0,,,1,1,1.0,,,,,,,,,7,,0
11679,21980,78520,Sidney Wicks,SDC,San Diego Clippers,0028000056,1980-10-19,SDC vs. PHX,L,0,3,,,0.0,,,1,7,0.143,,,,,,,,,7,,0
11680,21980,77626,Sidney Moncrief,MIL,Milwaukee Bucks,0028000054,1980-10-19,MIL vs. NJN,W,0,2,,,0.0,,,3,4,0.75,,,,,,,,,7,,0
11681,21980,77420,Maurice Lucas,NJN,New Jersey Nets,0028000054,1980-10-19,NJN @ MIL,L,0,2,,,0.0,,,3,4,0.75,,,,,,,,,7,,0
11682,21980,76365,Harvey Catchings,MIL,Milwaukee Bucks,0028000054,1980-10-19,MIL vs. NJN,W,0,3,,,0.0,,,1,1,1.0,,,,,,,,,7,,0
11683,21980,76996,Tom Henderson,HOU,Houston Rockets,0028000053,1980-10-18,HOU @ GOS,L,0,1,,,0.0,,,5,6,0.833,,,,,,,,,7,,0
11684,21980,76471,Charlie Criss,ATL,Atlanta Hawks,0028000052,1980-10-18,ATL @ DET,W,0,3,,,0.0,,,1,1,1.0,,,,,,,,,7,,0
11685,21980,77167,Vinnie Johnson,SEA,Seattle SuperSonics,0028000049,1980-10-18,SEA @ KCK,W,0,2,,,0.0,,,3,3,1.0,,,,,,,,,7,,0
11686,21980,1450,Kevin McHale,BOS,Boston Celtics,0028000048,1980-10-18,BOS @ IND,L,0,2,,,0.0,,,3,5,0.6,,,,,,,,,7,,0
11687,21980,76889,Paul Griffin,SAN,San Antonio Spurs,0028000047,1980-10-18,SAN vs. DAL,W,0,3,,,0.0,,,1,2,0.5,,,,,,,,,7,,0
11688,21980,76030,Darrell Allums,DAL,Dallas Mavericks,0028000047,1980-10-18,DAL @ SAN,L,0,3,,,0.0,,,1,2,0.5,,,,,,,,,7,,0
11689,21980,76204,Ron Boone,UTH,Utah Jazz,0028000045,1980-10-18,UTH vs. DEN,W,0,3,,,0.0,,,1,3,0.333,,,,,,,,,7,,0
11690,21980,78047,Campy Russell,NYK,New York Knicks,0028000044,1980-10-17,NYK @ ATL,L,0,3,,,0.0,,,1,3,0.333,,,,,,,,,7,,0
11691,21980,76360,Reggie Carter,NYK,New York Knicks,0028000044,1980-10-17,NYK @ ATL,L,0,2,,,0.0,,,3,4,0.75,,,,,,,,,7,,0
11692,21980,78618,Sam Worthen,CHI,Chicago Bulls,0028000038,1980-10-17,CHI vs. CLE,W,0,3,,,0.0,,,1,1,1.0,,,,,,,,,7,,0
11693,21980,77490,Scott May,CHI,Chicago Bulls,0028000038,1980-10-17,CHI vs. CLE,W,0,3,,,0.0,,,1,4,0.25,,,,,,,,,7,,0
11694,21980,76353,Joe Barry Carroll,GOS,Golden State Warriors,0028000028,1980-10-15,GOS vs. POR,W,0,3,,,0.0,,,1,2,0.5,,,,,,,,,7,,0
11695,21980,77328,Tom LaGarde,DAL,Dallas Mavericks,0028000029,1980-10-15,DAL @ DEN,L,0,1,,,0.0,,,5,6,0.833,,,,,,,,,7,,0
11696,21980,76225,Winford Boynes,DAL,Dallas Mavericks,0028000029,1980-10-15,DAL @ DEN,L,0,2,,,0.0,,,3,4,0.75,,,,,,,,,7,,0
11697,21980,76030,Darrell Allums,DAL,Dallas Mavericks,0028000029,1980-10-15,DAL @ DEN,L,0,2,,,0.0,,,3,5,0.6,,,,,,,,,7,,0
11698,21980,78132,Craig Shelton,ATL,Atlanta Hawks,0028000025,1980-10-14,ATL vs. BOS,W,0,3,,,0.0,,,1,2,0.5,,,,,,,,,7,,0
11699,21980,78516,Jerome Whitehead,DAL,Dallas Mavericks,0028000024,1980-10-14,DAL vs. SEA,L,0,3,,,0.0,,,1,4,0.25,,,,,,,,,7,,0
11700,21980,76085,James Bailey,SEA,Seattle SuperSonics,0028000024,1980-10-14,SEA @ DAL,W,0,3,,,0.0,,,1,1,1.0,,,,,,,,,7,,0
11701,21980,77239,Greg Kelser,DET,Detroit Pistons,0028000022,1980-10-13,DET @ NJN,L,0,3,,,0.0,,,1,2,0.5,,,,,,,,,7,,0
11702,21980,76765,Tony Fuller,DET,Detroit Pistons,0028000022,1980-10-13,DET @ NJN,L,0,2,,,0.0,,,3,4,0.75,,,,,,,,,7,,0
11703,21980,77800,Sonny Parker,GOS,Golden State Warriors,0028000015,1980-10-11,GOS vs. SDC,W,0,2,,,0.0,,,3,4,0.75,,,,,,,,,7,,0
11704,21980,77419,John Lucas,GOS,Golden State Warriors,0028000015,1980-10-11,GOS vs. SDC,W,0,3,,,0.0,,,1,2,0.5,,,,,,,,,7,,0
11705,21980,78520,Sidney Wicks,SDC,San Diego Clippers,0028000015,1980-10-11,SDC @ GOS,L,0,1,,,0.0,,,5,7,0.714,,,,,,,,,7,,0
11706,21980,77618,Steve Mix,PHL,Philadelphia 76ers,0028000014,1980-10-11,PHL @ WAS,W,0,2,,,0.0,,,3,4,0.75,,,,,,,,,7,,0
11707,21980,76231,Dudley Bradley,IND,Indiana Pacers,0028000011,1980-10-11,IND vs. DET,W,0,3,,,0.0,,,1,1,1.0,,,,,,,,,7,,0
11708,21980,76154,Kent Benson,DET,Detroit Pistons,0028000011,1980-10-11,DET @ IND,L,0,3,,,0.0,,,1,1,1.0,,,,,,,,,7,,0
11709,21980,76771,Mike Gale,SAN,San Antonio Spurs,0028000010,1980-10-11,SAN @ DAL,L,0,3,,,1.0,,,0,1,0.0,,,,,,,,,7,,0
11710,21980,76296,Quinn Buckner,MIL,Milwaukee Bucks,0028000003,1980-10-10,MIL @ PHL,W,0,3,,,0.0,,,1,2,0.5,,,,,,,,,7,,0
11711,21980,77504,Andre McCarter,WAS,Washington Bullets,0028000943,1981-03-29,WAS vs. CLE,W,0,2,,,0.0,,,2,4,0.5,,,,,,,,,6,,0
11712,21980,76336,Mack Calvin,CLE,Cleveland Cavaliers,0028000943,1981-03-29,CLE @ WAS,L,0,1,,,0.0,,,4,5,0.8,,,,,,,,,6,,0
11713,21980,77770,Louis Orr,IND,Indiana Pacers,0028000942,1981-03-29,IND vs. CHI,L,0,3,,,0.0,,,0,0,,,,,,,,,,6,,0
11714,21980,77328,Tom LaGarde,DAL,Dallas Mavericks,0028000938,1981-03-29,DAL @ KCK,L,0,2,,,0.0,,,2,2,1.0,,,,,,,,,6,,0
11715,21980,77189,Major Jones,HOU,Houston Rockets,0028000935,1981-03-29,HOU @ SAN,L,0,2,,,0.0,,,2,3,0.667,,,,,,,,,6,,0
11716,21980,77553,Tom McMillen,ATL,Atlanta Hawks,0028000934,1981-03-29,ATL vs. MIL,L,0,1,,,0.0,,,4,4,1.0,,,,,,,,,6,,0
11717,21980,76686,Mike Evans,MIL,Milwaukee Bucks,0028000934,1981-03-29,MIL @ ATL,W,0,2,,,0.0,,,2,2,1.0,,,,,,,,,6,,0
11718,21980,78436,Foots Walker,NJN,New Jersey Nets,0028000940,1981-03-29,NJN @ NYK,L,0,2,,,0.0,,,2,6,0.333,,,,,,,,,6,,0
11719,21980,76656,Bob Elliott,NJN,New Jersey Nets,0028000940,1981-03-29,NJN @ NYK,L,0,2,,,0.0,,,2,2,1.0,,,,,,,,,6,,0
11720,21980,76351,M.L. Carr,BOS,Boston Celtics,0028000937,1981-03-29,BOS vs. PHL,W,0,2,,,0.0,,,2,2,1.0,,,,,,,,,6,,0
11721,21980,76418,Don Collins,ATL,Atlanta Hawks,0028000934,1981-03-29,ATL vs. MIL,L,0,3,,,,,,0,0,,,,,,,,,,6,,0
11722,21980,77873,Ben Poquette,UTH,Utah Jazz,0028000936,1981-03-29,UTH @ PHX,L,0,3,,,0.0,,,0,0,,,,,,,,,,6,,0
11723,21980,77498,Bob McAdoo,NJN,New Jersey Nets,0028000940,1981-03-29,NJN @ NYK,L,0,3,,,0.0,,,0,0,,,,,,,,,,6,,0
11724,21980,76441,Wayne Cooper,UTH,Utah Jazz,0028000936,1981-03-29,UTH @ PHX,L,0,3,,,0.0,,,0,0,,,,,,,,,,6,,0
11725,21980,77334,Mark Landsberger,LAL,Los Angeles Lakers,0028000930,1981-03-28,LAL @ UTH,L,0,3,,,0.0,,,0,0,,,,,,,,,,6,,0
11726,21980,76599,Larry Drew,DET,Detroit Pistons,0028000929,1981-03-28,DET @ WAS,L,0,2,,,0.0,,,2,2,1.0,,,,,,,,,6,,0
11727,21980,77364,Ron Lee,DET,Detroit Pistons,0028000928,1981-03-27,DET @ BOS,W,0,3,,,0.0,,,0,0,,,,,,,,,,6,,0
11728,21980,78442,Wally Walker,SEA,Seattle SuperSonics,0028000927,1981-03-27,SEA vs. LAL,L,0,3,,,0.0,,,0,0,,,,,,,,,,6,,0
11729,21980,76392,Jim Chones,LAL,Los Angeles Lakers,0028000927,1981-03-27,LAL @ SEA,W,0,2,,,0.0,,,2,3,0.667,,,,,,,,,6,,0
11730,21980,77328,Tom LaGarde,DAL,Dallas Mavericks,0028000926,1981-03-27,DAL vs. POR,L,0,0,,,0.0,,,6,6,1.0,,,,,,,,,6,,0
11731,21980,76895,Bob Gross,POR,Portland Trail Blazers,0028000926,1981-03-27,POR @ DAL,W,0,3,,,0.0,,,0,0,,,,,,,,,,6,,0
11732,21980,77175,Caldwell Jones,PHL,Philadelphia 76ers,0028000925,1981-03-27,PHL @ CLE,W,0,3,,,0.0,,,0,0,,,,,,,,,,6,,0
11733,21980,940,Earl Cureton,PHL,Philadelphia 76ers,0028000925,1981-03-27,PHL @ CLE,W,0,3,,,0.0,,,0,0,,,,,,,,,,6,,0
11734,21980,77438,Kyle Macy,PHX,Phoenix Suns,0028000924,1981-03-27,PHX vs. SDC,W,0,2,,,0.0,,,2,2,1.0,,,,,,,,,6,,0
11735,21980,77582,Joe Meriweather,KCK,Kansas City Kings,0028000923,1981-03-27,KCK @ HOU,L,0,3,,,0.0,,,0,2,0.0,,,,,,,,,6,,0
11736,21980,76887,Kevin Grevey,WAS,Washington Bullets,0028000922,1981-03-27,WAS @ IND,L,0,2,,,0.0,,,2,2,1.0,,,,,,,,,6,,0
11737,21980,76005,Tom Abernethy,IND,Indiana Pacers,0028000922,1981-03-27,IND vs. WAS,W,0,3,,,0.0,,,0,0,,,,,,,,,,6,,0
11738,21980,78533,James Wilkes,CHI,Chicago Bulls,0028000921,1981-03-27,CHI vs. ATL,W,0,2,,,0.0,,,2,2,1.0,,,,,,,,,6,,0
11739,21980,76416,Art Collins,ATL,Atlanta Hawks,0028000921,1981-03-27,ATL @ CHI,L,0,3,,,0.0,,,0,0,,,,,,,,,,6,,0
11740,21980,76305,Tom Burleson,ATL,Atlanta Hawks,0028000921,1981-03-27,ATL @ CHI,L,0,3,,,0.0,,,0,3,0.0,,,,,,,,,6,,0
11741,21980,76336,Mack Calvin,CLE,Cleveland Cavaliers,0028000918,1981-03-26,CLE @ MIL,L,0,2,,,1.0,,,1,2,0.5,,,,,,,,,6,,0
11742,21980,76151,Mel Bennett,UTH,Utah Jazz,0028000920,1981-03-26,UTH vs. SAN,L,0,2,,,0.0,,,2,4,0.5,,,,,,,,,6,,0
11743,21980,77770,Louis Orr,IND,Indiana Pacers,0028000919,1981-03-26,IND @ ATL,W,0,3,,,0.0,,,0,0,,,,,,,,,,6,,0
11744,21980,77136,Clemon Johnson,IND,Indiana Pacers,0028000919,1981-03-26,IND @ ATL,W,0,3,,,0.0,,,0,0,,,,,,,,,,6,,0
11745,21980,76733,Chris Ford,BOS,Boston Celtics,0028000916,1981-03-25,BOS @ NJN,W,0,3,,,0.0,,,0,0,,,,,,,,,,6,,0
11746,21980,77326,Sam Lacey,KCK,Kansas City Kings,0028000913,1981-03-25,KCK @ PHX,W,0,2,,,0.0,,,2,2,1.0,,,,,,,,,6,,0
11747,21980,77235,Rich Kelley,PHX,Phoenix Suns,0028000913,1981-03-25,PHX vs. KCK,L,0,1,,,0.0,,,4,4,1.0,,,,,,,,,6,,0
11748,21980,76436,Jeff Cook,PHX,Phoenix Suns,0028000913,1981-03-25,PHX vs. KCK,L,0,3,,,0.0,,,0,0,,,,,,,,,,6,,0
11749,21980,78577,Bill Willoughby,HOU,Houston Rockets,0028000912,1981-03-25,HOU vs. SAN,W,0,3,,,0.0,,,0,0,,,,,,,,,,6,,0
11750,21980,76996,Tom Henderson,HOU,Houston Rockets,0028000912,1981-03-25,HOU vs. SAN,W,0,2,,,0.0,,,2,4,0.5,,,,,,,,,6,,0
11751,21980,77167,Vinnie Johnson,SEA,Seattle SuperSonics,0028000911,1981-03-25,SEA vs. POR,L,0,2,,,0.0,,,2,2,1.0,,,,,,,,,6,,0
11752,21980,77024,Armond Hill,SEA,Seattle SuperSonics,0028000911,1981-03-25,SEA vs. POR,L,0,2,,,0.0,,,2,2,1.0,,,,,,,,,6,,0
11753,21980,76822,Mike Glenn,NYK,New York Knicks,0028000910,1981-03-25,NYK @ WAS,L,0,3,,,0.0,,,0,0,,,,,,,,,,6,,0
11754,21980,78527,Michael Wiley,SAN,San Antonio Spurs,0028000909,1981-03-24,SAN vs. DEN,L,0,3,,,0.0,,,0,0,,,,,,,,,,6,,0
11755,21980,76249,Ron Brewer,SAN,San Antonio Spurs,0028000909,1981-03-24,SAN vs. DEN,L,0,2,,,0.0,,,2,2,1.0,,,,,,,,,6,,0
11756,21980,77996,Wayne Robinson,DET,Detroit Pistons,0028000908,1981-03-24,DET @ ATL,L,0,3,,,0.0,,,0,0,,,,,,,,,,6,,0
11757,21980,76257,Allan Bristow,UTH,Utah Jazz,0028000907,1981-03-24,UTH vs. KCK,L,0,2,,,0.0,,,2,2,1.0,,,,,,,,,6,,0
11758,21980,78577,Bill Willoughby,HOU,Houston Rockets,0028000906,1981-03-24,HOU @ DAL,W,0,3,,,0.0,,,0,0,,,,,,,,,,6,,0
11759,21980,77126,Abdul Jeelani,DAL,Dallas Mavericks,0028000906,1981-03-24,DAL vs. HOU,L,0,2,,,0.0,,,2,2,1.0,,,,,,,,,6,,0
11760,21980,78200,Randy Smith,CLE,Cleveland Cavaliers,0028000905,1981-03-24,CLE @ CHI,L,0,3,,,0.0,,,0,0,,,,,,,,,,6,,0
11761,21980,77209,Walter Jordan,CLE,Cleveland Cavaliers,0028000905,1981-03-24,CLE @ CHI,L,0,3,,,0.0,,,0,0,,,,,,,,,,6,,0
11762,21980,76567,Coby Dietrick,CHI,Chicago Bulls,0028000905,1981-03-24,CHI vs. CLE,W,0,3,,,0.0,,,0,0,,,,,,,,,,6,,0
11763,21980,77024,Armond Hill,SEA,Seattle SuperSonics,0028000904,1981-03-24,SEA @ SDC,L,0,2,,,0.0,,,2,2,1.0,,,,,,,,,6,,0
11764,21980,76534,Ron Davis,SDC,San Diego Clippers,0028000904,1981-03-24,SDC vs. SEA,W,0,2,,,0.0,,,2,2,1.0,,,,,,,,,6,,0
11765,21980,78400,Jan Van Breda Kolff,NJN,New Jersey Nets,0028000903,1981-03-24,NJN @ MIL,L,0,1,,,0.0,,,4,5,0.8,,,,,,,,,6,,0
11766,21980,76656,Bob Elliott,NJN,New Jersey Nets,0028000903,1981-03-24,NJN @ MIL,L,0,2,,,0.0,,,2,2,1.0,,,,,,,,,6,,0
11767,21980,76365,Harvey Catchings,MIL,Milwaukee Bucks,0028000903,1981-03-24,MIL vs. NJN,W,0,3,,,0.0,,,0,0,,,,,,,,,,6,,0
11768,21980,77438,Kyle Macy,PHX,Phoenix Suns,0028000902,1981-03-24,PHX @ POR,L,0,3,,,0.0,,,0,0,,,,,,,,,,6,,0
11769,21980,77323,Kevin Kunnert,POR,Portland Trail Blazers,0028000902,1981-03-24,POR vs. PHX,W,0,3,,,0.0,,,0,0,,,,,,,,,,6,,0
11770,21980,77235,Rich Kelley,PHX,Phoenix Suns,0028000902,1981-03-24,PHX @ POR,L,0,3,,,0.0,,,0,0,,,,,,,,,,6,,0
11771,21980,76436,Jeff Cook,PHX,Phoenix Suns,0028000902,1981-03-24,PHX @ POR,L,0,3,,,0.0,,,0,0,,,,,,,,,,6,,0
11772,21980,77917,Clifford Ray,GOS,Golden State Warriors,0028000901,1981-03-24,GOS @ LAL,L,0,2,,,0.0,,,2,2,1.0,,,,,,,,,6,,0
11773,21980,76436,Jeff Cook,PHX,Phoenix Suns,0028000899,1981-03-22,PHX vs. SEA,W,0,2,,,0.0,,,2,2,1.0,,,,,,,,,6,,0
11774,21980,78468,Richard Washington,CLE,Cleveland Cavaliers,0028000897,1981-03-22,CLE @ IND,L,0,3,,,0.0,,,0,1,0.0,,,,,,,,,6,,0
11775,21980,78146,Jerry Sichting,IND,Indiana Pacers,0028000897,1981-03-22,IND vs. CLE,W,0,2,,,0.0,,,2,2,1.0,,,,,,,,,6,,0
11776,21980,77532,George McGinnis,IND,Indiana Pacers,0028000897,1981-03-22,IND vs. CLE,W,0,3,,,0.0,,,0,6,0.0,,,,,,,,,6,,0
11777,21980,76242,Mike Bratz,CLE,Cleveland Cavaliers,0028000897,1981-03-22,CLE @ IND,L,0,2,,,0.0,,,2,2,1.0,,,,,,,,,6,,0
11778,21980,76231,Dudley Bradley,IND,Indiana Pacers,0028000897,1981-03-22,IND vs. CLE,W,0,3,,,0.0,,,0,2,0.0,,,,,,,,,6,,0
11779,21980,76095,Mike Bantom,IND,Indiana Pacers,0028000897,1981-03-22,IND vs. CLE,W,0,2,,,0.0,,,2,6,0.333,,,,,,,,,6,,0
11780,21980,229,James Edwards,IND,Indiana Pacers,0028000897,1981-03-22,IND vs. CLE,W,0,2,,,0.0,,,2,6,0.333,,,,,,,,6.0,6,,0
11781,21980,77334,Mark Landsberger,LAL,Los Angeles Lakers,0028000896,1981-03-22,LAL @ GOS,W,0,3,,,0.0,,,0,2,0.0,,,,,,,,,6,,0
11782,21980,78132,Craig Shelton,ATL,Atlanta Hawks,0028000895,1981-03-22,ATL @ WAS,L,0,3,,,0.0,,,0,0,,,,,,,,,,6,,0
11783,21980,77829,Sam Pellom,ATL,Atlanta Hawks,0028000895,1981-03-22,ATL @ WAS,L,0,3,,,0.0,,,0,2,0.0,,,,,,,,,6,,0
11784,21980,77528,Jim McElroy,ATL,Atlanta Hawks,0028000895,1981-03-22,ATL @ WAS,L,0,2,,,0.0,,,2,2,1.0,,,,,,,,,6,,0
11785,21980,76416,Art Collins,ATL,Atlanta Hawks,0028000895,1981-03-22,ATL @ WAS,L,0,1,,,0.0,,,4,4,1.0,,,,,,,,,6,,0
11786,21980,76305,Tom Burleson,ATL,Atlanta Hawks,0028000895,1981-03-22,ATL @ WAS,L,0,2,,,0.0,,,2,4,0.5,,,,,,,,,6,,0
11787,21980,76830,Glen Gondrezick,DEN,Denver Nuggets,0028000893,1981-03-22,DEN vs. UTH,W,0,1,,,0.0,,,4,4,1.0,,,,,,,,,6,,0
11788,21980,76441,Wayne Cooper,UTH,Utah Jazz,0028000893,1981-03-22,UTH @ DEN,L,0,3,,,0.0,,,0,0,,,,,,,,,,6,,0
11789,21980,76351,M.L. Carr,BOS,Boston Celtics,0028000892,1981-03-22,BOS @ PHL,L,0,2,,,0.0,,,2,2,1.0,,,,,,,,,6,,0
11790,21980,78296,Brian Taylor,SDC,San Diego Clippers,0028000891,1981-03-22,SDC @ SAN,L,0,3,,,0.0,,,0,1,0.0,,,,,,,,,6,,0
11791,21980,77944,Kevin Restani,SAN,San Antonio Spurs,0028000891,1981-03-22,SAN vs. SDC,W,0,3,,,0.0,,,0,0,,,,,,,,,,6,,0
11792,21980,76599,Larry Drew,DET,Detroit Pistons,0028000890,1981-03-22,DET vs. CHI,L,0,2,,,0.0,,,2,3,0.667,,,,,,,,,6,,0
11793,21980,77334,Mark Landsberger,LAL,Los Angeles Lakers,0028000889,1981-03-21,LAL @ POR,W,0,3,,,0.0,,,0,4,0.0,,,,,,,,,6,,0
11794,21980,77323,Kevin Kunnert,POR,Portland Trail Blazers,0028000889,1981-03-21,POR vs. LAL,L,0,3,,,0.0,,,0,0,,,,,,,,,,6,,0
11795,21980,78222,Jim Spanarkel,DAL,Dallas Mavericks,0028000887,1981-03-21,DAL vs. UTH,W,0,3,,,0.0,,,0,0,,,,,,,,,,6,,0
11796,21980,76257,Allan Bristow,UTH,Utah Jazz,0028000887,1981-03-21,UTH @ DAL,L,0,3,,,0.0,,,0,0,,,,,,,,,,6,,0
11797,21980,76686,Mike Evans,MIL,Milwaukee Bucks,0028000885,1981-03-20,MIL @ DET,W,0,2,,,0.0,,,2,3,0.667,,,,,,,,,6,,0
11798,21980,76599,Larry Drew,DET,Detroit Pistons,0028000885,1981-03-20,DET vs. MIL,L,0,2,,,0.0,,,2,2,1.0,,,,,,,,,6,,0
11799,21980,76418,Don Collins,WAS,Washington Bullets,0028000884,1981-03-20,WAS @ BOS,L,0,3,,,0.0,,,0,0,,,,,,,,,,6,,0
11800,21980,1450,Kevin McHale,BOS,Boston Celtics,0028000884,1981-03-20,BOS vs. WAS,W,0,3,,,0.0,,,0,0,,,,,,,,,,6,,0
11801,21980,328,Rick Mahorn,WAS,Washington Bullets,0028000884,1981-03-20,WAS @ BOS,L,0,3,,,0.0,,,0,0,,,,,,,,,6.0,6,,0
11802,21980,78614,Mike Woodson,NYK,New York Knicks,0028000883,1981-03-20,NYK @ IND,W,0,3,,,0.0,,,0,0,,,,,,,,,,6,,0
11803,21980,77323,Kevin Kunnert,POR,Portland Trail Blazers,0028000881,1981-03-20,POR vs. HOU,W,0,2,,,0.0,,,2,4,0.5,,,,,,,,,6,,0
11804,21980,78449,Lloyd Walton,KCK,Kansas City Kings,0028000880,1981-03-20,KCK vs. SAN,L,0,2,,,0.0,,,2,2,1.0,,,,,,,,,6,,0
11805,21980,76889,Paul Griffin,SAN,San Antonio Spurs,0028000880,1981-03-20,SAN @ KCK,W,0,2,,,0.0,,,2,4,0.5,,,,,,,,,6,,0
11806,21980,78442,Wally Walker,SEA,Seattle SuperSonics,0028000879,1981-03-20,SEA @ LAL,L,0,3,,,0.0,,,0,0,,,,,,,,,,6,,0
11807,21980,76385,Maurice Cheeks,PHL,Philadelphia 76ers,0028000878,1981-03-20,PHL @ CHI,L,0,2,,,0.0,,,2,2,1.0,,,,,,,,,6,,0
11808,21980,940,Earl Cureton,PHL,Philadelphia 76ers,0028000878,1981-03-20,PHL @ CHI,L,0,3,,,0.0,,,0,0,,,,,,,,,,6,,0
11809,21980,77396,Scott Lloyd,DAL,Dallas Mavericks,0028000877,1981-03-20,DAL vs. DEN,W,0,3,,,0.0,,,0,0,,,,,,,,,6.0,6,,0
11810,21980,77495,Bill Mayfield,GOS,Golden State Warriors,0028000876,1981-03-19,GOS @ SDC,L,0,3,,,0.0,,,0,0,,,,,,,,,,6,,0
11811,21980,78215,Ricky Sobers,CHI,Chicago Bulls,0028000874,1981-03-19,CHI @ CLE,W,0,2,,,0.0,,,2,2,1.0,,,,,,,,,6,,0
11812,21980,76786,Calvin Garrett,HOU,Houston Rockets,0028000873,1981-03-18,HOU @ GOS,L,0,3,,,0.0,,,0,0,,,,,,,,,,6,,0
11813,21980,77770,Louis Orr,IND,Indiana Pacers,0028000872,1981-03-18,IND @ PHL,L,0,2,,,0.0,,,2,2,1.0,,,,,,,,,6,,0
11814,21980,76231,Dudley Bradley,IND,Indiana Pacers,0028000872,1981-03-18,IND @ PHL,L,0,3,,,0.0,,,0,0,,,,,,,,,,6,,0
11815,21980,77215,Jeff Judkins,UTH,Utah Jazz,0028000871,1981-03-18,UTH vs. DAL,W,0,3,,,0.0,,,0,0,,,,,,,,,,6,,0
11816,21980,76874,Rickey Green,UTH,Utah Jazz,0028000871,1981-03-18,UTH vs. DAL,W,0,3,,,0.0,,,0,0,,,,,,,,,,6,,0
11817,21980,78449,Lloyd Walton,KCK,Kansas City Kings,0028000870,1981-03-18,KCK vs. DEN,L,0,3,,,0.0,,,0,0,,,,,,,,,,6,,0
11818,21980,77331,John Lambert,KCK,Kansas City Kings,0028000870,1981-03-18,KCK vs. DEN,L,0,3,,,0.0,,,0,0,,,,,,,,,,6,,0
11819,21980,77326,Sam Lacey,KCK,Kansas City Kings,0028000870,1981-03-18,KCK vs. DEN,L,0,3,,,0.0,,,0,0,,,,,,,,,,6,,0
11820,21980,77040,Brad Holland,LAL,Los Angeles Lakers,0028000869,1981-03-18,LAL @ PHX,L,0,3,,,0.0,,,0,0,,,,,,,,,,6,,0
11821,21980,76822,Mike Glenn,NYK,New York Knicks,0028000868,1981-03-18,NYK @ MIL,W,0,3,,,0.0,,,0,0,,,,,,,,,,6,,0
11822,21980,76686,Mike Evans,MIL,Milwaukee Bucks,0028000868,1981-03-18,MIL vs. NYK,L,0,3,,,0.0,,,0,0,,,,,,,,,,6,,0
11823,21980,76351,M.L. Carr,BOS,Boston Celtics,0028000867,1981-03-18,BOS vs. ATL,L,0,3,,,0.0,,,0,0,,,,,,,,,,6,,0
11824,21980,77754,Mike O'Koren,NJN,New Jersey Nets,0028000866,1981-03-18,NJN @ DET,L,0,3,,,0.0,,,0,1,0.0,,,,,,,,,6,,0
11825,21980,76599,Larry Drew,DET,Detroit Pistons,0028000866,1981-03-18,DET vs. NJN,W,0,3,,,0.0,,,0,0,,,,,,,,,,6,,0
11826,21980,76966,Joey Hassett,GOS,Golden State Warriors,0028000873,1981-03-18,GOS vs. HOU,W,0,2,,,2.0,,,0,0,,,,,,,,,,6,,0
11827,21980,76985,Garfield Heard,SDC,San Diego Clippers,0028000864,1981-03-17,SDC @ POR,L,0,2,,,0.0,,,2,3,0.667,,,,,,,,,6,,0
11828,21980,78531,Bob Wilkerson,CHI,Chicago Bulls,0028000863,1981-03-17,CHI vs. MIL,W,0,3,,,0.0,,,0,0,,,,,,,,,,6,,0
11829,21980,76686,Mike Evans,MIL,Milwaukee Bucks,0028000863,1981-03-17,MIL @ CHI,L,0,3,,,0.0,,,0,0,,,,,,,,,,6,,0
11830,21980,76483,Pat Cummings,MIL,Milwaukee Bucks,0028000863,1981-03-17,MIL @ CHI,L,0,3,,,0.0,,,0,0,,,,,,,,,,6,,0
11831,21980,78537,Jeff Wilkins,UTH,Utah Jazz,0028000862,1981-03-17,UTH @ SAN,L,0,3,,,0.0,,,0,0,,,,,,,,,,6,,0
11832,21980,77873,Ben Poquette,UTH,Utah Jazz,0028000862,1981-03-17,UTH @ SAN,L,0,3,,,0.0,,,0,0,,,,,,,,,,6,,0
11833,21980,77715,Carl Nicks,UTH,Utah Jazz,0028000862,1981-03-17,UTH @ SAN,L,0,3,,,0.0,,,0,1,0.0,,,,,,,,,6,,0
11834,21980,76441,Wayne Cooper,UTH,Utah Jazz,0028000862,1981-03-17,UTH @ SAN,L,0,3,,,0.0,,,0,0,,,,,,,,,,6,,0
11835,21980,76249,Ron Brewer,SAN,San Antonio Spurs,0028000862,1981-03-17,SAN vs. UTH,W,0,3,,,0.0,,,0,0,,,,,,,,,,6,,0
11836,21980,77024,Armond Hill,SEA,Seattle SuperSonics,0028000861,1981-03-17,SEA @ DEN,L,0,1,,,0.0,,,4,4,1.0,,,,,,,,,6,,0
11837,21980,77087,Geoff Huston,CLE,Cleveland Cavaliers,0028000860,1981-03-17,CLE vs. ATL,W,0,3,,,0.0,,,0,0,,,,,,,,,,6,,0
11838,21980,76392,Jim Chones,LAL,Los Angeles Lakers,0028000858,1981-03-17,LAL @ DAL,W,0,3,,,0.0,,,0,0,,,,,,,,,,6,,0
11839,21980,77334,Mark Landsberger,LAL,Los Angeles Lakers,0028000856,1981-03-15,LAL vs. SDC,L,0,2,,,0.0,,,2,2,1.0,,,,,,,,,6,,0
11840,21980,77205,Eddie Jordan,LAL,Los Angeles Lakers,0028000856,1981-03-15,LAL vs. SDC,L,0,3,,,0.0,,,0,0,,,,,,,,,,6,,0
11841,21980,76444,Michael Cooper,LAL,Los Angeles Lakers,0028000856,1981-03-15,LAL vs. SDC,L,0,3,,,0.0,,,0,0,,,,,,,,,,6,,0
11842,21980,76266,Michael Brooks,SDC,San Diego Clippers,0028000856,1981-03-15,SDC @ LAL,W,0,3,,,0.0,,,0,0,,,,,,,,,,6,,0
11843,21980,77997,Bill Robinzine,DAL,Dallas Mavericks,0028000855,1981-03-15,DAL @ POR,L,0,3,,,0.0,,,0,0,,,,,,,,,,6,,0
11844,21980,77328,Tom LaGarde,DAL,Dallas Mavericks,0028000855,1981-03-15,DAL @ POR,L,0,1,,,0.0,,,4,4,1.0,,,,,,,,,6,,0
11845,21980,77331,John Lambert,KCK,Kansas City Kings,0028000854,1981-03-15,KCK vs. CHI,L,0,3,,,0.0,,,0,0,,,,,,,,,,6,,0
11846,21980,77326,Sam Lacey,KCK,Kansas City Kings,0028000854,1981-03-15,KCK vs. CHI,L,0,3,,,0.0,,,0,0,,,,,,,,,6.0,6,,0
11847,21980,76567,Coby Dietrick,CHI,Chicago Bulls,0028000854,1981-03-15,CHI @ KCK,W,0,2,,,0.0,,,2,2,1.0,,,,,,,,,6,,0
11848,21980,77209,Walter Jordan,CLE,Cleveland Cavaliers,0028000853,1981-03-15,CLE @ WAS,W,0,2,,,0.0,,,2,2,1.0,,,,,,,,,6,,0
11849,21980,77087,Geoff Huston,CLE,Cleveland Cavaliers,0028000853,1981-03-15,CLE @ WAS,W,0,2,,,0.0,,,2,2,1.0,,,,,,,,,6,,0
11850,21980,328,Rick Mahorn,WAS,Washington Bullets,0028000853,1981-03-15,WAS vs. CLE,L,0,3,,,0.0,,,0,0,,,,,,,,,,6,,0
11851,21980,76830,Glen Gondrezick,DEN,Denver Nuggets,0028000852,1981-03-15,DEN vs. HOU,W,0,2,,,0.0,,,2,2,1.0,,,,,,,,,6,,0
11852,21980,78614,Mike Woodson,NYK,New York Knicks,0028000851,1981-03-15,NYK vs. PHL,W,0,3,,,0.0,,,0,0,,,,,,,,,,6,,0
11853,21980,76553,Larry Demic,NYK,New York Knicks,0028000851,1981-03-15,NYK vs. PHL,W,0,3,,,0.0,,,0,0,,,,,,,,,,6,,0
11854,21980,77024,Armond Hill,SEA,Seattle SuperSonics,0028000849,1981-03-15,SEA @ MIL,L,0,1,,,0.0,,,4,4,1.0,,,,,,,,,6,,0
11855,21980,76272,Fred Brown,SEA,Seattle SuperSonics,0028000849,1981-03-15,SEA @ MIL,L,0,2,,,0.0,,,2,2,1.0,,,,,,,,,6,,0
11856,21980,77996,Wayne Robinson,DET,Detroit Pistons,0028000847,1981-03-14,DET @ IND,W,0,3,,,0.0,,,0,0,,,,,,,,,,6,,0
11857,21980,77532,George McGinnis,IND,Indiana Pacers,0028000847,1981-03-14,IND vs. DET,L,0,3,,,0.0,,,0,0,,,,,,,,,,6,,0
11858,21980,76453,Dave Corzine,SAN,San Antonio Spurs,0028000846,1981-03-14,SAN @ SDC,L,0,2,,,0.0,,,2,2,1.0,,,,,,,,,6,,0
11859,21980,76242,Mike Bratz,CLE,Cleveland Cavaliers,0028000845,1981-03-14,CLE @ ATL,W,0,2,,,0.0,,,2,2,1.0,,,,,,,,,6,,0
11860,21980,76257,Allan Bristow,UTH,Utah Jazz,0028000844,1981-03-14,UTH @ HOU,L,0,2,,,0.0,,,2,4,0.5,,,,,,,,,6,,0
11861,21980,78623,Larry Wright,DET,Detroit Pistons,0028000843,1981-03-13,DET vs. SEA,L,0,2,,,0.0,,,2,4,0.5,,,,,,,,,6,,0
11862,21980,78442,Wally Walker,SEA,Seattle SuperSonics,0028000843,1981-03-13,SEA @ DET,W,0,3,,,0.0,,,0,2,0.0,,,,,,,,,6,,0
11863,21980,77364,Ron Lee,DET,Detroit Pistons,0028000843,1981-03-13,DET vs. SEA,L,0,2,,,0.0,,,2,3,0.667,,,,,,,,,6,,0
11864,21980,76583,James Donaldson,SEA,Seattle SuperSonics,0028000843,1981-03-13,SEA @ DET,W,0,2,,,0.0,,,2,3,0.667,,,,,,,,,6,,0
11865,21980,77984,Rick Robey,BOS,Boston Celtics,0028000841,1981-03-13,BOS vs. IND,L,0,3,,,0.0,,,0,0,,,,,,,,,,6,,0
11866,21980,76899,Ernie Grunfeld,KCK,Kansas City Kings,0028000840,1981-03-13,KCK @ LAL,L,0,3,,,0.0,,,0,0,,,,,,,,,,6,,0
11867,21980,100263,Bill Laimbeer,CLE,Cleveland Cavaliers,0028000838,1981-03-13,CLE vs. NJN,L,0,3,,,0.0,,,0,0,,,,,,,,,,6,,0
11868,21980,77184,Edgar Jones,NJN,New Jersey Nets,0028000838,1981-03-13,NJN @ CLE,W,0,3,,,0.0,,,0,0,,,,,,,,,,6,,0
11869,21980,76242,Mike Bratz,CLE,Cleveland Cavaliers,0028000838,1981-03-13,CLE vs. NJN,L,0,2,,,0.0,,,2,2,1.0,,,,,,,,,6,,0
11870,21980,78481,Marvin Webster,NYK,New York Knicks,0028000837,1981-03-13,NYK vs. CHI,W,0,3,,,0.0,,,0,0,,,,,,,,,,6,,0
11871,21980,77950,Clint Richardson,PHL,Philadelphia 76ers,0028000836,1981-03-13,PHL @ MIL,L,0,3,,,0.0,,,0,0,,,,,,,,,,6,,0
11872,21980,77043,Lionel Hollins,PHL,Philadelphia 76ers,0028000836,1981-03-13,PHL @ MIL,L,0,3,,,0.0,,,0,0,,,,,,,,,,6,,0
11873,21980,77547,Billy McKinney,DEN,Denver Nuggets,0028000835,1981-03-12,DEN @ MIL,L,0,3,,,0.0,,,0,0,,,,,,,,,,6,,0
11874,21980,77056,Cedrick Hordges,DEN,Denver Nuggets,0028000835,1981-03-12,DEN @ MIL,L,0,3,,,0.0,,,0,0,,,,,,,,,,6,,0
11875,21980,78392,Wes Unseld,WAS,Washington Bullets,0028000834,1981-03-12,WAS vs. IND,L,0,3,,,0.0,,,0,2,0.0,,,,,,,,,6,,0
11876,21980,77148,George Johnson,IND,Indiana Pacers,0028000834,1981-03-12,IND @ WAS,W,0,3,,,0.0,,,0,0,,,,,,,,,,6,,0
11877,21980,76500,Bob Dandridge,WAS,Washington Bullets,0028000834,1981-03-12,WAS vs. IND,L,0,3,,,0.0,,,0,0,,,,,,,,,,6,,0
11878,21980,76418,Don Collins,WAS,Washington Bullets,0028000834,1981-03-12,WAS vs. IND,L,0,3,,,0.0,,,0,0,,,,,,,,,,6,,0
11879,21980,77334,Mark Landsberger,LAL,Los Angeles Lakers,0028000832,1981-03-12,LAL @ SDC,W,0,3,,,0.0,,,0,1,0.0,,,,,,,,,6,,0
11880,21980,76985,Garfield Heard,SDC,San Diego Clippers,0028000832,1981-03-12,SDC vs. LAL,L,0,3,,,0.0,,,0,0,,,,,,,,,,6,,0
11881,21980,77950,Clint Richardson,PHL,Philadelphia 76ers,0028000827,1981-03-11,PHL vs. NYK,W,0,2,,,0.0,,,2,2,1.0,,,,,,,,,6,,0
11882,21980,76822,Mike Glenn,NYK,New York Knicks,0028000827,1981-03-11,NYK @ PHL,L,0,3,,,0.0,,,0,0,,,,,,,,,,6,,0
11883,21980,76539,Darryl Dawkins,PHL,Philadelphia 76ers,0028000827,1981-03-11,PHL vs. NYK,W,0,2,,,0.0,,,2,2,1.0,,,,,,,,,6,,0
11884,21980,78600,Brian Winters,MIL,Milwaukee Bucks,0028000826,1981-03-11,MIL @ BOS,L,0,3,,,0.0,,,0,0,,,,,,,,,,6,,0
11885,21980,76351,M.L. Carr,BOS,Boston Celtics,0028000826,1981-03-11,BOS vs. MIL,W,0,2,,,0.0,,,2,2,1.0,,,,,,,,,6,,0
11886,21980,77950,Clint Richardson,PHL,Philadelphia 76ers,0028000825,1981-03-10,PHL @ IND,W,0,3,,,0.0,,,0,0,,,,,,,,,,6,,0
11887,21980,77175,Caldwell Jones,PHL,Philadelphia 76ers,0028000825,1981-03-10,PHL @ IND,W,0,3,,,0.0,,,0,0,,,,,,,,,,6,,0
11888,21980,77043,Lionel Hollins,PHL,Philadelphia 76ers,0028000825,1981-03-10,PHL @ IND,W,0,3,,,0.0,,,0,0,,,,,,,,,,6,,0
11889,21980,78404,Kiki Vandeweghe,DEN,Denver Nuggets,0028000822,1981-03-10,DEN vs. POR,L,0,1,,,0.0,,,4,4,1.0,,,,,,,,,6,,0
11890,21980,77721,Norm Nixon,LAL,Los Angeles Lakers,0028000820,1981-03-10,LAL vs. SAN,W,0,3,,,0.0,,,0,0,,,,,,,,,,6,,0
11891,21980,76453,Dave Corzine,SAN,San Antonio Spurs,0028000820,1981-03-10,SAN @ LAL,L,0,3,,,0.0,,,0,0,,,,,,,,,,6,,0
11892,21980,77858,Stan Pietkiewicz,DAL,Dallas Mavericks,0028000824,1981-03-10,DAL vs. PHX,W,0,2,,,2.0,,,0,0,,,,,,,,,,6,,0
11893,21980,600010,Len Elmore,MIL,Milwaukee Bucks,0028000819,1981-03-09,MIL vs. CLE,W,0,1,,,0.0,,,4,4,1.0,,,,,,,,,6,,0
11894,21980,76365,Harvey Catchings,MIL,Milwaukee Bucks,0028000819,1981-03-09,MIL vs. CLE,W,0,2,,,0.0,,,2,4,0.5,,,,,,,,,6,,0
11895,21980,78533,James Wilkes,CHI,Chicago Bulls,0028000817,1981-03-08,CHI @ WAS,L,0,2,,,0.0,,,2,3,0.667,,,,,,,,,6,,0
11896,21980,78614,Mike Woodson,NYK,New York Knicks,0028000816,1981-03-08,NYK @ BOS,L,0,3,,,0.0,,,0,0,,,,,,,,,,6,,0
11897,21980,78296,Brian Taylor,SDC,San Diego Clippers,0028000814,1981-03-08,SDC @ SEA,W,0,3,,,0.0,,,0,2,0.0,,,,,,,,,6,,0
11898,21980,77024,Armond Hill,SEA,Seattle SuperSonics,0028000814,1981-03-08,SEA vs. SDC,L,0,3,,,0.0,,,0,0,,,,,,,,,,6,,0
11899,21980,76587,Jacky Dorsey,SEA,Seattle SuperSonics,0028000814,1981-03-08,SEA vs. SDC,L,0,2,,,0.0,,,2,5,0.4,,,,,,,,,6,,0
11900,21980,77800,Sonny Parker,GOS,Golden State Warriors,0028000812,1981-03-08,GOS @ POR,L,0,3,,,0.0,,,0,0,,,,,,,,,,6,,0
11901,21980,77175,Caldwell Jones,PHL,Philadelphia 76ers,0028000811,1981-03-08,PHL vs. MIL,W,0,3,,,0.0,,,0,0,,,,,,,,,,6,,0
11902,21980,77043,Lionel Hollins,PHL,Philadelphia 76ers,0028000811,1981-03-08,PHL vs. MIL,W,0,1,,,0.0,,,4,4,1.0,,,,,,,,,6,,0
11903,21980,77010,Keith Herron,DET,Detroit Pistons,0028000810,1981-03-07,DET vs. DEN,L,0,2,,,0.0,,,2,3,0.667,,,,,,,,,6,,0
11904,21980,77817,Billy Paultz,HOU,Houston Rockets,0028000809,1981-03-07,HOU @ ATL,L,0,3,,,0.0,,,0,2,0.0,,,,,,,,,6,,0
11905,21980,76441,Wayne Cooper,UTH,Utah Jazz,0028000808,1981-03-07,UTH vs. SDC,W,0,3,,,0.0,,,0,0,,,,,,,,,,6,,0
11906,21980,77910,Wally Rank,SDC,San Diego Clippers,0028000805,1981-03-06,SDC vs. CLE,W,0,2,,,0.0,,,2,3,0.667,,,,,,,,,6,,0
11907,21980,77396,Scott Lloyd,DAL,Dallas Mavericks,0028000803,1981-03-06,DAL @ GOS,L,0,3,,,0.0,,,0,0,,,,,,,,,,6,,0
11908,21980,77817,Billy Paultz,HOU,Houston Rockets,0028000802,1981-03-06,HOU vs. WAS,L,0,3,,,0.0,,,0,0,,,,,,,,,,6,,0
11909,21980,76786,Calvin Garrett,HOU,Houston Rockets,0028000802,1981-03-06,HOU vs. WAS,L,0,3,,,0.0,,,0,0,,,,,,,,,,6,,0
11910,21980,76500,Bob Dandridge,WAS,Washington Bullets,0028000802,1981-03-06,WAS @ HOU,W,0,2,,,0.0,,,2,3,0.667,,,,,,,,,6,,0
11911,21980,78400,Jan Van Breda Kolff,NJN,New Jersey Nets,0028000801,1981-03-06,NJN @ ATL,L,0,2,,,0.0,,,2,2,1.0,,,,,,,,,6,,0
11912,21980,78571,Ray Williams,NYK,New York Knicks,0028000799,1981-03-06,NYK vs. MIL,L,0,3,,,0.0,,,0,0,,,,,,,,,,6,,0
11913,21980,78481,Marvin Webster,NYK,New York Knicks,0028000799,1981-03-06,NYK vs. MIL,L,0,2,,,0.0,,,2,3,0.667,,,,,,,,,6,,0
11914,21980,76830,Glen Gondrezick,DEN,Denver Nuggets,0028000798,1981-03-06,DEN @ PHL,L,0,3,,,0.0,,,0,0,,,,,,,,,,6,,0
11915,21980,76418,Don Collins,ATL,Atlanta Hawks,0028000801,1981-03-06,ATL vs. NJN,W,0,3,,,,,,0,0,,,,,,,,,,6,,0
11916,21980,76483,Pat Cummings,MIL,Milwaukee Bucks,0028000797,1981-03-05,MIL vs. ATL,W,0,3,,,0.0,,,0,0,,,,,,,,,,6,,0
11917,21980,76365,Harvey Catchings,MIL,Milwaukee Bucks,0028000797,1981-03-05,MIL vs. ATL,W,0,3,,,0.0,,,0,0,,,,,,,,,,6,,0
11918,21980,78449,Lloyd Walton,KCK,Kansas City Kings,0028000796,1981-03-05,KCK vs. POR,W,0,3,,,0.0,,,0,1,0.0,,,,,,,,,6,,0
11919,21980,78057,Frankie Sanders,KCK,Kansas City Kings,0028000796,1981-03-05,KCK vs. POR,W,0,3,,,0.0,,,0,0,,,,,,,,,,6,,0
11920,21980,77326,Sam Lacey,KCK,Kansas City Kings,0028000796,1981-03-05,KCK vs. POR,W,0,2,,,0.0,,,2,2,1.0,,,,,,,,,6,,0
11921,21980,77364,Ron Lee,DET,Detroit Pistons,0028000795,1981-03-05,DET vs. NYK,L,0,2,,,0.0,,,2,2,1.0,,,,,,,,,6,,0
11922,21980,76822,Mike Glenn,NYK,New York Knicks,0028000795,1981-03-05,NYK @ DET,W,0,3,,,0.0,,,0,0,,,,,,,,,,6,,0
11923,21980,76599,Larry Drew,DET,Detroit Pistons,0028000795,1981-03-05,DET vs. NYK,L,0,2,,,0.0,,,2,2,1.0,,,,,,,,,6,,0
11924,21980,77022,Johnny High,PHX,Phoenix Suns,0028000794,1981-03-05,PHX @ UTH,W,0,2,,,0.0,,,2,2,1.0,,,,,,,,,6,,0
11925,21980,77756,Mark Olberding,SAN,San Antonio Spurs,0028000793,1981-03-04,SAN vs. KCK,L,0,3,,,0.0,,,0,1,0.0,,,,,,,,,6,,0
11926,21980,78531,Bob Wilkerson,CHI,Chicago Bulls,0028000792,1981-03-04,CHI @ PHL,W,0,3,,,0.0,,,0,0,,,,,,,,,,6,,0
11927,21980,77209,Walter Jordan,CLE,Cleveland Cavaliers,0028000791,1981-03-04,CLE @ PHX,L,0,2,,,0.0,,,2,2,1.0,,,,,,,,,6,,0
11928,21980,78015,Lorenzo Romar,GOS,Golden State Warriors,0028000790,1981-03-04,GOS vs. UTH,W,0,3,,,0.0,,,0,0,,,,,,,,,,6,,0
11929,21980,77800,Sonny Parker,GOS,Golden State Warriors,0028000790,1981-03-04,GOS vs. UTH,W,0,3,,,0.0,,,0,1,0.0,,,,,,,,,6,,0
11930,21980,76944,Bill Hanzlik,SEA,Seattle SuperSonics,0028000788,1981-03-04,SEA vs. IND,W,0,3,,,0.0,,,0,0,,,,,,,,,,6,,0
11931,21980,76583,James Donaldson,SEA,Seattle SuperSonics,0028000788,1981-03-04,SEA vs. IND,W,0,3,,,0.0,,,0,0,,,,,,,,,,6,,0
11932,21980,76317,Don Buse,IND,Indiana Pacers,0028000788,1981-03-04,IND @ SEA,L,0,2,,,2.0,,,0,0,,,,,,,,,,6,,0
11933,21980,77635,Lowes Moore,NJN,New Jersey Nets,0028000785,1981-03-03,NJN @ CHI,L,0,3,,,0.0,,,0,0,,,,,,,,,,6,,0
11934,21980,77420,Maurice Lucas,NJN,New Jersey Nets,0028000785,1981-03-03,NJN @ CHI,L,0,3,,,0.0,,,0,0,,,,,,,,,,6,,0
11935,21980,76899,Ernie Grunfeld,KCK,Kansas City Kings,0028000784,1981-03-03,KCK vs. LAL,L,0,3,,,0.0,,,0,0,,,,,,,,,,6,,0
11936,21980,76444,Michael Cooper,LAL,Los Angeles Lakers,0028000784,1981-03-03,LAL @ KCK,W,0,3,,,0.0,,,0,1,0.0,,,,,,,,,6,,0
11937,21980,76392,Jim Chones,LAL,Los Angeles Lakers,0028000784,1981-03-03,LAL @ KCK,W,0,3,,,0.0,,,0,0,,,,,,,,,,6,,0
11938,21980,76993,Gerald Henderson,BOS,Boston Celtics,0028000783,1981-03-03,BOS @ DAL,W,0,3,,,0.0,,,0,0,,,,,,,,,,6,,0
11939,21980,76599,Larry Drew,DET,Detroit Pistons,0028000781,1981-03-03,DET @ MIL,L,0,1,,,0.0,,,4,6,0.667,,,,,,,,,6,,0
11940,21980,77136,Clemon Johnson,IND,Indiana Pacers,0028000779,1981-03-03,IND @ POR,L,0,3,,,0.0,,,0,0,,,,,,,,,,6,,0
11941,21980,76436,Jeff Cook,PHX,Phoenix Suns,0028000778,1981-03-01,PHX @ LAL,W,0,3,,,0.0,,,0,0,,,,,,,,,,6,,0
11942,21980,600009,Rory Sparrow,NJN,New Jersey Nets,0028000777,1981-03-01,NJN vs. DET,L,0,3,,,0.0,,,0,0,,,,,,,,,,6,,0
11943,21980,77175,Caldwell Jones,PHL,Philadelphia 76ers,0028000776,1981-03-01,PHL @ BOS,L,0,2,,,0.0,,,2,2,1.0,,,,,,,,,6,,0
11944,21980,77168,Mickey Johnson,MIL,Milwaukee Bucks,0028000774,1981-03-01,MIL vs. WAS,W,0,2,,,0.0,,,2,2,1.0,,,,,,,,,6,,0
11945,21980,76500,Bob Dandridge,WAS,Washington Bullets,0028000774,1981-03-01,WAS @ MIL,L,0,3,,,0.0,,,0,0,,,,,,,,,,6,,0
11946,21980,76365,Harvey Catchings,MIL,Milwaukee Bucks,0028000774,1981-03-01,MIL vs. WAS,W,0,3,,,0.0,,,0,0,,,,,,,,,,6,,0
11947,21980,328,Rick Mahorn,WAS,Washington Bullets,0028000774,1981-03-01,WAS @ MIL,L,0,3,,,0.0,,,0,0,,,,,,,,,6.0,6,,0
11948,21980,78200,Randy Smith,CLE,Cleveland Cavaliers,0028000773,1981-03-01,CLE @ DEN,L,0,3,,,0.0,,,0,0,,,,,,,,,,6,,0
11949,21980,78467,Kermit Washington,POR,Portland Trail Blazers,0028000770,1981-03-01,POR vs. UTH,W,0,2,,,0.0,,,2,6,0.333,,,,,,,,,6,,0
11950,21980,77715,Carl Nicks,UTH,Utah Jazz,0028000770,1981-03-01,UTH @ POR,L,0,2,,,0.0,,,2,4,0.5,,,,,,,,,6,,0
11951,21980,77215,Jeff Judkins,UTH,Utah Jazz,0028000770,1981-03-01,UTH @ POR,L,0,2,,,0.0,,,2,2,1.0,,,,,,,,,6,,0
11952,21980,78481,Marvin Webster,NYK,New York Knicks,0028000769,1981-02-28,NYK vs. CHI,L,0,2,,,0.0,,,2,5,0.4,,,,,,,,,6,,0
11953,21980,76822,Mike Glenn,NYK,New York Knicks,0028000769,1981-02-28,NYK vs. CHI,L,0,2,,,0.0,,,2,2,1.0,,,,,,,,,6,,0
11954,21980,77582,Joe Meriweather,KCK,Kansas City Kings,0028000768,1981-02-28,KCK vs. GOS,L,0,2,,,0.0,,,2,2,1.0,,,,,,,,,6,,0
11955,21980,77331,John Lambert,KCK,Kansas City Kings,0028000768,1981-02-28,KCK vs. GOS,L,0,3,,,0.0,,,0,0,,,,,,,,,,6,,0
11956,21980,78577,Bill Willoughby,HOU,Houston Rockets,0028000767,1981-02-28,HOU vs. SDC,L,0,3,,,0.0,,,0,0,,,,,,,,,,6,,0
11957,21980,76985,Garfield Heard,SDC,San Diego Clippers,0028000767,1981-02-28,SDC @ HOU,W,0,3,,,0.0,,,0,0,,,,,,,,,,6,,0
11958,21980,76290,Joe Bryant,SDC,San Diego Clippers,0028000767,1981-02-28,SDC @ HOU,W,0,3,,,0.0,,,0,0,,,,,,,,,,6,,0
11959,21980,78132,Craig Shelton,ATL,Atlanta Hawks,0028000766,1981-02-27,ATL vs. BOS,L,0,3,,,0.0,,,0,0,,,,,,,,,,6,,0
11960,21980,76656,Bob Elliott,NJN,New Jersey Nets,0028000764,1981-02-27,NJN @ LAL,L,0,2,,,0.0,,,2,4,0.5,,,,,,,,,6,,0
11961,21980,76444,Michael Cooper,LAL,Los Angeles Lakers,0028000764,1981-02-27,LAL vs. NJN,W,0,3,,,0.0,,,0,0,,,,,,,,,,6,,0
11962,21980,77669,Calvin Murphy,HOU,Houston Rockets,0028000763,1981-02-27,HOU vs. SEA,W,0,3,,,0.0,,,0,0,,,,,,,,,,6,,0
11963,21980,76786,Calvin Garrett,HOU,Houston Rockets,0028000763,1981-02-27,HOU vs. SEA,W,0,3,,,0.0,,,0,0,,,,,,,,,,6,,0
11964,21980,76441,Wayne Cooper,UTH,Utah Jazz,0028000762,1981-02-27,UTH vs. PHL,L,0,3,,,0.0,,,0,0,,,,,,,,,,6,,0
11965,21980,78095,Alvin Scott,PHX,Phoenix Suns,0028000760,1981-02-27,PHX @ POR,L,0,3,,,0.0,,,0,1,0.0,,,,,,,,,6,,0
11966,21980,77022,Johnny High,PHX,Phoenix Suns,0028000760,1981-02-27,PHX @ POR,L,0,2,,,0.0,,,2,3,0.667,,,,,,,,,6,,0
11967,21980,77490,Scott May,CHI,Chicago Bulls,0028000759,1981-02-27,CHI vs. WAS,W,0,2,,,0.0,,,2,2,1.0,,,,,,,,,6,,0
11968,21980,77182,Dwight Jones,CHI,Chicago Bulls,0028000759,1981-02-27,CHI vs. WAS,W,0,3,,,0.0,,,0,0,,,,,,,,,,6,,0
11969,21980,77021,Kenny Higgs,DEN,Denver Nuggets,0028000758,1981-02-27,DEN vs. GOS,W,0,3,,,0.0,,,0,0,,,,,,,,,,6,,0
11970,21980,77633,Johnny Moore,SAN,San Antonio Spurs,0028000757,1981-02-26,SAN vs. SEA,W,0,2,,,0.0,,,2,2,1.0,,,,,,,,,6,,0
11971,21980,76249,Ron Brewer,SAN,San Antonio Spurs,0028000757,1981-02-26,SAN vs. SEA,W,0,3,,,0.0,,,0,0,,,,,,,,,,6,,0
11972,21980,77331,John Lambert,KCK,Kansas City Kings,0028000756,1981-02-26,KCK vs. DAL,W,0,1,,,0.0,,,4,4,1.0,,,,,,,,,6,,0
11973,21980,78577,Bill Willoughby,HOU,Houston Rockets,0028000755,1981-02-25,HOU vs. IND,W,0,1,,,0.0,,,4,4,1.0,,,,,,,,,6,,0
11974,21980,78481,Marvin Webster,NYK,New York Knicks,0028000754,1981-02-25,NYK @ WAS,L,0,3,,,0.0,,,0,0,,,,,,,,,,6,,0
11975,21980,77952,Micheal Ray Richardson,NYK,New York Knicks,0028000754,1981-02-25,NYK @ WAS,L,0,3,,,0.0,,,0,2,0.0,,,,,,,,,6,,0
11976,21980,76257,Allan Bristow,UTH,Utah Jazz,0028000752,1981-02-25,UTH vs. NJN,W,0,3,,,0.0,,,0,0,,,,,,,,,,6,,0
11977,21980,76733,Chris Ford,BOS,Boston Celtics,0028000751,1981-02-25,BOS vs. CLE,W,0,3,,,0.0,,,0,0,,,,,,,,,,6,,0
11978,21980,76351,M.L. Carr,BOS,Boston Celtics,0028000751,1981-02-25,BOS vs. CLE,W,0,3,,,0.0,,,0,0,,,,,,,,,,6,,0
11979,21980,76539,Darryl Dawkins,PHL,Philadelphia 76ers,0028000750,1981-02-25,PHL @ SDC,W,0,3,,,0.0,,,0,0,,,,,,,,,,6,,0
11980,21980,76385,Maurice Cheeks,PHL,Philadelphia 76ers,0028000750,1981-02-25,PHL @ SDC,W,0,3,,,0.0,,,0,0,,,,,,,,,,6,,0
11981,21980,77633,Johnny Moore,SAN,San Antonio Spurs,0028000747,1981-02-24,SAN vs. GOS,W,0,2,,,0.0,,,2,2,1.0,,,,,,,,,6,,0
11982,21980,78548,Freeman Williams,SDC,San Diego Clippers,0028000746,1981-02-24,SDC @ POR,W,0,3,,,0.0,,,0,0,,,,,,,,,,6,,0
11983,21980,77262,Chad Kinch,DAL,Dallas Mavericks,0028000745,1981-02-24,DAL vs. SEA,L,0,2,,,0.0,,,2,3,0.667,,,,,,,,,6,,0
11984,21980,77024,Armond Hill,SEA,Seattle SuperSonics,0028000745,1981-02-24,SEA @ DAL,W,0,2,,,0.0,,,2,3,0.667,,,,,,,,,6,,0
11985,21980,76583,James Donaldson,SEA,Seattle SuperSonics,0028000745,1981-02-24,SEA @ DAL,W,0,2,,,0.0,,,2,4,0.5,,,,,,,,,6,,0
11986,21980,78095,Alvin Scott,PHX,Phoenix Suns,0028000741,1981-02-22,PHX vs. PHL,W,0,1,,,0.0,,,4,5,0.8,,,,,,,,,6,,0
11987,21980,77618,Steve Mix,PHL,Philadelphia 76ers,0028000741,1981-02-22,PHL @ PHX,L,0,2,,,0.0,,,2,2,1.0,,,,,,,,,6,,0
11988,21980,77438,Kyle Macy,PHX,Phoenix Suns,0028000741,1981-02-22,PHX vs. PHL,W,0,3,,,0.0,,,0,0,,,,,,,,,,6,,0
11989,21980,76436,Jeff Cook,PHX,Phoenix Suns,0028000741,1981-02-22,PHX vs. PHL,W,0,1,,,0.0,,,4,4,1.0,,,,,,,,,6,,0
11990,21980,76583,James Donaldson,SEA,Seattle SuperSonics,0028000740,1981-02-22,SEA vs. HOU,L,0,3,,,0.0,,,0,0,,,,,,,,,,6,,0
11991,21980,77334,Mark Landsberger,LAL,Los Angeles Lakers,0028000739,1981-02-22,LAL @ NYK,W,0,2,,,0.0,,,2,2,1.0,,,,,,,,,6,,0
11992,21980,76392,Jim Chones,LAL,Los Angeles Lakers,0028000739,1981-02-22,LAL @ NYK,W,0,3,,,0.0,,,0,2,0.0,,,,,,,,,6,,0
11993,21980,78537,Jeff Wilkins,UTH,Utah Jazz,0028000738,1981-02-22,UTH @ SDC,L,0,3,,,0.0,,,0,0,,,,,,,,,,6,,0
11994,21980,76290,Joe Bryant,SDC,San Diego Clippers,0028000738,1981-02-22,SDC vs. UTH,W,0,2,,,0.0,,,2,2,1.0,,,,,,,,,6,,0
11995,21980,76966,Joey Hassett,GOS,Golden State Warriors,0028000736,1981-02-22,GOS vs. KCK,W,0,2,,,0.0,,,2,2,1.0,,,,,,,,,6,,0
11996,21980,76899,Ernie Grunfeld,KCK,Kansas City Kings,0028000736,1981-02-22,KCK @ GOS,L,0,3,,,0.0,,,0,0,,,,,,,,,,6,,0
11997,21980,76618,T.R. Dunn,DEN,Denver Nuggets,0028000732,1981-02-21,DEN vs. KCK,W,0,2,,,0.0,,,2,2,1.0,,,,,,,,,6,,0
11998,21980,77364,Ron Lee,DET,Detroit Pistons,0028000731,1981-02-21,DET vs. BOS,L,0,1,,,0.0,,,4,4,1.0,,,,,,,,,6,,0
11999,21980,1450,Kevin McHale,BOS,Boston Celtics,0028000731,1981-02-21,BOS @ DET,W,0,3,,,0.0,,,0,0,,,,,,,,,,6,,0
12000,21980,78139,Purvis Short,GOS,Golden State Warriors,0028000729,1981-02-20,GOS vs. SDC,L,0,3,,,0.0,,,0,0,,,,,,,,,,6,,0
12001,21980,76686,Mike Evans,MIL,Milwaukee Bucks,0028000728,1981-02-20,MIL @ KCK,L,0,3,,,0.0,,,0,0,,,,,,,,,,6,,0
12002,21980,77438,Kyle Macy,PHX,Phoenix Suns,0028000726,1981-02-20,PHX @ SEA,L,0,3,,,0.0,,,0,0,,,,,,,,,,6,,0
12003,21980,77246,Larry Kenon,CHI,Chicago Bulls,0028000724,1981-02-20,CHI @ UTH,W,0,3,,,0.0,,,0,0,,,,,,,,,,6,,0
12004,21980,76567,Coby Dietrick,CHI,Chicago Bulls,0028000724,1981-02-20,CHI @ UTH,W,0,3,,,0.0,,,0,0,,,,,,,,,,6,,0
12005,21980,77262,Chad Kinch,DAL,Dallas Mavericks,0028000722,1981-02-20,DAL @ PHL,L,0,3,,,0.0,,,0,0,,,,,,,,,,6,,0
12006,21980,77175,Caldwell Jones,PHL,Philadelphia 76ers,0028000722,1981-02-20,PHL vs. DAL,W,0,3,,,0.0,,,0,0,,,,,,,,,,6,,0
12007,21980,76011,Alvan Adams,PHX,Phoenix Suns,0028000875,1981-02-19,PHX @ DEN,L,0,2,,,0.0,,,2,2,1.0,,,,,,,,,6,,0
12008,21980,77193,Bobby Jones,PHL,Philadelphia 76ers,0028000719,1981-02-19,PHL @ WAS,L,0,3,,,0.0,,,0,0,,,,,,,,,,6,,0
12009,21980,76418,Don Collins,WAS,Washington Bullets,0028000719,1981-02-19,WAS vs. PHL,W,0,3,,,0.0,,,0,1,0.0,,,,,,,,,6,,0
12010,21980,76385,Maurice Cheeks,PHL,Philadelphia 76ers,0028000719,1981-02-19,PHL @ WAS,L,0,3,,,0.0,,,0,0,,,,,,,,,,6,,0
12011,21980,77817,Billy Paultz,HOU,Houston Rockets,0028000717,1981-02-19,HOU @ SDC,L,0,3,,,0.0,,,0,0,,,,,,,,,,6,,0
12012,21980,77175,Caldwell Jones,PHL,Philadelphia 76ers,0028000715,1981-02-18,PHL vs. DET,W,0,3,,,0.0,,,0,0,,,,,,,,,,6,,0
12013,21980,76539,Darryl Dawkins,PHL,Philadelphia 76ers,0028000715,1981-02-18,PHL vs. DET,W,0,3,,,0.0,,,0,0,,,,,,,,,,6,,0
12014,21980,76385,Maurice Cheeks,PHL,Philadelphia 76ers,0028000715,1981-02-18,PHL vs. DET,W,0,3,,,0.0,,,0,0,,,,,,,,,,6,,0
12015,21980,76881,David Greenwood,CHI,Chicago Bulls,0028000714,1981-02-18,CHI @ GOS,L,0,2,,,0.0,,,2,2,1.0,,,,,,,,,6,,0
12016,21980,78481,Marvin Webster,NYK,New York Knicks,0028000713,1981-02-18,NYK @ SEA,W,0,1,,,0.0,,,4,5,0.8,,,,,,,,,6,,0
12017,21980,77024,Armond Hill,SEA,Seattle SuperSonics,0028000713,1981-02-18,SEA vs. NYK,L,0,0,,,0.0,,,6,8,0.75,,,,,,,,,6,,0
12018,21980,76899,Ernie Grunfeld,KCK,Kansas City Kings,0028000712,1981-02-18,KCK vs. BOS,W,0,3,,,0.0,,,0,0,,,,,,,,,,6,,0
12019,21980,77532,George McGinnis,IND,Indiana Pacers,0028000711,1981-02-18,IND vs. ATL,L,0,2,,,0.0,,,2,5,0.4,,,,,,,,,6,,0
12020,21980,78481,Marvin Webster,NYK,New York Knicks,0028000710,1981-02-17,NYK @ LAL,L,0,1,,,0.0,,,4,6,0.667,,,,,,,,,6,,0
12021,21980,76567,Coby Dietrick,CHI,Chicago Bulls,0028000708,1981-02-17,CHI @ SDC,L,0,2,,,0.0,,,2,2,1.0,,,,,,,,,6,,0
12022,21980,77504,Andre McCarter,WAS,Washington Bullets,0028000707,1981-02-17,WAS vs. POR,L,0,3,,,0.0,,,0,0,,,,,,,,,,6,,0
12023,21980,77438,Kyle Macy,PHX,Phoenix Suns,0028000706,1981-02-17,PHX vs. GOS,W,0,3,,,0.0,,,0,0,,,,,,,,,,6,,0
12024,21980,77235,Rich Kelley,PHX,Phoenix Suns,0028000706,1981-02-17,PHX vs. GOS,W,0,1,,,0.0,,,4,5,0.8,,,,,,,,,6,,0
12025,21980,76889,Paul Griffin,SAN,San Antonio Spurs,0028000704,1981-02-17,SAN vs. BOS,L,0,2,,,0.0,,,2,2,1.0,,,,,,,,,6,,0
12026,21980,100263,Bill Laimbeer,CLE,Cleveland Cavaliers,0028000703,1981-02-17,CLE vs. DET,W,0,3,,,0.0,,,0,0,,,,,,,,,,6,,0
12027,21980,78200,Randy Smith,CLE,Cleveland Cavaliers,0028000703,1981-02-17,CLE vs. DET,W,0,3,,,0.0,,,0,0,,,,,,,,,,6,,0
12028,21980,76242,Mike Bratz,CLE,Cleveland Cavaliers,0028000703,1981-02-17,CLE vs. DET,W,0,2,,,0.0,,,2,2,1.0,,,,,,,,,6,,0
12029,21980,77396,Scott Lloyd,DAL,Dallas Mavericks,0028000701,1981-02-15,DAL @ LAL,L,0,3,,,0.0,,,0,0,,,,,,,,,,6,,0
12030,21980,76392,Jim Chones,LAL,Los Angeles Lakers,0028000701,1981-02-15,LAL vs. DAL,W,0,3,,,0.0,,,0,0,,,,,,,,,,6,,0
12031,21980,76248,Jim Brewer,LAL,Los Angeles Lakers,0028000701,1981-02-15,LAL vs. DAL,W,0,3,,,0.0,,,0,0,,,,,,,,,,6,,0
12032,21980,77024,Armond Hill,SEA,Seattle SuperSonics,0028000700,1981-02-15,SEA @ KCK,L,0,2,,,0.0,,,2,2,1.0,,,,,,,,,6,,0
12033,21980,76899,Ernie Grunfeld,KCK,Kansas City Kings,0028000700,1981-02-15,KCK vs. SEA,W,0,3,,,0.0,,,0,0,,,,,,,,,,6,,0
12034,21980,77786,Tom Owens,POR,Portland Trail Blazers,0028000699,1981-02-15,POR vs. UTH,W,0,2,,,0.0,,,2,2,1.0,,,,,,,,,6,,0
12035,21980,77691,Calvin Natt,POR,Portland Trail Blazers,0028000699,1981-02-15,POR vs. UTH,W,0,3,,,0.0,,,0,0,,,,,,,,,,6,,0
12036,21980,77149,George Johnson,SAN,San Antonio Spurs,0028000698,1981-02-15,SAN vs. MIL,W,0,2,,,0.0,,,2,4,0.5,,,,,,,,,6,,0
12037,21980,76802,Gus Gerard,SAN,San Antonio Spurs,0028000698,1981-02-15,SAN vs. MIL,W,0,3,,,0.0,,,0,0,,,,,,,,,,6,,0
12038,21980,76686,Mike Evans,MIL,Milwaukee Bucks,0028000698,1981-02-15,MIL @ SAN,L,0,2,,,0.0,,,2,2,1.0,,,,,,,,,6,,0
12039,21980,76296,Quinn Buckner,MIL,Milwaukee Bucks,0028000698,1981-02-15,MIL @ SAN,L,0,3,,,0.0,,,0,0,,,,,,,,,,6,,0
12040,21980,76526,Johnny Davis,IND,Indiana Pacers,0028000697,1981-02-15,IND vs. CHI,W,0,0,,,0.0,,,6,8,0.75,,,,,,,,,6,,0
12041,21980,77308,Joel Kramer,PHX,Phoenix Suns,0028000695,1981-02-15,PHX vs. NYK,L,0,2,,,0.0,,,2,2,1.0,,,,,,,,,6,,0
12042,21980,77618,Steve Mix,PHL,Philadelphia 76ers,0028000694,1981-02-15,PHL vs. ATL,W,0,2,,,0.0,,,2,2,1.0,,,,,,,,,6,,0
12043,21980,77553,Tom McMillen,ATL,Atlanta Hawks,0028000694,1981-02-15,ATL @ PHL,L,0,3,,,0.0,,,0,0,,,,,,,,,,6,,0
12044,21980,77858,Stan Pietkiewicz,DAL,Dallas Mavericks,0028000692,1981-02-14,DAL vs. SAN,L,0,3,,,0.0,,,0,0,,,,,,,,,,6,,0
12045,21980,77848,Roger Phegley,CLE,Cleveland Cavaliers,0028000690,1981-02-14,CLE vs. GOS,W,0,3,,,0.0,,,0,0,,,,,,,,,,6,,0
12046,21980,76618,T.R. Dunn,DEN,Denver Nuggets,0028000688,1981-02-13,DEN vs. POR,W,0,3,,,0.0,,,0,0,,,,,,,,,,6,,0
12047,21980,76474,Jeffrey Crompton,POR,Portland Trail Blazers,0028000688,1981-02-13,POR @ DEN,L,0,3,,,0.0,,,0,0,,,,,,,,,,6,,0
12048,21980,78548,Freeman Williams,SDC,San Diego Clippers,0028000687,1981-02-13,SDC @ PHX,L,0,3,,,0.0,,,0,0,,,,,,,,,,6,,0
12049,21980,78015,Lorenzo Romar,GOS,Golden State Warriors,0028000686,1981-02-13,GOS @ MIL,W,0,3,,,0.0,,,0,0,,,,,,,,,,6,,0
12050,21980,77353,Allen Leavell,HOU,Houston Rockets,0028000685,1981-02-13,HOU vs. LAL,L,0,3,,,0.0,,,0,0,,,,,,,,,,6,,0
12051,21980,77334,Mark Landsberger,LAL,Los Angeles Lakers,0028000685,1981-02-13,LAL @ HOU,W,0,3,,,0.0,,,0,0,,,,,,,,,,6,,0
12052,21980,76392,Jim Chones,LAL,Los Angeles Lakers,0028000685,1981-02-13,LAL @ HOU,W,0,3,,,0.0,,,0,2,0.0,,,,,,,,,6,,0
12053,21980,77754,Mike O'Koren,NJN,New Jersey Nets,0028000683,1981-02-13,NJN vs. IND,W,0,3,,,0.0,,,0,0,,,,,,,,,,6,,0
12054,21980,78449,Lloyd Walton,KCK,Kansas City Kings,0028000682,1981-02-13,KCK vs. ATL,W,0,3,,,0.0,,,0,0,,,,,,,,,,6,,0
12055,21980,77149,George Johnson,SAN,San Antonio Spurs,0028000679,1981-02-12,SAN vs. ATL,W,0,2,,,0.0,,,2,3,0.667,,,,,,,,,6,,0
12056,21980,78442,Wally Walker,SEA,Seattle SuperSonics,0028000678,1981-02-12,SEA @ POR,W,0,3,,,0.0,,,0,2,0.0,,,,,,,,,6,,0
12057,21980,77691,Calvin Natt,POR,Portland Trail Blazers,0028000678,1981-02-12,POR vs. SEA,L,0,3,,,0.0,,,0,0,,,,,,,,,,6,,0
12058,21980,76771,Mike Gale,POR,Portland Trail Blazers,0028000678,1981-02-12,POR vs. SEA,L,0,2,,,0.0,,,2,2,1.0,,,,,,,,,6,,0
12059,21980,77618,Steve Mix,PHL,Philadelphia 76ers,0028000676,1981-02-11,PHL vs. CLE,W,0,2,,,0.0,,,2,2,1.0,,,,,,,,,6,,0
12060,21980,78095,Alvin Scott,PHX,Phoenix Suns,0028000675,1981-02-11,PHX vs. DAL,W,0,1,,,0.0,,,4,4,1.0,,,,,,,,,6,,0
12061,21980,77432,Ollie Mack,DAL,Dallas Mavericks,0028000675,1981-02-11,DAL @ PHX,L,0,2,,,0.0,,,2,2,1.0,,,,,,,,,6,,0
12062,21980,78400,Jan Van Breda Kolff,NJN,New Jersey Nets,0028000674,1981-02-11,NJN vs. CHI,W,0,2,,,0.0,,,2,2,1.0,,,,,,,,,6,,0
12063,21980,77754,Mike O'Koren,NJN,New Jersey Nets,0028000674,1981-02-11,NJN vs. CHI,W,0,3,,,0.0,,,0,0,,,,,,,,,,6,,0
12064,21980,78537,Jeff Wilkins,UTH,Utah Jazz,0028000672,1981-02-11,UTH @ KCK,L,0,3,,,0.0,,,0,0,,,,,,,,,,6,,0
12065,21980,76899,Ernie Grunfeld,KCK,Kansas City Kings,0028000672,1981-02-11,KCK vs. UTH,W,0,3,,,0.0,,,0,0,,,,,,,,,,6,,0
12066,21980,78531,Bob Wilkerson,CHI,Chicago Bulls,0028000669,1981-02-10,CHI vs. KCK,W,0,3,,,0.0,,,0,0,,,,,,,,,,6,,0
12067,21980,77582,Joe Meriweather,KCK,Kansas City Kings,0028000669,1981-02-10,KCK @ CHI,L,0,1,,,0.0,,,4,7,0.571,,,,,,,,,6,,0
12068,21980,77432,Ollie Mack,DAL,Dallas Mavericks,0028000667,1981-02-10,DAL vs. DET,L,0,3,,,0.0,,,0,0,,,,,,,,,,6,,0
12069,21980,77071,Phil Hubbard,DET,Detroit Pistons,0028000667,1981-02-10,DET @ DAL,W,0,3,,,0.0,,,0,0,,,,,,,,,,6,,0
12070,21980,77998,Dave Robisch,DEN,Denver Nuggets,0028000666,1981-02-10,DEN vs. WAS,L,0,3,,,0.0,,,0,0,,,,,,,,,,6,,0
12071,21980,77152,John Johnson,SEA,Seattle SuperSonics,0028000665,1981-02-10,SEA vs. BOS,W,0,2,,,0.0,,,2,2,1.0,,,,,,,,,6,,0
12072,21980,78132,Craig Shelton,ATL,Atlanta Hawks,0028000664,1981-02-10,ATL vs. GOS,W,0,3,,,0.0,,,0,0,,,,,,,,,,6,,0
12073,21980,78015,Lorenzo Romar,GOS,Golden State Warriors,0028000664,1981-02-10,GOS @ ATL,L,0,3,,,0.0,,,0,2,0.0,,,,,,,,,6,,0
12074,21980,76471,Charlie Criss,ATL,Atlanta Hawks,0028000664,1981-02-10,ATL vs. GOS,W,0,2,,,0.0,,,2,2,1.0,,,,,,,,,6,,0
12075,21980,77364,Ron Lee,DET,Detroit Pistons,0028000663,1981-02-08,DET vs. IND,L,0,2,,,0.0,,,2,3,0.667,,,,,,,,,6,,0
12076,21980,76005,Tom Abernethy,IND,Indiana Pacers,0028000663,1981-02-08,IND @ DET,W,0,3,,,0.0,,,0,0,,,,,,,,,,6,,0
12077,21980,76985,Garfield Heard,SDC,San Diego Clippers,0028000662,1981-02-08,SDC @ BOS,L,0,3,,,0.0,,,0,0,,,,,,,,,,6,,0
12078,21980,76290,Joe Bryant,SDC,San Diego Clippers,0028000662,1981-02-08,SDC @ BOS,L,0,2,,,0.0,,,2,2,1.0,,,,,,,,,6,,0
12079,21980,78015,Lorenzo Romar,GOS,Golden State Warriors,0028000661,1981-02-08,GOS vs. UTH,W,0,3,,,0.0,,,0,0,,,,,,,,,,6,,0
12080,21980,76874,Rickey Green,UTH,Utah Jazz,0028000661,1981-02-08,UTH @ GOS,L,0,3,,,0.0,,,0,0,,,,,,,,,,6,,0
12081,21980,76441,Wayne Cooper,UTH,Utah Jazz,0028000661,1981-02-08,UTH @ GOS,L,0,3,,,0.0,,,0,0,,,,,,,,,,6,,0
12082,21980,76151,Mel Bennett,UTH,Utah Jazz,0028000661,1981-02-08,UTH @ GOS,L,0,2,,,0.0,,,2,3,0.667,,,,,,,,,6,,0
12083,21980,78310,Reggie Theus,CHI,Chicago Bulls,0028000660,1981-02-08,CHI @ MIL,L,0,2,,,0.0,,,2,4,0.5,,,,,,,,,6,,0
12084,21980,77160,Marques Johnson,MIL,Milwaukee Bucks,0028000660,1981-02-08,MIL vs. CHI,W,0,3,,,0.0,,,0,3,0.0,,,,,,,,,6,,0
12085,21980,76567,Coby Dietrick,CHI,Chicago Bulls,0028000660,1981-02-08,CHI @ MIL,L,0,2,,,0.0,,,2,3,0.667,,,,,,,,,6,,0
12086,21980,77024,Armond Hill,SEA,Seattle SuperSonics,0028000659,1981-02-08,SEA vs. DEN,W,0,3,,,0.0,,,0,0,,,,,,,,,,6,,0
12087,21980,77331,John Lambert,KCK,Kansas City Kings,0028000658,1981-02-08,KCK @ POR,L,0,3,,,0.0,,,0,0,,,,,,,,,,6,,0
12088,21980,76954,Mike Harper,POR,Portland Trail Blazers,0028000658,1981-02-08,POR vs. KCK,W,0,3,,,0.0,,,0,0,,,,,,,,,,6,,0
12089,21980,77163,Reggie Johnson,SAN,San Antonio Spurs,0028000656,1981-02-08,SAN vs. DAL,W,0,2,,,0.0,,,2,2,1.0,,,,,,,,6.0,6,,0
12090,21980,76095,Mike Bantom,IND,Indiana Pacers,0028000652,1981-02-07,IND vs. CLE,W,0,3,,,0.0,,,0,0,,,,,,,,,,6,,0
12091,21980,76786,Calvin Garrett,HOU,Houston Rockets,0028000651,1981-02-07,HOU vs. ATL,W,0,3,,,0.0,,,0,0,,,,,,,,,,6,,0
12092,21980,77419,John Lucas,GOS,Golden State Warriors,0028000649,1981-02-07,GOS @ DEN,L,0,3,,,0.0,,,0,3,0.0,,,,,,,,,6,,0
12093,21980,76386,Phil Chenier,GOS,Golden State Warriors,0028000649,1981-02-07,GOS @ DEN,L,0,2,,,0.0,,,2,2,1.0,,,,,,,,,6,,0
12094,21980,78215,Ricky Sobers,CHI,Chicago Bulls,0028000648,1981-02-07,CHI vs. DET,W,0,2,,,0.0,,,2,2,1.0,,,,,,,,,6,,0
12095,21980,76257,Allan Bristow,UTH,Utah Jazz,0028000647,1981-02-06,UTH vs. DEN,L,0,2,,,0.0,,,2,2,1.0,,,,,,,,,6,,0
12096,21980,76385,Maurice Cheeks,PHL,Philadelphia 76ers,0028000646,1981-02-06,PHL vs. SDC,W,0,2,,,0.0,,,2,2,1.0,,,,,,,,,6,,0
12097,21980,76889,Paul Griffin,SAN,San Antonio Spurs,0028000644,1981-02-06,SAN vs. POR,W,0,1,,,0.0,,,4,6,0.667,,,,,,,,,6,,0
12098,21980,77364,Ron Lee,DET,Detroit Pistons,0028000643,1981-02-06,DET vs. LAL,L,0,3,,,0.0,,,0,0,,,,,,,,,,6,,0
12099,21980,76355,Butch Carter,LAL,Los Angeles Lakers,0028000643,1981-02-06,LAL @ DET,W,0,2,,,0.0,,,2,2,1.0,,,,,,,,,6,,0
12100,21980,78577,Bill Willoughby,HOU,Houston Rockets,0028000642,1981-02-06,HOU @ PHX,L,0,3,,,0.0,,,0,0,,,,,,,,,,6,,0
12101,21980,78095,Alvin Scott,PHX,Phoenix Suns,0028000642,1981-02-06,PHX vs. HOU,W,0,3,,,0.0,,,0,0,,,,,,,,,,6,,0
12102,21980,77817,Billy Paultz,HOU,Houston Rockets,0028000642,1981-02-06,HOU @ PHX,L,0,2,,,0.0,,,2,5,0.4,,,,,,,,,6,,0
12103,21980,77438,Kyle Macy,PHX,Phoenix Suns,0028000642,1981-02-06,PHX vs. HOU,W,0,2,,,0.0,,,2,2,1.0,,,,,,,,,6,,0
12104,21980,77553,Tom McMillen,ATL,Atlanta Hawks,0028000641,1981-02-06,ATL @ DAL,W,0,3,,,0.0,,,0,1,0.0,,,,,,,,,6,,0
12105,21980,76971,Steve Hawes,ATL,Atlanta Hawks,0028000641,1981-02-06,ATL @ DAL,W,0,3,,,0.0,,,0,0,,,,,,,,,,6,,0
12106,21980,77136,Clemon Johnson,IND,Indiana Pacers,0028000640,1981-02-06,IND @ BOS,L,0,3,,,0.0,,,0,0,,,,,,,,,,6,,0
12107,21980,76317,Don Buse,IND,Indiana Pacers,0028000640,1981-02-06,IND @ BOS,L,0,2,,,0.0,,,2,2,1.0,,,,,,,,,6,,0
12108,21980,76348,Austin Carr,WAS,Washington Bullets,0028000639,1981-02-06,WAS @ GOS,W,0,3,,,0.0,,,0,0,,,,,,,,,,6,,0
12109,21980,77326,Sam Lacey,KCK,Kansas City Kings,0028000638,1981-02-06,KCK @ SEA,W,0,2,,,0.0,,,2,2,1.0,,,,,,,,,6,,0
12110,21980,77167,Vinnie Johnson,SEA,Seattle SuperSonics,0028000638,1981-02-06,SEA vs. KCK,L,0,3,,,0.0,,,0,0,,,,,,,,,,6,,0
12111,21980,76583,James Donaldson,SEA,Seattle SuperSonics,0028000638,1981-02-06,SEA vs. KCK,L,0,1,,,0.0,,,4,4,1.0,,,,,,,,,6,,0
12112,21980,77917,Clifford Ray,GOS,Golden State Warriors,0028000635,1981-02-04,GOS vs. POR,W,0,3,,,0.0,,,0,0,,,,,,,,,,6,,0
12113,21980,76386,Phil Chenier,GOS,Golden State Warriors,0028000635,1981-02-04,GOS vs. POR,W,0,2,,,0.0,,,2,2,1.0,,,,,,,,,6,,0
12114,21980,77532,George McGinnis,IND,Indiana Pacers,0028000634,1981-02-04,IND vs. LAL,L,0,2,,,0.0,,,2,2,1.0,,,,,,,,,6,,0
12115,21980,77136,Clemon Johnson,IND,Indiana Pacers,0028000634,1981-02-04,IND vs. LAL,L,0,2,,,0.0,,,2,2,1.0,,,,,,,,,6,,0
12116,21980,76317,Don Buse,IND,Indiana Pacers,0028000634,1981-02-04,IND vs. LAL,L,0,3,,,0.0,,,0,1,0.0,,,,,,,,,6,,0
12117,21980,76231,Dudley Bradley,IND,Indiana Pacers,0028000634,1981-02-04,IND vs. LAL,L,0,1,,,0.0,,,4,4,1.0,,,,,,,,,6,,0
12118,21980,78057,Frankie Sanders,KCK,Kansas City Kings,0028000633,1981-02-04,KCK vs. DET,W,0,3,,,0.0,,,0,0,,,,,,,,,,6,,0
12119,21980,78222,Jim Spanarkel,DAL,Dallas Mavericks,0028000632,1981-02-04,DAL @ HOU,L,0,3,,,0.0,,,0,0,,,,,,,,,,6,,0
12120,21980,77432,Ollie Mack,DAL,Dallas Mavericks,0028000632,1981-02-04,DAL @ HOU,L,0,3,,,0.0,,,0,1,0.0,,,,,,,,,6,,0
12121,21980,77396,Scott Lloyd,DAL,Dallas Mavericks,0028000632,1981-02-04,DAL @ HOU,L,0,3,,,0.0,,,0,0,,,,,,,,,,6,,0
12122,21980,77126,Abdul Jeelani,DAL,Dallas Mavericks,0028000632,1981-02-04,DAL @ HOU,L,0,1,,,0.0,,,4,4,1.0,,,,,,,,,6,,0
12123,21980,77087,Geoff Huston,DAL,Dallas Mavericks,0028000632,1981-02-04,DAL @ HOU,L,0,3,,,0.0,,,0,0,,,,,,,,,,6,,0
12124,21980,76616,Mike Dunleavy,HOU,Houston Rockets,0028000632,1981-02-04,HOU vs. DAL,W,0,2,,,0.0,,,2,3,0.667,,,,,,,,,6,,0
12125,21980,78516,Jerome Whitehead,SDC,San Diego Clippers,0028000631,1981-02-04,SDC @ NJN,W,0,1,,,0.0,,,4,5,0.8,,,,,,,,,6,,0
12126,21980,77689,Swen Nater,SDC,San Diego Clippers,0028000631,1981-02-04,SDC @ NJN,W,0,2,,,0.0,,,2,2,1.0,,,,,,,,,6,,0
12127,21980,76162,Henry Bibby,SDC,San Diego Clippers,0028000631,1981-02-04,SDC @ NJN,W,0,1,,,0.0,,,4,4,1.0,,,,,,,,,6,,0
12128,21980,76441,Wayne Cooper,UTH,Utah Jazz,0028000630,1981-02-04,UTH @ PHX,L,0,3,,,0.0,,,0,0,,,,,,,,,,6,,0
12129,21980,76539,Darryl Dawkins,PHL,Philadelphia 76ers,0028000629,1981-02-04,PHL vs. BOS,W,0,2,,,0.0,,,2,2,1.0,,,,,,,,6.0,6,,0
12130,21980,76979,Elvin Hayes,WAS,Washington Bullets,0028000628,1981-02-04,WAS @ SEA,L,0,2,,,0.0,,,2,5,0.4,,,,,,,,,6,,0
12131,21980,76583,James Donaldson,SEA,Seattle SuperSonics,0028000628,1981-02-04,SEA vs. WAS,W,0,2,,,0.0,,,2,5,0.4,,,,,,,,,6,,0
12132,21980,76418,Don Collins,WAS,Washington Bullets,0028000628,1981-02-04,WAS @ SEA,L,0,2,,,0.0,,,2,3,0.667,,,,,,,,,6,,0
12133,21980,78531,Bob Wilkerson,CHI,Chicago Bulls,0028000627,1981-02-04,CHI @ CLE,W,0,3,,,0.0,,,0,1,0.0,,,,,,,,,6,,0
12134,21980,78390,Terry Tyler,DET,Detroit Pistons,0028000625,1981-02-03,DET @ SAN,L,0,3,,,0.0,,,0,2,0.0,,,,,,,,,6,,0
12135,21980,77996,Wayne Robinson,DET,Detroit Pistons,0028000625,1981-02-03,DET @ SAN,L,0,3,,,0.0,,,0,2,0.0,,,,,,,,,6,,0
12136,21980,77623,Paul Mokeski,DET,Detroit Pistons,0028000625,1981-02-03,DET @ SAN,L,0,3,,,0.0,,,0,2,0.0,,,,,,,,,6,,0
12137,21980,76954,Mike Harper,POR,Portland Trail Blazers,0028000624,1981-02-03,POR vs. WAS,W,0,3,,,0.0,,,0,0,,,,,,,,,,6,,0
12138,21980,76348,Austin Carr,WAS,Washington Bullets,0028000624,1981-02-03,WAS @ POR,L,0,3,,,0.0,,,0,0,,,,,,,,,,6,,0
12139,21980,76365,Harvey Catchings,MIL,Milwaukee Bucks,0028000623,1981-02-03,MIL vs. IND,L,0,3,,,0.0,,,0,0,,,,,,,,,,6,,0
12140,21980,77817,Billy Paultz,HOU,Houston Rockets,0028000622,1981-02-03,HOU vs. DEN,W,0,3,,,0.0,,,0,1,0.0,,,,,,,,6.0,6,,0
12141,21980,77553,Tom McMillen,ATL,Atlanta Hawks,0028000620,1981-02-03,ATL vs. PHL,L,0,2,,,0.0,,,2,2,1.0,,,,,,,,,6,,0
12142,21980,77175,Caldwell Jones,PHL,Philadelphia 76ers,0028000620,1981-02-03,PHL @ ATL,W,0,3,,,0.0,,,0,0,,,,,,,,,,6,,0
12143,21980,76290,Joe Bryant,SDC,San Diego Clippers,0028000619,1981-02-03,SDC @ NYK,L,0,2,,,0.0,,,2,2,1.0,,,,,,,,,6,,0
12144,21980,77235,Rich Kelley,PHX,Phoenix Suns,0028000618,1981-01-29,PHX @ CLE,L,0,3,,,0.0,,,0,0,,,,,,,,,,6,,0
12145,21980,76954,Mike Harper,POR,Portland Trail Blazers,0028000617,1981-01-29,POR @ SDC,W,0,3,,,0.0,,,0,0,,,,,,,,,,6,,0
12146,21980,77490,Scott May,CHI,Chicago Bulls,0028000616,1981-01-29,CHI vs. BOS,W,0,2,,,0.0,,,2,2,1.0,,,,,,,,,6,,0
12147,21980,77364,Ron Lee,DET,Detroit Pistons,0028000615,1981-01-29,DET vs. GOS,L,0,3,,,0.0,,,0,0,,,,,,,,,6.0,6,,0
12148,21980,77348,Ed Lawrence,DET,Detroit Pistons,0028000615,1981-01-29,DET vs. GOS,L,0,2,,,0.0,,,2,4,0.5,,,,,,,,,6,,0
12149,21980,78600,Brian Winters,MIL,Milwaukee Bucks,0028000614,1981-01-29,MIL @ DEN,L,0,3,,,0.0,,,0,0,,,,,,,,,,6,,0
12150,21980,77334,Mark Landsberger,LAL,Los Angeles Lakers,0028000613,1981-01-29,LAL vs. KCK,W,0,3,,,0.0,,,0,0,,,,,,,,,,6,,0
12151,21980,78400,Jan Van Breda Kolff,NJN,New Jersey Nets,0028000612,1981-01-29,NJN @ SAN,L,0,1,,,0.0,,,4,4,1.0,,,,,,,,,6,,0
12152,21980,77528,Jim McElroy,ATL,Atlanta Hawks,0028000611,1981-01-29,ATL vs. NYK,L,0,3,,,0.0,,,0,0,,,,,,,,,,6,,0
12153,21980,77936,Robert Reid,HOU,Houston Rockets,0028000610,1981-01-29,HOU @ UTH,L,0,3,,,0.0,,,0,1,0.0,,,,,,,,,6,,0
12154,21980,77353,Allen Leavell,HOU,Houston Rockets,0028000610,1981-01-29,HOU @ UTH,L,0,3,,,0.0,,,0,0,,,,,,,,,,6,,0
12155,21980,76996,Tom Henderson,HOU,Houston Rockets,0028000610,1981-01-29,HOU @ UTH,L,0,3,,,0.0,,,0,0,,,,,,,,,,6,,0
12156,21980,78600,Brian Winters,MIL,Milwaukee Bucks,0028000609,1981-01-28,MIL @ SEA,W,0,2,,,0.0,,,2,2,1.0,,,,,,,,,6,,0
12157,21980,76944,Bill Hanzlik,SEA,Seattle SuperSonics,0028000609,1981-01-28,SEA vs. MIL,L,0,2,,,0.0,,,2,2,1.0,,,,,,,,,6,,0
12158,21980,78577,Bill Willoughby,HOU,Houston Rockets,0028000607,1981-01-28,HOU vs. NJN,W,0,3,,,0.0,,,0,0,,,,,,,,,,6,,0
12159,21980,77817,Billy Paultz,HOU,Houston Rockets,0028000607,1981-01-28,HOU vs. NJN,W,0,2,,,0.0,,,2,3,0.667,,,,,,,,,6,,0
12160,21980,77635,Lowes Moore,NJN,New Jersey Nets,0028000607,1981-01-28,NJN @ HOU,L,0,3,,,0.0,,,0,0,,,,,,,,,,6,,0
12161,21980,76599,Larry Drew,DET,Detroit Pistons,0028000599,1981-01-27,DET @ DEN,L,0,2,,,0.0,,,2,3,0.667,,,,,,,,,6,,0
12162,21980,78222,Jim Spanarkel,DAL,Dallas Mavericks,0028000597,1981-01-27,DAL vs. NJN,L,0,2,,,0.0,,,2,2,1.0,,,,,,,,,6,,0
12163,21980,78015,Lorenzo Romar,GOS,Golden State Warriors,0028000604,1981-01-27,GOS @ CHI,L,0,2,,,0.0,,,2,3,0.667,,,,,,,,,6,,0
12164,21980,77582,Joe Meriweather,KCK,Kansas City Kings,0028000602,1981-01-27,KCK @ SDC,L,0,3,,,0.0,,,0,1,0.0,,,,,,,,,6,,0
12165,21980,78132,Craig Shelton,ATL,Atlanta Hawks,0028000601,1981-01-27,ATL vs. WAS,L,0,3,,,0.0,,,0,0,,,,,,,,,,6,,0
12166,21980,77829,Sam Pellom,ATL,Atlanta Hawks,0028000601,1981-01-27,ATL vs. WAS,L,0,3,,,0.0,,,0,0,,,,,,,,,,6,,0
12167,21980,76471,Charlie Criss,ATL,Atlanta Hawks,0028000601,1981-01-27,ATL vs. WAS,L,0,2,,,0.0,,,2,2,1.0,,,,,,,,,6,,0
12168,21980,77056,Cedrick Hordges,DEN,Denver Nuggets,0028000599,1981-01-27,DEN vs. DET,W,0,2,,,0.0,,,2,4,0.5,,,,,,,,,6,,0
12169,21980,76392,Jim Chones,LAL,Los Angeles Lakers,0028000598,1981-01-27,LAL vs. UTH,W,0,1,,,0.0,,,4,6,0.667,,,,,,,,,6,,0
12170,21980,76248,Jim Brewer,LAL,Los Angeles Lakers,0028000598,1981-01-27,LAL vs. UTH,W,0,3,,,0.0,,,0,2,0.0,,,,,,,,,6,,0
12171,21980,77420,Maurice Lucas,NJN,New Jersey Nets,0028000597,1981-01-27,NJN @ DAL,W,0,2,,,0.0,,,2,2,1.0,,,,,,,,,6,,0
12172,21980,77348,Ed Lawrence,DET,Detroit Pistons,0028000599,1981-01-27,DET @ DEN,L,0,3,,,0.0,,,0,0,,,,,,,,,,6,,0
12173,21980,76225,Winford Boynes,DAL,Dallas Mavericks,0028000597,1981-01-27,DAL vs. NJN,L,0,3,,,0.0,,,0,0,,,,,,,,,,6,,0
12174,21980,77858,Stan Pietkiewicz,DAL,Dallas Mavericks,0028000597,1981-01-27,DAL vs. NJN,L,0,2,,,2.0,,,0,0,,,,,,,,,,6,,0
12175,21980,77786,Tom Owens,POR,Portland Trail Blazers,0028000596,1981-01-26,POR @ LAL,L,0,2,,,0.0,,,2,2,1.0,,,,,,,,,6,,0
12176,21980,77022,Johnny High,PHX,Phoenix Suns,0028000595,1981-01-26,PHX @ NYK,W,0,1,,,0.0,,,4,4,1.0,,,,,,,,,6,,0
12177,21980,78537,Jeff Wilkins,UTH,Utah Jazz,0028000594,1981-01-26,UTH vs. DET,W,0,3,,,0.0,,,0,0,,,,,,,,,,6,,0
12178,21980,77364,Ron Lee,DET,Detroit Pistons,0028000594,1981-01-26,DET @ UTH,L,0,3,,,0.0,,,0,0,,,,,,,,,,6,,0
12179,21980,78442,Wally Walker,SEA,Seattle SuperSonics,0028000593,1981-01-25,SEA @ BOS,L,0,3,,,0.0,,,0,0,,,,,,,,,,6,,0
12180,21980,78149,Jack Sikma,SEA,Seattle SuperSonics,0028000593,1981-01-25,SEA @ BOS,L,0,2,,,0.0,,,2,2,1.0,,,,,,,,,6,,0
12181,21980,77024,Armond Hill,SEA,Seattle SuperSonics,0028000593,1981-01-25,SEA @ BOS,L,0,3,,,0.0,,,0,0,,,,,,,,,,6,,0
12182,21980,76656,Bob Elliott,NJN,New Jersey Nets,0028000591,1981-01-25,NJN vs. WAS,L,0,2,,,0.0,,,2,2,1.0,,,,,,,,,6,,0
12183,21980,76348,Austin Carr,WAS,Washington Bullets,0028000591,1981-01-25,WAS @ NJN,W,0,3,,,0.0,,,0,0,,,,,,,,,,6,,0
12184,21980,77438,Kyle Macy,PHX,Phoenix Suns,0028000590,1981-01-25,PHX @ PHL,L,0,3,,,0.0,,,0,0,,,,,,,,,,6,,0
12185,21980,77141,Dennis Johnson,PHX,Phoenix Suns,0028000590,1981-01-25,PHX @ PHL,L,0,3,,,0.0,,,0,0,,,,,,,,,,6,,0
12186,21980,76385,Maurice Cheeks,PHL,Philadelphia 76ers,0028000590,1981-01-25,PHL vs. PHX,W,0,2,,,0.0,,,2,2,1.0,,,,,,,,,6,,0
12187,21980,76733,Chris Ford,BOS,Boston Celtics,0028000593,1981-01-25,BOS vs. SEA,W,0,2,,,1.0,,,1,2,0.5,,,,,,,,,6,,0
12188,21980,78537,Jeff Wilkins,UTH,Utah Jazz,0028000589,1981-01-24,UTH @ HOU,L,0,3,,,0.0,,,0,0,,,,,,,,,6.0,6,,0
12189,21980,77215,Jeff Judkins,UTH,Utah Jazz,0028000589,1981-01-24,UTH @ HOU,L,0,2,,,0.0,,,2,2,1.0,,,,,,,,,6,,0
12190,21980,77936,Robert Reid,HOU,Houston Rockets,0028000589,1981-01-24,HOU vs. UTH,W,0,2,,,0.0,,,2,2,1.0,,,,,,,,,6,,0
12191,21980,76483,Pat Cummings,MIL,Milwaukee Bucks,0028000588,1981-01-24,MIL @ SDC,W,0,3,,,0.0,,,0,0,,,,,,,,,,6,,0
12192,21980,77364,Ron Lee,DET,Detroit Pistons,0028000587,1981-01-24,DET vs. CLE,W,0,3,,,0.0,,,0,0,,,,,,,,,,6,,0
12193,21980,77209,Walter Jordan,CLE,Cleveland Cavaliers,0028000587,1981-01-24,CLE @ DET,L,0,3,,,0.0,,,0,3,0.0,,,,,,,,,6,,0
12194,21980,76336,Mack Calvin,CLE,Cleveland Cavaliers,0028000587,1981-01-24,CLE @ DET,L,0,1,,,0.0,,,4,4,1.0,,,,,,,,,6,,0
12195,21980,76526,Johnny Davis,IND,Indiana Pacers,0028000586,1981-01-24,IND vs. DAL,W,0,2,,,0.0,,,2,2,1.0,,,,,,,,,6,,0
12196,21980,76516,Brad Davis,DAL,Dallas Mavericks,0028000586,1981-01-24,DAL @ IND,L,0,2,,,0.0,,,2,2,1.0,,,,,,,,,6,,0
12197,21980,76095,Mike Bantom,IND,Indiana Pacers,0028000586,1981-01-24,IND vs. DAL,W,0,3,,,0.0,,,0,2,0.0,,,,,,,,,6,,0
12198,21980,76005,Tom Abernethy,IND,Indiana Pacers,0028000586,1981-01-24,IND vs. DAL,W,0,1,,,0.0,,,4,4,1.0,,,,,,,,,6,,0
12199,21980,78614,Mike Woodson,NYK,New York Knicks,0028000585,1981-01-24,NYK @ GOS,L,0,2,,,0.0,,,2,2,1.0,,,,,,,,,6,,0
12200,21980,76553,Larry Demic,NYK,New York Knicks,0028000585,1981-01-24,NYK @ GOS,L,0,3,,,0.0,,,0,2,0.0,,,,,,,,,6,,0
12201,21980,78014,Tree Rollins,ATL,Atlanta Hawks,0028000584,1981-01-24,ATL vs. CHI,L,0,3,,,0.0,,,0,0,,,,,,,,,,6,,0
12202,21980,77484,Wes Matthews,ATL,Atlanta Hawks,0028000584,1981-01-24,ATL vs. CHI,L,0,2,,,0.0,,,2,2,1.0,,,,,,,,,6,,0
12203,21980,77021,Kenny Higgs,DEN,Denver Nuggets,0028000583,1981-01-24,DEN vs. SAN,W,0,3,,,0.0,,,0,0,,,,,,,,,,6,,0
12204,21980,78531,Bob Wilkerson,CHI,Chicago Bulls,0028000582,1981-01-23,CHI vs. DAL,W,0,2,,,0.0,,,2,2,1.0,,,,,,,,,6,,0
12205,21980,77126,Abdul Jeelani,DAL,Dallas Mavericks,0028000582,1981-01-23,DAL @ CHI,L,0,3,,,0.0,,,0,0,,,,,,,,,,6,,0
12206,21980,76567,Coby Dietrick,CHI,Chicago Bulls,0028000582,1981-01-23,CHI vs. DAL,W,0,2,,,0.0,,,2,2,1.0,,,,,,,,,6,,0
12207,21980,77553,Tom McMillen,ATL,Atlanta Hawks,0028000580,1981-01-23,ATL vs. CLE,L,0,3,,,0.0,,,0,0,,,,,,,,,,6,,0
12208,21980,76734,Don Ford,CLE,Cleveland Cavaliers,0028000580,1981-01-23,CLE @ ATL,W,0,2,,,0.0,,,2,2,1.0,,,,,,,,,6,,0
12209,21980,77334,Mark Landsberger,LAL,Los Angeles Lakers,0028000579,1981-01-23,LAL vs. DEN,W,0,3,,,0.0,,,0,0,,,,,,,,,,6,,0
12210,21980,78537,Jeff Wilkins,UTH,Utah Jazz,0028000578,1981-01-23,UTH vs. GOS,L,0,3,,,0.0,,,0,0,,,,,,,,,,6,,0
12211,21980,76619,John Duren,UTH,Utah Jazz,0028000578,1981-01-23,UTH vs. GOS,L,0,3,,,0.0,,,0,0,,,,,,,,,,6,,0
12212,21980,78577,Bill Willoughby,HOU,Houston Rockets,0028000576,1981-01-23,HOU @ KCK,L,0,2,,,0.0,,,2,2,1.0,,,,,,,,,6,,0
12213,21980,78571,Ray Williams,NYK,New York Knicks,0028000574,1981-01-23,NYK @ POR,L,0,3,,,0.0,,,0,1,0.0,,,,,,,,,6,,0
12214,21980,1450,Kevin McHale,BOS,Boston Celtics,0028000575,1981-01-23,BOS vs. IND,W,0,3,,,0.0,,,0,0,,,,,,,,,,6,,0
12215,21980,76252,Junior Bridgeman,MIL,Milwaukee Bucks,0028000581,1981-01-23,MIL @ PHX,L,0,3,,,0.0,,,0,0,,,,,,,,,,6,,0
12216,21980,76266,Michael Brooks,SDC,San Diego Clippers,0028000572,1981-01-22,SDC vs. NYK,L,0,2,,,0.0,,,2,2,1.0,,,,,,,,,6,,0
12217,21980,76348,Austin Carr,WAS,Washington Bullets,0028000573,1981-01-22,WAS vs. PHL,L,0,1,,,0.0,,,4,6,0.667,,,,,,,,,6,,0
12218,21980,78481,Marvin Webster,NYK,New York Knicks,0028000572,1981-01-22,NYK @ SDC,W,0,2,,,0.0,,,2,4,0.5,,,,,,,,,6,,0
12219,21980,76822,Mike Glenn,NYK,New York Knicks,0028000572,1981-01-22,NYK @ SDC,W,0,3,,,0.0,,,0,0,,,,,,,,,,6,,0
12220,21980,78400,Jan Van Breda Kolff,NJN,New Jersey Nets,0028000571,1981-01-22,NJN @ CLE,L,0,2,,,0.0,,,2,2,1.0,,,,,,,,,6,,0
12221,21980,77490,Scott May,CHI,Chicago Bulls,0028000570,1981-01-22,CHI @ DET,W,0,2,,,0.0,,,2,2,1.0,,,,,,,,,6,,0
12222,21980,1381,John Long,DET,Detroit Pistons,0028000570,1981-01-22,DET vs. CHI,L,0,2,,,0.0,,,2,2,1.0,,,,,,,,,6,,0
12223,21980,76436,Jeff Cook,PHX,Phoenix Suns,0028000564,1981-01-21,PHX @ HOU,L,0,2,,,0.0,,,2,2,1.0,,,,,,,,,6,,0
12224,21980,77984,Rick Robey,BOS,Boston Celtics,0028000565,1981-01-21,BOS vs. UTH,W,0,2,,,0.0,,,2,2,1.0,,,,,,,,,6,,0
12225,21980,78057,Frankie Sanders,KCK,Kansas City Kings,0028000569,1981-01-21,KCK vs. SAN,W,0,3,,,0.0,,,0,0,,,,,,,,,,6,,0
12226,21980,77484,Wes Matthews,ATL,Atlanta Hawks,0028000566,1981-01-21,ATL @ LAL,L,0,2,,,0.0,,,2,2,1.0,,,,,,,,,6,,0
12227,21980,77715,Carl Nicks,UTH,Utah Jazz,0028000565,1981-01-21,UTH @ BOS,L,0,2,,,0.0,,,2,3,0.667,,,,,,,,,6,,0
12228,21980,76619,John Duren,UTH,Utah Jazz,0028000565,1981-01-21,UTH @ BOS,L,0,3,,,0.0,,,0,2,0.0,,,,,,,,,6,,0
12229,21980,76204,Ron Boone,UTH,Utah Jazz,0028000565,1981-01-21,UTH @ BOS,L,0,2,,,0.0,,,2,2,1.0,,,,,,,,,6,,0
12230,21980,78195,Larry Smith,GOS,Golden State Warriors,0028000563,1981-01-21,GOS vs. MIL,L,0,2,,,0.0,,,2,3,0.667,,,,,,,,,6,,0
12231,21980,77937,Billy Reid,GOS,Golden State Warriors,0028000563,1981-01-21,GOS vs. MIL,L,0,2,,,0.0,,,2,2,1.0,,,,,,,,,6,,0
12232,21980,76686,Mike Evans,MIL,Milwaukee Bucks,0028000563,1981-01-21,MIL @ GOS,W,0,3,,,0.0,,,0,0,,,,,,,,,,6,,0
12233,21980,76365,Harvey Catchings,MIL,Milwaukee Bucks,0028000563,1981-01-21,MIL @ GOS,W,0,3,,,0.0,,,0,0,,,,,,,,,,6,,0
12234,21980,77754,Mike O'Koren,NJN,New Jersey Nets,0028000562,1981-01-21,NJN vs. SEA,W,0,3,,,0.0,,,0,0,,,,,,,,,,6,,0
12235,21980,76567,Coby Dietrick,CHI,Chicago Bulls,0028000561,1981-01-20,CHI vs. IND,W,0,1,,,0.0,,,4,4,1.0,,,,,,,,,6,,0
12236,21980,76317,Don Buse,IND,Indiana Pacers,0028000561,1981-01-20,IND @ CHI,L,0,2,,,0.0,,,2,3,0.667,,,,,,,,,6,,0
12237,21980,77623,Paul Mokeski,DET,Detroit Pistons,0028000560,1981-01-20,DET vs. PHL,W,0,3,,,0.0,,,0,0,,,,,,,,,,6,,0
12238,21980,76599,Larry Drew,DET,Detroit Pistons,0028000560,1981-01-20,DET vs. PHL,W,0,3,,,0.0,,,0,0,,,,,,,,,,6,,0
12239,21980,76436,Jeff Cook,PHX,Phoenix Suns,0028000558,1981-01-20,PHX @ SAN,L,0,3,,,0.0,,,0,1,0.0,,,,,,,,6.0,6,,0
12240,21980,77331,John Lambert,KCK,Kansas City Kings,0028000557,1981-01-20,KCK @ DAL,W,0,2,,,0.0,,,2,2,1.0,,,,,,,,,6,,0
12241,21980,76822,Mike Glenn,NYK,New York Knicks,0028000555,1981-01-20,NYK vs. SEA,W,0,3,,,0.0,,,0,0,,,,,,,,,,6,,0
12242,21980,78520,Sidney Wicks,SDC,San Diego Clippers,0028000552,1981-01-18,SDC vs. DAL,W,0,3,,,0.0,,,0,0,,,,,,,,,,6,,0
12243,21980,77553,Tom McMillen,ATL,Atlanta Hawks,0028000551,1981-01-18,ATL @ PHX,L,0,3,,,0.0,,,0,0,,,,,,,,,,6,,0
12244,21980,77786,Tom Owens,POR,Portland Trail Blazers,0028000550,1981-01-18,POR @ MIL,L,0,3,,,0.0,,,0,0,,,,,,,,,,6,,0
12245,21980,77547,Billy McKinney,DEN,Denver Nuggets,0028000549,1981-01-18,DEN vs. HOU,L,0,2,,,0.0,,,2,2,1.0,,,,,,,,,6,,0
12246,21980,76204,Ron Boone,UTH,Utah Jazz,0028000547,1981-01-18,UTH @ IND,L,0,3,,,0.0,,,0,0,,,,,,,,,,6,,0
12247,21980,77490,Scott May,CHI,Chicago Bulls,0028000545,1981-01-17,CHI vs. CLE,L,0,3,,,0.0,,,0,2,0.0,,,,,,,,,6,,0
12248,21980,77547,Billy McKinney,DEN,Denver Nuggets,0028000544,1981-01-17,DEN @ KCK,W,0,3,,,0.0,,,0,0,,,,,,,,,,6,,0
12249,21980,77331,John Lambert,KCK,Kansas City Kings,0028000544,1981-01-17,KCK vs. DEN,L,0,3,,,0.0,,,0,0,,,,,,,,,,6,,0
12250,21980,77326,Sam Lacey,KCK,Kansas City Kings,0028000544,1981-01-17,KCK vs. DEN,L,0,3,,,0.0,,,0,0,,,,,,,,,,6,,0
12251,21980,77633,Johnny Moore,SAN,San Antonio Spurs,0028000542,1981-01-17,SAN @ WAS,L,0,3,,,0.0,,,0,1,0.0,,,,,,,,,6,,0
12252,21980,78577,Bill Willoughby,HOU,Houston Rockets,0028000541,1981-01-17,HOU vs. NYK,L,0,3,,,0.0,,,0,0,,,,,,,,,,6,,0
12253,21980,76996,Tom Henderson,HOU,Houston Rockets,0028000541,1981-01-17,HOU vs. NYK,L,0,3,,,0.0,,,0,0,,,,,,,,,,6,,0
12254,21980,76553,Larry Demic,NYK,New York Knicks,0028000541,1981-01-17,NYK @ HOU,W,0,3,,,0.0,,,0,0,,,,,,,,,,6,,0
12255,21980,76085,James Bailey,SEA,Seattle SuperSonics,0028000534,1981-01-16,SEA @ IND,W,0,3,,,0.0,,,0,0,,,,,,,,,6.0,6,,0
12256,21980,76590,Leon Douglas,KCK,Kansas City Kings,0028000537,1981-01-16,KCK @ MIL,L,0,3,,,0.0,,,0,0,,,,,,,,,,6,,0
12257,21980,76786,Calvin Garrett,HOU,Houston Rockets,0028000536,1981-01-16,HOU @ PHX,L,0,3,,,0.0,,,0,0,,,,,,,,,,6,,0
12258,21980,76985,Garfield Heard,SDC,San Diego Clippers,0028000535,1981-01-16,SDC @ UTH,L,0,2,,,0.0,,,2,2,1.0,,,,,,,,,6,,0
12259,21980,77829,Sam Pellom,ATL,Atlanta Hawks,0028000533,1981-01-16,ATL @ GOS,W,0,3,,,0.0,,,0,0,,,,,,,,,,6,,0
12260,21980,77553,Tom McMillen,ATL,Atlanta Hawks,0028000533,1981-01-16,ATL @ GOS,W,0,3,,,0.0,,,0,0,,,,,,,,,,6,,0
12261,21980,77182,Dwight Jones,CHI,Chicago Bulls,0028000539,1981-01-16,CHI vs. POR,L,0,3,,,0.0,,,0,0,,,,,,,,,,6,,0
12262,21980,77484,Wes Matthews,WAS,Washington Bullets,0028000530,1981-01-15,WAS @ DET,W,0,3,,,0.0,,,0,0,,,,,,,,,,6,,0
12263,21980,77175,Caldwell Jones,PHL,Philadelphia 76ers,0028000529,1981-01-15,PHL @ MIL,L,0,1,,,0.0,,,4,4,1.0,,,,,,,,,6,,0
12264,21980,78519,Charles Whitney,KCK,Kansas City Kings,0028000527,1981-01-14,KCK vs. POR,L,0,3,,,0.0,,,0,0,,,,,,,,,,6,,0
12265,21980,77691,Calvin Natt,POR,Portland Trail Blazers,0028000527,1981-01-14,POR @ KCK,W,0,2,,,0.0,,,2,2,1.0,,,,,,,,,6,,0
12266,21980,77582,Joe Meriweather,KCK,Kansas City Kings,0028000527,1981-01-14,KCK vs. POR,L,0,2,,,0.0,,,2,2,1.0,,,,,,,,,6,,0
12267,21980,77273,Reggie King,KCK,Kansas City Kings,0028000527,1981-01-14,KCK vs. POR,L,0,3,,,0.0,,,0,2,0.0,,,,,,,,,6,,0
12268,21980,76590,Leon Douglas,KCK,Kansas City Kings,0028000527,1981-01-14,KCK vs. POR,L,0,2,,,0.0,,,2,2,1.0,,,,,,,,,6,,0
12269,21980,100263,Bill Laimbeer,CLE,Cleveland Cavaliers,0028000526,1981-01-14,CLE @ BOS,L,0,3,,,0.0,,,0,0,,,,,,,,,6.0,6,,0
12270,21980,77984,Rick Robey,BOS,Boston Celtics,0028000526,1981-01-14,BOS vs. CLE,W,0,1,,,0.0,,,4,5,0.8,,,,,,,,,6,,0
12271,21980,76734,Don Ford,CLE,Cleveland Cavaliers,0028000526,1981-01-14,CLE @ BOS,L,0,2,,,0.0,,,2,2,1.0,,,,,,,,,6,,0
12272,21980,77754,Mike O'Koren,NJN,New Jersey Nets,0028000525,1981-01-14,NJN @ PHL,L,0,2,,,0.0,,,2,4,0.5,,,,,,,,,6,,0
12273,21980,77175,Caldwell Jones,PHL,Philadelphia 76ers,0028000525,1981-01-14,PHL vs. NJN,W,0,2,,,0.0,,,2,4,0.5,,,,,,,,,6,,0
12274,21980,76826,Mike Gminski,NJN,New Jersey Nets,0028000525,1981-01-14,NJN @ PHL,L,0,2,,,0.0,,,2,2,1.0,,,,,,,,,6,,0
12275,21980,76283,Rickey Brown,GOS,Golden State Warriors,0028000524,1981-01-14,GOS vs. UTH,L,0,3,,,0.0,,,0,0,,,,,,,,,,6,,0
12276,21980,78618,Sam Worthen,CHI,Chicago Bulls,0028000520,1981-01-14,CHI @ HOU,L,0,3,,,0.0,,,0,0,,,,,,,,,,6,,0
12277,21980,77189,Major Jones,HOU,Houston Rockets,0028000520,1981-01-14,HOU vs. CHI,W,0,3,,,0.0,,,0,0,,,,,,,,,,6,,0
12278,21980,77996,Wayne Robinson,DET,Detroit Pistons,0028000519,1981-01-14,DET @ IND,L,0,3,,,0.0,,,0,0,,,,,,,,,6.0,6,,0
12279,21980,77770,Louis Orr,IND,Indiana Pacers,0028000519,1981-01-14,IND vs. DET,W,0,3,,,0.0,,,0,0,,,,,,,,,,6,,0
12280,21980,229,James Edwards,IND,Indiana Pacers,0028000519,1981-01-14,IND vs. DET,W,0,3,,,0.0,,,0,0,,,,,,,,,,6,,0
12281,21980,76272,Fred Brown,SEA,Seattle SuperSonics,0028000518,1981-01-13,SEA @ PHX,L,0,3,,,0.0,,,0,0,,,,,,,,,,6,,0
12282,21980,76686,Mike Evans,MIL,Milwaukee Bucks,0028000517,1981-01-13,MIL @ DET,W,0,3,,,0.0,,,0,0,,,,,,,,,,6,,0
12283,21980,76483,Pat Cummings,MIL,Milwaukee Bucks,0028000517,1981-01-13,MIL @ DET,W,0,3,,,0.0,,,0,0,,,,,,,,,,6,,0
12284,21980,76365,Harvey Catchings,MIL,Milwaukee Bucks,0028000517,1981-01-13,MIL @ DET,W,0,3,,,0.0,,,0,0,,,,,,,,,,6,,0
12285,21980,77334,Mark Landsberger,LAL,Los Angeles Lakers,0028000516,1981-01-13,LAL @ CLE,W,0,3,,,0.0,,,0,0,,,,,,,,,,6,,0
12286,21980,76242,Mike Bratz,CLE,Cleveland Cavaliers,0028000516,1981-01-13,CLE vs. LAL,L,0,3,,,0.0,,,0,0,,,,,,,,,,6,,0
12287,21980,77182,Dwight Jones,CHI,Chicago Bulls,0028000513,1981-01-13,CHI @ DAL,L,0,1,,,0.0,,,4,4,1.0,,,,,,,,,6,,0
12288,21980,1450,Kevin McHale,BOS,Boston Celtics,0028000515,1981-01-13,BOS @ NYK,W,0,3,,,0.0,,,0,0,,,,,,,,,,6,,0
12289,21980,77984,Rick Robey,BOS,Boston Celtics,0028000515,1981-01-13,BOS @ NYK,W,0,3,,,0.0,,,0,0,,,,,,,,,,6,,0
12290,21980,77149,George Johnson,SAN,San Antonio Spurs,0028000510,1981-01-11,SAN vs. WAS,W,0,2,,,0.0,,,2,2,1.0,,,,,,,,,6,,0
12291,21980,77040,Brad Holland,LAL,Los Angeles Lakers,0028000511,1981-01-11,LAL vs. DET,W,0,3,,,0.0,,,0,0,,,,,,,,,,6,,0
12292,21980,78095,Alvin Scott,PHX,Phoenix Suns,0028000509,1981-01-11,PHX @ MIL,L,0,2,,,0.0,,,2,4,0.5,,,,,,,,,6,,0
12293,21980,76887,Kevin Grevey,WAS,Washington Bullets,0028000506,1981-01-10,WAS @ DAL,W,0,2,,,0.0,,,2,2,1.0,,,,,,,,,6,,0
12294,21980,1450,Kevin McHale,BOS,Boston Celtics,0028000505,1981-01-10,BOS @ NJN,W,0,3,,,0.0,,,0,0,,,,,,,,,,6,,0
12295,21980,77582,Joe Meriweather,KCK,Kansas City Kings,0028000504,1981-01-10,KCK @ UTH,W,0,3,,,0.0,,,0,0,,,,,,,,,,6,,0
12296,21980,77936,Robert Reid,HOU,Houston Rockets,0028000503,1981-01-10,HOU vs. POR,W,0,3,,,0.0,,,0,0,,,,,,,,,,6,,0
12297,21980,76121,Billyray Bates,POR,Portland Trail Blazers,0028000503,1981-01-10,POR @ HOU,L,0,3,,,0.0,,,0,0,,,,,,,,,,6,,0
12298,21980,100263,Bill Laimbeer,CLE,Cleveland Cavaliers,0028000501,1981-01-10,CLE vs. NYK,L,0,3,,,0.0,,,0,0,,,,,,,,,,6,,0
12299,21980,76733,Chris Ford,BOS,Boston Celtics,0028000505,1981-01-10,BOS @ NJN,W,0,2,,,1.0,,,1,2,0.5,,,,,,,,,6,,0
12300,21980,76734,Don Ford,CLE,Cleveland Cavaliers,0028000497,1981-01-09,CLE @ ATL,W,0,3,,,0.0,,,0,0,,,,,,,,,,6,,0
12301,21980,76078,Dennis Awtrey,SEA,Seattle SuperSonics,0028000496,1981-01-09,SEA @ LAL,L,0,3,,,0.0,,,0,0,,,,,,,,,,6,,0
12302,21980,78351,Andrew Toney,PHL,Philadelphia 76ers,0028000495,1981-01-09,PHL vs. HOU,W,0,2,,,0.0,,,2,2,1.0,,,,,,,,,6,,0
12303,21980,77175,Caldwell Jones,PHL,Philadelphia 76ers,0028000495,1981-01-09,PHL vs. HOU,W,0,3,,,0.0,,,0,0,,,,,,,,,,6,,0
12304,21980,77043,Lionel Hollins,PHL,Philadelphia 76ers,0028000495,1981-01-09,PHL vs. HOU,W,0,3,,,0.0,,,0,1,0.0,,,,,,,,,6,,0
12305,21980,76385,Maurice Cheeks,PHL,Philadelphia 76ers,0028000495,1981-01-09,PHL vs. HOU,W,0,3,,,0.0,,,0,0,,,,,,,,,,6,,0
12306,21980,77438,Kyle Macy,PHX,Phoenix Suns,0028000493,1981-01-09,PHX @ NJN,W,0,3,,,0.0,,,0,0,,,,,,,,,,6,,0
12307,21980,77184,Edgar Jones,NJN,New Jersey Nets,0028000493,1981-01-09,NJN vs. PHX,L,0,2,,,0.0,,,2,2,1.0,,,,,,,,6.0,6,,0
12308,21980,76435,Darwin Cook,NJN,New Jersey Nets,0028000493,1981-01-09,NJN vs. PHX,L,0,3,,,0.0,,,0,0,,,,,,,,,,6,,0
12309,21980,77323,Kevin Kunnert,POR,Portland Trail Blazers,0028000492,1981-01-09,POR @ SAN,L,0,3,,,0.0,,,0,0,,,,,,,,,,6,,0
12310,21980,76249,Ron Brewer,SAN,San Antonio Spurs,0028000492,1981-01-09,SAN vs. POR,W,0,3,,,0.0,,,0,0,,,,,,,,,,6,,0
12311,21980,76321,Marty Byrnes,DAL,Dallas Mavericks,0028000490,1981-01-08,DAL @ UTH,L,0,2,,,0.0,,,2,3,0.667,,,,,,,,,6,,0
12312,21980,76225,Winford Boynes,DAL,Dallas Mavericks,0028000490,1981-01-08,DAL @ UTH,L,0,2,,,0.0,,,2,3,0.667,,,,,,,,,6,,0
12313,21980,76204,Ron Boone,UTH,Utah Jazz,0028000490,1981-01-08,UTH vs. DAL,W,0,2,,,0.0,,,2,2,1.0,,,,,,,,,6,,0
12314,21980,76317,Don Buse,IND,Indiana Pacers,0028000488,1981-01-08,IND @ NYK,W,0,3,,,0.0,,,0,0,,,,,,,,,,6,,0
12315,21980,76590,Leon Douglas,KCK,Kansas City Kings,0028000487,1981-01-07,KCK @ HOU,W,0,2,,,0.0,,,2,3,0.667,,,,,,,,,6,,0
12316,21980,77308,Joel Kramer,PHX,Phoenix Suns,0028000485,1981-01-07,PHX @ BOS,L,0,2,,,0.0,,,2,2,1.0,,,,,,,,,6,,0
12317,21980,77022,Johnny High,PHX,Phoenix Suns,0028000485,1981-01-07,PHX @ BOS,L,0,1,,,0.0,,,4,4,1.0,,,,,,,,,6,,0
12318,21980,77635,Lowes Moore,NJN,New Jersey Nets,0028000484,1981-01-07,NJN @ IND,L,0,2,,,0.0,,,2,2,1.0,,,,,,,,,6,,0
12319,21980,76656,Bob Elliott,NJN,New Jersey Nets,0028000484,1981-01-07,NJN @ IND,L,0,3,,,0.0,,,0,0,,,,,,,,,,6,,0
12320,21980,76231,Dudley Bradley,IND,Indiana Pacers,0028000484,1981-01-07,IND vs. NJN,W,0,2,,,0.0,,,2,4,0.5,,,,,,,,,6,,0
12321,21980,77756,Mark Olberding,SAN,San Antonio Spurs,0028000483,1981-01-07,SAN @ PHL,L,0,3,,,0.0,,,0,0,,,,,,,,,,6,,0
12322,21980,77633,Johnny Moore,SAN,San Antonio Spurs,0028000483,1981-01-07,SAN @ PHL,L,0,3,,,0.0,,,0,0,,,,,,,,,,6,,0
12323,21980,77162,Ollie Johnson,PHL,Philadelphia 76ers,0028000483,1981-01-07,PHL vs. SAN,W,0,3,,,0.0,,,0,0,,,,,,,,,,6,,0
12324,21980,77998,Dave Robisch,DEN,Denver Nuggets,0028000482,1981-01-07,DEN vs. UTH,L,0,2,,,0.0,,,2,2,1.0,,,,,,,,,6,,0
12325,21980,77547,Billy McKinney,DEN,Denver Nuggets,0028000482,1981-01-07,DEN vs. UTH,L,0,3,,,0.0,,,0,0,,,,,,,,,,6,,0
12326,21980,76257,Allan Bristow,UTH,Utah Jazz,0028000482,1981-01-07,UTH @ DEN,W,0,3,,,0.0,,,0,0,,,,,,,,,,6,,0
12327,21980,78195,Larry Smith,GOS,Golden State Warriors,0028000481,1981-01-07,GOS vs. DAL,L,0,3,,,0.0,,,0,0,,,,,,,,,6.0,6,,0
12328,21980,77786,Tom Owens,POR,Portland Trail Blazers,0028000479,1981-01-06,POR vs. DET,W,0,3,,,0.0,,,0,0,,,,,,,,,6.0,6,,0
12329,21980,77071,Phil Hubbard,DET,Detroit Pistons,0028000479,1981-01-06,DET @ POR,L,0,3,,,0.0,,,0,0,,,,,,,,,,6,,0
12330,21980,77184,Edgar Jones,NJN,New Jersey Nets,0028000478,1981-01-06,NJN @ MIL,L,0,3,,,0.0,,,0,0,,,,,,,,,,6,,0
12331,21980,76435,Darwin Cook,NJN,New Jersey Nets,0028000478,1981-01-06,NJN @ MIL,L,0,1,,,0.0,,,4,4,1.0,,,,,,,,,6,,0
12332,21980,77235,Rich Kelley,PHX,Phoenix Suns,0028000476,1981-01-06,PHX @ ATL,W,0,3,,,0.0,,,0,0,,,,,,,,,,6,,0
12333,21980,78520,Sidney Wicks,SDC,San Diego Clippers,0028000475,1981-01-06,SDC @ CHI,L,0,2,,,0.0,,,2,2,1.0,,,,,,,,,6,,0
12334,21980,76985,Garfield Heard,SDC,San Diego Clippers,0028000475,1981-01-06,SDC @ CHI,L,0,3,,,0.0,,,0,0,,,,,,,,,,6,,0
12335,21980,76290,Joe Bryant,SDC,San Diego Clippers,0028000475,1981-01-06,SDC @ CHI,L,0,3,,,0.0,,,0,0,,,,,,,,,,6,,0
12336,21980,77432,Ollie Mack,DAL,Dallas Mavericks,0028000474,1981-01-05,DAL @ SEA,L,0,2,,,0.0,,,2,3,0.667,,,,,,,,,6,,0
12337,21980,77984,Rick Robey,BOS,Boston Celtics,0028000473,1981-01-04,BOS @ POR,W,0,3,,,0.0,,,0,0,,,,,,,,,,6,,0
12338,21980,76895,Bob Gross,POR,Portland Trail Blazers,0028000473,1981-01-04,POR vs. BOS,L,0,3,,,0.0,,,0,0,,,,,,,,,,6,,0
12339,21980,76733,Chris Ford,BOS,Boston Celtics,0028000473,1981-01-04,BOS @ POR,W,0,3,,,0.0,,,0,0,,,,,,,,,,6,,0
12340,21980,78199,Phil Smith,SDC,San Diego Clippers,0028000472,1981-01-04,SDC @ MIL,L,0,2,,,0.0,,,2,2,1.0,,,,,,,,,6,,0
12341,21980,77770,Louis Orr,IND,Indiana Pacers,0028000471,1981-01-04,IND @ NJN,W,0,1,,,0.0,,,4,5,0.8,,,,,,,,,6,,0
12342,21980,76656,Bob Elliott,NJN,New Jersey Nets,0028000471,1981-01-04,NJN vs. IND,L,0,3,,,0.0,,,0,0,,,,,,,,,,6,,0
12343,21980,78577,Bill Willoughby,HOU,Houston Rockets,0028000470,1981-01-03,HOU vs. DEN,L,0,3,,,0.0,,,0,0,,,,,,,,,,6,,0
12344,21980,78396,Ron Valentine,DEN,Denver Nuggets,0028000470,1981-01-03,DEN @ HOU,W,0,2,,,0.0,,,2,2,1.0,,,,,,,,,6,,0
12345,21980,77817,Billy Paultz,HOU,Houston Rockets,0028000470,1981-01-03,HOU vs. DEN,L,0,3,,,0.0,,,0,0,,,,,,,,,,6,,0
12346,21980,77189,Major Jones,HOU,Houston Rockets,0028000470,1981-01-03,HOU vs. DEN,L,0,2,,,0.0,,,2,2,1.0,,,,,,,,,6,,0
12347,21980,76830,Glen Gondrezick,DEN,Denver Nuggets,0028000470,1981-01-03,DEN @ HOU,W,0,3,,,0.0,,,0,0,,,,,,,,,,6,,0
12348,21980,76786,Calvin Garrett,HOU,Houston Rockets,0028000470,1981-01-03,HOU vs. DEN,L,0,3,,,0.0,,,0,0,,,,,,,,,,6,,0
12349,21980,78195,Larry Smith,GOS,Golden State Warriors,0028000468,1981-01-03,GOS vs. PHL,L,0,3,,,0.0,,,0,0,,,,,,,,,,6,,0
12350,21980,78015,Lorenzo Romar,GOS,Golden State Warriors,0028000468,1981-01-03,GOS vs. PHL,L,0,3,,,0.0,,,0,0,,,,,,,,,,6,,0
12351,21980,77800,Sonny Parker,GOS,Golden State Warriors,0028000468,1981-01-03,GOS vs. PHL,L,0,3,,,0.0,,,0,0,,,,,,,,,,6,,0
12352,21980,76385,Maurice Cheeks,PHL,Philadelphia 76ers,0028000468,1981-01-03,PHL @ GOS,W,0,2,,,0.0,,,2,2,1.0,,,,,,,,,6,,0
12353,21980,76353,Joe Barry Carroll,GOS,Golden State Warriors,0028000468,1981-01-03,GOS vs. PHL,L,0,3,,,0.0,,,0,0,,,,,,,,,,6,,0
12354,21980,78296,Brian Taylor,SDC,San Diego Clippers,0028000467,1981-01-03,SDC @ IND,L,0,3,,,0.0,,,0,0,,,,,,,,,,6,,0
12355,21980,77689,Swen Nater,SDC,San Diego Clippers,0028000467,1981-01-03,SDC @ IND,L,0,3,,,0.0,,,0,0,,,,,,,,,,6,,0
12356,21980,76985,Garfield Heard,SDC,San Diego Clippers,0028000467,1981-01-03,SDC @ IND,L,0,3,,,0.0,,,0,0,,,,,,,,,,6,,0
12357,21980,77484,Wes Matthews,WAS,Washington Bullets,0028000466,1981-01-03,WAS @ CLE,L,0,2,,,0.0,,,2,2,1.0,,,,,,,,,6,,0
12358,21980,78068,Dewayne Scales,NYK,New York Knicks,0028000464,1981-01-03,NYK vs. ATL,W,0,3,,,0.0,,,0,0,,,,,,,,,,6,,0
12359,21980,76881,David Greenwood,CHI,Chicago Bulls,0028000462,1981-01-02,CHI @ WAS,W,0,3,,,0.0,,,0,0,,,,,,,,,,6,,0
12360,21980,77623,Paul Mokeski,DET,Detroit Pistons,0028000461,1981-01-02,DET vs. NYK,W,0,3,,,0.0,,,0,0,,,,,,,,,,6,,0
12361,21980,1381,John Long,DET,Detroit Pistons,0028000461,1981-01-02,DET vs. NYK,W,0,3,,,0.0,,,0,0,,,,,,,,,,6,,0
12362,21980,100263,Bill Laimbeer,CLE,Cleveland Cavaliers,0028000460,1981-01-02,CLE @ NJN,W,0,3,,,0.0,,,0,2,0.0,,,,,,,,,6,,0
12363,21980,78400,Jan Van Breda Kolff,NJN,New Jersey Nets,0028000460,1981-01-02,NJN vs. CLE,L,0,3,,,0.0,,,0,0,,,,,,,,,,6,,0
12364,21980,77184,Edgar Jones,NJN,New Jersey Nets,0028000460,1981-01-02,NJN vs. CLE,L,0,1,,,0.0,,,4,6,0.667,,,,,,,,,6,,0
12365,21980,76095,Mike Bantom,IND,Indiana Pacers,0028000459,1981-01-02,IND @ ATL,W,0,3,,,0.0,,,0,0,,,,,,,,,,6,,0
12366,21980,78442,Wally Walker,SEA,Seattle SuperSonics,0028000457,1981-01-02,SEA vs. PHL,L,0,2,,,0.0,,,2,2,1.0,,,,,,,,,6,,0
12367,21980,76385,Maurice Cheeks,PHL,Philadelphia 76ers,0028000457,1981-01-02,PHL @ SEA,W,0,3,,,0.0,,,0,0,,,,,,,,,6.0,6,,0
12368,21980,78350,Rudy Tomjanovich,HOU,Houston Rockets,0028000456,1981-01-02,HOU @ DAL,W,0,2,,,0.0,,,2,2,1.0,,,,,,,,,6,,0
12369,21980,76516,Brad Davis,DAL,Dallas Mavericks,0028000456,1981-01-02,DAL vs. HOU,L,0,3,,,0.0,,,0,0,,,,,,,,,,6,,0
12370,21980,78449,Lloyd Walton,KCK,Kansas City Kings,0028000455,1981-01-02,KCK vs. UTH,W,0,3,,,0.0,,,0,0,,,,,,,,,,6,,0
12371,21980,76444,Michael Cooper,LAL,Los Angeles Lakers,0028000454,1981-01-02,LAL @ SAN,L,0,1,,,0.0,,,4,4,1.0,,,,,,,,,6,,0
12372,21980,76355,Butch Carter,LAL,Los Angeles Lakers,0028000454,1981-01-02,LAL @ SAN,L,0,2,,,0.0,,,2,2,1.0,,,,,,,,,6,,0
12373,21980,76248,Jim Brewer,LAL,Los Angeles Lakers,0028000454,1981-01-02,LAL @ SAN,L,0,3,,,0.0,,,0,0,,,,,,,,,,6,,0
12374,21980,76272,Fred Brown,SEA,Seattle SuperSonics,0028000457,1981-01-02,SEA vs. PHL,L,0,1,,,1.0,,,3,4,0.75,,,,,,,,,6,,0
12375,21980,77715,Carl Nicks,UTH,Utah Jazz,0028000455,1981-01-02,UTH @ KCK,L,0,3,,,0.0,,,0,0,,,,,,,,,,6,,0
12376,21980,78577,Bill Willoughby,HOU,Houston Rockets,0028000453,1981-01-01,HOU vs. UTH,W,0,3,,,0.0,,,0,0,,,,,,,,,,6,,0
12377,21980,78548,Freeman Williams,SDC,San Diego Clippers,0028000452,1981-01-01,SDC vs. BOS,L,0,3,,,0.0,,,0,0,,,,,,,,,,6,,0
12378,21980,76830,Glen Gondrezick,DEN,Denver Nuggets,0028000451,1981-01-01,DEN @ POR,L,0,1,,,0.0,,,4,4,1.0,,,,,,,,,6,,0
12379,21980,78404,Kiki Vandeweghe,DEN,Denver Nuggets,0028000450,1980-12-30,DEN vs. IND,W,0,3,,,0.0,,,0,0,,,,,,,,,,6,,0
12380,21980,77193,Bobby Jones,PHL,Philadelphia 76ers,0028000449,1980-12-30,PHL @ POR,L,0,3,,,0.0,,,0,0,,,,,,,,,,6,,0
12381,21980,77175,Caldwell Jones,PHL,Philadelphia 76ers,0028000449,1980-12-30,PHL @ POR,L,0,1,,,0.0,,,4,4,1.0,,,,,,,,,6,,0
12382,21980,76121,Billyray Bates,POR,Portland Trail Blazers,0028000449,1980-12-30,POR vs. PHL,W,0,3,,,0.0,,,0,0,,,,,,,,,,6,,0
12383,21980,77996,Wayne Robinson,DET,Detroit Pistons,0028000448,1980-12-30,DET @ ATL,L,0,1,,,0.0,,,4,4,1.0,,,,,,,,,6,,0
12384,21980,77829,Sam Pellom,ATL,Atlanta Hawks,0028000448,1980-12-30,ATL vs. DET,W,0,3,,,0.0,,,0,0,,,,,,,,,,6,,0
12385,21980,78537,Jeff Wilkins,UTH,Utah Jazz,0028000446,1980-12-30,UTH vs. LAL,W,0,2,,,0.0,,,2,2,1.0,,,,,,,,,6,,0
12386,21980,77205,Eddie Jordan,LAL,Los Angeles Lakers,0028000446,1980-12-30,LAL @ UTH,L,0,2,,,0.0,,,2,4,0.5,,,,,,,,,6,,0
12387,21980,77635,Lowes Moore,NJN,New Jersey Nets,0028000444,1980-12-30,NJN @ CHI,L,0,3,,,0.0,,,0,0,,,,,,,,,,6,,0
12388,21980,76985,Garfield Heard,SDC,San Diego Clippers,0028000443,1980-12-30,SDC @ HOU,L,0,3,,,0.0,,,0,0,,,,,,,,,,6,,0
12389,21980,76786,Calvin Garrett,HOU,Houston Rockets,0028000443,1980-12-30,HOU vs. SDC,W,0,3,,,0.0,,,0,0,,,,,,,,,,6,,0
12390,21980,76993,Gerald Henderson,BOS,Boston Celtics,0028000442,1980-12-30,BOS @ PHX,W,0,2,,,0.0,,,2,2,1.0,,,,,,,,,6,,0
12391,21980,76091,Greg Ballard,WAS,Washington Bullets,0028000441,1980-12-30,WAS vs. MIL,L,0,3,,,0.0,,,0,0,,,,,,,,,,6,,0
12392,21980,77396,Scott Lloyd,DAL,Dallas Mavericks,0028000440,1980-12-30,DAL @ NYK,L,0,3,,,0.0,,,0,1,0.0,,,,,,,,,6,,0
12393,21980,77175,Caldwell Jones,PHL,Philadelphia 76ers,0028000438,1980-12-28,PHL @ LAL,L,0,3,,,0.0,,,0,0,,,,,,,,,,6,,0
12394,21980,76355,Butch Carter,LAL,Los Angeles Lakers,0028000438,1980-12-28,LAL vs. PHL,W,0,1,,,0.0,,,4,4,1.0,,,,,,,,,6,,0
12395,21980,600009,Rory Sparrow,NJN,New Jersey Nets,0028000437,1980-12-28,NJN vs. KCK,L,0,3,,,0.0,,,0,0,,,,,,,,,,6,,0
12396,21980,78519,Charles Whitney,KCK,Kansas City Kings,0028000437,1980-12-28,KCK @ NJN,W,0,3,,,0.0,,,0,0,,,,,,,,,,6,,0
12397,21980,78400,Jan Van Breda Kolff,NJN,New Jersey Nets,0028000437,1980-12-28,NJN vs. KCK,L,0,1,,,0.0,,,4,4,1.0,,,,,,,,,6,,0
12398,21980,76590,Leon Douglas,KCK,Kansas City Kings,0028000437,1980-12-28,KCK @ NJN,W,0,3,,,0.0,,,0,0,,,,,,,,,,6,,0
12399,21980,76162,Henry Bibby,SDC,San Diego Clippers,0028000603,1980-12-27,SDC vs. IND,W,0,2,,,0.0,,,2,3,0.667,,,,,,,,,6,,0
12400,21980,76590,Leon Douglas,KCK,Kansas City Kings,0028000435,1980-12-27,KCK @ NYK,L,0,3,,,0.0,,,0,0,,,,,,,,,,6,,0
12401,21980,77175,Caldwell Jones,PHL,Philadelphia 76ers,0028000434,1980-12-27,PHL @ DEN,L,0,3,,,0.0,,,0,0,,,,,,,,,,6,,0
12402,21980,78600,Brian Winters,MIL,Milwaukee Bucks,0028000433,1980-12-27,MIL vs. DAL,W,0,3,,,0.0,,,0,0,,,,,,,,,6.0,6,,0
12403,21980,77396,Scott Lloyd,DAL,Dallas Mavericks,0028000433,1980-12-27,DAL @ MIL,L,0,2,,,0.0,,,2,6,0.333,,,,,,,,,6,,0
12404,21980,77126,Abdul Jeelani,DAL,Dallas Mavericks,0028000433,1980-12-27,DAL @ MIL,L,0,2,,,0.0,,,2,2,1.0,,,,,,,,6.0,6,,0
12405,21980,76686,Mike Evans,MIL,Milwaukee Bucks,0028000433,1980-12-27,MIL vs. DAL,W,0,3,,,0.0,,,0,0,,,,,,,,,,6,,0
12406,21980,76365,Harvey Catchings,MIL,Milwaukee Bucks,0028000433,1980-12-27,MIL vs. DAL,W,0,3,,,0.0,,,0,0,,,,,,,,,6.0,6,,0
12407,21980,78095,Alvin Scott,PHX,Phoenix Suns,0028000432,1980-12-27,PHX vs. LAL,W,0,2,,,0.0,,,2,2,1.0,,,,,,,,,6,,0
12408,21980,77334,Mark Landsberger,LAL,Los Angeles Lakers,0028000432,1980-12-27,LAL @ PHX,L,0,3,,,0.0,,,0,1,0.0,,,,,,,,,6,,0
12409,21980,77829,Sam Pellom,ATL,Atlanta Hawks,0028000431,1980-12-27,ATL vs. BOS,L,0,1,,,0.0,,,4,5,0.8,,,,,,,,,6,,0
12410,21980,76471,Charlie Criss,ATL,Atlanta Hawks,0028000431,1980-12-27,ATL vs. BOS,L,0,2,,,0.0,,,2,2,1.0,,,,,,,,,6,,0
12411,21980,78139,Purvis Short,GOS,Golden State Warriors,0028000430,1980-12-27,GOS vs. SEA,W,0,3,,,0.0,,,0,1,0.0,,,,,,,,,6,,0
12412,21980,77800,Sonny Parker,GOS,Golden State Warriors,0028000430,1980-12-27,GOS vs. SEA,W,0,3,,,0.0,,,0,0,,,,,,,,,,6,,0
12413,21980,76085,James Bailey,SEA,Seattle SuperSonics,0028000430,1980-12-27,SEA @ GOS,L,0,3,,,0.0,,,0,0,,,,,,,,,6.0,6,,0
12414,21980,76078,Dennis Awtrey,SEA,Seattle SuperSonics,0028000430,1980-12-27,SEA @ GOS,L,0,3,,,0.0,,,0,0,,,,,,,,,,6,,0
12415,21980,600009,Rory Sparrow,NJN,New Jersey Nets,0028000427,1980-12-26,NJN vs. ATL,L,0,1,,,0.0,,,4,5,0.8,,,,,,,,,6,,0
12416,21980,77635,Lowes Moore,NJN,New Jersey Nets,0028000427,1980-12-26,NJN vs. ATL,L,0,2,,,0.0,,,2,2,1.0,,,,,,,,,6,,0
12417,21980,78195,Larry Smith,GOS,Golden State Warriors,0028000425,1980-12-26,GOS @ UTH,W,0,3,,,0.0,,,0,2,0.0,,,,,,,,,6,,0
12418,21980,77582,Joe Meriweather,KCK,Kansas City Kings,0028000424,1980-12-26,KCK vs. PHL,L,0,3,,,0.0,,,0,0,,,,,,,,,,6,,0
12419,21980,76881,David Greenwood,CHI,Chicago Bulls,0028000423,1980-12-26,CHI @ CLE,W,0,3,,,0.0,,,0,0,,,,,,,,,,6,,0
12420,21980,76567,Coby Dietrick,CHI,Chicago Bulls,0028000423,1980-12-26,CHI @ CLE,W,0,3,,,0.0,,,0,0,,,,,,,,,,6,,0
12421,21980,78390,Terry Tyler,DET,Detroit Pistons,0028000422,1980-12-26,DET vs. HOU,L,0,3,,,0.0,,,0,2,0.0,,,,,,,,,6,,0
12422,21980,77817,Billy Paultz,HOU,Houston Rockets,0028000422,1980-12-26,HOU @ DET,W,0,3,,,0.0,,,0,0,,,,,,,,,,6,,0
12423,21980,77547,Billy McKinney,DEN,Denver Nuggets,0028000421,1980-12-26,DEN @ DAL,L,0,2,,,0.0,,,2,2,1.0,,,,,,,,,6,,0
12424,21980,76317,Don Buse,IND,Indiana Pacers,0028000420,1980-12-26,IND @ LAL,L,0,2,,,0.0,,,2,2,1.0,,,,,,,,,6,,0
12425,21980,78570,Sly Williams,NYK,New York Knicks,0028000419,1980-12-25,NYK vs. BOS,L,0,2,,,0.0,,,2,2,1.0,,,,,,,,,6,,0
12426,21980,77984,Rick Robey,BOS,Boston Celtics,0028000419,1980-12-25,BOS @ NYK,W,0,3,,,0.0,,,0,0,,,,,,,,,,6,,0
12427,21980,76011,Alvan Adams,PHX,Phoenix Suns,0028000418,1980-12-25,PHX vs. SAN,W,0,3,,,0.0,,,0,0,,,,,,,,,,6,,0
12428,21980,77691,Calvin Natt,POR,Portland Trail Blazers,0028000417,1980-12-25,POR vs. GOS,W,0,2,,,0.0,,,2,4,0.5,,,,,,,,,6,,0
12429,21980,78400,Jan Van Breda Kolff,NJN,New Jersey Nets,0028000416,1980-12-25,NJN @ WAS,L,0,2,,,0.0,,,2,2,1.0,,,,,,,,,6,,0
12430,21980,77876,Kevin Porter,WAS,Washington Bullets,0028000416,1980-12-25,WAS vs. NJN,W,0,3,,,0.0,,,0,0,,,,,,,,,,6,,0
12431,21980,76248,Jim Brewer,LAL,Los Angeles Lakers,0028000415,1980-12-23,LAL @ POR,L,0,3,,,0.0,,,0,0,,,,,,,,,,6,,0
12432,21980,77582,Joe Meriweather,KCK,Kansas City Kings,0028000414,1980-12-23,KCK @ CLE,W,0,2,,,0.0,,,2,2,1.0,,,,,,,,,6,,0
12433,21980,76786,Calvin Garrett,HOU,Houston Rockets,0028000413,1980-12-23,HOU vs. GOS,L,0,3,,,0.0,,,0,0,,,,,,,,,,6,,0
12434,21980,76830,Glen Gondrezick,DEN,Denver Nuggets,0028000412,1980-12-23,DEN @ BOS,L,0,2,,,0.0,,,2,2,1.0,,,,,,,,,6,,0
12435,21980,76231,Dudley Bradley,IND,Indiana Pacers,0028000411,1980-12-23,IND vs. NJN,W,0,2,,,0.0,,,2,3,0.667,,,,,,,,,6,,0
12436,21980,328,Rick Mahorn,WAS,Washington Bullets,0028000410,1980-12-23,WAS @ ATL,L,0,3,,,0.0,,,0,0,,,,,,,,,,6,,0
12437,21980,78618,Sam Worthen,CHI,Chicago Bulls,0028000408,1980-12-23,CHI vs. NYK,W,0,2,,,0.0,,,2,2,1.0,,,,,,,,,6,,0
12438,21980,78570,Sly Williams,NYK,New York Knicks,0028000408,1980-12-23,NYK @ CHI,L,0,3,,,0.0,,,0,0,,,,,,,,,,6,,0
12439,21980,76822,Mike Glenn,NYK,New York Knicks,0028000408,1980-12-23,NYK @ CHI,L,0,3,,,0.0,,,0,0,,,,,,,,,,6,,0
12440,21980,77235,Rich Kelley,PHX,Phoenix Suns,0028000406,1980-12-22,PHX @ SEA,W,0,3,,,0.0,,,0,0,,,,,,,,,,6,,0
12441,21980,78095,Alvin Scott,PHX,Phoenix Suns,0028000405,1980-12-21,PHX @ POR,W,0,3,,,0.0,,,0,0,,,,,,,,,,6,,0
12442,21980,76895,Bob Gross,POR,Portland Trail Blazers,0028000405,1980-12-21,POR vs. PHX,L,0,2,,,0.0,,,2,2,1.0,,,,,,,,,6,,0
12443,21980,76985,Garfield Heard,SDC,San Diego Clippers,0028000404,1980-12-21,SDC vs. DET,W,0,3,,,0.0,,,0,0,,,,,,,,,,6,,0
12444,21980,77817,Billy Paultz,HOU,Houston Rockets,0028000403,1980-12-21,HOU @ MIL,L,0,2,,,0.0,,,2,2,1.0,,,,,,,,,6,,0
12445,21980,76365,Harvey Catchings,MIL,Milwaukee Bucks,0028000403,1980-12-21,MIL vs. HOU,W,0,3,,,0.0,,,0,0,,,,,,,,,,6,,0
12446,21980,76444,Michael Cooper,LAL,Los Angeles Lakers,0028000402,1980-12-21,LAL vs. SAN,W,0,2,,,0.0,,,2,2,1.0,,,,,,,,,6,,0
12447,21980,76248,Jim Brewer,LAL,Los Angeles Lakers,0028000402,1980-12-21,LAL vs. SAN,W,0,2,,,0.0,,,2,2,1.0,,,,,,,,,6,,0
12448,21980,77691,Calvin Natt,POR,Portland Trail Blazers,0028000401,1980-12-20,POR vs. ATL,W,0,3,,,0.0,,,0,2,0.0,,,,,,,,,6,,0
12449,21980,77553,Tom McMillen,ATL,Atlanta Hawks,0028000401,1980-12-20,ATL @ POR,L,0,3,,,0.0,,,0,0,,,,,,,,,,6,,0
12450,21980,77984,Rick Robey,BOS,Boston Celtics,0028000400,1980-12-20,BOS @ CLE,W,0,1,,,0.0,,,4,4,1.0,,,,,,,,,6,,0
12451,21980,76985,Garfield Heard,SDC,San Diego Clippers,0028000399,1980-12-20,SDC @ UTH,W,0,3,,,0.0,,,0,0,,,,,,,,,,6,,0
12452,21980,77998,Dave Robisch,DEN,Denver Nuggets,0028000398,1980-12-20,DEN @ NYK,L,0,3,,,0.0,,,0,0,,,,,,,,,,6,,0
12453,21980,76830,Glen Gondrezick,DEN,Denver Nuggets,0028000398,1980-12-20,DEN @ NYK,L,0,2,,,0.0,,,2,2,1.0,,,,,,,,,6,,0
12454,21980,77800,Sonny Parker,GOS,Golden State Warriors,0028000396,1980-12-20,GOS @ DAL,W,0,3,,,0.0,,,0,0,,,,,,,,,,6,,0
12455,21980,77984,Rick Robey,BOS,Boston Celtics,0028000394,1980-12-19,BOS vs. HOU,W,0,2,,,0.0,,,2,7,0.286,,,,,,,,,6,,0
12456,21980,77817,Billy Paultz,HOU,Houston Rockets,0028000394,1980-12-19,HOU @ BOS,L,0,2,,,0.0,,,2,2,1.0,,,,,,,,,6,,0
12457,21980,76567,Coby Dietrick,CHI,Chicago Bulls,0028000393,1980-12-19,CHI vs. MIL,W,0,3,,,0.0,,,0,0,,,,,,,,,,6,,0
12458,21980,77754,Mike O'Koren,NJN,New Jersey Nets,0028000392,1980-12-19,NJN @ PHL,L,0,3,,,0.0,,,0,0,,,,,,,,,,6,,0
12459,21980,77043,Lionel Hollins,PHL,Philadelphia 76ers,0028000392,1980-12-19,PHL vs. NJN,W,0,3,,,0.0,,,0,0,,,,,,,,,,6,,0
12460,21980,940,Earl Cureton,PHL,Philadelphia 76ers,0028000392,1980-12-19,PHL vs. NJN,W,0,3,,,0.0,,,0,4,0.0,,,,,,,,,6,,0
12461,21980,78014,Tree Rollins,ATL,Atlanta Hawks,0028000391,1980-12-19,ATL @ SEA,L,0,3,,,0.0,,,0,0,,,,,,,,,,6,,0
12462,21980,77623,Paul Mokeski,DET,Detroit Pistons,0028000390,1980-12-19,DET vs. IND,W,0,3,,,0.0,,,0,0,,,,,,,,,,6,,0
12463,21980,77264,Bernard King,GOS,Golden State Warriors,0028000389,1980-12-19,GOS @ SAN,L,0,2,,,0.0,,,2,2,1.0,,,,,,,,,6,,0
12464,21980,77484,Wes Matthews,WAS,Washington Bullets,0028000388,1980-12-19,WAS vs. NYK,L,0,3,,,0.0,,,0,0,,,,,,,,,,6,,0
12465,21980,76822,Mike Glenn,NYK,New York Knicks,0028000388,1980-12-19,NYK @ WAS,W,0,1,,,0.0,,,4,4,1.0,,,,,,,,,6,,0
12466,21980,78537,Jeff Wilkins,UTH,Utah Jazz,0028000386,1980-12-19,UTH @ PHX,L,0,3,,,0.0,,,0,0,,,,,,,,,,6,,0
12467,21980,77718,Mike Niles,PHX,Phoenix Suns,0028000386,1980-12-19,PHX vs. UTH,W,0,2,,,0.0,,,2,4,0.5,,,,,,,,,6,,0
12468,21980,77215,Jeff Judkins,UTH,Utah Jazz,0028000386,1980-12-19,UTH @ PHX,L,0,3,,,0.0,,,0,0,,,,,,,,,,6,,0
12469,21980,77432,Ollie Mack,DAL,Dallas Mavericks,0028000385,1980-12-18,DAL @ SDC,L,0,3,,,0.0,,,0,0,,,,,,,,,,6,,0
12470,21980,77396,Scott Lloyd,DAL,Dallas Mavericks,0028000385,1980-12-18,DAL @ SDC,L,0,3,,,0.0,,,0,4,0.0,,,,,,,,,6,,0
12471,21980,76686,Mike Evans,MIL,Milwaukee Bucks,0028000384,1980-12-18,MIL vs. DET,W,0,3,,,0.0,,,0,0,,,,,,,,,,6,,0
12472,21980,76599,Larry Drew,DET,Detroit Pistons,0028000384,1980-12-18,DET @ MIL,L,0,3,,,0.0,,,0,0,,,,,,,,,,6,,0
12473,21980,1381,John Long,DET,Detroit Pistons,0028000384,1980-12-18,DET @ MIL,L,0,2,,,0.0,,,2,2,1.0,,,,,,,,,6,,0
12474,21980,77848,Roger Phegley,CLE,Cleveland Cavaliers,0028000383,1980-12-18,CLE vs. DEN,W,0,2,,,0.0,,,2,2,1.0,,,,,,,,6.0,6,,0
12475,21980,78014,Tree Rollins,ATL,Atlanta Hawks,0028000382,1980-12-18,ATL @ UTH,W,0,3,,,0.0,,,0,0,,,,,,,,,,6,,0
12476,21980,77829,Sam Pellom,ATL,Atlanta Hawks,0028000382,1980-12-18,ATL @ UTH,W,0,3,,,0.0,,,0,0,,,,,,,,,,6,,0
12477,21980,76899,Ernie Grunfeld,KCK,Kansas City Kings,0028000381,1980-12-17,KCK @ SEA,L,0,3,,,0.0,,,0,0,,,,,,,,,,6,,0
12478,21980,77182,Dwight Jones,CHI,Chicago Bulls,0028000380,1980-12-17,CHI @ BOS,L,0,2,,,0.0,,,2,2,1.0,,,,,,,,,6,,0
12479,21980,76321,Marty Byrnes,DAL,Dallas Mavericks,0028000379,1980-12-17,DAL @ PHX,L,0,3,,,0.0,,,0,0,,,,,,,,,,6,,0
12480,21980,76242,Mike Bratz,CLE,Cleveland Cavaliers,0028000378,1980-12-17,CLE @ PHL,L,0,2,,,0.0,,,2,3,0.667,,,,,,,,,6,,0
12481,21980,78195,Larry Smith,GOS,Golden State Warriors,0028000375,1980-12-17,GOS vs. POR,L,0,3,,,0.0,,,0,0,,,,,,,,,,6,,0
12482,21980,77800,Sonny Parker,GOS,Golden State Warriors,0028000375,1980-12-17,GOS vs. POR,L,0,2,,,0.0,,,2,2,1.0,,,,,,,,,6,,0
12483,21980,76283,Rickey Brown,GOS,Golden State Warriors,0028000375,1980-12-17,GOS vs. POR,L,0,3,,,0.0,,,0,0,,,,,,,,,,6,,0
12484,21980,78614,Mike Woodson,NYK,New York Knicks,0028000374,1980-12-17,NYK @ DET,W,0,3,,,0.0,,,0,0,,,,,,,,,,6,,0
12485,21980,77623,Paul Mokeski,DET,Detroit Pistons,0028000374,1980-12-17,DET vs. NYK,L,0,3,,,0.0,,,0,0,,,,,,,,,,6,,0
12486,21980,78014,Tree Rollins,ATL,Atlanta Hawks,0028000373,1980-12-16,ATL vs. NJN,W,0,3,,,0.0,,,0,0,,,,,,,,,,6,,0
12487,21980,77547,Billy McKinney,UTH,Utah Jazz,0028000372,1980-12-16,UTH @ NYK,L,0,3,,,0.0,,,0,0,,,,,,,,,,6,,0
12488,21980,77043,Lionel Hollins,PHL,Philadelphia 76ers,0028000371,1980-12-16,PHL @ IND,W,0,3,,,0.0,,,0,0,,,,,,,,,,6,,0
12489,21980,229,James Edwards,IND,Indiana Pacers,0028000371,1980-12-16,IND vs. PHL,L,0,3,,,0.0,,,0,0,,,,,,,,,,6,,0
12490,21980,78296,Brian Taylor,SDC,San Diego Clippers,0028000369,1980-12-16,SDC vs. LAL,W,0,3,,,0.0,,,0,0,,,,,,,,,,6,,0
12491,21980,76899,Ernie Grunfeld,KCK,Kansas City Kings,0028000368,1980-12-16,KCK @ DEN,W,0,3,,,0.0,,,0,0,,,,,,,,,,6,,0
12492,21980,76881,David Greenwood,CHI,Chicago Bulls,0028000367,1980-12-16,CHI @ WAS,W,0,3,,,0.0,,,0,2,0.0,,,,,,,,,6,,0
12493,21980,76889,Paul Griffin,SAN,San Antonio Spurs,0028000365,1980-12-14,SAN @ MIL,L,0,2,,,0.0,,,2,3,0.667,,,,,,,,,6,,0
12494,21980,76252,Junior Bridgeman,MIL,Milwaukee Bucks,0028000365,1980-12-14,MIL vs. SAN,W,0,2,,,0.0,,,2,2,1.0,,,,,,,,,6,,0
12495,21980,78467,Kermit Washington,POR,Portland Trail Blazers,0028000363,1980-12-14,POR @ PHX,W,0,2,,,0.0,,,2,2,1.0,,,,,,,,,6,,0
12496,21980,77323,Kevin Kunnert,POR,Portland Trail Blazers,0028000363,1980-12-14,POR @ PHX,W,0,3,,,0.0,,,0,0,,,,,,,,,,6,,0
12497,21980,77022,Johnny High,PHX,Phoenix Suns,0028000363,1980-12-14,PHX vs. POR,L,0,3,,,0.0,,,0,0,,,,,,,,,,6,,0
12498,21980,77024,Armond Hill,SEA,Seattle SuperSonics,0028000362,1980-12-14,SEA @ SDC,L,0,2,,,0.0,,,2,2,1.0,,,,,,,,,6,,0
12499,21980,78600,Brian Winters,MIL,Milwaukee Bucks,0028000361,1980-12-13,MIL @ ATL,L,0,3,,,0.0,,,0,0,,,,,,,,,,6,,0
12500,21980,77553,Tom McMillen,ATL,Atlanta Hawks,0028000361,1980-12-13,ATL vs. MIL,W,0,2,,,0.0,,,2,2,1.0,,,,,,,,,6,,0
12501,21980,77528,Jim McElroy,ATL,Atlanta Hawks,0028000361,1980-12-13,ATL vs. MIL,W,0,3,,,0.0,,,0,0,,,,,,,,,,6,,0
12502,21980,78404,Kiki Vandeweghe,DEN,Denver Nuggets,0028000360,1980-12-13,DEN @ SAN,L,0,3,,,0.0,,,0,3,0.0,,,,,,,,,6,,0
12503,21980,78396,Ron Valentine,DEN,Denver Nuggets,0028000360,1980-12-13,DEN @ SAN,L,0,3,,,0.0,,,0,0,,,,,,,,,,6,,0
12504,21980,76453,Dave Corzine,SAN,San Antonio Spurs,0028000360,1980-12-13,SAN vs. DEN,W,0,3,,,0.0,,,0,2,0.0,,,,,,,,,6,,0
12505,21980,76317,Don Buse,IND,Indiana Pacers,0028000359,1980-12-13,IND @ WAS,L,0,2,,,0.0,,,2,2,1.0,,,,,,,,,6,,0
12506,21980,76225,Winford Boynes,DAL,Dallas Mavericks,0028000358,1980-12-13,DAL @ KCK,L,0,2,,,0.0,,,2,2,1.0,,,,,,,,,6,,0
12507,21980,78570,Sly Williams,NYK,New York Knicks,0028000356,1980-12-13,NYK vs. DET,W,0,3,,,0.0,,,0,0,,,,,,,,,,6,,0
12508,21980,78390,Terry Tyler,DET,Detroit Pistons,0028000356,1980-12-13,DET @ NYK,L,0,3,,,0.0,,,0,0,,,,,,,,,,6,,0
12509,21980,77623,Paul Mokeski,DET,Detroit Pistons,0028000356,1980-12-13,DET @ NYK,L,0,3,,,0.0,,,0,0,,,,,,,,,,6,,0
12510,21980,76822,Mike Glenn,NYK,New York Knicks,0028000356,1980-12-13,NYK vs. DET,W,0,3,,,0.0,,,0,0,,,,,,,,,,6,,0
12511,21980,76553,Larry Demic,NYK,New York Knicks,0028000356,1980-12-13,NYK vs. DET,W,0,3,,,0.0,,,0,0,,,,,,,,,,6,,0
12512,21980,76993,Gerald Henderson,BOS,Boston Celtics,0028000354,1980-12-13,BOS @ CHI,W,0,3,,,0.0,,,0,0,,,,,,,,,,6,,0
12513,21980,78520,Sidney Wicks,SDC,San Diego Clippers,0028000353,1980-12-12,SDC @ DAL,L,0,3,,,0.0,,,0,0,,,,,,,,,,6,,0
12514,21980,77396,Scott Lloyd,DAL,Dallas Mavericks,0028000353,1980-12-12,DAL vs. SDC,W,0,2,,,0.0,,,2,2,1.0,,,,,,,,,6,,0
12515,21980,78618,Sam Worthen,CHI,Chicago Bulls,0028000351,1980-12-12,CHI vs. UTH,W,0,2,,,0.0,,,2,2,1.0,,,,,,,,,6,,0
12516,21980,77950,Clint Richardson,PHL,Philadelphia 76ers,0028000350,1980-12-12,PHL vs. WAS,W,0,3,,,0.0,,,0,0,,,,,,,,,,6,,0
12517,21980,77876,Kevin Porter,WAS,Washington Bullets,0028000350,1980-12-12,WAS @ PHL,L,0,2,,,0.0,,,2,2,1.0,,,,,,,,,6,,0
12518,21980,76091,Greg Ballard,WAS,Washington Bullets,0028000350,1980-12-12,WAS @ PHL,L,0,3,,,0.0,,,0,0,,,,,,,,,,6,,0
12519,21980,76733,Chris Ford,BOS,Boston Celtics,0028000348,1980-12-12,BOS vs. NJN,W,0,3,,,0.0,,,0,0,,,,,,,,,,6,,0
12520,21980,76707,Eric Fernsten,BOS,Boston Celtics,0028000348,1980-12-12,BOS vs. NJN,W,0,3,,,0.0,,,0,0,,,,,,,,,,6,,0
12521,21980,1450,Kevin McHale,BOS,Boston Celtics,0028000348,1980-12-12,BOS vs. NJN,W,0,2,,,0.0,,,2,3,0.667,,,,,,,,6.0,6,,0
12522,21980,78350,Rudy Tomjanovich,HOU,Houston Rockets,0028000347,1980-12-12,HOU @ POR,L,0,2,,,0.0,,,2,2,1.0,,,,,,,,,6,,0
12523,21980,77786,Tom Owens,POR,Portland Trail Blazers,0028000347,1980-12-12,POR vs. HOU,W,0,2,,,0.0,,,2,2,1.0,,,,,,,,,6,,0
12524,21980,76895,Bob Gross,POR,Portland Trail Blazers,0028000347,1980-12-12,POR vs. HOU,W,0,2,,,0.0,,,2,2,1.0,,,,,,,,,6,,0
12525,21980,76553,Larry Demic,NYK,New York Knicks,0028000346,1980-12-11,NYK @ MIL,L,0,3,,,0.0,,,0,0,,,,,,,,,,6,,0
12526,21980,77944,Kevin Restani,SAN,San Antonio Spurs,0028000345,1980-12-11,SAN vs. KCK,W,0,3,,,0.0,,,0,0,,,,,,,,,,6,,0
12527,21980,76771,Mike Gale,SAN,San Antonio Spurs,0028000345,1980-12-11,SAN vs. KCK,W,0,3,,,0.0,,,0,0,,,,,,,,,,6,,0
12528,21980,77618,Steve Mix,PHL,Philadelphia 76ers,0028000342,1980-12-10,PHL vs. CHI,W,0,2,,,0.0,,,2,2,1.0,,,,,,,,,6,,0
12529,21980,77043,Lionel Hollins,PHL,Philadelphia 76ers,0028000342,1980-12-10,PHL vs. CHI,W,0,2,,,0.0,,,2,2,1.0,,,,,,,,,6,,0
12530,21980,78404,Kiki Vandeweghe,DEN,Denver Nuggets,0028000341,1980-12-10,DEN vs. DAL,W,0,3,,,0.0,,,0,0,,,,,,,,,,6,,0
12531,21980,77205,Eddie Jordan,LAL,Los Angeles Lakers,0028000340,1980-12-10,LAL @ HOU,W,0,2,,,0.0,,,2,3,0.667,,,,,,,,,6,,0
12532,21980,76355,Butch Carter,LAL,Los Angeles Lakers,0028000340,1980-12-10,LAL @ HOU,W,0,2,,,0.0,,,2,2,1.0,,,,,,,,,6,,0
12533,21980,78623,Larry Wright,DET,Detroit Pistons,0028000339,1980-12-10,DET vs. ATL,L,0,3,,,0.0,,,0,0,,,,,,,,,,6,,0
12534,21980,77239,Greg Kelser,DET,Detroit Pistons,0028000339,1980-12-10,DET vs. ATL,L,0,2,,,0.0,,,2,3,0.667,,,,,,,,,6,,0
12535,21980,78520,Sidney Wicks,SDC,San Diego Clippers,0028000337,1980-12-10,SDC @ KCK,L,0,1,,,0.0,,,4,9,0.444,,,,,,,,,6,,0
12536,21980,76899,Ernie Grunfeld,KCK,Kansas City Kings,0028000337,1980-12-10,KCK vs. SDC,W,0,3,,,0.0,,,0,0,,,,,,,,,,6,,0
12537,21980,78139,Purvis Short,GOS,Golden State Warriors,0028000336,1980-12-10,GOS vs. SEA,L,0,3,,,0.0,,,0,0,,,,,,,,,,6,,0
12538,21980,76283,Rickey Brown,GOS,Golden State Warriors,0028000336,1980-12-10,GOS vs. SEA,L,0,2,,,0.0,,,2,2,1.0,,,,,,,,,6,,0
12539,21980,78436,Foots Walker,NJN,New Jersey Nets,0028000335,1980-12-10,NJN vs. NYK,L,0,3,,,0.0,,,0,0,,,,,,,,,,6,,0
12540,21980,76553,Larry Demic,NYK,New York Knicks,0028000335,1980-12-10,NYK @ NJN,W,0,3,,,0.0,,,0,0,,,,,,,,,,6,,0
12541,21980,78520,Sidney Wicks,SDC,San Diego Clippers,0028000331,1980-12-09,SDC @ ATL,L,0,3,,,0.0,,,0,0,,,,,,,,,6.0,6,,0
12542,21980,76242,Mike Bratz,CLE,Cleveland Cavaliers,0028000333,1980-12-09,CLE vs. PHL,L,0,3,,,0.0,,,0,0,,,,,,,,,,6,,0
12543,21980,78392,Wes Unseld,WAS,Washington Bullets,0028000332,1980-12-09,WAS @ NYK,L,0,3,,,0.0,,,0,0,,,,,,,,,,6,,0
12544,21980,76887,Kevin Grevey,WAS,Washington Bullets,0028000332,1980-12-09,WAS @ NYK,L,0,3,,,0.0,,,0,0,,,,,,,,,,6,,0
12545,21980,76822,Mike Glenn,NYK,New York Knicks,0028000332,1980-12-09,NYK vs. WAS,W,0,3,,,0.0,,,0,0,,,,,,,,,,6,,0
12546,21980,78014,Tree Rollins,ATL,Atlanta Hawks,0028000331,1980-12-09,ATL vs. SDC,W,0,3,,,0.0,,,0,0,,,,,,,,,,6,,0
12547,21980,76971,Steve Hawes,ATL,Atlanta Hawks,0028000331,1980-12-09,ATL vs. SDC,W,0,3,,,0.0,,,0,0,,,,,,,,,,6,,0
12548,21980,77205,Eddie Jordan,LAL,Los Angeles Lakers,0028000329,1980-12-09,LAL @ DAL,W,0,2,,,0.0,,,2,2,1.0,,,,,,,,,6,,0
12549,21980,76516,Brad Davis,DAL,Dallas Mavericks,0028000329,1980-12-09,DAL vs. LAL,L,0,2,,,0.0,,,2,2,1.0,,,,,,,,,6,,0
12550,21980,76392,Jim Chones,LAL,Los Angeles Lakers,0028000329,1980-12-09,LAL @ DAL,W,0,2,,,0.0,,,2,2,1.0,,,,,,,,,6,,0
12551,21980,76895,Bob Gross,POR,Portland Trail Blazers,0028000328,1980-12-09,POR vs. SEA,W,0,2,,,0.0,,,2,2,1.0,,,,,,,,,6,,0
12552,21980,76121,Billyray Bates,POR,Portland Trail Blazers,0028000328,1980-12-09,POR vs. SEA,W,0,2,,,0.0,,,2,2,1.0,,,,,,,,,6,,0
12553,21980,76567,Coby Dietrick,CHI,Chicago Bulls,0028000327,1980-12-09,CHI vs. PHX,L,0,3,,,0.0,,,0,0,,,,,,,,,,6,,0
12554,21980,76436,Jeff Cook,PHX,Phoenix Suns,0028000327,1980-12-09,PHX @ CHI,W,0,3,,,0.0,,,0,0,,,,,,,,,,6,,0
12555,21980,76771,Mike Gale,SAN,San Antonio Spurs,0028000325,1980-12-07,SAN @ POR,L,0,2,,,0.0,,,2,2,1.0,,,,,,,,,6,,0
12556,21980,76453,Dave Corzine,SAN,San Antonio Spurs,0028000325,1980-12-07,SAN @ POR,L,0,3,,,0.0,,,0,0,,,,,,,,,,6,,0
12557,21980,78199,Phil Smith,SDC,San Diego Clippers,0028000324,1980-12-07,SDC vs. NJN,W,0,2,,,0.0,,,2,2,1.0,,,,,,,,,6,,0
12558,21980,76985,Garfield Heard,SDC,San Diego Clippers,0028000324,1980-12-07,SDC vs. NJN,W,0,2,,,0.0,,,2,2,1.0,,,,,,,,,6,,0
12559,21980,77984,Rick Robey,BOS,Boston Celtics,0028000323,1980-12-07,BOS vs. WAS,L,0,3,,,0.0,,,0,0,,,,,,,,,,6,,0
12560,21980,77487,Cedric Maxwell,BOS,Boston Celtics,0028000323,1980-12-07,BOS vs. WAS,L,0,2,,,0.0,,,2,4,0.5,,,,,,,,,6,,0
12561,21980,1450,Kevin McHale,BOS,Boston Celtics,0028000323,1980-12-07,BOS vs. WAS,L,0,3,,,0.0,,,0,0,,,,,,,,,,6,,0
12562,21980,77800,Sonny Parker,GOS,Golden State Warriors,0028000322,1980-12-07,GOS @ PHX,L,0,3,,,0.0,,,0,0,,,,,,,,,,6,,0
12563,21980,77718,Mike Niles,PHX,Phoenix Suns,0028000322,1980-12-07,PHX vs. GOS,W,0,2,,,0.0,,,2,3,0.667,,,,,,,,,6,,0
12564,21980,77022,Johnny High,PHX,Phoenix Suns,0028000322,1980-12-07,PHX vs. GOS,W,0,3,,,0.0,,,0,0,,,,,,,,,,6,,0
12565,21980,77215,Jeff Judkins,UTH,Utah Jazz,0028000321,1980-12-07,UTH @ LAL,L,0,2,,,0.0,,,2,2,1.0,,,,,,,,,6,,0
12566,21980,77205,Eddie Jordan,LAL,Los Angeles Lakers,0028000320,1980-12-06,LAL @ GOS,L,0,2,,,0.0,,,2,4,0.5,,,,,,,,,6,,0
12567,21980,77937,Billy Reid,GOS,Golden State Warriors,0028000320,1980-12-06,GOS vs. LAL,W,0,3,,,0.0,,,0,0,,,,,,,,,,6,,0
12568,21980,77419,John Lucas,GOS,Golden State Warriors,0028000320,1980-12-06,GOS vs. LAL,W,0,1,,,0.0,,,4,5,0.8,,,,,,,,,6,,0
12569,21980,76353,Joe Barry Carroll,GOS,Golden State Warriors,0028000320,1980-12-06,GOS vs. LAL,W,0,3,,,0.0,,,0,0,,,,,,,,,6.0,6,,0
12570,21980,77770,Louis Orr,IND,Indiana Pacers,0028000319,1980-12-06,IND vs. KCK,W,0,2,,,0.0,,,2,2,1.0,,,,,,,,,6,,0
12571,21980,77290,Billy Knight,IND,Indiana Pacers,0028000319,1980-12-06,IND vs. KCK,W,0,3,,,0.0,,,0,0,,,,,,,,,,6,,0
12572,21980,77136,Clemon Johnson,IND,Indiana Pacers,0028000319,1980-12-06,IND vs. KCK,W,0,3,,,0.0,,,0,0,,,,,,,,,,6,,0
12573,21980,78014,Tree Rollins,ATL,Atlanta Hawks,0028000318,1980-12-06,ATL vs. DAL,W,0,3,,,0.0,,,0,0,,,,,,,,,,6,,0
12574,21980,77553,Tom McMillen,ATL,Atlanta Hawks,0028000318,1980-12-06,ATL vs. DAL,W,0,3,,,0.0,,,0,0,,,,,,,,,,6,,0
12575,21980,77528,Jim McElroy,ATL,Atlanta Hawks,0028000318,1980-12-06,ATL vs. DAL,W,0,2,,,0.0,,,2,3,0.667,,,,,,,,,6,,0
12576,21980,78570,Sly Williams,NYK,New York Knicks,0028000317,1980-12-06,NYK vs. MIL,W,0,3,,,0.0,,,0,0,,,,,,,,,,6,,0
12577,21980,76257,Allan Bristow,UTH,Utah Jazz,0028000316,1980-12-06,UTH vs. SEA,L,0,3,,,0.0,,,0,0,,,,,,,,,,6,,0
12578,21980,78396,Ron Valentine,DEN,Denver Nuggets,0028000315,1980-12-06,DEN @ HOU,L,0,3,,,0.0,,,0,0,,,,,,,,,,6,,0
12579,21980,77056,Cedrick Hordges,DEN,Denver Nuggets,0028000315,1980-12-06,DEN @ HOU,L,0,3,,,0.0,,,0,0,,,,,,,,,,6,,0
12580,21980,78531,Bob Wilkerson,CHI,Chicago Bulls,0028000312,1980-12-05,CHI @ POR,L,0,2,,,0.0,,,2,2,1.0,,,,,,,,,6,,0
12581,21980,76567,Coby Dietrick,CHI,Chicago Bulls,0028000312,1980-12-05,CHI @ POR,L,0,2,,,0.0,,,2,2,1.0,,,,,,,,,6,,0
12582,21980,76993,Gerald Henderson,BOS,Boston Celtics,0028000310,1980-12-05,BOS vs. DAL,W,0,2,,,0.0,,,2,2,1.0,,,,,,,,,6,,0
12583,21980,76996,Tom Henderson,HOU,Houston Rockets,0028000308,1980-12-05,HOU @ KCK,L,0,3,,,0.0,,,0,0,,,,,,,,,,6,,0
12584,21980,76826,Mike Gminski,NJN,New Jersey Nets,0028000306,1980-12-05,NJN @ PHX,W,0,3,,,0.0,,,0,0,,,,,,,,,,6,,0
12585,21980,77873,Ben Poquette,UTH,Utah Jazz,0028000305,1980-12-04,UTH vs. DEN,W,0,3,,,0.0,,,0,0,,,,,,,,,,6,,0
12586,21980,77149,George Johnson,SAN,San Antonio Spurs,0028000304,1980-12-04,SAN vs. CLE,W,0,2,,,0.0,,,2,3,0.667,,,,,,,,,6,,0
12587,21980,76895,Bob Gross,POR,Portland Trail Blazers,0028000303,1980-12-04,POR @ SDC,W,0,3,,,0.0,,,0,0,,,,,,,,,,6,,0
12588,21980,76266,Michael Brooks,SDC,San Diego Clippers,0028000303,1980-12-04,SDC vs. POR,L,0,3,,,0.0,,,0,0,,,,,,,,,,6,,0
12589,21980,77635,Lowes Moore,NJN,New Jersey Nets,0028000298,1980-12-03,NJN @ GOS,L,0,1,,,0.0,,,4,4,1.0,,,,,,,,,6,,0
12590,21980,78436,Foots Walker,NJN,New Jersey Nets,0028000298,1980-12-03,NJN @ GOS,L,0,2,,,1.0,,,1,2,0.5,,,,,,,,,6,,0
12591,21980,77078,Kim Hughes,CLE,Cleveland Cavaliers,0028000302,1980-12-03,CLE @ HOU,L,0,3,,,0.0,,,0,0,,,,,,,,,,6,,0
12592,21980,77829,Sam Pellom,ATL,Atlanta Hawks,0028000300,1980-12-03,ATL @ BOS,L,0,3,,,0.0,,,0,0,,,,,,,,,,6,,0
12593,21980,77490,Scott May,CHI,Chicago Bulls,0028000299,1980-12-03,CHI @ SEA,L,0,3,,,0.0,,,0,0,,,,,,,,,,6,,0
12594,21980,76944,Bill Hanzlik,SEA,Seattle SuperSonics,0028000299,1980-12-03,SEA vs. CHI,W,0,1,,,0.0,,,4,4,1.0,,,,,,,,,6,,0
12595,21980,77937,Billy Reid,GOS,Golden State Warriors,0028000298,1980-12-03,GOS vs. NJN,W,0,3,,,0.0,,,0,0,,,,,,,,,,6,,0
12596,21980,77419,John Lucas,GOS,Golden State Warriors,0028000298,1980-12-03,GOS vs. NJN,W,0,3,,,0.0,,,0,0,,,,,,,,,,6,,0
12597,21980,77326,Sam Lacey,KCK,Kansas City Kings,0028000297,1980-12-03,KCK vs. PHX,W,0,2,,,0.0,,,2,2,1.0,,,,,,,,,6,,0
12598,21980,77950,Clint Richardson,PHL,Philadelphia 76ers,0028000295,1980-12-03,PHL vs. NYK,W,0,3,,,0.0,,,0,0,,,,,,,,,,6,,0
12599,21980,77618,Steve Mix,PHL,Philadelphia 76ers,0028000295,1980-12-03,PHL vs. NYK,W,0,2,,,0.0,,,2,2,1.0,,,,,,,,,6,,0
12600,21980,77175,Caldwell Jones,PHL,Philadelphia 76ers,0028000295,1980-12-03,PHL vs. NYK,W,0,1,,,0.0,,,4,4,1.0,,,,,,,,,6,,0
12601,21980,78095,Alvin Scott,PHX,Phoenix Suns,0028000294,1980-12-02,PHX @ SAN,W,0,3,,,0.0,,,0,0,,,,,,,,,,6,,0
12602,21980,77944,Kevin Restani,SAN,San Antonio Spurs,0028000294,1980-12-02,SAN vs. PHX,L,0,3,,,0.0,,,0,0,,,,,,,,,,6,,0
12603,21980,77718,Mike Niles,PHX,Phoenix Suns,0028000294,1980-12-02,PHX @ SAN,W,0,3,,,0.0,,,0,0,,,,,,,,,,6,,0
12604,21980,77633,Johnny Moore,SAN,San Antonio Spurs,0028000294,1980-12-02,SAN vs. PHX,L,0,3,,,0.0,,,0,0,,,,,,,,,,6,,0
12605,21980,77324,Mitch Kupchak,WAS,Washington Bullets,0028000293,1980-12-02,WAS vs. KCK,W,0,3,,,0.0,,,0,0,,,,,,,,,,6,,0
12606,21980,76590,Leon Douglas,KCK,Kansas City Kings,0028000293,1980-12-02,KCK @ WAS,L,0,2,,,0.0,,,2,4,0.5,,,,,,,,,6,,0
12607,21980,78623,Larry Wright,DET,Detroit Pistons,0028000292,1980-12-02,DET vs. BOS,L,0,3,,,0.0,,,0,0,,,,,,,,,,6,,0
12608,21980,78351,Andrew Toney,PHL,Philadelphia 76ers,0028000288,1980-12-02,PHL @ ATL,L,0,2,,,0.0,,,2,3,0.667,,,,,,,,6.0,6,,0
12609,21980,78014,Tree Rollins,ATL,Atlanta Hawks,0028000288,1980-12-02,ATL vs. PHL,W,0,1,,,0.0,,,4,4,1.0,,,,,,,,6.0,6,,0
12610,21980,78396,Ron Valentine,DEN,Denver Nuggets,0028000286,1980-12-02,DEN vs. CHI,L,0,3,,,0.0,,,0,0,,,,,,,,,,6,,0
12611,21980,77715,Carl Nicks,DEN,Denver Nuggets,0028000286,1980-12-02,DEN vs. CHI,L,0,3,,,0.0,,,0,0,,,,,,,,,,6,,0
12612,21980,78095,Alvin Scott,PHX,Phoenix Suns,0028000285,1980-11-30,PHX vs. HOU,W,0,3,,,0.0,,,0,0,,,,,,,,,,6,,0
12613,21980,1450,Kevin McHale,BOS,Boston Celtics,0028000283,1980-11-30,BOS @ MIL,L,0,3,,,0.0,,,0,0,,,,,,,,,,6,,0
12614,21980,78139,Purvis Short,GOS,Golden State Warriors,0028000281,1980-11-30,GOS @ SDC,L,0,3,,,0.0,,,0,0,,,,,,,,,,6,,0
12615,21980,76283,Rickey Brown,GOS,Golden State Warriors,0028000281,1980-11-30,GOS @ SDC,L,0,3,,,0.0,,,0,0,,,,,,,,,,6,,0
12616,21980,76248,Jim Brewer,LAL,Los Angeles Lakers,0028000284,1980-11-30,LAL vs. CHI,L,0,3,,,0.0,,,0,2,0.0,,,,,,,,,6,,0
12617,21980,77024,Armond Hill,ATL,Atlanta Hawks,0028000280,1980-11-29,ATL vs. DET,L,0,2,,,0.0,,,2,2,1.0,,,,,,,,,6,,0
12618,21980,78519,Charles Whitney,KCK,Kansas City Kings,0028000279,1980-11-29,KCK vs. SAN,L,0,3,,,0.0,,,0,0,,,,,,,,,,6,,0
12619,21980,78150,James Silas,SAN,San Antonio Spurs,0028000279,1980-11-29,SAN @ KCK,W,0,2,,,0.0,,,2,4,0.5,,,,,,,,,6,,0
12620,21980,78307,Carlos Terry,WAS,Washington Bullets,0028000278,1980-11-29,WAS vs. MIL,W,0,2,,,0.0,,,2,3,0.667,,,,,,,,,6,,0
12621,21980,76686,Mike Evans,MIL,Milwaukee Bucks,0028000278,1980-11-29,MIL @ WAS,L,0,2,,,0.0,,,2,3,0.667,,,,,,,,,6,,0
12622,21980,77353,Allen Leavell,HOU,Houston Rockets,0028000276,1980-11-29,HOU vs. DAL,W,0,3,,,0.0,,,0,0,,,,,,,,,,6,,0
12623,21980,77438,Kyle Macy,PHX,Phoenix Suns,0028000275,1980-11-29,PHX @ GOS,W,0,3,,,0.0,,,0,0,,,,,,,,,,6,,0
12624,21980,77419,John Lucas,GOS,Golden State Warriors,0028000275,1980-11-29,GOS vs. PHX,L,0,3,,,0.0,,,0,1,0.0,,,,,,,,,6,,0
12625,21980,76436,Jeff Cook,PHX,Phoenix Suns,0028000275,1980-11-29,PHX @ GOS,W,0,2,,,0.0,,,2,4,0.5,,,,,,,,6.0,6,,0
12626,21980,77786,Tom Owens,POR,Portland Trail Blazers,0028000274,1980-11-29,POR @ NYK,L,0,2,,,0.0,,,2,2,1.0,,,,,,,,,6,,0
12627,21980,77323,Kevin Kunnert,POR,Portland Trail Blazers,0028000274,1980-11-29,POR @ NYK,L,0,3,,,0.0,,,0,0,,,,,,,,,,6,,0
12628,21980,76249,Ron Brewer,POR,Portland Trail Blazers,0028000274,1980-11-29,POR @ NYK,L,0,3,,,0.0,,,0,0,,,,,,,,,,6,,0
12629,21980,77215,Jeff Judkins,UTH,Utah Jazz,0028000273,1980-11-29,UTH @ PHL,L,0,2,,,0.0,,,2,2,1.0,,,,,,,,,6,,0
12630,21980,77162,Ollie Johnson,PHL,Philadelphia 76ers,0028000273,1980-11-29,PHL vs. UTH,W,0,3,,,0.0,,,0,0,,,,,,,,,,6,,0
12631,21980,77152,John Johnson,SEA,Seattle SuperSonics,0028000271,1980-11-28,SEA vs. SDC,L,0,3,,,0.0,,,0,0,,,,,,,,,,6,,0
12632,21980,78577,Bill Willoughby,HOU,Houston Rockets,0028000270,1980-11-28,HOU @ SAN,W,0,2,,,0.0,,,2,2,1.0,,,,,,,,,6,,0
12633,21980,76616,Mike Dunleavy,HOU,Houston Rockets,0028000270,1980-11-28,HOU @ SAN,W,0,1,,,0.0,,,4,4,1.0,,,,,,,,,6,,0
12634,21980,77618,Steve Mix,PHL,Philadelphia 76ers,0028000269,1980-11-28,PHL vs. POR,W,0,3,,,0.0,,,0,0,,,,,,,,,,6,,0
12635,21980,76249,Ron Brewer,POR,Portland Trail Blazers,0028000269,1980-11-28,POR @ PHL,L,0,2,,,0.0,,,2,2,1.0,,,,,,,,,6,,0
12636,21980,76360,Reggie Carter,NYK,New York Knicks,0028000268,1980-11-28,NYK @ BOS,L,0,2,,,0.0,,,2,2,1.0,,,,,,,,,6,,0
12637,21980,76225,Winford Boynes,DAL,Dallas Mavericks,0028000267,1980-11-28,DAL vs. DEN,L,0,3,,,0.0,,,0,0,,,,,,,,,,6,,0
12638,21980,77754,Mike O'Koren,NJN,New Jersey Nets,0028000266,1980-11-28,NJN vs. UTH,W,0,3,,,0.0,,,0,0,,,,,,,,,,6,,0
12639,21980,76435,Darwin Cook,NJN,New Jersey Nets,0028000266,1980-11-28,NJN vs. UTH,W,0,1,,,0.0,,,4,5,0.8,,,,,,,,,6,,0
12640,21980,76979,Elvin Hayes,WAS,Washington Bullets,0028000264,1980-11-28,WAS @ CLE,L,0,2,,,0.0,,,2,3,0.667,,,,,,,,,6,,0
12641,21980,77582,Joe Meriweather,KCK,Kansas City Kings,0028000263,1980-11-28,KCK @ DET,L,0,3,,,0.0,,,0,0,,,,,,,,,,6,,0
12642,21980,78531,Bob Wilkerson,CHI,Chicago Bulls,0028000262,1980-11-28,CHI @ PHX,L,0,3,,,0.0,,,0,0,,,,,,,,,,6,,0
12643,21980,77993,Truck Robinson,PHX,Phoenix Suns,0028000262,1980-11-28,PHX vs. CHI,W,0,3,,,0.0,,,0,9,0.0,,,,,,,,,6,,0
12644,21980,77633,Johnny Moore,SAN,San Antonio Spurs,0028000270,1980-11-28,SAN vs. HOU,L,0,3,,,0.0,,,0,0,,,,,,,,,,6,,0
12645,21980,77984,Rick Robey,BOS,Boston Celtics,0028000268,1980-11-28,BOS vs. NYK,W,0,3,,,0.0,,,0,0,,,,,,,,,,6,,0
12646,21980,78139,Purvis Short,GOS,Golden State Warriors,0028000261,1980-11-27,GOS vs. LAL,L,0,3,,,0.0,,,0,0,,,,,,,,,,6,,0
12647,21980,77532,George McGinnis,IND,Indiana Pacers,0028000260,1980-11-27,IND @ WAS,L,0,3,,,0.0,,,0,1,0.0,,,,,,,,,6,,0
12648,21980,77944,Kevin Restani,SAN,San Antonio Spurs,0028000259,1980-11-26,SAN vs. CHI,W,0,3,,,0.0,,,0,0,,,,,,,,,,6,,0
12649,21980,78000,John Roche,DEN,Denver Nuggets,0028000258,1980-11-26,DEN vs. SDC,W,0,3,,,0.0,,,0,0,,,,,,,,,,6,,0
12650,21980,76985,Garfield Heard,SDC,San Diego Clippers,0028000258,1980-11-26,SDC @ DEN,L,0,3,,,0.0,,,0,0,,,,,,,,,,6,,0
12651,21980,77239,Greg Kelser,DET,Detroit Pistons,0028000257,1980-11-26,DET vs. UTH,L,0,2,,,0.0,,,2,2,1.0,,,,,,,,,6,,0
12652,21980,77936,Robert Reid,HOU,Houston Rockets,0028000256,1980-11-26,HOU vs. PHL,L,0,3,,,0.0,,,0,0,,,,,,,,,,6,,0
12653,21980,77817,Billy Paultz,HOU,Houston Rockets,0028000256,1980-11-26,HOU vs. PHL,L,0,3,,,0.0,,,0,0,,,,,,,,,,6,,0
12654,21980,78519,Charles Whitney,KCK,Kansas City Kings,0028000255,1980-11-26,KCK vs. NJN,W,0,3,,,0.0,,,0,0,,,,,,,,,,6,,0
12655,21980,77184,Edgar Jones,NJN,New Jersey Nets,0028000255,1980-11-26,NJN @ KCK,L,0,2,,,0.0,,,2,4,0.5,,,,,,,,,6,,0
12656,21980,77848,Roger Phegley,CLE,Cleveland Cavaliers,0028000253,1980-11-26,CLE vs. NYK,L,0,3,,,0.0,,,0,0,,,,,,,,,,6,,0
12657,21980,78014,Tree Rollins,ATL,Atlanta Hawks,0028000252,1980-11-26,ATL @ IND,L,0,2,,,0.0,,,2,2,1.0,,,,,,,,,6,,0
12658,21980,77829,Sam Pellom,ATL,Atlanta Hawks,0028000252,1980-11-26,ATL @ IND,L,0,2,,,0.0,,,2,4,0.5,,,,,,,,,6,,0
12659,21980,77532,George McGinnis,IND,Indiana Pacers,0028000252,1980-11-26,IND vs. ATL,W,0,3,,,0.0,,,0,2,0.0,,,,,,,,,6,,0
12660,21980,76954,Mike Harper,POR,Portland Trail Blazers,0028000251,1980-11-26,POR @ BOS,L,0,2,,,0.0,,,2,4,0.5,,,,,,,,,6,,0
12661,21980,76733,Chris Ford,BOS,Boston Celtics,0028000251,1980-11-26,BOS vs. POR,W,0,3,,,0.0,,,0,0,,,,,,,,,,6,,0
12662,21980,78014,Tree Rollins,ATL,Atlanta Hawks,0028000249,1980-11-25,ATL vs. POR,W,0,3,,,0.0,,,0,0,,,,,,,,,,6,,0
12663,21980,77911,Kelvin Ransey,POR,Portland Trail Blazers,0028000249,1980-11-25,POR @ ATL,L,0,3,,,0.0,,,0,0,,,,,,,,,,6,,0
12664,21980,76895,Bob Gross,POR,Portland Trail Blazers,0028000249,1980-11-25,POR @ ATL,L,0,3,,,0.0,,,0,0,,,,,,,,,,6,,0
12665,21980,77618,Steve Mix,PHL,Philadelphia 76ers,0028000248,1980-11-25,PHL @ DAL,W,0,2,,,0.0,,,2,2,1.0,,,,,,,,,6,,0
12666,21980,76618,T.R. Dunn,DEN,Denver Nuggets,0028000247,1980-11-25,DEN @ SDC,L,0,3,,,0.0,,,0,2,0.0,,,,,,,,,6,,0
12667,21980,77669,Calvin Murphy,HOU,Houston Rockets,0028000250,1980-11-24,HOU @ NYK,L,0,2,,,0.0,,,2,2,1.0,,,,,,,,,6,,0
12668,21980,77997,Bill Robinzine,DAL,Dallas Mavericks,0028000246,1980-11-23,DAL @ POR,L,0,3,,,0.0,,,0,0,,,,,,,,,6.0,6,,0
12669,21980,78095,Alvin Scott,PHX,Phoenix Suns,0028000244,1980-11-23,PHX vs. DEN,W,0,2,,,0.0,,,2,2,1.0,,,,,,,,,6,,0
12670,21980,77205,Eddie Jordan,LAL,Los Angeles Lakers,0028000243,1980-11-23,LAL vs. MIL,L,0,3,,,0.0,,,0,2,0.0,,,,,,,,,6,,0
12671,21980,77024,Armond Hill,ATL,Atlanta Hawks,0028000241,1980-11-22,ATL vs. UTH,W,0,2,,,0.0,,,2,2,1.0,,,,,,,,,6,,0
12672,21980,77419,John Lucas,GOS,Golden State Warriors,0028000240,1980-11-22,GOS @ NYK,W,0,3,,,0.0,,,0,0,,,,,,,,,,6,,0
12673,21980,78623,Larry Wright,DET,Detroit Pistons,0028000239,1980-11-22,DET vs. NJN,W,0,2,,,0.0,,,2,2,1.0,,,,,,,,,6,,0
12674,21980,77532,George McGinnis,IND,Indiana Pacers,0028000237,1980-11-22,IND vs. HOU,W,0,3,,,0.0,,,0,3,0.0,,,,,,,,,6,,0
12675,21980,76616,Mike Dunleavy,HOU,Houston Rockets,0028000237,1980-11-22,HOU @ IND,L,0,2,,,0.0,,,2,3,0.667,,,,,,,,,6,,0
12676,21980,78392,Wes Unseld,WAS,Washington Bullets,0028000235,1980-11-21,WAS vs. SDC,W,0,3,,,0.0,,,0,0,,,,,,,,,,6,,0
12677,21980,1450,Kevin McHale,BOS,Boston Celtics,0028000234,1980-11-21,BOS vs. GOS,W,0,2,,,0.0,,,2,2,1.0,,,,,,,,,6,,0
12678,21980,76436,Jeff Cook,PHX,Phoenix Suns,0028000232,1980-11-21,PHX @ LAL,L,0,1,,,0.0,,,4,4,1.0,,,,,,,,,6,,0
12679,21980,76355,Butch Carter,LAL,Los Angeles Lakers,0028000232,1980-11-21,LAL vs. PHX,W,0,2,,,0.0,,,2,3,0.667,,,,,,,,,6,,0
12680,21980,76248,Jim Brewer,LAL,Los Angeles Lakers,0028000232,1980-11-21,LAL vs. PHX,W,0,3,,,0.0,,,0,0,,,,,,,,,,6,,0
12681,21980,77184,Edgar Jones,NJN,New Jersey Nets,0028000230,1980-11-21,NJN vs. HOU,L,0,2,,,0.0,,,2,5,0.4,,,,,,,,,6,,0
12682,21980,77618,Steve Mix,PHL,Philadelphia 76ers,0028000229,1980-11-21,PHL vs. IND,W,0,2,,,0.0,,,2,2,1.0,,,,,,,,,6,,0
12683,21980,77175,Caldwell Jones,PHL,Philadelphia 76ers,0028000229,1980-11-21,PHL vs. IND,W,0,1,,,0.0,,,4,4,1.0,,,,,,,,,6,,0
12684,21980,78481,Marvin Webster,NYK,New York Knicks,0028000228,1980-11-21,NYK @ CHI,L,0,2,,,0.0,,,2,2,1.0,,,,,,,,,6,,0
12685,21980,76734,Don Ford,CLE,Cleveland Cavaliers,0028000227,1980-11-20,CLE vs. HOU,L,0,3,,,0.0,,,0,0,,,,,,,,,,6,,0
12686,21980,76242,Mike Bratz,CLE,Cleveland Cavaliers,0028000227,1980-11-20,CLE vs. HOU,L,0,3,,,0.0,,,0,0,,,,,,,,,,6,,0
12687,21980,77323,Kevin Kunnert,POR,Portland Trail Blazers,0028000226,1980-11-20,POR vs. MIL,L,0,3,,,0.0,,,0,0,,,,,,,,,,6,,0
12688,21980,77438,Kyle Macy,PHX,Phoenix Suns,0028000225,1980-11-20,PHX vs. LAL,W,0,3,,,0.0,,,0,0,,,,,,,,,,6,,0
12689,21980,77635,Lowes Moore,NJN,New Jersey Nets,0028000222,1980-11-19,NJN vs. SAN,L,0,2,,,0.0,,,2,2,1.0,,,,,,,,,6,,0
12690,21980,77136,Clemon Johnson,IND,Indiana Pacers,0028000223,1980-11-19,IND vs. BOS,L,0,3,,,0.0,,,0,2,0.0,,,,,,,,,6,,0
12691,21980,76526,Johnny Davis,IND,Indiana Pacers,0028000223,1980-11-19,IND vs. BOS,L,0,3,,,0.0,,,0,0,,,,,,,,,,6,,0
12692,21980,1450,Kevin McHale,BOS,Boston Celtics,0028000223,1980-11-19,BOS @ IND,W,0,2,,,0.0,,,2,2,1.0,,,,,,,,,6,,0
12693,21980,77149,George Johnson,SAN,San Antonio Spurs,0028000222,1980-11-19,SAN @ NJN,W,0,2,,,0.0,,,2,2,1.0,,,,,,,,,6,,0
12694,21980,78139,Purvis Short,GOS,Golden State Warriors,0028000219,1980-11-18,GOS @ WAS,W,0,2,,,0.0,,,2,3,0.667,,,,,,,,,6,,0
12695,21980,77438,Kyle Macy,PHX,Phoenix Suns,0028000218,1980-11-18,PHX @ DAL,W,0,2,,,0.0,,,2,3,0.667,,,,,,,,,6,,0
12696,21980,76608,Terry Duerod,DAL,Dallas Mavericks,0028000218,1980-11-18,DAL vs. PHX,L,0,2,,,0.0,,,2,2,1.0,,,,,,,,,6,,0
12697,21980,77364,Ron Lee,DET,Detroit Pistons,0028000216,1980-11-18,DET vs. IND,L,0,3,,,0.0,,,0,0,,,,,,,,,,6,,0
12698,21980,76526,Johnny Davis,IND,Indiana Pacers,0028000216,1980-11-18,IND @ DET,W,0,2,,,0.0,,,2,2,1.0,,,,,,,,,6,,0
12699,21980,100263,Bill Laimbeer,CLE,Cleveland Cavaliers,0028000215,1980-11-18,CLE vs. SDC,W,0,2,,,0.0,,,2,2,1.0,,,,,,,,6.0,6,,0
12700,21980,77848,Roger Phegley,CLE,Cleveland Cavaliers,0028000215,1980-11-18,CLE vs. SDC,W,0,3,,,0.0,,,0,0,,,,,,,,,,6,,0
12701,21980,600005,Bob Lanier,MIL,Milwaukee Bucks,0028000214,1980-11-18,MIL @ UTH,W,0,3,,,0.0,,,0,0,,,,,,,,,,6,,0
12702,21980,78425,Brett Vroman,UTH,Utah Jazz,0028000214,1980-11-18,UTH vs. MIL,L,0,2,,,0.0,,,2,2,1.0,,,,,,,,,6,,0
12703,21980,76948,James Hardy,UTH,Utah Jazz,0028000214,1980-11-18,UTH vs. MIL,L,0,3,,,0.0,,,0,2,0.0,,,,,,,,,6,,0
12704,21980,76257,Allan Bristow,UTH,Utah Jazz,0028000214,1980-11-18,UTH vs. MIL,L,0,1,,,0.0,,,4,4,1.0,,,,,,,,,6,,0
12705,21980,76204,Ron Boone,UTH,Utah Jazz,0028000214,1980-11-18,UTH vs. MIL,L,0,3,,,0.0,,,0,0,,,,,,,,,,6,,0
12706,21980,77326,Sam Lacey,KCK,Kansas City Kings,0028000213,1980-11-18,KCK @ LAL,L,0,3,,,0.0,,,0,0,,,,,,,,,,6,,0
12707,21980,76899,Ernie Grunfeld,KCK,Kansas City Kings,0028000213,1980-11-18,KCK @ LAL,L,0,3,,,0.0,,,0,0,,,,,,,,,,6,,0
12708,21980,77817,Billy Paultz,HOU,Houston Rockets,0028000211,1980-11-18,HOU vs. SEA,W,0,3,,,0.0,,,0,1,0.0,,,,,,,,,6,,0
12709,21980,76996,Tom Henderson,HOU,Houston Rockets,0028000211,1980-11-18,HOU vs. SEA,W,0,3,,,0.0,,,0,0,,,,,,,,,,6,,0
12710,21980,76895,Bob Gross,POR,Portland Trail Blazers,0028000209,1980-11-16,POR @ PHX,L,0,2,,,0.0,,,2,2,1.0,,,,,,,,,6,,0
12711,21980,78618,Sam Worthen,CHI,Chicago Bulls,0028000208,1980-11-16,CHI @ MIL,W,0,2,,,0.0,,,2,2,1.0,,,,,,,,,6,,0
12712,21980,76296,Quinn Buckner,MIL,Milwaukee Bucks,0028000208,1980-11-16,MIL vs. CHI,L,0,3,,,0.0,,,0,0,,,,,,,,,,6,,0
12713,21980,76225,Winford Boynes,DAL,Dallas Mavericks,0028000207,1980-11-16,DAL @ LAL,L,0,3,,,0.0,,,0,0,,,,,,,,,,6,,0
12714,21980,78400,Jan Van Breda Kolff,NJN,New Jersey Nets,0028000206,1980-11-16,NJN vs. DET,W,0,2,,,0.0,,,2,2,1.0,,,,,,,,,6,,0
12715,21980,77754,Mike O'Koren,NJN,New Jersey Nets,0028000206,1980-11-16,NJN vs. DET,W,0,3,,,0.0,,,0,0,,,,,,,,,,6,,0
12716,21980,77623,Paul Mokeski,DET,Detroit Pistons,0028000206,1980-11-16,DET @ NJN,L,0,2,,,0.0,,,2,2,1.0,,,,,,,,,6,,0
12717,21980,1381,John Long,DET,Detroit Pistons,0028000206,1980-11-16,DET @ NJN,L,0,3,,,0.0,,,0,0,,,,,,,,,,6,,0
12718,21980,76534,Ron Davis,SDC,San Diego Clippers,0028000203,1980-11-15,SDC vs. KCK,L,0,2,,,0.0,,,2,2,1.0,,,,,,,,,6,,0
12719,21980,78195,Larry Smith,GOS,Golden State Warriors,0028000202,1980-11-15,GOS vs. PHX,W,0,2,,,0.0,,,2,2,1.0,,,,,,,,,6,,0
12720,21980,76618,T.R. Dunn,DEN,Denver Nuggets,0028000201,1980-11-15,DEN vs. POR,W,0,3,,,0.0,,,0,0,,,,,,,,,,6,,0
12721,21980,76249,Ron Brewer,POR,Portland Trail Blazers,0028000201,1980-11-15,POR @ DEN,L,0,3,,,0.0,,,0,0,,,,,,,,,,6,,0
12722,21980,78513,Rudy White,SEA,Seattle SuperSonics,0028000200,1980-11-15,SEA vs. HOU,W,0,3,,,0.0,,,0,0,,,,,,,,,,6,,0
12723,21980,78442,Wally Walker,SEA,Seattle SuperSonics,0028000200,1980-11-15,SEA vs. HOU,W,0,3,,,0.0,,,0,0,,,,,,,,,,6,,0
12724,21980,78392,Wes Unseld,WAS,Washington Bullets,0028000198,1980-11-15,WAS @ ATL,W,0,1,,,0.0,,,4,4,1.0,,,,,,,,,6,,0
12725,21980,77324,Mitch Kupchak,WAS,Washington Bullets,0028000198,1980-11-15,WAS @ ATL,W,0,2,,,0.0,,,2,2,1.0,,,,,,,,,6,,0
12726,21980,78481,Marvin Webster,NYK,New York Knicks,0028000197,1980-11-14,NYK @ MIL,L,0,2,,,0.0,,,2,6,0.333,,,,,,,,,6,,0
12727,21980,77353,Allen Leavell,HOU,Houston Rockets,0028000196,1980-11-14,HOU @ UTH,L,0,3,,,0.0,,,0,0,,,,,,,,,,6,,0
12728,21980,600014,Artis Gilmore,CHI,Chicago Bulls,0028000195,1980-11-14,CHI @ DET,L,0,2,,,0.0,,,2,2,1.0,,,,,,,,,6,,0
12729,21980,78618,Sam Worthen,CHI,Chicago Bulls,0028000195,1980-11-14,CHI @ DET,L,0,3,,,0.0,,,0,0,,,,,,,,,,6,,0
12730,21980,78531,Bob Wilkerson,CHI,Chicago Bulls,0028000195,1980-11-14,CHI @ DET,L,0,1,,,0.0,,,4,4,1.0,,,,,,,,,6,,0
12731,21980,76567,Coby Dietrick,CHI,Chicago Bulls,0028000195,1980-11-14,CHI @ DET,L,0,2,,,0.0,,,2,4,0.5,,,,,,,,,6,,0
12732,21980,77876,Kevin Porter,WAS,Washington Bullets,0028000194,1980-11-14,WAS @ IND,L,0,3,,,0.0,,,0,0,,,,,,,,,,6,,0
12733,21980,76583,James Donaldson,SEA,Seattle SuperSonics,0028000191,1980-11-14,SEA vs. KCK,W,0,3,,,0.0,,,0,0,,,,,,,,,,6,,0
12734,21980,76707,Eric Fernsten,BOS,Boston Celtics,0028000190,1980-11-14,BOS vs. NJN,W,0,2,,,0.0,,,2,2,1.0,,,,,,,,,6,,0
12735,21980,76385,Maurice Cheeks,PHL,Philadelphia 76ers,0028000189,1980-11-13,PHL @ IND,W,0,3,,,0.0,,,0,0,,,,,,,,,,6,,0
12736,21980,77024,Armond Hill,ATL,Atlanta Hawks,0028000188,1980-11-13,ATL @ CLE,L,0,2,,,0.0,,,2,4,0.5,,,,,,,,,6,,0
12737,21980,76971,Steve Hawes,ATL,Atlanta Hawks,0028000188,1980-11-13,ATL @ CLE,L,0,2,,,0.0,,,2,2,1.0,,,,,,,,6.0,6,,0
12738,21980,78150,James Silas,SAN,San Antonio Spurs,0028000187,1980-11-13,SAN @ SDC,W,0,3,,,0.0,,,0,0,,,,,,,,,,6,,0
12739,21980,78143,John Shumate,SAN,San Antonio Spurs,0028000187,1980-11-13,SAN @ SDC,W,0,3,,,0.0,,,0,0,,,,,,,,,,6,,0
12740,21980,76162,Henry Bibby,SDC,San Diego Clippers,0028000187,1980-11-13,SDC vs. SAN,L,0,2,,,2.0,,,0,2,0.0,,,,,,,,,6,,0
12741,21980,77984,Rick Robey,BOS,Boston Celtics,0028000184,1980-11-12,BOS vs. WAS,W,0,2,,,0.0,,,2,2,1.0,,,,,,,,,6,,0
12742,21980,76091,Greg Ballard,WAS,Washington Bullets,0028000184,1980-11-12,WAS @ BOS,L,0,2,,,0.0,,,2,2,1.0,,,,,,,,,6,,0
12743,21980,76054,Nate Archibald,BOS,Boston Celtics,0028000184,1980-11-12,BOS vs. WAS,W,0,3,,,0.0,,,0,0,,,,,,,,,,6,,0
12744,21980,1450,Kevin McHale,BOS,Boston Celtics,0028000184,1980-11-12,BOS vs. WAS,W,0,3,,,0.0,,,0,0,,,,,,,,,,6,,0
12745,21980,76771,Mike Gale,SAN,San Antonio Spurs,0028000182,1980-11-12,SAN @ PHX,L,0,3,,,0.0,,,0,0,,,,,,,,,,6,,0
12746,21980,76618,T.R. Dunn,DEN,Denver Nuggets,0028000181,1980-11-12,DEN @ NJN,L,0,3,,,0.0,,,0,0,,,,,,,,,,6,,0
12747,21980,76435,Darwin Cook,NJN,New Jersey Nets,0028000181,1980-11-12,NJN vs. DEN,W,0,2,,,0.0,,,2,2,1.0,,,,,,,,,6,,0
12748,21980,76686,Mike Evans,MIL,Milwaukee Bucks,0028000180,1980-11-12,MIL @ DET,W,0,1,,,0.0,,,4,5,0.8,,,,,,,,,6,,0
12749,21980,78520,Sidney Wicks,SDC,San Diego Clippers,0028000178,1980-11-11,SDC vs. PHX,L,0,3,,,0.0,,,0,0,,,,,,,,,,6,,0
12750,21980,77689,Swen Nater,SDC,San Diego Clippers,0028000178,1980-11-11,SDC vs. PHX,L,0,2,,,0.0,,,2,2,1.0,,,,,,,,,6,,0
12751,21980,78614,Mike Woodson,NYK,New York Knicks,0028000176,1980-11-11,NYK vs. DET,W,0,3,,,0.0,,,0,0,,,,,,,,,,6,,0
12752,21980,76765,Tony Fuller,DET,Detroit Pistons,0028000176,1980-11-11,DET @ NYK,L,0,2,,,0.0,,,2,2,1.0,,,,,,,,,6,,0
12753,21980,76360,Reggie Carter,NYK,New York Knicks,0028000176,1980-11-11,NYK vs. DET,W,0,2,,,0.0,,,2,2,1.0,,,,,,,,,6,,0
12754,21980,78307,Carlos Terry,WAS,Washington Bullets,0028000175,1980-11-11,WAS vs. DEN,W,0,3,,,0.0,,,0,2,0.0,,,,,,,,,6,,0
12755,21980,76971,Steve Hawes,ATL,Atlanta Hawks,0028000174,1980-11-11,ATL vs. LAL,L,0,2,,,0.0,,,2,4,0.5,,,,,,,,,6,,0
12756,21980,78449,Lloyd Walton,KCK,Kansas City Kings,0028000173,1980-11-11,KCK @ POR,W,0,3,,,0.0,,,0,0,,,,,,,,,,6,,0
12757,21980,77273,Reggie King,KCK,Kansas City Kings,0028000173,1980-11-11,KCK @ POR,W,0,3,,,0.0,,,0,0,,,,,,,,,,6,,0
12758,21980,76895,Bob Gross,POR,Portland Trail Blazers,0028000173,1980-11-11,POR vs. KCK,L,0,2,,,0.0,,,2,2,1.0,,,,,,,,,6,,0
12759,21980,76249,Ron Brewer,POR,Portland Trail Blazers,0028000173,1980-11-11,POR vs. KCK,L,0,3,,,0.0,,,0,0,,,,,,,,,,6,,0
12760,21980,77944,Kevin Restani,SAN,San Antonio Spurs,0028000171,1980-11-11,SAN vs. IND,L,0,3,,,0.0,,,0,0,,,,,,,,,,6,,0
12761,21980,77126,Abdul Jeelani,DAL,Dallas Mavericks,0028000170,1980-11-11,DAL vs. HOU,L,0,1,,,0.0,,,4,6,0.667,,,,,,,,,6,,0
12762,21980,76616,Mike Dunleavy,HOU,Houston Rockets,0028000170,1980-11-11,HOU @ DAL,W,0,2,,,0.0,,,2,2,1.0,,,,,,,,,6,,0
12763,21980,77148,George Johnson,IND,Indiana Pacers,0028000169,1980-11-10,IND @ UTH,L,0,3,,,0.0,,,0,0,,,,,,,,,,6,,0
12764,21980,76441,Wayne Cooper,UTH,Utah Jazz,0028000169,1980-11-10,UTH vs. IND,W,0,2,,,0.0,,,2,2,1.0,,,,,,,,,6,,0
12765,21980,600010,Len Elmore,MIL,Milwaukee Bucks,0028000168,1980-11-09,MIL vs. PHL,L,0,1,,,0.0,,,4,5,0.8,,,,,,,,,6,,0
12766,21980,76054,Nate Archibald,BOS,Boston Celtics,0028000167,1980-11-09,BOS vs. CHI,W,0,3,,,0.0,,,0,1,0.0,,,,,,,,,6,,0
12767,21980,77353,Allen Leavell,HOU,Houston Rockets,0028000166,1980-11-08,HOU vs. PHX,L,0,3,,,0.0,,,0,0,,,,,,,,,,6,,0
12768,21980,76162,Henry Bibby,SDC,San Diego Clippers,0028000165,1980-11-08,SDC @ POR,W,0,3,,,0.0,,,0,0,,,,,,,,,,6,,0
12769,21980,100263,Bill Laimbeer,CLE,Cleveland Cavaliers,0028000163,1980-11-08,CLE @ KCK,L,0,3,,,0.0,,,0,0,,,,,,,,,,6,,0
12770,21980,76802,Gus Gerard,KCK,Kansas City Kings,0028000163,1980-11-08,KCK vs. CLE,W,0,3,,,0.0,,,0,0,,,,,,,,,,6,,0
12771,21980,76734,Don Ford,CLE,Cleveland Cavaliers,0028000163,1980-11-08,CLE @ KCK,L,0,3,,,0.0,,,0,0,,,,,,,,,,6,,0
12772,21980,77635,Lowes Moore,NJN,New Jersey Nets,0028000160,1980-11-08,NJN vs. ATL,W,0,3,,,0.0,,,0,0,,,,,,,,,,6,,0
12773,21980,76471,Charlie Criss,ATL,Atlanta Hawks,0028000160,1980-11-08,ATL @ NJN,L,0,1,,,0.0,,,4,4,1.0,,,,,,,,,6,,0
12774,21980,76305,Tom Burleson,ATL,Atlanta Hawks,0028000160,1980-11-08,ATL @ NJN,L,0,3,,,0.0,,,0,2,0.0,,,,,,,,,6,,0
12775,21980,78614,Mike Woodson,NYK,New York Knicks,0028000159,1980-11-08,NYK @ UTH,W,0,1,,,0.0,,,4,4,1.0,,,,,,,,,6,,0
12776,21980,77623,Paul Mokeski,DET,Detroit Pistons,0028000158,1980-11-08,DET vs. DAL,W,0,2,,,0.0,,,2,2,1.0,,,,,,,,,6,,0
12777,21980,77071,Phil Hubbard,DET,Detroit Pistons,0028000158,1980-11-08,DET vs. DAL,W,0,2,,,0.0,,,2,2,1.0,,,,,,,,6.0,6,,0
12778,21980,77126,Abdul Jeelani,DAL,Dallas Mavericks,0028000156,1980-11-07,DAL vs. LAL,L,0,2,,,0.0,,,2,2,1.0,,,,,,,,,6,,0
12779,21980,76248,Jim Brewer,LAL,Los Angeles Lakers,0028000156,1980-11-07,LAL @ DAL,W,0,3,,,0.0,,,0,0,,,,,,,,,,6,,0
12780,21980,77168,Mickey Johnson,MIL,Milwaukee Bucks,0028000155,1980-11-07,MIL @ BOS,W,0,3,,,0.0,,,0,0,,,,,,,,,,6,,0
12781,21980,76365,Harvey Catchings,MIL,Milwaukee Bucks,0028000155,1980-11-07,MIL @ BOS,W,0,3,,,0.0,,,0,0,,,,,,,,,,6,,0
12782,21980,76534,Ron Davis,SDC,San Diego Clippers,0028000154,1980-11-07,SDC @ SEA,L,0,2,,,0.0,,,2,2,1.0,,,,,,,,,6,,0
12783,21980,76830,Glen Gondrezick,DEN,Denver Nuggets,0028000152,1980-11-07,DEN vs. NYK,L,0,2,,,0.0,,,2,2,1.0,,,,,,,,,6,,0
12784,21980,76091,Greg Ballard,WAS,Washington Bullets,0028000151,1980-11-07,WAS vs. DET,W,0,3,,,0.0,,,0,0,,,,,,,,,,6,,0
12785,21980,78468,Richard Washington,CLE,Cleveland Cavaliers,0028000149,1980-11-06,CLE @ UTH,L,0,3,,,0.0,,,0,0,,,,,,,,,,6,,0
12786,21980,76734,Don Ford,CLE,Cleveland Cavaliers,0028000149,1980-11-06,CLE @ UTH,L,0,3,,,0.0,,,0,0,,,,,,,,,,6,,0
12787,21980,77876,Kevin Porter,WAS,Washington Bullets,0028000148,1980-11-06,WAS vs. DAL,W,0,3,,,0.0,,,0,0,,,,,,,,,,6,,0
12788,21980,77396,Scott Lloyd,DAL,Dallas Mavericks,0028000148,1980-11-06,DAL @ WAS,L,0,3,,,0.0,,,0,0,,,,,,,,,,6,,0
12789,21980,76321,Marty Byrnes,DAL,Dallas Mavericks,0028000148,1980-11-06,DAL @ WAS,L,0,3,,,0.0,,,0,0,,,,,,,,,,6,,0
12790,21980,78618,Sam Worthen,CHI,Chicago Bulls,0028000147,1980-11-05,CHI @ NJN,W,0,3,,,0.0,,,0,0,,,,,,,,,,6,,0
12791,21980,77618,Steve Mix,PHL,Philadelphia 76ers,0028000146,1980-11-05,PHL vs. DET,W,0,3,,,0.0,,,0,1,0.0,,,,,,,,,6,,0
12792,21980,1450,Kevin McHale,BOS,Boston Celtics,0028000145,1980-11-05,BOS vs. ATL,W,0,3,,,0.0,,,0,0,,,,,,,,,,6,,0
12793,21980,77056,Cedrick Hordges,DEN,Denver Nuggets,0028000144,1980-11-05,DEN @ SEA,W,0,3,,,0.0,,,0,0,,,,,,,,,,6,,0
12794,21980,77756,Mark Olberding,SAN,San Antonio Spurs,0028000143,1980-11-05,SAN vs. PHX,W,0,2,,,0.0,,,2,2,1.0,,,,,,,,,6,,0
12795,21980,77438,Kyle Macy,PHX,Phoenix Suns,0028000143,1980-11-05,PHX @ SAN,L,0,3,,,0.0,,,0,0,,,,,,,,,,6,,0
12796,21980,76889,Paul Griffin,SAN,San Antonio Spurs,0028000143,1980-11-05,SAN vs. PHX,W,0,3,,,0.0,,,0,0,,,,,,,,,,6,,0
12797,21980,76822,Mike Glenn,NYK,New York Knicks,0028000142,1980-11-05,NYK @ KCK,L,0,3,,,0.0,,,0,0,,,,,,,,,,6,,0
12798,21980,77189,Major Jones,HOU,Houston Rockets,0028000141,1980-11-05,HOU vs. SDC,L,0,3,,,0.0,,,0,0,,,,,,,,,,6,,0
12799,21980,77848,Roger Phegley,CLE,Cleveland Cavaliers,0028000140,1980-11-05,CLE @ GOS,L,0,2,,,0.0,,,2,3,0.667,,,,,,,,,6,,0
12800,21980,76734,Don Ford,CLE,Cleveland Cavaliers,0028000140,1980-11-05,CLE @ GOS,L,0,3,,,0.0,,,0,0,,,,,,,,,,6,,0
12801,21980,76599,Larry Drew,DET,Detroit Pistons,0028000139,1980-11-04,DET @ MIL,W,0,2,,,0.0,,,2,2,1.0,,,,,,,,,6,,0
12802,21980,76365,Harvey Catchings,MIL,Milwaukee Bucks,0028000139,1980-11-04,MIL vs. DET,L,0,3,,,0.0,,,0,0,,,,,,,,,,6,,0
12803,21980,76296,Quinn Buckner,MIL,Milwaukee Bucks,0028000139,1980-11-04,MIL vs. DET,L,0,3,,,0.0,,,0,0,,,,,,,,,,6,,0
12804,21980,77911,Kelvin Ransey,POR,Portland Trail Blazers,0028000138,1980-11-04,POR @ LAL,L,0,3,,,0.0,,,0,0,,,,,,,,,,6,,0
12805,21980,76954,Mike Harper,POR,Portland Trail Blazers,0028000138,1980-11-04,POR @ LAL,L,0,2,,,0.0,,,2,2,1.0,,,,,,,,,6,,0
12806,21980,77396,Scott Lloyd,DAL,Dallas Mavericks,0028000137,1980-11-04,DAL vs. SDC,L,0,3,,,0.0,,,0,0,,,,,,,,,,6,,0
12807,21980,77326,Sam Lacey,KCK,Kansas City Kings,0028000135,1980-11-04,KCK @ UTH,L,0,3,,,0.0,,,0,0,,,,,,,,,,6,,0
12808,21980,76204,Ron Boone,UTH,Utah Jazz,0028000135,1980-11-04,UTH vs. KCK,W,0,3,,,0.0,,,0,0,,,,,,,,,,6,,0
12809,21980,77324,Mitch Kupchak,WAS,Washington Bullets,0028000134,1980-11-04,WAS vs. ATL,W,0,3,,,0.0,,,0,0,,,,,,,,,,6,,0
12810,21980,77024,Armond Hill,ATL,Atlanta Hawks,0028000134,1980-11-04,ATL @ WAS,L,0,2,,,0.0,,,2,2,1.0,,,,,,,,,6,,0
12811,21980,78513,Rudy White,SEA,Seattle SuperSonics,0028000133,1980-11-03,SEA vs. CLE,W,0,1,,,0.0,,,4,5,0.8,,,,,,,,,6,,0
12812,21980,78468,Richard Washington,CLE,Cleveland Cavaliers,0028000133,1980-11-03,CLE @ SEA,L,0,3,,,0.0,,,0,0,,,,,,,,,,6,,0
12813,21980,77998,Dave Robisch,DEN,Denver Nuggets,0028000131,1980-11-02,DEN @ LAL,W,0,3,,,0.0,,,0,0,,,,,,,,,,6,,0
12814,21980,78200,Randy Smith,CLE,Cleveland Cavaliers,0028000130,1980-11-02,CLE @ POR,L,0,2,,,0.0,,,2,2,1.0,,,,,,,,,6,,0
12815,21980,78519,Charles Whitney,KCK,Kansas City Kings,0028000129,1980-11-01,KCK vs. PHX,L,0,1,,,0.0,,,4,8,0.5,,,,,,,,,6,,0
12816,21980,78510,Jojo White,KCK,Kansas City Kings,0028000129,1980-11-01,KCK vs. PHX,L,0,2,,,0.0,,,2,2,1.0,,,,,,,,,6,,0
12817,21980,77582,Joe Meriweather,KCK,Kansas City Kings,0028000129,1980-11-01,KCK vs. PHX,L,0,2,,,0.0,,,2,2,1.0,,,,,,,,,6,,0
12818,21980,77786,Tom Owens,POR,Portland Trail Blazers,0028000128,1980-11-01,POR vs. UTH,L,0,2,,,0.0,,,2,2,1.0,,,,,,,,,6,,0
12819,21980,77547,Billy McKinney,UTH,Utah Jazz,0028000128,1980-11-01,UTH @ POR,W,0,2,,,0.0,,,2,2,1.0,,,,,,,,,6,,0
12820,21980,76948,James Hardy,UTH,Utah Jazz,0028000128,1980-11-01,UTH @ POR,W,0,3,,,0.0,,,0,0,,,,,,,,,,6,,0
12821,21980,76441,Wayne Cooper,UTH,Utah Jazz,0028000128,1980-11-01,UTH @ POR,W,0,2,,,0.0,,,2,2,1.0,,,,,,,,,6,,0
12822,21980,76249,Ron Brewer,POR,Portland Trail Blazers,0028000128,1980-11-01,POR vs. UTH,L,0,3,,,0.0,,,0,0,,,,,,,,,,6,,0
12823,21980,77984,Rick Robey,BOS,Boston Celtics,0028000127,1980-11-01,BOS @ PHL,L,0,2,,,0.0,,,2,3,0.667,,,,,,,,,6,,0
12824,21980,77043,Lionel Hollins,PHL,Philadelphia 76ers,0028000127,1980-11-01,PHL vs. BOS,W,0,3,,,0.0,,,0,0,,,,,,,,,,6,,0
12825,21980,76993,Gerald Henderson,BOS,Boston Celtics,0028000127,1980-11-01,BOS @ PHL,L,0,3,,,0.0,,,0,0,,,,,,,,,,6,,0
12826,21980,78600,Brian Winters,MIL,Milwaukee Bucks,0028000126,1980-11-01,MIL @ ATL,W,0,3,,,0.0,,,0,0,,,,,,,,,,6,,0
12827,21980,76971,Steve Hawes,ATL,Atlanta Hawks,0028000126,1980-11-01,ATL vs. MIL,L,0,3,,,0.0,,,0,0,,,,,,,,,,6,,0
12828,21980,76418,Don Collins,ATL,Atlanta Hawks,0028000126,1980-11-01,ATL vs. MIL,L,0,3,,,0.0,,,0,0,,,,,,,,,,6,,0
12829,21980,78531,Bob Wilkerson,CHI,Chicago Bulls,0028000125,1980-11-01,CHI vs. DET,W,0,3,,,0.0,,,0,0,,,,,,,,,,6,,0
12830,21980,77996,Wayne Robinson,DET,Detroit Pistons,0028000125,1980-11-01,DET @ CHI,L,0,2,,,0.0,,,2,3,0.667,,,,,,,,,6,,0
12831,21980,77239,Greg Kelser,DET,Detroit Pistons,0028000125,1980-11-01,DET @ CHI,L,0,3,,,0.0,,,0,0,,,,,,,,,,6,,0
12832,21980,76765,Tony Fuller,DET,Detroit Pistons,0028000125,1980-11-01,DET @ CHI,L,0,2,,,0.0,,,2,2,1.0,,,,,,,,,6,,0
12833,21980,77056,Cedrick Hordges,DEN,Denver Nuggets,0028000124,1980-11-01,DEN vs. SEA,W,0,3,,,0.0,,,0,0,,,,,,,,,,6,,0
12834,21980,76822,Mike Glenn,NYK,New York Knicks,0028000123,1980-11-01,NYK vs. WAS,W,0,3,,,0.0,,,0,0,,,,,,,,,,6,,0
12835,21980,77419,John Lucas,GOS,Golden State Warriors,0028000122,1980-11-01,GOS vs. SAN,W,0,3,,,0.0,,,0,0,,,,,,,,,,6,,0
12836,21980,76771,Mike Gale,SAN,San Antonio Spurs,0028000122,1980-11-01,SAN @ GOS,L,0,2,,,0.0,,,2,2,1.0,,,,,,,,,6,,0
12837,21980,76656,Bob Elliott,NJN,New Jersey Nets,0028000121,1980-11-01,NJN @ IND,L,0,3,,,0.0,,,0,4,0.0,,,,,,,,,6,,0
12838,21980,78442,Wally Walker,SEA,Seattle SuperSonics,0028000120,1980-10-31,SEA vs. SAN,L,0,2,,,0.0,,,2,2,1.0,,,,,,,,,6,,0
12839,21980,77149,George Johnson,SAN,San Antonio Spurs,0028000120,1980-10-31,SAN @ SEA,W,0,3,,,0.0,,,0,0,,,,,,,,,,6,,0
12840,21980,76944,Bill Hanzlik,SEA,Seattle SuperSonics,0028000120,1980-10-31,SEA vs. SAN,L,0,2,,,0.0,,,2,2,1.0,,,,,,,,,6,,0
12841,21980,76453,Dave Corzine,SAN,San Antonio Spurs,0028000120,1980-10-31,SAN @ SEA,W,0,3,,,0.0,,,0,0,,,,,,,,,,6,,0
12842,21980,78520,Sidney Wicks,SDC,San Diego Clippers,0028000118,1980-10-31,SDC vs. GOS,W,0,2,,,0.0,,,2,6,0.333,,,,,,,,,6,,0
12843,21980,77917,Clifford Ray,GOS,Golden State Warriors,0028000118,1980-10-31,GOS @ SDC,L,0,2,,,0.0,,,2,2,1.0,,,,,,,,,6,,0
12844,21980,76266,Michael Brooks,SDC,San Diego Clippers,0028000118,1980-10-31,SDC vs. GOS,W,0,2,,,0.0,,,2,3,0.667,,,,,,,,,6,,0
12845,21980,76162,Henry Bibby,SDC,San Diego Clippers,0028000118,1980-10-31,SDC vs. GOS,W,0,3,,,0.0,,,0,0,,,,,,,,,,6,,0
12846,21980,77209,Walter Jordan,CLE,Cleveland Cavaliers,0028000117,1980-10-31,CLE @ LAL,L,0,3,,,0.0,,,0,0,,,,,,,,,,6,,0
12847,21980,77829,Sam Pellom,ATL,Atlanta Hawks,0028000116,1980-10-31,ATL @ PHL,L,0,3,,,0.0,,,0,0,,,,,,,,,,6,,0
12848,21980,77024,Armond Hill,ATL,Atlanta Hawks,0028000116,1980-10-31,ATL @ PHL,L,0,2,,,0.0,,,2,2,1.0,,,,,,,,,6,,0
12849,21980,78575,John Williamson,WAS,Washington Bullets,0028000115,1980-10-31,WAS @ NJN,L,0,2,,,0.0,,,2,2,1.0,,,,,,,,,6,,0
12850,21980,77876,Kevin Porter,WAS,Washington Bullets,0028000115,1980-10-31,WAS @ NJN,L,0,2,,,0.0,,,2,3,0.667,,,,,,,,,6,,0
12851,21980,77273,Reggie King,KCK,Kansas City Kings,0028000114,1980-10-31,KCK @ BOS,L,0,3,,,0.0,,,0,0,,,,,,,,,,6,,0
12852,21980,1450,Kevin McHale,BOS,Boston Celtics,0028000114,1980-10-31,BOS vs. KCK,W,0,3,,,0.0,,,0,0,,,,,,,,,,6,,0
12853,21980,77996,Wayne Robinson,DET,Detroit Pistons,0028000113,1980-10-31,DET vs. PHX,L,0,2,,,0.0,,,2,3,0.667,,,,,,,,,6,,0
12854,21980,76599,Larry Drew,DET,Detroit Pistons,0028000113,1980-10-31,DET vs. PHX,L,0,3,,,0.0,,,0,0,,,,,,,,,,6,,0
12855,21980,77182,Dwight Jones,CHI,Chicago Bulls,0028000112,1980-10-31,CHI vs. IND,L,0,1,,,0.0,,,4,4,1.0,,,,,,,,,6,,0
12856,21980,78481,Marvin Webster,NYK,New York Knicks,0028000111,1980-10-30,NYK vs. ATL,W,0,0,,,0.0,,,6,6,1.0,,,,,,,,,6,,0
12857,21980,77553,Tom McMillen,ATL,Atlanta Hawks,0028000111,1980-10-30,ATL @ NYK,L,0,2,,,0.0,,,2,2,1.0,,,,,,,,,6,,0
12858,21980,76771,Mike Gale,SAN,San Antonio Spurs,0028000109,1980-10-29,SAN @ UTH,L,0,3,,,0.0,,,0,0,,,,,,,,,,6,,0
12859,21980,76616,Mike Dunleavy,HOU,Houston Rockets,0028000106,1980-10-29,HOU vs. DAL,W,0,2,,,0.0,,,2,3,0.667,,,,,,,,,6,,0
12860,21980,76765,Tony Fuller,DET,Detroit Pistons,0028000105,1980-10-29,DET vs. BOS,L,0,2,,,0.0,,,2,2,1.0,,,,,,,,,6,,0
12861,21980,76599,Larry Drew,DET,Detroit Pistons,0028000105,1980-10-29,DET vs. BOS,L,0,3,,,0.0,,,0,0,,,,,,,,,,6,,0
12862,21980,77043,Lionel Hollins,PHL,Philadelphia 76ers,0028000104,1980-10-29,PHL vs. CHI,W,0,2,,,0.0,,,2,3,0.667,,,,,,,,,6,,0
12863,21980,78442,Wally Walker,SEA,Seattle SuperSonics,0028000101,1980-10-28,SEA vs. GOS,W,0,3,,,0.0,,,0,0,,,,,,,,,,6,,0
12864,21980,77547,Billy McKinney,UTH,Utah Jazz,0028000100,1980-10-28,UTH @ DAL,W,0,3,,,0.0,,,0,0,,,,,,,,,,6,,0
12865,21980,77626,Sidney Moncrief,MIL,Milwaukee Bucks,0028000099,1980-10-28,MIL @ CHI,W,0,2,,,0.0,,,2,2,1.0,,,,,,,,,6,,0
12866,21980,77997,Bill Robinzine,CLE,Cleveland Cavaliers,0028000097,1980-10-28,CLE vs. PHL,L,0,2,,,0.0,,,2,2,1.0,,,,,,,,,6,,0
12867,21980,76421,Doug Collins,PHL,Philadelphia 76ers,0028000097,1980-10-28,PHL @ CLE,W,0,3,,,0.0,,,0,0,,,,,,,,,,6,,0
12868,21980,78143,John Shumate,SAN,San Antonio Spurs,0028000096,1980-10-28,SAN vs. POR,W,0,2,,,0.0,,,2,3,0.667,,,,,,,,,6,,0
12869,21980,77633,Johnny Moore,SAN,San Antonio Spurs,0028000096,1980-10-28,SAN vs. POR,W,0,2,,,0.0,,,2,5,0.4,,,,,,,,,6,,0
12870,21980,76889,Paul Griffin,SAN,San Antonio Spurs,0028000096,1980-10-28,SAN vs. POR,W,0,3,,,0.0,,,0,0,,,,,,,,,,6,,0
12871,21980,78014,Tree Rollins,ATL,Atlanta Hawks,0028000095,1980-10-28,ATL vs. KCK,W,0,3,,,0.0,,,0,0,,,,,,,,,,6,,0
12872,21980,77323,Kevin Kunnert,POR,Portland Trail Blazers,0028000094,1980-10-26,POR @ SEA,L,0,2,,,0.0,,,2,4,0.5,,,,,,,,,6,,0
12873,21980,76895,Bob Gross,POR,Portland Trail Blazers,0028000094,1980-10-26,POR @ SEA,L,0,2,,,0.0,,,2,2,1.0,,,,,,,,,6,,0
12874,21980,77149,George Johnson,SAN,San Antonio Spurs,0028000093,1980-10-26,SAN @ LAL,W,0,3,,,0.0,,,0,0,,,,,,,,,6.0,6,,0
12875,21980,76889,Paul Griffin,SAN,San Antonio Spurs,0028000093,1980-10-26,SAN @ LAL,W,0,3,,,0.0,,,0,4,0.0,,,,,,,,,6,,0
12876,21980,76771,Mike Gale,SAN,San Antonio Spurs,0028000093,1980-10-26,SAN @ LAL,W,0,3,,,0.0,,,0,0,,,,,,,,,,6,,0
12877,21980,600005,Bob Lanier,MIL,Milwaukee Bucks,0028000092,1980-10-26,MIL vs. WAS,W,0,2,,,0.0,,,2,2,1.0,,,,,,,,,6,,0
12878,21980,76252,Junior Bridgeman,MIL,Milwaukee Bucks,0028000092,1980-10-26,MIL vs. WAS,W,0,3,,,0.0,,,0,0,,,,,,,,,,6,,0
12879,21980,78143,John Shumate,SAN,San Antonio Spurs,0028000091,1980-10-25,SAN @ SDC,W,0,2,,,0.0,,,2,2,1.0,,,,,,,,,6,,0
12880,21980,77149,George Johnson,SAN,San Antonio Spurs,0028000091,1980-10-25,SAN @ SDC,W,0,2,,,0.0,,,2,2,1.0,,,,,,,,,6,,0
12881,21980,76553,Larry Demic,NYK,New York Knicks,0028000090,1980-10-25,NYK vs. NJN,W,0,3,,,0.0,,,0,0,,,,,,,,,,6,,0
12882,21980,77623,Paul Mokeski,DET,Detroit Pistons,0028000089,1980-10-25,DET @ HOU,W,0,2,,,0.0,,,2,5,0.4,,,,,,,,,6,,0
12883,21980,77158,Lee Johnson,HOU,Houston Rockets,0028000089,1980-10-25,HOU vs. DET,L,0,2,,,0.0,,,2,3,0.667,,,,,,,,,6,,0
12884,21980,76765,Tony Fuller,DET,Detroit Pistons,0028000089,1980-10-25,DET @ HOU,W,0,3,,,0.0,,,0,0,,,,,,,,,,6,,0
12885,21980,77547,Billy McKinney,UTH,Utah Jazz,0028000088,1980-10-25,UTH vs. LAL,L,0,3,,,0.0,,,0,0,,,,,,,,,,6,,0
12886,21980,78392,Wes Unseld,WAS,Washington Bullets,0028000087,1980-10-25,WAS vs. BOS,L,0,2,,,0.0,,,2,2,1.0,,,,,,,,,6,,0
12887,21980,76979,Elvin Hayes,WAS,Washington Bullets,0028000087,1980-10-25,WAS vs. BOS,L,0,1,,,0.0,,,4,7,0.571,,,,,,,,,6,,0
12888,21980,77078,Kim Hughes,DEN,Denver Nuggets,0028000086,1980-10-25,DEN @ KCK,L,0,3,,,0.0,,,0,0,,,,,,,,,,6,,0
12889,21980,76899,Ernie Grunfeld,KCK,Kansas City Kings,0028000086,1980-10-25,KCK vs. DEN,W,0,3,,,0.0,,,0,0,,,,,,,,,,6,,0
12890,21980,76225,Winford Boynes,DAL,Dallas Mavericks,0028000085,1980-10-25,DAL @ GOS,L,0,2,,,0.0,,,2,2,1.0,,,,,,,,,6,,0
12891,21980,78533,James Wilkes,CHI,Chicago Bulls,0028000084,1980-10-25,CHI @ MIL,L,0,1,,,0.0,,,4,4,1.0,,,,,,,,,6,,0
12892,21980,77490,Scott May,CHI,Chicago Bulls,0028000084,1980-10-25,CHI @ MIL,L,0,2,,,0.0,,,2,2,1.0,,,,,,,,,6,,0
12893,21980,77168,Mickey Johnson,MIL,Milwaukee Bucks,0028000084,1980-10-25,MIL vs. CHI,W,0,3,,,0.0,,,0,0,,,,,,,,,,6,,0
12894,21980,77770,Louis Orr,IND,Indiana Pacers,0028000083,1980-10-25,IND @ CLE,L,0,3,,,0.0,,,0,0,,,,,,,,,,6,,0
12895,21980,77148,George Johnson,IND,Indiana Pacers,0028000083,1980-10-25,IND @ CLE,L,0,2,,,0.0,,,2,2,1.0,,,,,,,,,6,,0
12896,21980,76471,Charlie Criss,ATL,Atlanta Hawks,0028000082,1980-10-25,ATL vs. PHL,L,0,3,,,0.0,,,0,0,,,,,,,,,,6,,0
12897,21980,76583,James Donaldson,SEA,Seattle SuperSonics,0028000081,1980-10-25,SEA vs. PHX,L,0,3,,,0.0,,,0,0,,,,,,,,,,6,,0
12898,21980,76436,Jeff Cook,PHX,Phoenix Suns,0028000081,1980-10-25,PHX @ SEA,W,0,3,,,0.0,,,0,0,,,,,,,,,,6,,0
12899,21980,76618,T.R. Dunn,DEN,Denver Nuggets,0028000080,1980-10-24,DEN vs. PHX,L,0,3,,,0.0,,,0,0,,,,,,,,,,6,,0
12900,21980,76944,Bill Hanzlik,SEA,Seattle SuperSonics,0028000079,1980-10-24,SEA @ LAL,L,0,2,,,0.0,,,2,2,1.0,,,,,,,,,6,,0
12901,21980,78520,Sidney Wicks,SDC,San Diego Clippers,0028000077,1980-10-24,SDC vs. UTH,W,0,3,,,0.0,,,0,2,0.0,,,,,,,,,6,,0
12902,21980,76948,James Hardy,UTH,Utah Jazz,0028000077,1980-10-24,UTH @ SDC,L,0,3,,,0.0,,,0,0,,,,,,,,,,6,,0
12903,21980,76966,Joey Hassett,DAL,Dallas Mavericks,0028000076,1980-10-24,DAL @ POR,L,0,3,,,0.0,,,0,0,,,,,,,,,,6,,0
12904,21980,76321,Marty Byrnes,DAL,Dallas Mavericks,0028000076,1980-10-24,DAL @ POR,L,0,2,,,0.0,,,2,2,1.0,,,,,,,,,6,,0
12905,21980,78519,Charles Whitney,KCK,Kansas City Kings,0028000072,1980-10-23,KCK @ HOU,W,0,3,,,0.0,,,0,0,,,,,,,,,,6,,0
12906,21980,77273,Reggie King,KCK,Kansas City Kings,0028000072,1980-10-23,KCK @ HOU,W,0,2,,,0.0,,,2,2,1.0,,,,,,,,,6,,0
12907,21980,77419,John Lucas,GOS,Golden State Warriors,0028000071,1980-10-23,GOS @ SAN,L,0,2,,,0.0,,,2,2,1.0,,,,,,,,,6,,0
12908,21980,77167,Vinnie Johnson,SEA,Seattle SuperSonics,0028000070,1980-10-22,SEA vs. DAL,L,0,3,,,0.0,,,0,0,,,,,,,,,,6,,0
12909,21980,76966,Joey Hassett,DAL,Dallas Mavericks,0028000070,1980-10-22,DAL @ SEA,W,0,3,,,0.0,,,0,0,,,,,,,,,,6,,0
12910,21980,77618,Steve Mix,PHL,Philadelphia 76ers,0028000069,1980-10-22,PHL @ DET,W,0,2,,,0.0,,,2,2,1.0,,,,,,,,,6,,0
12911,21980,77010,Keith Herron,DET,Detroit Pistons,0028000069,1980-10-22,DET vs. PHL,L,0,2,,,0.0,,,2,5,0.4,,,,,,,,,6,,0
12912,21980,76421,Doug Collins,PHL,Philadelphia 76ers,0028000069,1980-10-22,PHL @ DET,W,0,3,,,0.0,,,0,0,,,,,,,,,,6,,0
12913,21980,600010,Len Elmore,MIL,Milwaukee Bucks,0028000068,1980-10-22,MIL @ IND,W,0,2,,,0.0,,,2,3,0.667,,,,,,,,,6,,0
12914,21980,77136,Clemon Johnson,IND,Indiana Pacers,0028000068,1980-10-22,IND vs. MIL,L,0,3,,,0.0,,,0,0,,,,,,,,,,6,,0
12915,21980,78392,Wes Unseld,WAS,Washington Bullets,0028000067,1980-10-22,WAS vs. CLE,W,0,3,,,0.0,,,0,0,,,,,,,,,,6,,0
12916,21980,77998,Dave Robisch,CLE,Cleveland Cavaliers,0028000067,1980-10-22,CLE @ WAS,L,0,3,,,0.0,,,0,2,0.0,,,,,,,,,6,,0
12917,21980,78436,Foots Walker,NJN,New Jersey Nets,0028000066,1980-10-22,NJN vs. BOS,L,0,1,,,0.0,,,4,4,1.0,,,,,,,,,6,,0
12918,21980,77997,Bill Robinzine,CLE,Cleveland Cavaliers,0028000065,1980-10-21,CLE @ MIL,L,0,3,,,0.0,,,0,0,,,,,,,,,,6,,0
12919,21980,76365,Harvey Catchings,MIL,Milwaukee Bucks,0028000065,1980-10-21,MIL vs. CLE,W,0,3,,,0.0,,,0,0,,,,,,,,,,6,,0
12920,21980,76242,Mike Bratz,CLE,Cleveland Cavaliers,0028000065,1980-10-21,CLE @ MIL,L,0,2,,,0.0,,,2,2,1.0,,,,,,,,,6,,0
12921,21980,77691,Calvin Natt,POR,Portland Trail Blazers,0028000064,1980-10-21,POR vs. LAL,W,0,3,,,0.0,,,0,0,,,,,,,,,,6,,0
12922,21980,78195,Larry Smith,GOS,Golden State Warriors,0028000062,1980-10-21,GOS @ KCK,W,0,2,,,0.0,,,2,2,1.0,,,,,,,,6.0,6,,0
12923,21980,77326,Sam Lacey,KCK,Kansas City Kings,0028000062,1980-10-21,KCK vs. GOS,L,0,1,,,0.0,,,4,4,1.0,,,,,,,,,6,,0
12924,21980,76283,Rickey Brown,GOS,Golden State Warriors,0028000062,1980-10-21,GOS @ KCK,W,0,3,,,0.0,,,0,0,,,,,,,,,,6,,0
12925,21980,76771,Mike Gale,SAN,San Antonio Spurs,0028000061,1980-10-21,SAN vs. SDC,W,0,3,,,0.0,,,0,0,,,,,,,,,,6,,0
12926,21980,76656,Bob Elliott,NJN,New Jersey Nets,0028000054,1980-10-19,NJN @ MIL,L,0,2,,,1.0,,,1,3,0.333,,,,,,,,,6,,0
12927,21980,78095,Alvin Scott,PHX,Phoenix Suns,0028000056,1980-10-19,PHX @ SDC,W,0,1,,,0.0,,,4,6,0.667,,,,,,,,,6,,0
12928,21980,77022,Johnny High,PHX,Phoenix Suns,0028000056,1980-10-19,PHX @ SDC,W,0,3,,,0.0,,,0,0,,,,,,,,,,6,,0
12929,21980,76436,Jeff Cook,PHX,Phoenix Suns,0028000056,1980-10-19,PHX @ SDC,W,0,3,,,0.0,,,0,0,,,,,,,,,,6,,0
12930,21980,77419,John Lucas,GOS,Golden State Warriors,0028000055,1980-10-19,GOS @ LAL,L,0,2,,,0.0,,,2,2,1.0,,,,,,,,,6,,0
12931,21980,77937,Billy Reid,GOS,Golden State Warriors,0028000053,1980-10-18,GOS vs. HOU,W,0,2,,,0.0,,,2,2,1.0,,,,,,,,,6,,0
12932,21980,77419,John Lucas,GOS,Golden State Warriors,0028000053,1980-10-18,GOS vs. HOU,W,0,2,,,0.0,,,2,2,1.0,,,,,,,,,6,,0
12933,21980,77010,Keith Herron,DET,Detroit Pistons,0028000052,1980-10-18,DET vs. ATL,L,0,2,,,0.0,,,2,2,1.0,,,,,,,,,6,,0
12934,21980,78618,Sam Worthen,CHI,Chicago Bulls,0028000051,1980-10-18,CHI vs. NJN,L,0,2,,,0.0,,,2,2,1.0,,,,,,,,,6,,0
12935,21980,77986,Cliff T. Robinson,NJN,New Jersey Nets,0028000051,1980-10-18,NJN @ CHI,W,0,3,,,0.0,,,0,0,,,,,,,,,,6,,0
12936,21980,77635,Lowes Moore,NJN,New Jersey Nets,0028000051,1980-10-18,NJN @ CHI,W,0,2,,,0.0,,,2,2,1.0,,,,,,,,,6,,0
12937,21980,76091,Greg Ballard,WAS,Washington Bullets,0028000050,1980-10-18,WAS @ PHL,L,0,3,,,0.0,,,0,0,,,,,,,,,,6,,0
12938,21980,328,Rick Mahorn,WAS,Washington Bullets,0028000050,1980-10-18,WAS @ PHL,L,0,3,,,0.0,,,0,0,,,,,,,,,,6,,0
12939,21980,76899,Ernie Grunfeld,KCK,Kansas City Kings,0028000049,1980-10-18,KCK vs. SEA,L,0,1,,,0.0,,,4,4,1.0,,,,,,,,,6,,0
12940,21980,76802,Gus Gerard,KCK,Kansas City Kings,0028000049,1980-10-18,KCK vs. SEA,L,0,1,,,0.0,,,4,5,0.8,,,,,,,,,6,,0
12941,21980,76231,Dudley Bradley,IND,Indiana Pacers,0028000048,1980-10-18,IND vs. BOS,W,0,2,,,0.0,,,2,2,1.0,,,,,,,,,6,,0
12942,21980,77944,Kevin Restani,SAN,San Antonio Spurs,0028000047,1980-10-18,SAN vs. DAL,W,0,3,,,0.0,,,0,0,,,,,,,,,,6,,0
12943,21980,77756,Mark Olberding,SAN,San Antonio Spurs,0028000047,1980-10-18,SAN vs. DAL,W,0,1,,,0.0,,,4,5,0.8,,,,,,,,,6,,0
12944,21980,77633,Johnny Moore,SAN,San Antonio Spurs,0028000047,1980-10-18,SAN vs. DAL,W,0,3,,,0.0,,,0,0,,,,,,,,,,6,,0
12945,21980,77149,George Johnson,SAN,San Antonio Spurs,0028000047,1980-10-18,SAN vs. DAL,W,0,3,,,0.0,,,0,0,,,,,,,,,,6,,0
12946,21980,76966,Joey Hassett,DAL,Dallas Mavericks,0028000047,1980-10-18,DAL @ SAN,L,0,3,,,0.0,,,0,0,,,,,,,,,,6,,0
12947,21980,76365,Harvey Catchings,MIL,Milwaukee Bucks,0028000046,1980-10-18,MIL @ CLE,W,0,3,,,0.0,,,0,0,,,,,,,,,,6,,0
12948,21980,78132,Craig Shelton,ATL,Atlanta Hawks,0028000044,1980-10-17,ATL vs. NYK,W,0,3,,,0.0,,,0,0,,,,,,,,,,6,,0
12949,21980,78400,Jan Van Breda Kolff,NJN,New Jersey Nets,0028000043,1980-10-17,NJN @ WAS,W,0,1,,,0.0,,,4,4,1.0,,,,,,,,,6,,0
12950,21980,77876,Kevin Porter,WAS,Washington Bullets,0028000043,1980-10-17,WAS vs. NJN,L,0,1,,,0.0,,,4,4,1.0,,,,,,,,,6,,0
12951,21980,77484,Wes Matthews,WAS,Washington Bullets,0028000043,1980-10-17,WAS vs. NJN,L,0,2,,,0.0,,,2,2,1.0,,,,,,,,6.0,6,,0
12952,21980,77817,Billy Paultz,HOU,Houston Rockets,0028000042,1980-10-17,HOU @ POR,W,0,2,,,0.0,,,2,4,0.5,,,,,,,,,6,,0
12953,21980,77323,Kevin Kunnert,POR,Portland Trail Blazers,0028000042,1980-10-17,POR vs. HOU,L,0,3,,,0.0,,,0,0,,,,,,,,,,6,,0
12954,21980,76895,Bob Gross,POR,Portland Trail Blazers,0028000042,1980-10-17,POR vs. HOU,L,0,3,,,0.0,,,0,0,,,,,,,,,,6,,0
12955,21980,78519,Charles Whitney,KCK,Kansas City Kings,0028000041,1980-10-17,KCK @ DAL,W,0,3,,,0.0,,,0,0,,,,,,,,,,6,,0
12956,21980,78468,Richard Washington,DAL,Dallas Mavericks,0028000041,1980-10-17,DAL vs. KCK,L,0,3,,,0.0,,,0,2,0.0,,,,,,,,,6,,0
12957,21980,76899,Ernie Grunfeld,KCK,Kansas City Kings,0028000041,1980-10-17,KCK @ DAL,W,0,2,,,0.0,,,2,2,1.0,,,,,,,,,6,,0
12958,21980,77334,Mark Landsberger,LAL,Los Angeles Lakers,0028000040,1980-10-17,LAL vs. PHX,W,0,3,,,0.0,,,0,1,0.0,,,,,,,,,6,,0
12959,21980,76436,Jeff Cook,PHX,Phoenix Suns,0028000040,1980-10-17,PHX @ LAL,L,0,3,,,0.0,,,0,0,,,,,,,,,,6,,0
12960,21980,77021,Kenny Higgs,DEN,Denver Nuggets,0028000039,1980-10-17,DEN @ SDC,W,0,3,,,0.0,,,0,0,,,,,,,,,,6,,0
12961,21980,76618,T.R. Dunn,DEN,Denver Nuggets,0028000039,1980-10-17,DEN @ SDC,W,0,3,,,0.0,,,0,0,,,,,,,,,,6,,0
12962,21980,76350,Kenny Carr,CLE,Cleveland Cavaliers,0028000038,1980-10-17,CLE @ CHI,L,0,2,,,0.0,,,2,4,0.5,,,,,,,,,6,,0
12963,21980,76771,Mike Gale,SAN,San Antonio Spurs,0028000037,1980-10-16,SAN @ DET,W,0,3,,,0.0,,,0,1,0.0,,,,,,,,,6,,0
12964,21980,76154,Kent Benson,DET,Detroit Pistons,0028000037,1980-10-16,DET vs. SAN,L,0,3,,,0.0,,,0,0,,,,,,,,,,6,,0
12965,21980,77998,Dave Robisch,CLE,Cleveland Cavaliers,0028000036,1980-10-16,CLE vs. WAS,W,0,3,,,0.0,,,0,0,,,,,,,,,,6,,0
12966,21980,77848,Roger Phegley,CLE,Cleveland Cavaliers,0028000036,1980-10-16,CLE vs. WAS,W,0,3,,,0.0,,,0,0,,,,,,,,,,6,,0
12967,21980,76734,Don Ford,CLE,Cleveland Cavaliers,0028000036,1980-10-16,CLE vs. WAS,W,0,2,,,0.0,,,2,2,1.0,,,,,,,,,6,,0
12968,21980,76350,Kenny Carr,CLE,Cleveland Cavaliers,0028000036,1980-10-16,CLE vs. WAS,W,0,3,,,0.0,,,0,0,,,,,,,,,,6,,0
12969,21980,77618,Steve Mix,PHL,Philadelphia 76ers,0028000033,1980-10-15,PHL @ NJN,W,0,3,,,0.0,,,0,1,0.0,,,,,,,,,6,,0
12970,21980,76656,Bob Elliott,NJN,New Jersey Nets,0028000033,1980-10-15,NJN vs. PHL,L,0,1,,,0.0,,,4,5,0.8,,,,,,,,,6,,0
12971,21980,76539,Darryl Dawkins,PHL,Philadelphia 76ers,0028000033,1980-10-15,PHL @ NJN,W,0,3,,,0.0,,,0,2,0.0,,,,,,,,,6,,0
12972,21980,76948,James Hardy,UTH,Utah Jazz,0028000031,1980-10-15,UTH vs. PHX,L,0,3,,,0.0,,,0,0,,,,,,,,,,6,,0
12973,21980,77189,Major Jones,HOU,Houston Rockets,0028000030,1980-10-15,HOU vs. SEA,W,0,1,,,0.0,,,4,6,0.667,,,,,,,,,6,,0
12974,21980,76608,Terry Duerod,DAL,Dallas Mavericks,0028000029,1980-10-15,DAL @ DEN,L,0,2,,,0.0,,,2,5,0.4,,,,,,,,,6,,0
12975,21980,76895,Bob Gross,POR,Portland Trail Blazers,0028000028,1980-10-15,POR @ GOS,L,0,3,,,0.0,,,0,0,,,,,,,,,,6,,0
12976,21980,78614,Mike Woodson,NYK,New York Knicks,0028000027,1980-10-14,NYK vs. PHL,W,0,3,,,0.0,,,0,0,,,,,,,,,,6,,0
12977,21980,77633,Johnny Moore,SAN,San Antonio Spurs,0028000026,1980-10-14,SAN vs. KCK,W,0,3,,,0.0,,,0,0,,,,,,,,,,6,,0
12978,21980,78442,Wally Walker,SEA,Seattle SuperSonics,0028000024,1980-10-14,SEA @ DAL,W,0,3,,,0.0,,,0,0,,,,,,,,,,6,,0
12979,21980,76350,Kenny Carr,CLE,Cleveland Cavaliers,0028000023,1980-10-14,CLE vs. DET,W,0,3,,,0.0,,,0,0,,,,,,,,,,6,,0
12980,21980,76242,Mike Bratz,CLE,Cleveland Cavaliers,0028000023,1980-10-14,CLE vs. DET,W,0,3,,,0.0,,,0,0,,,,,,,,,,6,,0
12981,21980,78400,Jan Van Breda Kolff,NJN,New Jersey Nets,0028000022,1980-10-13,NJN vs. DET,W,0,3,,,0.0,,,0,0,,,,,,,,,,6,,0
12982,21980,77996,Wayne Robinson,DET,Detroit Pistons,0028000022,1980-10-13,DET @ NJN,L,0,3,,,0.0,,,0,2,0.0,,,,,,,,,6,,0
12983,21980,77623,Paul Mokeski,DET,Detroit Pistons,0028000022,1980-10-13,DET @ NJN,L,0,3,,,0.0,,,0,0,,,,,,,,,,6,,0
12984,21980,77438,Kyle Macy,PHX,Phoenix Suns,0028000020,1980-10-12,PHX vs. KCK,W,0,2,,,0.0,,,2,3,0.667,,,,,,,,,6,,0
12985,21980,76736,Phil Ford,KCK,Kansas City Kings,0028000020,1980-10-12,KCK @ PHX,L,0,2,,,0.0,,,2,5,0.4,,,,,,,,,6,,0
12986,21980,76011,Alvan Adams,PHX,Phoenix Suns,0028000020,1980-10-12,PHX vs. KCK,W,0,2,,,0.0,,,2,5,0.4,,,,,,,,,6,,0
12987,21980,76204,Ron Boone,UTH,Utah Jazz,0028000018,1980-10-12,UTH @ DEN,W,0,2,,,0.0,,,2,4,0.5,,,,,,,,,6,,0
12988,21980,77911,Kelvin Ransey,POR,Portland Trail Blazers,0028000021,1980-10-12,POR vs. SEA,W,0,3,,,0.0,,,0,0,,,,,,,,,,6,,0
12989,21980,76355,Butch Carter,LAL,Los Angeles Lakers,0028000019,1980-10-12,LAL vs. HOU,W,0,3,,,0.0,,,0,0,,,,,,,,,,6,,0
12990,21980,76272,Fred Brown,SEA,Seattle SuperSonics,0028000021,1980-10-12,SEA @ POR,L,0,3,,,0.0,,,0,0,,,,,,,,,,6,,0
12991,21980,77873,Ben Poquette,UTH,Utah Jazz,0028000017,1980-10-11,UTH @ KCK,L,0,3,,,0.0,,,0,0,,,,,,,,,6.0,6,,0
12992,21980,76890,Darrell Griffith,UTH,Utah Jazz,0028000017,1980-10-11,UTH @ KCK,L,0,2,,,0.0,,,2,2,1.0,,,,,,,,,6,,0
12993,21980,78481,Marvin Webster,NYK,New York Knicks,0028000016,1980-10-11,NYK vs. MIL,W,0,3,,,0.0,,,0,2,0.0,,,,,,,,,6,,0
12994,21980,76483,Pat Cummings,MIL,Milwaukee Bucks,0028000016,1980-10-11,MIL @ NYK,L,0,2,,,0.0,,,2,2,1.0,,,,,,,,6.0,6,,0
12995,21980,77950,Clint Richardson,PHL,Philadelphia 76ers,0028000014,1980-10-11,PHL @ WAS,W,0,3,,,0.0,,,0,0,,,,,,,,,,6,,0
12996,21980,76979,Elvin Hayes,WAS,Washington Bullets,0028000014,1980-10-11,WAS vs. PHL,L,0,3,,,0.0,,,0,2,0.0,,,,,,,,6.0,6,,0
12997,21980,78618,Sam Worthen,CHI,Chicago Bulls,0028000013,1980-10-11,CHI @ ATL,L,0,3,,,0.0,,,0,0,,,,,,,,,,6,,0
12998,21980,77246,Larry Kenon,CHI,Chicago Bulls,0028000013,1980-10-11,CHI @ ATL,L,0,1,,,0.0,,,4,4,1.0,,,,,,,,,6,,0
12999,21980,78390,Terry Tyler,DET,Detroit Pistons,0028000011,1980-10-11,DET @ IND,L,0,3,,,0.0,,,0,0,,,,,,,,,,6,,0
13000,21980,76765,Tony Fuller,DET,Detroit Pistons,0028000011,1980-10-11,DET @ IND,L,0,3,,,0.0,,,0,0,,,,,,,,,,6,,0
13001,21980,76899,Ernie Grunfeld,KCK,Kansas City Kings,0028000017,1980-10-11,KCK vs. UTH,W,0,3,,,0.0,,,0,0,,,,,,,,,,6,,0
13002,21980,77944,Kevin Restani,SAN,San Antonio Spurs,0028000010,1980-10-11,SAN @ DAL,L,0,3,,,0.0,,,0,0,,,,,,,,,,6,,0
13003,21980,76085,James Bailey,SEA,Seattle SuperSonics,0028000006,1980-10-10,SEA vs. LAL,L,0,2,,,0.0,,,2,4,0.5,,,,,,,,,6,,0
13004,21980,77623,Paul Mokeski,DET,Detroit Pistons,0028000005,1980-10-10,DET vs. WAS,L,0,3,,,0.0,,,0,0,,,,,,,,,,6,,0
13005,21980,76500,Bob Dandridge,WAS,Washington Bullets,0028000005,1980-10-10,WAS @ DET,W,0,2,,,0.0,,,2,4,0.5,,,,,,,,,6,,0
13006,21980,76996,Tom Henderson,HOU,Houston Rockets,0028000004,1980-10-10,HOU @ SDC,L,0,3,,,0.0,,,0,0,,,,,,,,,,6,,0
13007,21980,76616,Mike Dunleavy,HOU,Houston Rockets,0028000004,1980-10-10,HOU @ SDC,L,0,3,,,0.0,,,0,0,,,,,,,,,,6,,0
13008,21980,77175,Caldwell Jones,PHL,Philadelphia 76ers,0028000003,1980-10-10,PHL vs. MIL,L,0,3,,,0.0,,,0,0,,,,,,,,,,6,,0
13009,21980,76539,Darryl Dawkins,PHL,Philadelphia 76ers,0028000003,1980-10-10,PHL vs. MIL,L,0,3,,,0.0,,,0,0,,,,,,,,,6.0,6,,0
13010,21980,77937,Billy Reid,GOS,Golden State Warriors,0028000001,1980-10-10,GOS @ PHX,L,0,3,,,0.0,,,0,0,,,,,,,,,,6,,0
13011,21980,77308,Joel Kramer,PHX,Phoenix Suns,0028000001,1980-10-10,PHX vs. GOS,W,0,2,,,0.0,,,2,4,0.5,,,,,,,,,6,,0
13012,21980,76283,Rickey Brown,GOS,Golden State Warriors,0028000001,1980-10-10,GOS @ PHX,L,0,3,,,0.0,,,0,2,0.0,,,,,,,,,6,,0
13013,21980,76583,James Donaldson,SEA,Seattle SuperSonics,0028000939,1981-03-29,SEA vs. GOS,W,0,2,,,0.0,,,1,3,0.333,,,,,,,,,5,,0
13014,21980,77582,Joe Meriweather,KCK,Kansas City Kings,0028000938,1981-03-29,KCK vs. DAL,W,0,1,,,0.0,,,3,3,1.0,,,,,,,,,5,,0
13015,21980,77944,Kevin Restani,SAN,San Antonio Spurs,0028000935,1981-03-29,SAN vs. HOU,W,0,2,,,0.0,,,1,2,0.5,,,,,,,,,5,,0
13016,21980,76483,Pat Cummings,MIL,Milwaukee Bucks,0028000934,1981-03-29,MIL @ ATL,W,0,1,,,0.0,,,3,4,0.75,,,,,,,,,5,,0
13017,21980,78481,Marvin Webster,NYK,New York Knicks,0028000940,1981-03-29,NYK vs. NJN,W,0,1,,,0.0,,,3,4,0.75,,,,,,,,,5,,0
13018,21980,77993,Truck Robinson,PHX,Phoenix Suns,0028000936,1981-03-29,PHX vs. UTH,W,0,2,,,0.0,,,1,1,1.0,,,,,,,,,5,,0
13019,21980,77635,Lowes Moore,NJN,New Jersey Nets,0028000940,1981-03-29,NJN @ NYK,L,0,2,,,1.0,,,0,0,,,,,,,,,,5,,0
13020,21980,76966,Joey Hassett,GOS,Golden State Warriors,0028000939,1981-03-29,GOS @ SEA,L,0,2,,,1.0,,,0,0,,,,,,,,,,5,,0
13021,21980,76890,Darrell Griffith,UTH,Utah Jazz,0028000930,1981-03-28,UTH vs. LAL,W,0,2,,,0.0,,,1,3,0.333,,,,,,,,,5,,0
13022,21980,77487,Cedric Maxwell,BOS,Boston Celtics,0028000928,1981-03-27,BOS vs. DET,L,0,2,,,0.0,,,1,2,0.5,,,,,,,,,5,,0
13023,21980,77205,Eddie Jordan,LAL,Los Angeles Lakers,0028000927,1981-03-27,LAL @ SEA,W,0,1,,,0.0,,,3,4,0.75,,,,,,,,,5,,0
13024,21980,76954,Mike Harper,POR,Portland Trail Blazers,0028000926,1981-03-27,POR @ DAL,W,0,2,,,0.0,,,1,1,1.0,,,,,,,,,5,,0
13025,21980,76321,Marty Byrnes,DAL,Dallas Mavericks,0028000926,1981-03-27,DAL vs. POR,L,0,2,,,1.0,,,0,0,,,,,,,,,,5,,0
13026,21980,76889,Paul Griffin,SAN,San Antonio Spurs,0028000920,1981-03-26,SAN @ UTH,W,0,2,,,0.0,,,1,1,1.0,,,,,,,,,5,,0
13027,21980,78132,Craig Shelton,ATL,Atlanta Hawks,0028000919,1981-03-26,ATL vs. IND,L,0,2,,,0.0,,,1,1,1.0,,,,,,,,,5,,0
13028,21980,78057,Frankie Sanders,KCK,Kansas City Kings,0028000913,1981-03-25,KCK @ PHX,W,0,2,,,0.0,,,1,2,0.5,,,,,,,,,5,,0
13029,21980,76249,Ron Brewer,SAN,San Antonio Spurs,0028000912,1981-03-25,SAN @ HOU,L,0,2,,,0.0,,,1,2,0.5,,,,,,,,,5,,0
13030,21980,78614,Mike Woodson,NYK,New York Knicks,0028000910,1981-03-25,NYK @ WAS,L,0,2,,,0.0,,,1,2,0.5,,,,,,,,,5,,0
13031,21980,78449,Lloyd Walton,KCK,Kansas City Kings,0028000907,1981-03-24,KCK @ UTH,W,0,2,,,0.0,,,1,2,0.5,,,,,,,,,5,,0
13032,21980,77087,Geoff Huston,CLE,Cleveland Cavaliers,0028000905,1981-03-24,CLE @ CHI,L,0,2,,,0.0,,,1,1,1.0,,,,,,,,,5,,0
13033,21980,77689,Swen Nater,SDC,San Diego Clippers,0028000904,1981-03-24,SDC vs. SEA,W,0,2,,,0.0,,,1,2,0.5,,,,,,,,,5,,0
13034,21980,76944,Bill Hanzlik,SEA,Seattle SuperSonics,0028000899,1981-03-22,SEA @ PHX,L,0,0,,,0.0,,,5,6,0.833,,,,,,,,,5,,0
13035,21980,78400,Jan Van Breda Kolff,NJN,New Jersey Nets,0028000898,1981-03-22,NJN vs. MIL,L,0,2,,,0.0,,,1,1,1.0,,,,,,,,,5,,0
13036,21980,77184,Edgar Jones,NJN,New Jersey Nets,0028000898,1981-03-22,NJN vs. MIL,L,0,2,,,0.0,,,1,2,0.5,,,,,,,,,5,,0
13037,21980,76619,John Duren,UTH,Utah Jazz,0028000893,1981-03-22,UTH @ DEN,L,0,2,,,0.0,,,1,1,1.0,,,,,,,,,5,,0
13038,21980,77364,Ron Lee,DET,Detroit Pistons,0028000890,1981-03-22,DET vs. CHI,L,0,2,,,1.0,,,0,0,,,,,,,,,,5,,0
13039,21980,78095,Alvin Scott,PHX,Phoenix Suns,0028000888,1981-03-21,PHX @ GOS,L,0,2,,,0.0,,,1,2,0.5,,,,,,,,,5,,0
13040,21980,77800,Sonny Parker,GOS,Golden State Warriors,0028000888,1981-03-21,GOS vs. PHX,W,0,1,,,0.0,,,3,4,0.75,,,,,,,,,5,,0
13041,21980,77022,Johnny High,PHX,Phoenix Suns,0028000888,1981-03-21,PHX @ GOS,L,0,2,,,0.0,,,1,2,0.5,,,,,,,,,5,,0
13042,21980,77126,Abdul Jeelani,DAL,Dallas Mavericks,0028000887,1981-03-21,DAL vs. UTH,W,0,2,,,0.0,,,1,2,0.5,,,,,,,,,5,,0
13043,21980,600010,Len Elmore,MIL,Milwaukee Bucks,0028000885,1981-03-20,MIL @ DET,W,0,1,,,0.0,,,3,4,0.75,,,,,,,,,5,,0
13044,21980,78571,Ray Williams,NYK,New York Knicks,0028000883,1981-03-20,NYK @ IND,W,0,1,,,0.0,,,3,4,0.75,,,,,,,,,5,,0
13045,21980,76355,Butch Carter,LAL,Los Angeles Lakers,0028000879,1981-03-20,LAL vs. SEA,W,0,2,,,0.0,,,1,2,0.5,,,,,,,,,5,,0
13046,21980,76985,Garfield Heard,SDC,San Diego Clippers,0028000876,1981-03-19,SDC vs. GOS,W,0,2,,,0.0,,,1,1,1.0,,,,,,,,,5,,0
13047,21980,76385,Maurice Cheeks,PHL,Philadelphia 76ers,0028000872,1981-03-18,PHL vs. IND,W,0,0,,,0.0,,,5,6,0.833,,,,,,,,,5,,0
13048,21980,78600,Brian Winters,MIL,Milwaukee Bucks,0028000868,1981-03-18,MIL vs. NYK,L,0,1,,,0.0,,,3,3,1.0,,,,,,,,,5,,0
13049,21980,1381,John Long,DET,Detroit Pistons,0028000866,1981-03-18,DET vs. NJN,W,0,1,,,0.0,,,3,4,0.75,,,,,,,,,5,,0
13050,21980,76418,Don Collins,WAS,Washington Bullets,0028000865,1981-03-17,WAS vs. BOS,L,0,2,,,0.0,,,1,3,0.333,,,,,,,,,5,,0
13051,21980,76889,Paul Griffin,SAN,San Antonio Spurs,0028000862,1981-03-17,SAN vs. UTH,W,0,2,,,0.0,,,1,8,0.125,,,,,,,,,5,,0
13052,21980,76733,Chris Ford,BOS,Boston Celtics,0028000850,1981-03-15,BOS vs. NJN,W,0,2,,,0.0,,,1,1,1.0,,,,,,,,,5,,0
13053,21980,77152,John Johnson,SEA,Seattle SuperSonics,0028000849,1981-03-15,SEA @ MIL,L,0,2,,,0.0,,,1,3,0.333,,,,,,,,,5,,0
13054,21980,77353,Allen Leavell,HOU,Houston Rockets,0028000844,1981-03-14,HOU vs. UTH,W,0,1,,,1.0,,,2,2,1.0,,,,,,,,,5,,0
13055,21980,77623,Paul Mokeski,DET,Detroit Pistons,0028000847,1981-03-14,DET @ IND,W,0,2,,,0.0,,,1,2,0.5,,,,,,,,,5,,0
13056,21980,78577,Bill Willoughby,HOU,Houston Rockets,0028000844,1981-03-14,HOU vs. UTH,W,0,2,,,0.0,,,1,1,1.0,,,,,,,,,5,,0
13057,21980,76162,Henry Bibby,SDC,San Diego Clippers,0028000846,1981-03-14,SDC vs. SAN,W,0,2,,,1.0,,,0,0,,,,,,,,,,5,,0
13058,21980,76317,Don Buse,IND,Indiana Pacers,0028000847,1981-03-14,IND vs. DET,L,0,2,,,1.0,,,0,0,,,,,,,,,,5,,0
13059,21980,76786,Calvin Garrett,HOU,Houston Rockets,0028000842,1981-03-13,HOU vs. POR,W,0,1,,,1.0,,,2,2,1.0,,,,,,,,,5,,0
13060,21980,78400,Jan Van Breda Kolff,NJN,New Jersey Nets,0028000838,1981-03-13,NJN @ CLE,W,0,0,,,0.0,,,5,5,1.0,,,,,,,,,5,,0
13061,21980,77205,Eddie Jordan,LAL,Los Angeles Lakers,0028000840,1981-03-13,LAL vs. KCK,W,0,2,,,1.0,,,0,0,,,,,,,,,,5,,0
13062,21980,77324,Mitch Kupchak,WAS,Washington Bullets,0028000834,1981-03-12,WAS vs. IND,L,0,2,,,0.0,,,1,2,0.5,,,,,,,,,5,,0
13063,21980,77024,Armond Hill,SEA,Seattle SuperSonics,0028000831,1981-03-11,SEA @ CLE,W,0,1,,,0.0,,,3,4,0.75,,,,,,,,,5,,0
13064,21980,76091,Greg Ballard,WAS,Washington Bullets,0028000830,1981-03-11,WAS @ NJN,L,0,1,,,0.0,,,3,4,0.75,,,,,,,,,5,,0
13065,21980,78068,Dewayne Scales,NYK,New York Knicks,0028000827,1981-03-11,NYK @ PHL,L,0,2,,,1.0,,,0,0,,,,,,,,,,5,,0
13066,21980,78095,Alvin Scott,PHX,Phoenix Suns,0028000824,1981-03-10,PHX @ DAL,L,0,2,,,0.0,,,1,1,1.0,,,,,,,,,5,,0
13067,21980,77438,Kyle Macy,PHX,Phoenix Suns,0028000824,1981-03-10,PHX @ DAL,L,0,2,,,0.0,,,1,2,0.5,,,,,,,,,5,,0
13068,21980,77396,Scott Lloyd,DAL,Dallas Mavericks,0028000824,1981-03-10,DAL vs. PHX,W,0,2,,,0.0,,,1,2,0.5,,,,,,,,,5,,0
13069,21980,77126,Abdul Jeelani,DAL,Dallas Mavericks,0028000824,1981-03-10,DAL vs. PHX,W,0,2,,,0.0,,,1,2,0.5,,,,,,,,,5,,0
13070,21980,78296,Brian Taylor,SDC,San Diego Clippers,0028000823,1981-03-10,SDC vs. KCK,L,0,1,,,0.0,,,3,5,0.6,,,,,,,,,5,,0
13071,21980,76436,Jeff Cook,PHX,Phoenix Suns,0028000815,1981-03-08,PHX @ KCK,L,0,2,,,0.0,,,1,1,1.0,,,,,,,,,5,,0
13072,21980,77364,Ron Lee,DET,Detroit Pistons,0028000810,1981-03-07,DET vs. DEN,L,0,1,,,1.0,,,2,3,0.667,,,,,,,,,5,,0
13073,21980,77547,Billy McKinney,DEN,Denver Nuggets,0028000810,1981-03-07,DEN @ DET,W,0,1,,,0.0,,,3,4,0.75,,,,,,,,,5,,0
13074,21980,76944,Bill Hanzlik,SEA,Seattle SuperSonics,0028000807,1981-03-07,SEA @ GOS,L,0,2,,,0.0,,,1,1,1.0,,,,,,,,,5,,0
13075,21980,77786,Tom Owens,POR,Portland Trail Blazers,0028000806,1981-03-06,POR @ PHX,L,0,1,,,0.0,,,3,4,0.75,,,,,,,,,5,,0
13076,21980,76954,Mike Harper,POR,Portland Trail Blazers,0028000806,1981-03-06,POR @ PHX,L,0,2,,,0.0,,,1,2,0.5,,,,,,,,,5,,0
13077,21980,76985,Garfield Heard,SDC,San Diego Clippers,0028000805,1981-03-06,SDC vs. CLE,W,0,1,,,0.0,,,3,3,1.0,,,,,,,,,5,,0
13078,21980,77936,Robert Reid,HOU,Houston Rockets,0028000802,1981-03-06,HOU vs. WAS,L,0,2,,,0.0,,,1,2,0.5,,,,,,,,6.0,5,,0
13079,21980,76553,Larry Demic,NYK,New York Knicks,0028000795,1981-03-05,NYK @ DET,W,0,2,,,0.0,,,1,1,1.0,,,,,,,,,5,,0
13080,21980,77308,Joel Kramer,PHX,Phoenix Suns,0028000794,1981-03-05,PHX @ UTH,W,0,2,,,0.0,,,1,1,1.0,,,,,,,,,5,,0
13081,21980,77944,Kevin Restani,SAN,San Antonio Spurs,0028000793,1981-03-04,SAN vs. KCK,L,0,2,,,0.0,,,1,2,0.5,,,,,,,,,5,,0
13082,21980,77326,Sam Lacey,KCK,Kansas City Kings,0028000793,1981-03-04,KCK @ SAN,W,0,1,,,0.0,,,3,5,0.6,,,,,,,,,5,,0
13083,21980,76453,Dave Corzine,SAN,San Antonio Spurs,0028000793,1981-03-04,SAN vs. KCK,L,0,2,,,0.0,,,1,1,1.0,,,,,,,,,5,,0
13084,21980,77193,Bobby Jones,PHL,Philadelphia 76ers,0028000792,1981-03-04,PHL vs. CHI,L,0,2,,,0.0,,,1,2,0.5,,,,,,,,,5,,0
13085,21980,77936,Robert Reid,HOU,Houston Rockets,0028000789,1981-03-04,HOU vs. BOS,L,0,1,,,0.0,,,3,4,0.75,,,,,,,,,5,,0
13086,21980,76351,M.L. Carr,BOS,Boston Celtics,0028000789,1981-03-04,BOS @ HOU,W,0,2,,,0.0,,,1,2,0.5,,,,,,,,,5,,0
13087,21980,76231,Dudley Bradley,IND,Indiana Pacers,0028000788,1981-03-04,IND @ SEA,L,0,2,,,0.0,,,1,1,1.0,,,,,,,,,5,,0
13088,21980,76095,Mike Bantom,IND,Indiana Pacers,0028000788,1981-03-04,IND @ SEA,L,0,2,,,0.0,,,1,2,0.5,,,,,,,,,5,,0
13089,21980,76567,Coby Dietrick,CHI,Chicago Bulls,0028000792,1981-03-04,CHI @ PHL,W,0,2,,,1.0,,,0,0,,,,,,,,,,5,,0
13090,21980,77184,Edgar Jones,NJN,New Jersey Nets,0028000785,1981-03-03,NJN @ CHI,L,0,2,,,0.0,,,1,1,1.0,,,,,,,,,5,,0
13091,21980,78068,Dewayne Scales,NYK,New York Knicks,0028000782,1981-03-03,NYK vs. ATL,L,0,2,,,0.0,,,1,1,1.0,,,,,,,,,5,,0
13092,21980,76483,Pat Cummings,MIL,Milwaukee Bucks,0028000781,1981-03-03,MIL vs. DET,W,0,2,,,0.0,,,1,2,0.5,,,,,,,,,5,,0
13093,21980,76500,Bob Dandridge,WAS,Washington Bullets,0028000780,1981-03-03,WAS @ UTH,W,0,1,,,0.0,,,3,4,0.75,,,,,,,,,5,,0
13094,21980,76151,Mel Bennett,UTH,Utah Jazz,0028000780,1981-03-03,UTH vs. WAS,L,0,1,,,0.0,,,3,5,0.6,,,,,,,,,5,,0
13095,21980,77022,Johnny High,PHX,Phoenix Suns,0028000778,1981-03-01,PHX @ LAL,W,0,2,,,0.0,,,1,3,0.333,,,,,,,,,5,,0
13096,21980,600010,Len Elmore,MIL,Milwaukee Bucks,0028000774,1981-03-01,MIL vs. WAS,W,0,1,,,0.0,,,3,3,1.0,,,,,,,,,5,,0
13097,21980,78404,Kiki Vandeweghe,DEN,Denver Nuggets,0028000773,1981-03-01,DEN vs. CLE,W,0,2,,,0.0,,,1,3,0.333,,,,,,,,,5,,0
13098,21980,78396,Ron Valentine,DEN,Denver Nuggets,0028000773,1981-03-01,DEN vs. CLE,W,0,2,,,0.0,,,1,3,0.333,,,,,,,,,5,,0
13099,21980,77998,Dave Robisch,DEN,Denver Nuggets,0028000773,1981-03-01,DEN vs. CLE,W,0,2,,,0.0,,,1,1,1.0,,,,,,,,,5,,0
13100,21980,76336,Mack Calvin,CLE,Cleveland Cavaliers,0028000773,1981-03-01,CLE @ DEN,L,0,1,,,0.0,,,3,4,0.75,,,,,,,,,5,,0
13101,21980,77396,Scott Lloyd,DAL,Dallas Mavericks,0028000772,1981-03-01,DAL vs. SDC,W,0,2,,,0.0,,,1,2,0.5,,,,,,,,,5,,0
13102,21980,76985,Garfield Heard,SDC,San Diego Clippers,0028000772,1981-03-01,SDC @ DAL,L,0,2,,,0.0,,,1,2,0.5,,,,,,,,,5,,0
13103,21980,77152,John Johnson,SEA,Seattle SuperSonics,0028000771,1981-03-01,SEA @ ATL,L,0,2,,,0.0,,,1,2,0.5,,,,,,,,,5,,0
13104,21980,78614,Mike Woodson,NYK,New York Knicks,0028000769,1981-02-28,NYK vs. CHI,L,0,2,,,0.0,,,1,2,0.5,,,,,,,,,5,,0
13105,21980,78531,Bob Wilkerson,CHI,Chicago Bulls,0028000769,1981-02-28,CHI @ NYK,W,0,2,,,0.0,,,1,1,1.0,,,,,,,,,5,,0
13106,21980,76966,Joey Hassett,GOS,Golden State Warriors,0028000768,1981-02-28,GOS @ KCK,W,0,2,,,1.0,,,0,0,,,,,,,,,,5,,0
13107,21980,76305,Tom Burleson,ATL,Atlanta Hawks,0028000766,1981-02-27,ATL vs. BOS,L,0,1,,,0.0,,,3,4,0.75,,,,,,,,6.0,5,,0
13108,21980,76054,Nate Archibald,BOS,Boston Celtics,0028000766,1981-02-27,BOS @ ATL,W,0,1,,,0.0,,,3,3,1.0,,,,,,,,,5,,0
13109,21980,77396,Scott Lloyd,DAL,Dallas Mavericks,0028000765,1981-02-27,DAL vs. IND,L,0,2,,,0.0,,,1,3,0.333,,,,,,,,6.0,5,,0
13110,21980,77148,George Johnson,IND,Indiana Pacers,0028000765,1981-02-27,IND @ DAL,W,0,2,,,0.0,,,1,2,0.5,,,,,,,,,5,,0
13111,21980,77996,Wayne Robinson,DET,Detroit Pistons,0028000761,1981-02-27,DET vs. CLE,W,0,2,,,0.0,,,1,2,0.5,,,,,,,,,5,,0
13112,21980,76599,Larry Drew,DET,Detroit Pistons,0028000761,1981-02-27,DET vs. CLE,W,0,1,,,0.0,,,3,4,0.75,,,,,,,,,5,,0
13113,21980,76966,Joey Hassett,GOS,Golden State Warriors,0028000758,1981-02-27,GOS @ DEN,L,0,2,,,1.0,,,0,0,,,,,,,,,,5,,0
13114,21980,76355,Butch Carter,LAL,Los Angeles Lakers,0028000753,1981-02-25,LAL @ MIL,L,0,1,,,1.0,,,2,2,1.0,,,,,,,,,5,,0
13115,21980,76553,Larry Demic,NYK,New York Knicks,0028000754,1981-02-25,NYK @ WAS,L,0,2,,,0.0,,,1,1,1.0,,,,,,,,,5,,0
13116,21980,77334,Mark Landsberger,LAL,Los Angeles Lakers,0028000753,1981-02-25,LAL @ MIL,L,0,2,,,0.0,,,1,2,0.5,,,,,,,,,5,,0
13117,21980,76993,Gerald Henderson,BOS,Boston Celtics,0028000751,1981-02-25,BOS vs. CLE,W,0,2,,,0.0,,,1,2,0.5,,,,,,,,,5,,0
13118,21980,76162,Henry Bibby,SDC,San Diego Clippers,0028000746,1981-02-24,SDC @ POR,W,0,2,,,1.0,,,0,0,,,,,,,,,,5,,0
13119,21980,77205,Eddie Jordan,LAL,Los Angeles Lakers,0028000748,1981-02-24,LAL @ CHI,W,0,1,,,0.0,,,3,4,0.75,,,,,,,,,5,,0
13120,21980,76802,Gus Gerard,SAN,San Antonio Spurs,0028000747,1981-02-24,SAN vs. GOS,W,0,2,,,0.0,,,1,4,0.25,,,,,,,,,5,,0
13121,21980,76257,Allan Bristow,UTH,Utah Jazz,0028000743,1981-02-23,UTH vs. HOU,L,0,2,,,0.0,,,1,3,0.333,,,,,,,,,5,,0
13122,21980,77022,Johnny High,PHX,Phoenix Suns,0028000741,1981-02-22,PHX vs. PHL,W,0,2,,,0.0,,,1,3,0.333,,,,,,,,,5,,0
13123,21980,77800,Sonny Parker,GOS,Golden State Warriors,0028000736,1981-02-22,GOS vs. KCK,W,0,2,,,0.0,,,1,2,0.5,,,,,,,,,5,,0
13124,21980,77168,Mickey Johnson,MIL,Milwaukee Bucks,0028000734,1981-02-22,MIL @ WAS,W,0,1,,,0.0,,,3,6,0.5,,,,,,,,,5,,0
13125,21980,77635,Lowes Moore,NJN,New Jersey Nets,0028000733,1981-02-22,NJN vs. DAL,L,0,2,,,0.0,,,1,1,1.0,,,,,,,,,5,,0
13126,21980,77021,Kenny Higgs,DEN,Denver Nuggets,0028000732,1981-02-21,DEN vs. KCK,W,0,2,,,0.0,,,1,1,1.0,,,,,,,,,5,,0
13127,21980,76899,Ernie Grunfeld,KCK,Kansas City Kings,0028000728,1981-02-20,KCK vs. MIL,W,0,2,,,0.0,,,1,1,1.0,,,,,,,,,5,,0
13128,21980,940,Earl Cureton,PHL,Philadelphia 76ers,0028000722,1981-02-20,PHL vs. DAL,W,0,2,,,0.0,,,1,2,0.5,,,,,,,,,5,,0
13129,21980,77756,Mark Olberding,SAN,San Antonio Spurs,0028000720,1981-02-19,SAN @ CLE,L,0,1,,,0.0,,,3,4,0.75,,,,,,,,,5,,0
13130,21980,76889,Paul Griffin,SAN,San Antonio Spurs,0028000720,1981-02-19,SAN @ CLE,L,0,1,,,0.0,,,3,6,0.5,,,,,,,,,5,,0
13131,21980,77215,Jeff Judkins,UTH,Utah Jazz,0028000709,1981-02-17,UTH vs. SEA,L,0,1,,,1.0,,,2,2,1.0,,,,,,,,,5,,0
13132,21980,77205,Eddie Jordan,LAL,Los Angeles Lakers,0028000710,1981-02-17,LAL vs. NYK,W,0,2,,,0.0,,,1,2,0.5,,,,,,,,,5,,0
13133,21980,78500,Paul Westphal,SEA,Seattle SuperSonics,0028000709,1981-02-17,SEA @ UTH,W,0,1,,,0.0,,,3,5,0.6,,,,,,,,,5,,0
13134,21980,77308,Joel Kramer,PHX,Phoenix Suns,0028000706,1981-02-17,PHX vs. GOS,W,0,1,,,0.0,,,3,4,0.75,,,,,,,,,5,,0
13135,21980,77984,Rick Robey,BOS,Boston Celtics,0028000704,1981-02-17,BOS @ SAN,W,0,2,,,0.0,,,1,1,1.0,,,,,,,,,5,,0
13136,21980,77215,Jeff Judkins,UTH,Utah Jazz,0028000699,1981-02-15,UTH @ POR,L,0,2,,,0.0,,,1,1,1.0,,,,,,,,,5,,0
13137,21980,1453,Walter Davis,PHX,Phoenix Suns,0028000695,1981-02-15,PHX vs. NYK,L,0,2,,,0.0,,,1,2,0.5,,,,,,,,6.0,5,,0
13138,21980,76385,Maurice Cheeks,PHL,Philadelphia 76ers,0028000694,1981-02-15,PHL vs. ATL,W,0,2,,,0.0,,,1,2,0.5,,,,,,,,,5,,0
13139,21980,78095,Alvin Scott,PHX,Phoenix Suns,0028000687,1981-02-13,PHX vs. SDC,W,0,2,,,0.0,,,1,2,0.5,,,,,,,,,5,,0
13140,21980,76471,Charlie Criss,ATL,Atlanta Hawks,0028000682,1981-02-13,ATL @ KCK,L,0,2,,,0.0,,,1,1,1.0,,,,,,,,,5,,0
13141,21980,77718,Mike Niles,PHX,Phoenix Suns,0028000687,1981-02-13,PHX vs. SDC,W,0,2,,,1.0,,,0,0,,,,,,,,,,5,,0
13142,21980,78014,Tree Rollins,ATL,Atlanta Hawks,0028000679,1981-02-12,ATL @ SAN,L,0,2,,,0.0,,,1,3,0.333,,,,,,,,,5,,0
13143,21980,76583,James Donaldson,SEA,Seattle SuperSonics,0028000678,1981-02-12,SEA @ POR,W,0,0,,,0.0,,,5,6,0.833,,,,,,,,,5,,0
13144,21980,76360,Reggie Carter,NYK,New York Knicks,0028000677,1981-02-12,NYK @ CLE,W,0,1,,,0.0,,,3,5,0.6,,,,,,,,,5,,0
13145,21980,77229,Clarence Kea,DAL,Dallas Mavericks,0028000675,1981-02-11,DAL @ PHX,L,0,2,,,0.0,,,1,2,0.5,,,,,,,,,5,,0
13146,21980,77273,Reggie King,KCK,Kansas City Kings,0028000672,1981-02-11,KCK vs. UTH,W,0,2,,,0.0,,,1,2,0.5,,,,,,,,,5,,0
13147,21980,76248,Jim Brewer,LAL,Los Angeles Lakers,0028000670,1981-02-11,LAL vs. BOS,L,0,2,,,0.0,,,1,1,1.0,,,,,,,,,5,,0
13148,21980,76736,Phil Ford,KCK,Kansas City Kings,0028000669,1981-02-10,KCK @ CHI,L,0,2,,,0.0,,,1,2,0.5,,,,,,,,6.0,5,,0
13149,21980,77136,Clemon Johnson,IND,Indiana Pacers,0028000663,1981-02-08,IND @ DET,W,0,2,,,0.0,,,1,4,0.25,,,,,,,,,5,,0
13150,21980,76351,M.L. Carr,BOS,Boston Celtics,0028000662,1981-02-08,BOS vs. SDC,W,0,0,,,0.0,,,5,7,0.714,,,,,,,,,5,,0
13151,21980,78396,Ron Valentine,DEN,Denver Nuggets,0028000659,1981-02-08,DEN @ SEA,L,0,2,,,0.0,,,1,2,0.5,,,,,,,,,5,,0
13152,21980,77547,Billy McKinney,DEN,Denver Nuggets,0028000659,1981-02-08,DEN @ SEA,L,0,0,,,0.0,,,5,5,1.0,,,,,,,,,5,,0
13153,21980,76553,Larry Demic,NYK,New York Knicks,0028000657,1981-02-08,NYK @ NJN,W,0,2,,,0.0,,,1,3,0.333,,,,,,,,,5,,0
13154,21980,77328,Tom LaGarde,DAL,Dallas Mavericks,0028000656,1981-02-08,DAL @ SAN,L,0,2,,,0.0,,,1,2,0.5,,,,,,,,,5,,0
13155,21980,76225,Winford Boynes,DAL,Dallas Mavericks,0028000656,1981-02-08,DAL @ SAN,L,0,2,,,0.0,,,1,1,1.0,,,,,,,,,5,,0
13156,21980,77022,Johnny High,PHX,Phoenix Suns,0028000654,1981-02-08,PHX vs. WAS,W,0,2,,,0.0,,,1,2,0.5,,,,,,,,,5,,0
13157,21980,76257,Allan Bristow,UTH,Utah Jazz,0028000661,1981-02-08,UTH @ GOS,L,0,1,,,1.0,,,2,2,1.0,,,,,,,,,5,,0
13158,21980,76435,Darwin Cook,NJN,New Jersey Nets,0028000657,1981-02-08,NJN vs. NYK,L,0,2,,,1.0,,,0,0,,,,,,,,,,5,,0
13159,21980,78481,Marvin Webster,NYK,New York Knicks,0028000650,1981-02-07,NYK vs. NJN,W,0,2,,,0.0,,,1,2,0.5,,,,,,,,,5,,0
13160,21980,76360,Reggie Carter,NYK,New York Knicks,0028000650,1981-02-07,NYK vs. NJN,W,0,2,,,0.0,,,1,1,1.0,,,,,,,,,5,,0
13161,21980,77547,Billy McKinney,DEN,Denver Nuggets,0028000649,1981-02-07,DEN vs. GOS,W,0,2,,,0.0,,,1,2,0.5,,,,,,,,,5,,0
13162,21980,78537,Jeff Wilkins,UTH,Utah Jazz,0028000647,1981-02-06,UTH vs. DEN,L,0,2,,,0.0,,,1,2,0.5,,,,,,,,,5,,0
13163,21980,77021,Kenny Higgs,DEN,Denver Nuggets,0028000647,1981-02-06,DEN @ UTH,W,0,0,,,0.0,,,5,6,0.833,,,,,,,,,5,,0
13164,21980,78516,Jerome Whitehead,SDC,San Diego Clippers,0028000646,1981-02-06,SDC @ PHL,L,0,2,,,0.0,,,1,2,0.5,,,,,,,,,5,,0
13165,21980,76162,Henry Bibby,SDC,San Diego Clippers,0028000646,1981-02-06,SDC @ PHL,L,0,2,,,0.0,,,1,2,0.5,,,,,,,,,5,,0
13166,21980,78614,Mike Woodson,NYK,New York Knicks,0028000645,1981-02-06,NYK @ CHI,W,0,2,,,0.0,,,1,1,1.0,,,,,,,,,5,,0
13167,21980,76567,Coby Dietrick,CHI,Chicago Bulls,0028000645,1981-02-06,CHI vs. NYK,L,0,1,,,0.0,,,3,4,0.75,,,,,,,,,5,,0
13168,21980,77432,Ollie Mack,DAL,Dallas Mavericks,0028000641,1981-02-06,DAL vs. ATL,L,0,2,,,0.0,,,1,2,0.5,,,,,,,,,5,,0
13169,21980,76005,Tom Abernethy,IND,Indiana Pacers,0028000640,1981-02-06,IND @ BOS,L,0,2,,,0.0,,,1,3,0.333,,,,,,,,,5,,0
13170,21980,76085,James Bailey,SEA,Seattle SuperSonics,0028000638,1981-02-06,SEA vs. KCK,L,0,2,,,0.0,,,1,3,0.333,,,,,,,,,5,,0
13171,21980,77858,Stan Pietkiewicz,DAL,Dallas Mavericks,0028000641,1981-02-06,DAL vs. ATL,L,0,1,,,1.0,,,2,2,1.0,,,,,,,,,5,,0
13172,21980,78436,Foots Walker,NJN,New Jersey Nets,0028000631,1981-02-04,NJN vs. SDC,L,0,1,,,0.0,,,3,5,0.6,,,,,,,,,5,,0
13173,21980,77910,Wally Rank,SDC,San Diego Clippers,0028000631,1981-02-04,SDC @ NJN,W,0,2,,,0.0,,,1,3,0.333,,,,,,,,,5,,0
13174,21980,77184,Edgar Jones,NJN,New Jersey Nets,0028000631,1981-02-04,NJN vs. SDC,L,0,1,,,0.0,,,3,4,0.75,,,,,,,,,5,,0
13175,21980,76874,Rickey Green,UTH,Utah Jazz,0028000630,1981-02-04,UTH @ PHX,L,0,2,,,0.0,,,1,2,0.5,,,,,,,,,5,,0
13176,21980,76151,Mel Bennett,UTH,Utah Jazz,0028000630,1981-02-04,UTH @ PHX,L,0,0,,,0.0,,,5,7,0.714,,,,,,,,,5,,0
13177,21980,78200,Randy Smith,CLE,Cleveland Cavaliers,0028000627,1981-02-04,CLE vs. CHI,L,0,1,,,0.0,,,3,4,0.75,,,,,,,,,5,,0
13178,21980,77182,Dwight Jones,CHI,Chicago Bulls,0028000627,1981-02-04,CHI @ CLE,W,0,2,,,0.0,,,1,1,1.0,,,,,,,,,5,,0
13179,21980,77364,Ron Lee,DET,Detroit Pistons,0028000625,1981-02-03,DET @ SAN,L,0,2,,,0.0,,,1,2,0.5,,,,,,,,,5,,0
13180,21980,77163,Reggie Johnson,SAN,San Antonio Spurs,0028000625,1981-02-03,SAN vs. DET,W,0,2,,,0.0,,,1,2,0.5,,,,,,,,,5,,0
13181,21980,76317,Don Buse,IND,Indiana Pacers,0028000623,1981-02-03,IND @ MIL,W,0,2,,,0.0,,,1,1,1.0,,,,,,,,,5,,0
13182,21980,76095,Mike Bantom,IND,Indiana Pacers,0028000623,1981-02-03,IND @ MIL,W,0,1,,,0.0,,,3,4,0.75,,,,,,,,,5,,0
13183,21980,77189,Major Jones,HOU,Houston Rockets,0028000622,1981-02-03,HOU vs. DEN,W,0,2,,,0.0,,,1,2,0.5,,,,,,,,,5,,0
13184,21980,77396,Scott Lloyd,DAL,Dallas Mavericks,0028000621,1981-02-03,DAL vs. KCK,L,0,2,,,0.0,,,1,2,0.5,,,,,,,,,5,,0
13185,21980,76534,Ron Davis,SDC,San Diego Clippers,0028000619,1981-02-03,SDC @ NYK,L,0,2,,,0.0,,,1,2,0.5,,,,,,,,,5,,0
13186,21980,77858,Stan Pietkiewicz,DAL,Dallas Mavericks,0028000621,1981-02-03,DAL vs. KCK,L,0,2,,,1.0,,,0,2,0.0,,,,,,,,,5,,0
13187,21980,78468,Richard Washington,CLE,Cleveland Cavaliers,0028000618,1981-01-29,CLE vs. PHX,W,0,2,,,0.0,,,1,1,1.0,,,,,,,,,5,,0
13188,21980,76656,Bob Elliott,NJN,New Jersey Nets,0028000612,1981-01-29,NJN @ SAN,L,0,2,,,0.0,,,1,2,0.5,,,,,,,,,5,,0
13189,21980,77184,Edgar Jones,NJN,New Jersey Nets,0028000607,1981-01-28,NJN @ HOU,L,0,2,,,0.0,,,1,1,1.0,,,,,,,,,5,,0
13190,21980,76317,Don Buse,IND,Indiana Pacers,0028000605,1981-01-28,IND vs. GOS,W,0,2,,,0.0,,,1,1,1.0,,,,,,,,,5,,0
13191,21980,76386,Phil Chenier,GOS,Golden State Warriors,0028000605,1981-01-28,GOS @ IND,L,0,2,,,1.0,,,0,0,,,,,,,,,,5,,0
13192,21980,76830,Glen Gondrezick,DEN,Denver Nuggets,0028000599,1981-01-27,DEN vs. DET,W,0,2,,,0.0,,,1,2,0.5,,,,,,,,,5,,0
13193,21980,76874,Rickey Green,UTH,Utah Jazz,0028000598,1981-01-27,UTH @ LAL,L,0,2,,,0.0,,,1,2,0.5,,,,,,,,,5,,0
13194,21980,76248,Jim Brewer,LAL,Los Angeles Lakers,0028000596,1981-01-26,LAL vs. POR,W,0,2,,,0.0,,,1,1,1.0,,,,,,,,,5,,0
13195,21980,78481,Marvin Webster,NYK,New York Knicks,0028000595,1981-01-26,NYK vs. PHX,L,0,2,,,0.0,,,1,1,1.0,,,,,,,,6.0,5,,0
13196,21980,77438,Kyle Macy,PHX,Phoenix Suns,0028000595,1981-01-26,PHX @ NYK,W,0,2,,,1.0,,,0,0,,,,,,,,,,5,,0
13197,21980,76895,Bob Gross,POR,Portland Trail Blazers,0028000592,1981-01-25,POR vs. SAN,W,0,1,,,0.0,,,3,4,0.75,,,,,,,,,5,,0
13198,21980,77993,Truck Robinson,PHX,Phoenix Suns,0028000590,1981-01-25,PHX @ PHL,L,0,2,,,0.0,,,1,5,0.2,,,,,,,,,5,,0
13199,21980,77189,Major Jones,HOU,Houston Rockets,0028000589,1981-01-24,HOU vs. UTH,W,0,2,,,0.0,,,1,3,0.333,,,,,,,,,5,,0
13200,21980,76786,Calvin Garrett,HOU,Houston Rockets,0028000589,1981-01-24,HOU vs. UTH,W,0,1,,,0.0,,,3,4,0.75,,,,,,,,,5,,0
13201,21980,78516,Jerome Whitehead,SDC,San Diego Clippers,0028000588,1981-01-24,SDC vs. MIL,L,0,2,,,0.0,,,1,2,0.5,,,,,,,,,5,,0
13202,21980,76231,Dudley Bradley,IND,Indiana Pacers,0028000586,1981-01-24,IND vs. DAL,W,0,2,,,0.0,,,1,1,1.0,,,,,,,,,5,,0
13203,21980,76979,Elvin Hayes,WAS,Washington Bullets,0028000577,1981-01-23,WAS vs. SEA,W,0,2,,,0.0,,,1,2,0.5,,,,,,,,,5,,0
13204,21980,78404,Kiki Vandeweghe,DEN,Denver Nuggets,0028000579,1981-01-23,DEN @ LAL,L,0,1,,,0.0,,,3,4,0.75,,,,,,,,,5,,0
13205,21980,77021,Kenny Higgs,DEN,Denver Nuggets,0028000579,1981-01-23,DEN @ LAL,L,0,1,,,0.0,,,3,4,0.75,,,,,,,,,5,,0
13206,21980,77582,Joe Meriweather,KCK,Kansas City Kings,0028000576,1981-01-23,KCK vs. HOU,W,0,2,,,0.0,,,1,2,0.5,,,,,,,,,5,,0
13207,21980,76553,Larry Demic,NYK,New York Knicks,0028000574,1981-01-23,NYK @ POR,L,0,2,,,0.0,,,1,6,0.167,,,,,,,,,5,,0
13208,21980,78600,Brian Winters,MIL,Milwaukee Bucks,0028000581,1981-01-23,MIL @ PHX,L,0,2,,,1.0,,,0,0,,,,,,,,,,5,,0
13209,21980,76272,Fred Brown,SEA,Seattle SuperSonics,0028000577,1981-01-23,SEA @ WAS,L,0,2,,,1.0,,,0,0,,,,,,,,,,5,,0
13210,21980,78516,Jerome Whitehead,SDC,San Diego Clippers,0028000572,1981-01-22,SDC vs. NYK,L,0,2,,,0.0,,,1,2,0.5,,,,,,,,,5,,0
13211,21980,77175,Caldwell Jones,PHL,Philadelphia 76ers,0028000573,1981-01-22,PHL @ WAS,W,0,2,,,0.0,,,1,3,0.333,,,,,,,,,5,,0
13212,21980,76734,Don Ford,CLE,Cleveland Cavaliers,0028000571,1981-01-22,CLE vs. NJN,W,0,2,,,0.0,,,1,1,1.0,,,,,,,,,5,,0
13213,21980,76162,Henry Bibby,SDC,San Diego Clippers,0028000572,1981-01-22,SDC vs. NYK,L,0,1,,,1.0,,,2,2,1.0,,,,,,,,,5,,0
13214,21980,76266,Michael Brooks,SDC,San Diego Clippers,0028000567,1981-01-21,SDC @ DEN,W,0,2,,,0.0,,,1,2,0.5,,,,,,,,,5,,0
13215,21980,77136,Clemon Johnson,IND,Indiana Pacers,0028000568,1981-01-21,IND @ PHL,L,0,2,,,0.0,,,1,2,0.5,,,,,,,,,5,,0
13216,21980,76005,Tom Abernethy,IND,Indiana Pacers,0028000568,1981-01-21,IND @ PHL,L,0,2,,,0.0,,,1,3,0.333,,,,,,,,,5,,0
13217,21980,76078,Dennis Awtrey,SEA,Seattle SuperSonics,0028000562,1981-01-21,SEA @ NJN,L,0,2,,,0.0,,,1,2,0.5,,,,,,,,,5,,0
13218,21980,77273,Reggie King,KCK,Kansas City Kings,0028000557,1981-01-20,KCK @ DAL,W,0,2,,,0.0,,,1,1,1.0,,,,,,,,6.0,5,,0
13219,21980,76619,John Duren,UTH,Utah Jazz,0028000556,1981-01-20,UTH @ WAS,L,0,2,,,0.0,,,1,1,1.0,,,,,,,,,5,,0
13220,21980,76231,Dudley Bradley,IND,Indiana Pacers,0028000547,1981-01-18,IND vs. UTH,W,0,2,,,0.0,,,1,2,0.5,,,,,,,,,5,,0
13221,21980,77136,Clemon Johnson,IND,Indiana Pacers,0028000547,1981-01-18,IND vs. UTH,W,0,1,,,0.0,,,3,6,0.5,,,,,,,,,5,,0
13222,21980,76385,Maurice Cheeks,PHL,Philadelphia 76ers,0028000548,1981-01-18,PHL vs. SEA,W,0,2,,,0.0,,,1,2,0.5,,,,,,,,,5,,0
13223,21980,76085,James Bailey,SEA,Seattle SuperSonics,0028000548,1981-01-18,SEA @ PHL,L,0,1,,,0.0,,,3,4,0.75,,,,,,,,,5,,0
13224,21980,76619,John Duren,UTH,Utah Jazz,0028000547,1981-01-18,UTH @ IND,L,0,2,,,0.0,,,1,2,0.5,,,,,,,,,5,,0
13225,21980,77635,Lowes Moore,NJN,New Jersey Nets,0028000543,1981-01-17,NJN @ DET,W,0,2,,,0.0,,,1,1,1.0,,,,,,,,,5,,0
13226,21980,77582,Joe Meriweather,KCK,Kansas City Kings,0028000544,1981-01-17,KCK vs. DEN,L,0,2,,,0.0,,,1,2,0.5,,,,,,,,,5,,0
13227,21980,77235,Rich Kelley,PHX,Phoenix Suns,0028000536,1981-01-16,PHX vs. HOU,W,0,2,,,0.0,,,1,2,0.5,,,,,,,,,5,,0
13228,21980,78520,Sidney Wicks,SDC,San Diego Clippers,0028000535,1981-01-16,SDC @ UTH,L,0,1,,,0.0,,,3,8,0.375,,,,,,,,6.0,5,,0
13229,21980,77396,Scott Lloyd,DAL,Dallas Mavericks,0028000532,1981-01-16,DAL vs. NYK,W,0,1,,,0.0,,,3,3,1.0,,,,,,,,,5,,0
13230,21980,78400,Jan Van Breda Kolff,NJN,New Jersey Nets,0028000531,1981-01-16,NJN vs. LAL,L,0,1,,,0.0,,,3,3,1.0,,,,,,,,,5,,0
13231,21980,76656,Bob Elliott,NJN,New Jersey Nets,0028000525,1981-01-14,NJN @ PHL,L,0,2,,,0.0,,,1,2,0.5,,,,,,,,,5,,0
13232,21980,76385,Maurice Cheeks,PHL,Philadelphia 76ers,0028000525,1981-01-14,PHL vs. NJN,W,0,2,,,0.0,,,1,2,0.5,,,,,,,,,5,,0
13233,21980,78537,Jeff Wilkins,UTH,Utah Jazz,0028000524,1981-01-14,UTH @ GOS,W,0,2,,,0.0,,,1,2,0.5,,,,,,,,,5,,0
13234,21980,76418,Don Collins,ATL,Atlanta Hawks,0028000523,1981-01-14,ATL @ SDC,L,0,1,,,0.0,,,3,4,0.75,,,,,,,,,5,,0
13235,21980,77149,George Johnson,SAN,San Antonio Spurs,0028000522,1981-01-14,SAN vs. NYK,W,0,2,,,0.0,,,1,2,0.5,,,,,,,,,5,,0
13236,21980,77182,Dwight Jones,CHI,Chicago Bulls,0028000520,1981-01-14,CHI @ HOU,L,0,2,,,0.0,,,1,1,1.0,,,,,,,,,5,,0
13237,21980,77364,Ron Lee,DET,Detroit Pistons,0028000519,1981-01-14,DET @ IND,L,0,1,,,0.0,,,3,3,1.0,,,,,,,,,5,,0
13238,21980,76242,Mike Bratz,CLE,Cleveland Cavaliers,0028000526,1981-01-14,CLE @ BOS,L,0,2,,,1.0,,,0,0,,,,,,,,,,5,,0
13239,21980,77623,Paul Mokeski,DET,Detroit Pistons,0028000517,1981-01-13,DET vs. MIL,L,0,2,,,0.0,,,1,5,0.2,,,,,,,,,5,,0
13240,21980,76618,T.R. Dunn,DEN,Denver Nuggets,0028000514,1981-01-13,DEN vs. ATL,W,0,1,,,0.0,,,3,4,0.75,,,,,,,,,5,,0
13241,21980,77396,Scott Lloyd,DAL,Dallas Mavericks,0028000513,1981-01-13,DAL vs. CHI,W,0,1,,,0.0,,,3,4,0.75,,,,,,,,,5,,0
13242,21980,76599,Larry Drew,DET,Detroit Pistons,0028000511,1981-01-11,DET @ LAL,L,0,1,,,0.0,,,3,3,1.0,,,,,,,,,5,,0
13243,21980,77396,Scott Lloyd,DAL,Dallas Mavericks,0028000506,1981-01-10,DAL vs. WAS,L,0,1,,,0.0,,,3,4,0.75,,,,,,,,,5,,0
13244,21980,328,Rick Mahorn,WAS,Washington Bullets,0028000506,1981-01-10,WAS @ DAL,W,0,2,,,0.0,,,1,2,0.5,,,,,,,,,5,,0
13245,21980,77996,Wayne Robinson,DET,Detroit Pistons,0028000502,1981-01-10,DET @ GOS,L,0,2,,,0.0,,,1,2,0.5,,,,,,,,,5,,0
13246,21980,77182,Dwight Jones,CHI,Chicago Bulls,0028000499,1981-01-10,CHI vs. PHL,L,0,2,,,0.0,,,1,2,0.5,,,,,,,,,5,,0
13247,21980,77175,Caldwell Jones,PHL,Philadelphia 76ers,0028000499,1981-01-10,PHL @ CHI,W,0,1,,,0.0,,,3,4,0.75,,,,,,,,,5,,0
13248,21980,78520,Sidney Wicks,SDC,San Diego Clippers,0028000498,1981-01-09,SDC vs. DEN,L,0,2,,,0.0,,,1,4,0.25,,,,,,,,,5,,0
13249,21980,78516,Jerome Whitehead,SDC,San Diego Clippers,0028000498,1981-01-09,SDC vs. DEN,L,0,2,,,0.0,,,1,2,0.5,,,,,,,,,5,,0
13250,21980,77984,Rick Robey,BOS,Boston Celtics,0028000494,1981-01-09,BOS vs. CHI,W,0,2,,,0.0,,,1,4,0.25,,,,,,,,,5,,0
13251,21980,76242,Mike Bratz,CLE,Cleveland Cavaliers,0028000497,1981-01-09,CLE @ ATL,W,0,2,,,1.0,,,0,0,,,,,,,,,,5,,0
13252,21980,76516,Brad Davis,DAL,Dallas Mavericks,0028000490,1981-01-08,DAL @ UTH,L,0,1,,,0.0,,,3,4,0.75,,,,,,,,,5,,0
13253,21980,77984,Rick Robey,BOS,Boston Celtics,0028000485,1981-01-07,BOS vs. PHX,W,0,1,,,0.0,,,3,4,0.75,,,,,,,,,5,,0
13254,21980,77754,Mike O'Koren,NJN,New Jersey Nets,0028000484,1981-01-07,NJN @ IND,L,0,2,,,0.0,,,1,1,1.0,,,,,,,,,5,,0
13255,21980,78390,Terry Tyler,DET,Detroit Pistons,0028000479,1981-01-06,DET @ POR,L,0,1,,,0.0,,,3,4,0.75,,,,,,,,,5,,0
13256,21980,78296,Brian Taylor,SDC,San Diego Clippers,0028000475,1981-01-06,SDC @ CHI,L,0,2,,,0.0,,,1,1,1.0,,,,,,,,,5,,0
13257,21980,78442,Wally Walker,SEA,Seattle SuperSonics,0028000474,1981-01-05,SEA vs. DAL,W,0,2,,,0.0,,,1,5,0.2,,,,,,,,,5,,0
13258,21980,78600,Brian Winters,MIL,Milwaukee Bucks,0028000472,1981-01-04,MIL vs. SDC,W,0,1,,,0.0,,,3,4,0.75,,,,,,,,,5,,0
13259,21980,76534,Ron Davis,SDC,San Diego Clippers,0028000472,1981-01-04,SDC @ MIL,L,0,0,,,0.0,,,5,8,0.625,,,,,,,,,5,,0
13260,21980,76826,Mike Gminski,NJN,New Jersey Nets,0028000471,1981-01-04,NJN vs. IND,L,0,2,,,0.0,,,1,4,0.25,,,,,,,,,5,,0
13261,21980,76435,Darwin Cook,NJN,New Jersey Nets,0028000471,1981-01-04,NJN vs. IND,L,0,2,,,0.0,,,1,2,0.5,,,,,,,,,5,,0
13262,21980,77419,John Lucas,GOS,Golden State Warriors,0028000468,1981-01-03,GOS vs. PHL,L,0,2,,,0.0,,,1,1,1.0,,,,,,,,,5,,0
13263,21980,76534,Ron Davis,SDC,San Diego Clippers,0028000467,1981-01-03,SDC @ IND,L,0,1,,,0.0,,,3,5,0.6,,,,,,,,,5,,0
13264,21980,76336,Mack Calvin,CLE,Cleveland Cavaliers,0028000466,1981-01-03,CLE vs. WAS,W,0,0,,,0.0,,,5,7,0.714,,,,,,,,,5,,0
13265,21980,76091,Greg Ballard,WAS,Washington Bullets,0028000466,1981-01-03,WAS @ CLE,L,0,1,,,0.0,,,3,3,1.0,,,,,,,,,5,,0
13266,21980,76889,Paul Griffin,SAN,San Antonio Spurs,0028000465,1981-01-03,SAN @ CHI,W,0,2,,,0.0,,,1,2,0.5,,,,,,,,,5,,0
13267,21980,78132,Craig Shelton,ATL,Atlanta Hawks,0028000464,1981-01-03,ATL @ NYK,L,0,2,,,0.0,,,1,3,0.333,,,,,,,,,5,,0
13268,21980,77528,Jim McElroy,ATL,Atlanta Hawks,0028000464,1981-01-03,ATL @ NYK,L,0,2,,,0.0,,,1,1,1.0,,,,,,,,,5,,0
13269,21980,78015,Lorenzo Romar,GOS,Golden State Warriors,0028000463,1981-01-02,GOS vs. BOS,W,0,1,,,0.0,,,3,6,0.5,,,,,,,,,5,,0
13270,21980,77848,Roger Phegley,CLE,Cleveland Cavaliers,0028000460,1981-01-02,CLE @ NJN,W,0,2,,,0.0,,,1,2,0.5,,,,,,,,6.0,5,,0
13271,21980,77547,Billy McKinney,DEN,Denver Nuggets,0028000458,1981-01-02,DEN vs. PHX,L,0,1,,,0.0,,,3,4,0.75,,,,,,,,,5,,0
13272,21980,77175,Caldwell Jones,PHL,Philadelphia 76ers,0028000457,1981-01-02,PHL @ SEA,W,0,2,,,0.0,,,1,1,1.0,,,,,,,,,5,,0
13273,21980,77984,Rick Robey,BOS,Boston Celtics,0028000452,1981-01-01,BOS @ SDC,W,0,2,,,0.0,,,1,2,0.5,,,,,,,,,5,,0
13274,21980,76283,Rickey Brown,GOS,Golden State Warriors,0028000447,1980-12-30,GOS @ KCK,W,0,2,,,0.0,,,1,2,0.5,,,,,,,,6.0,5,,0
13275,21980,77334,Mark Landsberger,LAL,Los Angeles Lakers,0028000446,1980-12-30,LAL @ UTH,L,0,1,,,0.0,,,3,4,0.75,,,,,,,,,5,,0
13276,21980,77167,Vinnie Johnson,SEA,Seattle SuperSonics,0028000445,1980-12-30,SEA @ SAN,L,0,2,,,0.0,,,1,1,1.0,,,,,,,,,5,,0
13277,21980,76944,Bill Hanzlik,SEA,Seattle SuperSonics,0028000445,1980-12-30,SEA @ SAN,L,0,2,,,0.0,,,1,2,0.5,,,,,,,,,5,,0
13278,21980,600010,Len Elmore,MIL,Milwaukee Bucks,0028000441,1980-12-30,MIL @ WAS,W,0,1,,,0.0,,,3,4,0.75,,,,,,,,,5,,0
13279,21980,76516,Brad Davis,DAL,Dallas Mavericks,0028000439,1980-12-29,DAL @ CLE,L,0,1,,,0.0,,,3,4,0.75,,,,,,,,,5,,0
13280,21980,76225,Winford Boynes,DAL,Dallas Mavericks,0028000439,1980-12-29,DAL @ CLE,L,0,1,,,0.0,,,3,4,0.75,,,,,,,,,5,,0
13281,21980,76534,Ron Davis,SDC,San Diego Clippers,0028000603,1980-12-27,SDC vs. IND,W,0,2,,,0.0,,,1,1,1.0,,,,,,,,,5,,0
13282,21980,76736,Phil Ford,KCK,Kansas City Kings,0028000435,1980-12-27,KCK @ NYK,L,0,1,,,0.0,,,3,5,0.6,,,,,,,,,5,,0
13283,21980,76830,Glen Gondrezick,DEN,Denver Nuggets,0028000434,1980-12-27,DEN vs. PHL,W,0,1,,,0.0,,,3,5,0.6,,,,,,,,6.0,5,,0
13284,21980,76583,James Donaldson,SEA,Seattle SuperSonics,0028000426,1980-12-26,SEA vs. POR,L,0,2,,,0.0,,,1,2,0.5,,,,,,,,,5,,0
13285,21980,77996,Wayne Robinson,DET,Detroit Pistons,0028000422,1980-12-26,DET vs. HOU,L,0,1,,,0.0,,,3,4,0.75,,,,,,,,,5,,0
13286,21980,77205,Eddie Jordan,LAL,Los Angeles Lakers,0028000420,1980-12-26,LAL vs. IND,W,0,1,,,0.0,,,3,4,0.75,,,,,,,,,5,,0
13287,21980,77633,Johnny Moore,SAN,San Antonio Spurs,0028000418,1980-12-25,SAN @ PHX,L,0,2,,,0.0,,,1,1,1.0,,,,,,,,,5,,0
13288,21980,77419,John Lucas,GOS,Golden State Warriors,0028000417,1980-12-25,GOS @ POR,L,0,2,,,1.0,,,0,0,,,,,,,,,,5,,0
13289,21980,76590,Leon Douglas,KCK,Kansas City Kings,0028000414,1980-12-23,KCK @ CLE,W,0,2,,,0.0,,,1,2,0.5,,,,,,,,,5,,0
13290,21980,78404,Kiki Vandeweghe,DEN,Denver Nuggets,0028000412,1980-12-23,DEN @ BOS,L,0,2,,,0.0,,,1,1,1.0,,,,,,,,,5,,0
13291,21980,76874,Rickey Green,UTH,Utah Jazz,0028000407,1980-12-23,UTH @ DAL,W,0,2,,,0.0,,,1,1,1.0,,,,,,,,,5,,0
13292,21980,78577,Bill Willoughby,HOU,Houston Rockets,0028000403,1980-12-21,HOU @ MIL,L,0,2,,,0.0,,,1,1,1.0,,,,,,,,,5,,0
13293,21980,77189,Major Jones,HOU,Houston Rockets,0028000403,1980-12-21,HOU @ MIL,L,0,2,,,0.0,,,1,1,1.0,,,,,,,,,5,,0
13294,21980,77334,Mark Landsberger,LAL,Los Angeles Lakers,0028000402,1980-12-21,LAL vs. SAN,W,0,2,,,0.0,,,1,1,1.0,,,,,,,,,5,,0
13295,21980,76889,Paul Griffin,SAN,San Antonio Spurs,0028000402,1980-12-21,SAN @ LAL,L,0,1,,,0.0,,,3,4,0.75,,,,,,,,,5,,0
13296,21980,77635,Lowes Moore,NJN,New Jersey Nets,0028000392,1980-12-19,NJN @ PHL,L,0,2,,,0.0,,,1,2,0.5,,,,,,,,,5,,0
13297,21980,76435,Darwin Cook,NJN,New Jersey Nets,0028000392,1980-12-19,NJN @ PHL,L,0,2,,,0.0,,,1,3,0.333,,,,,,,,,5,,0
13298,21980,76534,Ron Davis,SDC,San Diego Clippers,0028000385,1980-12-18,SDC vs. DAL,W,0,1,,,0.0,,,3,6,0.5,,,,,,,,,5,,0
13299,21980,76516,Brad Davis,DAL,Dallas Mavericks,0028000385,1980-12-18,DAL @ SDC,L,0,1,,,0.0,,,3,3,1.0,,,,,,,,,5,,0
13300,21980,600010,Len Elmore,MIL,Milwaukee Bucks,0028000384,1980-12-18,MIL vs. DET,W,0,2,,,0.0,,,1,2,0.5,,,,,,,,,5,,0
13301,21980,100263,Bill Laimbeer,CLE,Cleveland Cavaliers,0028000383,1980-12-18,CLE vs. DEN,W,0,2,,,0.0,,,1,2,0.5,,,,,,,,,5,,0
13302,21980,76257,Allan Bristow,UTH,Utah Jazz,0028000382,1980-12-18,UTH vs. ATL,L,0,2,,,0.0,,,1,1,1.0,,,,,,,,,5,,0
13303,21980,77582,Joe Meriweather,KCK,Kansas City Kings,0028000381,1980-12-17,KCK @ SEA,L,0,1,,,0.0,,,3,4,0.75,,,,,,,,,5,,0
13304,21980,78577,Bill Willoughby,HOU,Houston Rockets,0028000377,1980-12-17,HOU vs. SAN,L,0,2,,,0.0,,,1,2,0.5,,,,,,,,,5,,0
13305,21980,76360,Reggie Carter,NYK,New York Knicks,0028000374,1980-12-17,NYK @ DET,W,0,1,,,0.0,,,3,3,1.0,,,,,,,,,5,,0
13306,21980,77334,Mark Landsberger,LAL,Los Angeles Lakers,0028000369,1980-12-16,LAL @ SDC,L,0,2,,,0.0,,,1,3,0.333,,,,,,,,,5,,0
13307,21980,77205,Eddie Jordan,LAL,Los Angeles Lakers,0028000369,1980-12-16,LAL @ SDC,L,0,2,,,0.0,,,1,1,1.0,,,,,,,,,5,,0
13308,21980,76802,Gus Gerard,KCK,Kansas City Kings,0028000368,1980-12-16,KCK @ DEN,W,0,2,,,0.0,,,1,3,0.333,,,,,,,,,5,,0
13309,21980,78150,James Silas,SAN,San Antonio Spurs,0028000365,1980-12-14,SAN @ MIL,L,0,1,,,0.0,,,3,6,0.5,,,,,,,,,5,,0
13310,21980,76011,Alvan Adams,PHX,Phoenix Suns,0028000363,1980-12-14,PHX vs. POR,L,0,2,,,0.0,,,1,2,0.5,,,,,,,,,5,,0
13311,21980,76272,Fred Brown,SEA,Seattle SuperSonics,0028000362,1980-12-14,SEA @ SDC,L,0,2,,,0.0,,,1,1,1.0,,,,,,,,,5,,0
13312,21980,78481,Marvin Webster,NYK,New York Knicks,0028000356,1980-12-13,NYK vs. DET,W,0,1,,,0.0,,,3,3,1.0,,,,,,,,,5,,0
13313,21980,77024,Armond Hill,SEA,Seattle SuperSonics,0028000352,1980-12-12,SEA vs. LAL,L,0,2,,,0.0,,,1,2,0.5,,,,,,,,,5,,0
13314,21980,78533,James Wilkes,CHI,Chicago Bulls,0028000351,1980-12-12,CHI vs. UTH,W,0,2,,,0.0,,,1,1,1.0,,,,,,,,,5,,0
13315,21980,76204,Ron Boone,UTH,Utah Jazz,0028000351,1980-12-12,UTH @ CHI,L,0,2,,,0.0,,,1,1,1.0,,,,,,,,,5,,0
13316,21980,78481,Marvin Webster,NYK,New York Knicks,0028000346,1980-12-11,NYK @ MIL,L,0,2,,,0.0,,,1,2,0.5,,,,,,,,,5,,0
13317,21980,77235,Rich Kelley,PHX,Phoenix Suns,0028000343,1980-12-10,PHX @ IND,L,0,2,,,0.0,,,1,2,0.5,,,,,,,,,5,,0
13318,21980,78307,Carlos Terry,WAS,Washington Bullets,0028000338,1980-12-10,WAS vs. BOS,L,0,1,,,0.0,,,3,4,0.75,,,,,,,,,5,,0
13319,21980,76993,Gerald Henderson,BOS,Boston Celtics,0028000338,1980-12-10,BOS @ WAS,W,0,2,,,0.0,,,1,3,0.333,,,,,,,,,5,,0
13320,21980,76534,Ron Davis,SDC,San Diego Clippers,0028000331,1980-12-09,SDC @ ATL,L,0,1,,,0.0,,,3,6,0.5,,,,,,,,,5,,0
13321,21980,77829,Sam Pellom,ATL,Atlanta Hawks,0028000331,1980-12-09,ATL vs. SDC,W,0,2,,,0.0,,,1,2,0.5,,,,,,,,,5,,0
13322,21980,76078,Dennis Awtrey,SEA,Seattle SuperSonics,0028000326,1980-12-08,SEA vs. SAN,W,0,2,,,0.0,,,1,3,0.333,,,,,,,,,5,,0
13323,21980,78307,Carlos Terry,WAS,Washington Bullets,0028000323,1980-12-07,WAS @ BOS,W,0,2,,,0.0,,,1,2,0.5,,,,,,,,,5,,0
13324,21980,76786,Calvin Garrett,HOU,Houston Rockets,0028000315,1980-12-06,HOU vs. DEN,W,0,2,,,0.0,,,1,3,0.333,,,,,,,,,5,,0
13325,21980,77532,George McGinnis,IND,Indiana Pacers,0028000313,1980-12-05,IND @ MIL,L,0,1,,,0.0,,,3,5,0.6,,,,,,,,,5,,0
13326,21980,78014,Tree Rollins,ATL,Atlanta Hawks,0028000300,1980-12-03,ATL @ BOS,L,0,2,,,0.0,,,1,2,0.5,,,,,,,,6.0,5,,0
13327,21980,77553,Tom McMillen,ATL,Atlanta Hawks,0028000300,1980-12-03,ATL @ BOS,L,0,2,,,0.0,,,1,1,1.0,,,,,,,,,5,,0
13328,21980,78442,Wally Walker,SEA,Seattle SuperSonics,0028000299,1980-12-03,SEA vs. CHI,W,0,0,,,0.0,,,5,6,0.833,,,,,,,,,5,,0
13329,21980,600010,Len Elmore,MIL,Milwaukee Bucks,0028000289,1980-12-02,MIL vs. UTH,W,0,2,,,0.0,,,1,2,0.5,,,,,,,,,5,,0
13330,21980,77182,Dwight Jones,CHI,Chicago Bulls,0028000286,1980-12-02,CHI @ DEN,W,0,2,,,0.0,,,1,2,0.5,,,,,,,,,5,,0
13331,21980,76567,Coby Dietrick,CHI,Chicago Bulls,0028000286,1980-12-02,CHI @ DEN,W,0,2,,,0.0,,,1,2,0.5,,,,,,,,,5,,0
13332,21980,76290,Joe Bryant,SDC,San Diego Clippers,0028000281,1980-11-30,SDC vs. GOS,W,0,1,,,0.0,,,3,4,0.75,,,,,,,,,5,,0
13333,21980,78577,Bill Willoughby,HOU,Houston Rockets,0028000285,1980-11-30,HOU @ PHX,L,0,2,,,0.0,,,1,1,1.0,,,,,,,,,5,,0
13334,21980,77817,Billy Paultz,HOU,Houston Rockets,0028000285,1980-11-30,HOU @ PHX,L,0,1,,,0.0,,,3,5,0.6,,,,,,,,,5,,0
13335,21980,78195,Larry Smith,GOS,Golden State Warriors,0028000281,1980-11-30,GOS @ SDC,L,0,2,,,0.0,,,1,2,0.5,,,,,,,,,5,,0
13336,21980,77633,Johnny Moore,SAN,San Antonio Spurs,0028000279,1980-11-29,SAN @ KCK,W,0,2,,,0.0,,,1,2,0.5,,,,,,,,,5,,0
13337,21980,77626,Sidney Moncrief,MIL,Milwaukee Bucks,0028000278,1980-11-29,MIL @ WAS,L,0,2,,,0.0,,,1,4,0.25,,,,,,,,,5,,0
13338,21980,77175,Caldwell Jones,PHL,Philadelphia 76ers,0028000273,1980-11-29,PHL vs. UTH,W,0,2,,,0.0,,,1,2,0.5,,,,,,,,,5,,0
13339,21980,76889,Paul Griffin,SAN,San Antonio Spurs,0028000270,1980-11-28,SAN vs. HOU,L,0,2,,,0.0,,,1,2,0.5,,,,,,,,,5,,0
13340,21980,77353,Allen Leavell,HOU,Houston Rockets,0028000270,1980-11-28,HOU @ SAN,W,0,2,,,0.0,,,1,1,1.0,,,,,,,,,5,,0
13341,21980,77043,Lionel Hollins,PHL,Philadelphia 76ers,0028000269,1980-11-28,PHL vs. POR,W,0,2,,,0.0,,,1,1,1.0,,,,,,,,,5,,0
13342,21980,78400,Jan Van Breda Kolff,NJN,New Jersey Nets,0028000266,1980-11-28,NJN vs. UTH,W,0,2,,,0.0,,,1,2,0.5,,,,,,,,,5,,0
13343,21980,76471,Charlie Criss,ATL,Atlanta Hawks,0028000265,1980-11-28,ATL @ MIL,L,0,2,,,0.0,,,1,2,0.5,,,,,,,,,5,,0
13344,21980,78468,Richard Washington,CLE,Cleveland Cavaliers,0028000264,1980-11-28,CLE vs. WAS,W,0,2,,,0.0,,,1,2,0.5,,,,,,,,,5,,0
13345,21980,76242,Mike Bratz,CLE,Cleveland Cavaliers,0028000264,1980-11-28,CLE vs. WAS,W,0,2,,,0.0,,,1,3,0.333,,,,,,,,,5,,0
13346,21980,77623,Paul Mokeski,DET,Detroit Pistons,0028000263,1980-11-28,DET vs. KCK,W,0,1,,,0.0,,,3,3,1.0,,,,,,,,,5,,0
13347,21980,77239,Greg Kelser,DET,Detroit Pistons,0028000263,1980-11-28,DET vs. KCK,W,0,1,,,0.0,,,3,5,0.6,,,,,,,,,5,,0
13348,21980,78520,Sidney Wicks,SDC,San Diego Clippers,0028000258,1980-11-26,SDC @ DEN,L,0,0,,,0.0,,,5,7,0.714,,,,,,,,,5,,0
13349,21980,76534,Ron Davis,SDC,San Diego Clippers,0028000258,1980-11-26,SDC @ DEN,L,0,1,,,0.0,,,3,7,0.429,,,,,,,,,5,,0
13350,21980,76436,Jeff Cook,PHX,Phoenix Suns,0028000254,1980-11-26,PHX vs. SEA,W,0,2,,,0.0,,,1,4,0.25,,,,,,,,,5,,0
13351,21980,100263,Bill Laimbeer,CLE,Cleveland Cavaliers,0028000253,1980-11-26,CLE vs. NYK,L,0,2,,,0.0,,,1,2,0.5,,,,,,,,,5,,0
13352,21980,78146,Jerry Sichting,IND,Indiana Pacers,0028000252,1980-11-26,IND vs. ATL,W,0,2,,,0.0,,,1,2,0.5,,,,,,,,,5,,0
13353,21980,77024,Armond Hill,ATL,Atlanta Hawks,0028000252,1980-11-26,ATL @ IND,L,0,2,,,0.0,,,1,2,0.5,,,,,,,,,5,,0
13354,21980,78520,Sidney Wicks,SDC,San Diego Clippers,0028000247,1980-11-25,SDC vs. DEN,W,0,2,,,0.0,,,1,2,0.5,,,,,,,,,5,,0
13355,21980,77715,Carl Nicks,DEN,Denver Nuggets,0028000247,1980-11-25,DEN @ SDC,L,0,1,,,0.0,,,3,5,0.6,,,,,,,,,5,,0
13356,21980,76567,Coby Dietrick,CHI,Chicago Bulls,0028000242,1980-11-22,CHI vs. WAS,W,0,1,,,0.0,,,3,4,0.75,,,,,,,,,5,,0
13357,21980,77547,Billy McKinney,UTH,Utah Jazz,0028000241,1980-11-22,UTH @ ATL,L,0,2,,,0.0,,,1,1,1.0,,,,,,,,,5,,0
13358,21980,78436,Foots Walker,NJN,New Jersey Nets,0028000239,1980-11-22,NJN @ DET,L,0,1,,,0.0,,,3,4,0.75,,,,,,,,,5,,0
13359,21980,77996,Wayne Robinson,DET,Detroit Pistons,0028000239,1980-11-22,DET vs. NJN,W,0,2,,,0.0,,,1,1,1.0,,,,,,,,,5,,0
13360,21980,76707,Eric Fernsten,BOS,Boston Celtics,0028000236,1980-11-22,BOS @ CLE,L,0,1,,,0.0,,,3,4,0.75,,,,,,,,,5,,0
13361,21980,77396,Scott Lloyd,DAL,Dallas Mavericks,0028000233,1980-11-21,DAL vs. SEA,L,0,1,,,0.0,,,3,4,0.75,,,,,,,,,5,,0
13362,21980,76944,Bill Hanzlik,SEA,Seattle SuperSonics,0028000233,1980-11-21,SEA @ DAL,W,0,2,,,0.0,,,1,1,1.0,,,,,,,,,5,,0
13363,21980,78095,Alvin Scott,PHX,Phoenix Suns,0028000232,1980-11-21,PHX @ LAL,L,0,2,,,0.0,,,1,2,0.5,,,,,,,,,5,,0
13364,21980,78436,Foots Walker,NJN,New Jersey Nets,0028000230,1980-11-21,NJN vs. HOU,L,0,2,,,0.0,,,1,2,0.5,,,,,,,,,5,,0
13365,21980,77635,Lowes Moore,NJN,New Jersey Nets,0028000230,1980-11-21,NJN vs. HOU,L,0,2,,,0.0,,,1,2,0.5,,,,,,,,,5,,0
13366,21980,76231,Dudley Bradley,IND,Indiana Pacers,0028000229,1980-11-21,IND @ PHL,L,0,2,,,0.0,,,1,3,0.333,,,,,,,,,5,,0
13367,21980,77182,Dwight Jones,CHI,Chicago Bulls,0028000228,1980-11-21,CHI vs. NYK,W,0,2,,,0.0,,,1,2,0.5,,,,,,,,,5,,0
13368,21980,77189,Major Jones,HOU,Houston Rockets,0028000227,1980-11-20,HOU @ CLE,W,0,0,,,0.0,,,5,6,0.833,,,,,,,,,5,,0
13369,21980,76121,Billyray Bates,POR,Portland Trail Blazers,0028000226,1980-11-20,POR vs. MIL,L,0,0,,,0.0,,,5,7,0.714,,,,,,,,,5,,0
13370,21980,78400,Jan Van Breda Kolff,NJN,New Jersey Nets,0028000222,1980-11-19,NJN vs. SAN,L,0,2,,,0.0,,,1,2,0.5,,,,,,,,,5,,0
13371,21980,78307,Carlos Terry,WAS,Washington Bullets,0028000219,1980-11-18,WAS vs. GOS,L,0,2,,,0.0,,,1,2,0.5,,,,,,,,,5,,0
13372,21980,77484,Wes Matthews,WAS,Washington Bullets,0028000219,1980-11-18,WAS vs. GOS,L,0,2,,,0.0,,,1,6,0.167,,,,,,,,,5,,0
13373,21980,76091,Greg Ballard,WAS,Washington Bullets,0028000219,1980-11-18,WAS vs. GOS,L,0,2,,,0.0,,,1,1,1.0,,,,,,,,,5,,0
13374,21980,78623,Larry Wright,DET,Detroit Pistons,0028000216,1980-11-18,DET vs. IND,L,0,2,,,0.0,,,1,1,1.0,,,,,,,,,5,,0
13375,21980,77071,Phil Hubbard,DET,Detroit Pistons,0028000216,1980-11-18,DET vs. IND,L,0,1,,,0.0,,,3,4,0.75,,,,,,,,6.0,5,,0
13376,21980,77215,Jeff Judkins,UTH,Utah Jazz,0028000214,1980-11-18,UTH vs. MIL,L,0,1,,,0.0,,,3,4,0.75,,,,,,,,,5,,0
13377,21980,76162,Henry Bibby,SDC,San Diego Clippers,0028000215,1980-11-18,SDC @ CLE,L,0,2,,,1.0,,,0,0,,,,,,,,,,5,,0
13378,21980,78481,Marvin Webster,NYK,New York Knicks,0028000204,1980-11-15,NYK vs. CLE,W,0,1,,,0.0,,,3,5,0.6,,,,,,,,,5,,0
13379,21980,77817,Billy Paultz,HOU,Houston Rockets,0028000200,1980-11-15,HOU @ SEA,L,0,2,,,0.0,,,1,2,0.5,,,,,,,,,5,,0
13380,21980,76583,James Donaldson,SEA,Seattle SuperSonics,0028000200,1980-11-15,SEA vs. HOU,W,0,2,,,0.0,,,1,4,0.25,,,,,,,,,5,,0
13381,21980,76887,Kevin Grevey,WAS,Washington Bullets,0028000198,1980-11-15,WAS @ ATL,W,0,2,,,0.0,,,1,1,1.0,,,,,,,,,5,,0
13382,21980,77215,Jeff Judkins,UTH,Utah Jazz,0028000199,1980-11-15,UTH @ SAN,L,0,2,,,1.0,,,0,0,,,,,,,,,,5,,0
13383,21980,77323,Kevin Kunnert,POR,Portland Trail Blazers,0028000193,1980-11-14,POR @ DAL,L,0,2,,,0.0,,,1,2,0.5,,,,,,,,,5,,0
13384,21980,78392,Wes Unseld,WAS,Washington Bullets,0028000194,1980-11-14,WAS @ IND,L,0,2,,,1.0,,,0,0,,,,,,,,,,5,,0
13385,21980,77136,Clemon Johnson,IND,Indiana Pacers,0028000189,1980-11-13,IND vs. PHL,L,0,1,,,0.0,,,3,4,0.75,,,,,,,,,5,,0
13386,21980,78133,Lonnie Shelton,SEA,Seattle SuperSonics,0028000186,1980-11-12,SEA vs. UTH,L,0,2,,,0.0,,,1,2,0.5,,,,,,,,,5,,0
13387,21980,77917,Clifford Ray,GOS,Golden State Warriors,0028000185,1980-11-12,GOS vs. KCK,W,0,1,,,0.0,,,3,4,0.75,,,,,,,,,5,,0
13388,21980,77800,Sonny Parker,GOS,Golden State Warriors,0028000185,1980-11-12,GOS vs. KCK,W,0,2,,,0.0,,,1,2,0.5,,,,,,,,,5,,0
13389,21980,78570,Sly Williams,NYK,New York Knicks,0028000179,1980-11-12,NYK @ PHL,W,0,2,,,0.0,,,1,4,0.25,,,,,,,,,5,,0
13390,21980,77022,Johnny High,PHX,Phoenix Suns,0028000178,1980-11-11,PHX @ SDC,W,0,1,,,0.0,,,3,3,1.0,,,,,,,,,5,,0
13391,21980,77326,Sam Lacey,KCK,Kansas City Kings,0028000173,1980-11-11,KCK @ POR,W,0,1,,,0.0,,,3,4,0.75,,,,,,,,,5,,0
13392,21980,76686,Mike Evans,MIL,Milwaukee Bucks,0028000172,1980-11-11,MIL @ CLE,W,0,2,,,0.0,,,1,1,1.0,,,,,,,,,5,,0
13393,21980,77149,George Johnson,SAN,San Antonio Spurs,0028000171,1980-11-11,SAN vs. IND,L,0,2,,,0.0,,,1,2,0.5,,,,,,,,,5,,0
13394,21980,78400,Jan Van Breda Kolff,NJN,New Jersey Nets,0028000160,1980-11-08,NJN vs. ATL,W,0,2,,,0.0,,,1,2,0.5,,,,,,,,6.0,5,,0
13395,21980,77553,Tom McMillen,ATL,Atlanta Hawks,0028000160,1980-11-08,ATL @ NJN,L,0,2,,,0.0,,,1,3,0.333,,,,,,,,,5,,0
13396,21980,78222,Jim Spanarkel,DAL,Dallas Mavericks,0028000158,1980-11-08,DAL @ DET,L,0,1,,,0.0,,,3,4,0.75,,,,,,,,,5,,0
13397,21980,77364,Ron Lee,DET,Detroit Pistons,0028000158,1980-11-08,DET vs. DAL,W,0,2,,,0.0,,,1,1,1.0,,,,,,,,,5,,0
13398,21980,77328,Tom LaGarde,DAL,Dallas Mavericks,0028000158,1980-11-08,DAL @ DET,L,0,1,,,0.0,,,3,4,0.75,,,,,,,,,5,,0
13399,21980,76733,Chris Ford,BOS,Boston Celtics,0028000155,1980-11-07,BOS vs. MIL,L,0,1,,,0.0,,,3,7,0.429,,,,,,,,,5,,0
13400,21980,78133,Lonnie Shelton,SEA,Seattle SuperSonics,0028000154,1980-11-07,SEA vs. SDC,W,0,2,,,0.0,,,1,3,0.333,,,,,,,,,5,,0
13401,21980,76583,James Donaldson,SEA,Seattle SuperSonics,0028000154,1980-11-07,SEA vs. SDC,W,0,2,,,0.0,,,1,2,0.5,,,,,,,,,5,,0
13402,21980,76567,Coby Dietrick,CHI,Chicago Bulls,0028000153,1980-11-07,CHI vs. ATL,W,0,2,,,0.0,,,1,4,0.25,,,,,,,,,5,,0
13403,21980,78296,Brian Taylor,SDC,San Diego Clippers,0028000154,1980-11-07,SDC @ SEA,L,0,2,,,1.0,,,0,0,,,,,,,,,,5,,0
13404,21980,78390,Terry Tyler,DET,Detroit Pistons,0028000146,1980-11-05,DET @ PHL,L,0,2,,,0.0,,,1,2,0.5,,,,,,,,,5,,0
13405,21980,76771,Mike Gale,SAN,San Antonio Spurs,0028000143,1980-11-05,SAN vs. PHX,W,0,2,,,0.0,,,1,1,1.0,,,,,,,,,5,,0
13406,21980,78068,Dewayne Scales,NYK,New York Knicks,0028000142,1980-11-05,NYK @ KCK,L,0,2,,,0.0,,,1,2,0.5,,,,,,,,,5,,0
13407,21980,78548,Freeman Williams,SDC,San Diego Clippers,0028000137,1980-11-04,SDC @ DAL,W,0,2,,,0.0,,,1,1,1.0,,,,,,,,,5,,0
13408,21980,78307,Carlos Terry,WAS,Washington Bullets,0028000134,1980-11-04,WAS vs. ATL,W,0,2,,,0.0,,,1,2,0.5,,,,,,,,,5,,0
13409,21980,600010,Len Elmore,MIL,Milwaukee Bucks,0028000132,1980-11-02,MIL vs. IND,W,0,2,,,0.0,,,1,2,0.5,,,,,,,,6.0,5,,0
13410,21980,77626,Sidney Moncrief,MIL,Milwaukee Bucks,0028000132,1980-11-02,MIL vs. IND,W,0,1,,,0.0,,,3,4,0.75,,,,,,,,,5,,0
13411,21980,77040,Brad Holland,LAL,Los Angeles Lakers,0028000131,1980-11-02,LAL vs. DEN,L,0,2,,,0.0,,,1,2,0.5,,,,,,,,,5,,0
13412,21980,76590,Leon Douglas,KCK,Kansas City Kings,0028000129,1980-11-01,KCK vs. PHX,L,0,2,,,0.0,,,1,4,0.25,,,,,,,,,5,,0
13413,21980,76385,Maurice Cheeks,PHL,Philadelphia 76ers,0028000127,1980-11-01,PHL vs. BOS,W,0,0,,,0.0,,,5,6,0.833,,,,,,,,,5,,0
13414,21980,77149,George Johnson,SAN,San Antonio Spurs,0028000122,1980-11-01,SAN @ GOS,L,0,2,,,0.0,,,1,2,0.5,,,,,,,,,5,,0
13415,21980,76889,Paul Griffin,SAN,San Antonio Spurs,0028000120,1980-10-31,SAN @ SEA,W,0,1,,,0.0,,,3,3,1.0,,,,,,,,,5,,0
13416,21980,76204,Ron Boone,UTH,Utah Jazz,0028000119,1980-10-31,UTH vs. DAL,W,0,1,,,0.0,,,3,4,0.75,,,,,,,,,5,,0
13417,21980,77910,Wally Rank,SDC,San Diego Clippers,0028000118,1980-10-31,SDC vs. GOS,W,0,2,,,0.0,,,1,1,1.0,,,,,,,,,5,,0
13418,21980,77528,Jim McElroy,ATL,Atlanta Hawks,0028000116,1980-10-31,ATL @ PHL,L,0,2,,,0.0,,,1,1,1.0,,,,,,,,,5,,0
13419,21980,76471,Charlie Criss,ATL,Atlanta Hawks,0028000116,1980-10-31,ATL @ PHL,L,0,2,,,0.0,,,1,2,0.5,,,,,,,,,5,,0
13420,21980,77635,Lowes Moore,NJN,New Jersey Nets,0028000115,1980-10-31,NJN vs. WAS,W,0,1,,,0.0,,,3,4,0.75,,,,,,,,,5,,0
13421,21980,76993,Gerald Henderson,BOS,Boston Celtics,0028000114,1980-10-31,BOS vs. KCK,W,0,2,,,0.0,,,1,2,0.5,,,,,,,,,5,,0
13422,21980,78143,John Shumate,SAN,San Antonio Spurs,0028000109,1980-10-29,SAN @ UTH,L,0,1,,,0.0,,,3,3,1.0,,,,,,,,,5,,0
13423,21980,77235,Rich Kelley,PHX,Phoenix Suns,0028000107,1980-10-29,PHX vs. SDC,W,0,1,,,0.0,,,3,5,0.6,,,,,,,,,5,,0
13424,21980,76348,Austin Carr,DAL,Dallas Mavericks,0028000106,1980-10-29,DAL @ HOU,L,0,2,,,0.0,,,1,2,0.5,,,,,,,,,5,,0
13425,21980,77770,Louis Orr,IND,Indiana Pacers,0028000102,1980-10-29,IND vs. NYK,W,0,2,,,0.0,,,1,3,0.333,,,,,,,,,5,,0
13426,21980,76365,Harvey Catchings,MIL,Milwaukee Bucks,0028000099,1980-10-28,MIL @ CHI,W,0,2,,,0.0,,,1,1,1.0,,,,,,,,,5,,0
13427,21980,78351,Andrew Toney,PHL,Philadelphia 76ers,0028000097,1980-10-28,PHL @ CLE,W,0,2,,,1.0,,,0,0,,,,,,,,,,5,,0
13428,21980,77944,Kevin Restani,SAN,San Antonio Spurs,0028000093,1980-10-26,SAN @ LAL,W,0,2,,,0.0,,,1,2,0.5,,,,,,,,,5,,0
13429,21980,600010,Len Elmore,MIL,Milwaukee Bucks,0028000092,1980-10-26,MIL vs. WAS,W,0,1,,,0.0,,,3,4,0.75,,,,,,,,,5,,0
13430,21980,76483,Pat Cummings,MIL,Milwaukee Bucks,0028000092,1980-10-26,MIL vs. WAS,W,0,2,,,0.0,,,1,1,1.0,,,,,,,,,5,,0
13431,21980,76947,Alan Hardy,LAL,Los Angeles Lakers,0028000088,1980-10-25,LAL @ UTH,W,0,1,,,0.0,,,3,4,0.75,,,,,,,,,5,,0
13432,21980,76619,John Duren,UTH,Utah Jazz,0028000088,1980-10-25,UTH vs. LAL,L,0,2,,,0.0,,,1,2,0.5,,,,,,,,,5,,0
13433,21980,78531,Bob Wilkerson,CHI,Chicago Bulls,0028000084,1980-10-25,CHI @ MIL,L,0,2,,,0.0,,,1,2,0.5,,,,,,,,,5,,0
13434,21980,77829,Sam Pellom,ATL,Atlanta Hawks,0028000082,1980-10-25,ATL vs. PHL,L,0,2,,,0.0,,,1,1,1.0,,,,,,,,,5,,0
13435,21980,77718,Mike Niles,PHX,Phoenix Suns,0028000080,1980-10-24,PHX @ DEN,W,0,2,,,0.0,,,1,3,0.333,,,,,,,,,5,,0
13436,21980,78149,Jack Sikma,SEA,Seattle SuperSonics,0028000079,1980-10-24,SEA @ LAL,L,0,2,,,0.0,,,1,3,0.333,,,,,,,,,5,,0
13437,21980,77152,John Johnson,SEA,Seattle SuperSonics,0028000079,1980-10-24,SEA @ LAL,L,0,2,,,0.0,,,1,1,1.0,,,,,,,,,5,,0
13438,21980,77547,Billy McKinney,UTH,Utah Jazz,0028000077,1980-10-24,UTH @ SDC,L,0,2,,,0.0,,,1,1,1.0,,,,,,,,,5,,0
13439,21980,77770,Louis Orr,IND,Indiana Pacers,0028000074,1980-10-24,IND vs. ATL,W,0,2,,,0.0,,,1,4,0.25,,,,,,,,,5,,0
13440,21980,78481,Marvin Webster,NYK,New York Knicks,0028000073,1980-10-23,NYK @ BOS,W,0,2,,,0.0,,,1,2,0.5,,,,,,,,,5,,0
13441,21980,77582,Joe Meriweather,KCK,Kansas City Kings,0028000072,1980-10-23,KCK @ HOU,W,0,1,,,0.0,,,3,4,0.75,,,,,,,,,5,,0
13442,21980,77158,Lee Johnson,HOU,Houston Rockets,0028000072,1980-10-23,HOU vs. KCK,L,0,2,,,0.0,,,1,2,0.5,,,,,,,,,5,,0
13443,21980,76733,Chris Ford,BOS,Boston Celtics,0028000066,1980-10-22,BOS @ NJN,W,0,2,,,1.0,,,0,0,,,,,,,,,,5,,0
13444,21980,76242,Mike Bratz,CLE,Cleveland Cavaliers,0028000067,1980-10-22,CLE @ WAS,L,0,2,,,0.0,,,1,2,0.5,,,,,,,,,5,,0
13445,21980,76707,Eric Fernsten,BOS,Boston Celtics,0028000066,1980-10-22,BOS @ NJN,W,0,2,,,0.0,,,1,1,1.0,,,,,,,,,5,,0
13446,21980,76085,James Bailey,SEA,Seattle SuperSonics,0028000070,1980-10-22,SEA vs. DAL,L,0,2,,,1.0,,,0,0,,,,,,,,,,5,,0
13447,21980,77189,Major Jones,HOU,Houston Rockets,0028000063,1980-10-21,HOU @ DEN,W,0,1,,,0.0,,,3,6,0.5,,,,,,,,,5,,0
13448,21980,76889,Paul Griffin,SAN,San Antonio Spurs,0028000061,1980-10-21,SAN vs. SDC,W,0,2,,,0.0,,,1,2,0.5,,,,,,,,,5,,0
13449,21980,77024,Armond Hill,ATL,Atlanta Hawks,0028000060,1980-10-21,ATL vs. IND,L,0,1,,,0.0,,,3,4,0.75,,,,,,,,,5,,0
13450,21980,76444,Michael Cooper,LAL,Los Angeles Lakers,0028000064,1980-10-21,LAL @ POR,L,0,2,,,1.0,,,0,0,,,,,,,,,,5,,0
13451,21980,78139,Purvis Short,GOS,Golden State Warriors,0028000055,1980-10-19,GOS @ LAL,L,0,1,,,0.0,,,3,4,0.75,,,,,,,,,5,,0
13452,21980,78015,Lorenzo Romar,GOS,Golden State Warriors,0028000055,1980-10-19,GOS @ LAL,L,0,2,,,0.0,,,1,2,0.5,,,,,,,,,5,,0
13453,21980,76444,Michael Cooper,LAL,Los Angeles Lakers,0028000055,1980-10-19,LAL vs. GOS,W,0,1,,,0.0,,,3,3,1.0,,,,,,,,,5,,0
13454,21980,77024,Armond Hill,ATL,Atlanta Hawks,0028000052,1980-10-18,ATL @ DET,W,0,1,,,0.0,,,3,4,0.75,,,,,,,,,5,,0
13455,21980,77182,Dwight Jones,CHI,Chicago Bulls,0028000051,1980-10-18,CHI vs. NJN,L,0,1,,,0.0,,,3,4,0.75,,,,,,,,,5,,0
13456,21980,78442,Wally Walker,SEA,Seattle SuperSonics,0028000049,1980-10-18,SEA @ KCK,W,0,1,,,0.0,,,3,4,0.75,,,,,,,,,5,,0
13457,21980,77273,Reggie King,KCK,Kansas City Kings,0028000049,1980-10-18,KCK vs. SEA,L,0,2,,,0.0,,,1,5,0.2,,,,,,,,,5,,0
13458,21980,77024,Armond Hill,ATL,Atlanta Hawks,0028000044,1980-10-17,ATL vs. NYK,W,0,1,,,0.0,,,3,3,1.0,,,,,,,,,5,,0
13459,21980,78575,John Williamson,WAS,Washington Bullets,0028000043,1980-10-17,WAS vs. NJN,L,0,1,,,0.0,,,3,4,0.75,,,,,,,,,5,,0
13460,21980,76656,Bob Elliott,NJN,New Jersey Nets,0028000043,1980-10-17,NJN @ WAS,W,0,1,,,0.0,,,3,4,0.75,,,,,,,,,5,,0
13461,21980,76249,Ron Brewer,POR,Portland Trail Blazers,0028000042,1980-10-17,POR vs. HOU,L,0,2,,,0.0,,,1,1,1.0,,,,,,,,,5,,0
13462,21980,77876,Kevin Porter,WAS,Washington Bullets,0028000036,1980-10-16,WAS @ CLE,L,0,2,,,0.0,,,1,2,0.5,,,,,,,,,5,,0
13463,21980,77937,Billy Reid,GOS,Golden State Warriors,0028000028,1980-10-15,GOS vs. POR,W,0,2,,,0.0,,,1,3,0.333,,,,,,,,,5,,0
13464,21980,77022,Johnny High,PHX,Phoenix Suns,0028000031,1980-10-15,PHX @ UTH,W,0,1,,,0.0,,,3,4,0.75,,,,,,,,,5,,0
13465,21980,78436,Foots Walker,NJN,New Jersey Nets,0028000033,1980-10-15,NJN vs. PHL,L,0,2,,,1.0,,,0,0,,,,,,,,,,5,,0
13466,21980,100263,Bill Laimbeer,CLE,Cleveland Cavaliers,0028000023,1980-10-14,CLE vs. DET,W,0,2,,,0.0,,,1,2,0.5,,,,,,,,,5,,0
13467,21980,77848,Roger Phegley,CLE,Cleveland Cavaliers,0028000023,1980-10-14,CLE vs. DET,W,0,2,,,0.0,,,1,1,1.0,,,,,,,,,5,,0
13468,21980,76539,Darryl Dawkins,PHL,Philadelphia 76ers,0028000027,1980-10-14,PHL @ NYK,L,0,2,,,0.0,,,1,2,0.5,,,,,,,,,5,,0
13469,21980,78222,Jim Spanarkel,DAL,Dallas Mavericks,0028000024,1980-10-14,DAL vs. SEA,L,0,2,,,0.0,,,1,2,0.5,,,,,,,,,5,,0
13470,21980,76590,Leon Douglas,KCK,Kansas City Kings,0028000020,1980-10-12,KCK @ PHX,L,0,1,,,0.0,,,3,4,0.75,,,,,,,,,5,,0
13471,21980,78132,Craig Shelton,ATL,Atlanta Hawks,0028000013,1980-10-11,ATL vs. CHI,W,0,2,,,0.0,,,1,2,0.5,,,,,,,,,5,,0
13472,21980,77024,Armond Hill,ATL,Atlanta Hawks,0028000013,1980-10-11,ATL vs. CHI,W,0,1,,,0.0,,,3,4,0.75,,,,,,,,,5,,0
13473,21980,78436,Foots Walker,NJN,New Jersey Nets,0028000009,1980-10-10,NJN vs. IND,L,0,2,,,0.0,,,1,5,0.2,,,,,,,,,5,,0
13474,21980,76948,James Hardy,UTH,Utah Jazz,0028000008,1980-10-10,UTH vs. POR,W,0,1,,,0.0,,,3,4,0.75,,,,,,,,,5,,0
13475,21980,77817,Billy Paultz,HOU,Houston Rockets,0028000004,1980-10-10,HOU @ SDC,L,0,1,,,0.0,,,3,4,0.75,,,,,,,,,5,,0
13476,21980,77910,Wally Rank,SDC,San Diego Clippers,0028000941,1981-03-29,SDC vs. POR,L,0,2,,,0.0,,,0,0,,,,,,,,,6.0,4,,0
13477,21980,77975,Anthony Roberts,WAS,Washington Bullets,0028000943,1981-03-29,WAS vs. CLE,W,0,2,,,0.0,,,0,0,,,,,,,,,,4,,0
13478,21980,77209,Walter Jordan,CLE,Cleveland Cavaliers,0028000943,1981-03-29,CLE @ WAS,L,0,2,,,0.0,,,0,0,,,,,,,,,,4,,0
13479,21980,77532,George McGinnis,IND,Indiana Pacers,0028000942,1981-03-29,IND vs. CHI,L,0,2,,,0.0,,,0,0,,,,,,,,,,4,,0
13480,21980,77148,George Johnson,IND,Indiana Pacers,0028000942,1981-03-29,IND vs. CHI,L,0,2,,,0.0,,,0,0,,,,,,,,,,4,,0
13481,21980,76095,Mike Bantom,IND,Indiana Pacers,0028000942,1981-03-29,IND vs. CHI,L,0,1,,,0.0,,,2,2,1.0,,,,,,,,,4,,0
13482,21980,78442,Wally Walker,SEA,Seattle SuperSonics,0028000939,1981-03-29,SEA vs. GOS,W,0,2,,,0.0,,,0,0,,,,,,,,,6.0,4,,0
13483,21980,77024,Armond Hill,SEA,Seattle SuperSonics,0028000939,1981-03-29,SEA vs. GOS,W,0,1,,,0.0,,,2,2,1.0,,,,,,,,,4,,0
13484,21980,78449,Lloyd Walton,KCK,Kansas City Kings,0028000938,1981-03-29,KCK vs. DAL,W,0,2,,,0.0,,,0,0,,,,,,,,,,4,,0
13485,21980,77126,Abdul Jeelani,DAL,Dallas Mavericks,0028000938,1981-03-29,DAL @ KCK,L,0,1,,,0.0,,,2,2,1.0,,,,,,,,,4,,0
13486,21980,78350,Rudy Tomjanovich,HOU,Houston Rockets,0028000935,1981-03-29,HOU @ SAN,L,0,2,,,0.0,,,0,0,,,,,,,,,,4,,0
13487,21980,77149,George Johnson,SAN,San Antonio Spurs,0028000935,1981-03-29,SAN vs. HOU,W,0,2,,,0.0,,,0,0,,,,,,,,,,4,,0
13488,21980,77205,Eddie Jordan,LAL,Los Angeles Lakers,0028000933,1981-03-29,LAL vs. DEN,L,0,2,,,0.0,,,0,0,,,,,,,,,,4,,0
13489,21980,77911,Kelvin Ransey,POR,Portland Trail Blazers,0028000941,1981-03-29,POR @ SDC,W,0,1,,,0.0,,,2,2,1.0,,,,,,,,,4,,0
13490,21980,77420,Maurice Lucas,NJN,New Jersey Nets,0028000940,1981-03-29,NJN @ NYK,L,0,1,,,0.0,,,2,3,0.667,,,,,,,,,4,,0
13491,21980,77043,Lionel Hollins,PHL,Philadelphia 76ers,0028000937,1981-03-29,PHL @ BOS,L,0,2,,,0.0,,,0,2,0.0,,,,,,,,,4,,0
13492,21980,78516,Jerome Whitehead,SDC,San Diego Clippers,0028000941,1981-03-29,SDC vs. POR,L,0,2,,,0.0,,,0,0,,,,,,,,,,4,,0
13493,21980,77184,Edgar Jones,NJN,New Jersey Nets,0028000940,1981-03-29,NJN @ NYK,L,0,2,,,0.0,,,0,0,,,,,,,,,,4,,0
13494,21980,76290,Joe Bryant,SDC,San Diego Clippers,0028000941,1981-03-29,SDC vs. POR,L,0,2,,,0.0,,,0,0,,,,,,,,,,4,,0
13495,21980,76822,Mike Glenn,NYK,New York Knicks,0028000940,1981-03-29,NYK vs. NJN,W,0,2,,,0.0,,,0,0,,,,,,,,,,4,,0
13496,21980,77205,Eddie Jordan,LAL,Los Angeles Lakers,0028000930,1981-03-28,LAL @ UTH,L,0,2,,,0.0,,,0,0,,,,,,,,,,4,,0
13497,21980,77040,Brad Holland,LAL,Los Angeles Lakers,0028000930,1981-03-28,LAL @ UTH,L,0,1,,,0.0,,,2,3,0.667,,,,,,,,,4,,0
13498,21980,76441,Wayne Cooper,UTH,Utah Jazz,0028000930,1981-03-28,UTH vs. LAL,W,0,2,,,0.0,,,0,0,,,,,,,,,,4,,0
13499,21980,77504,Andre McCarter,WAS,Washington Bullets,0028000929,1981-03-28,WAS vs. DET,W,0,1,,,0.0,,,2,2,1.0,,,,,,,,,4,,0
13500,21980,76348,Austin Carr,WAS,Washington Bullets,0028000929,1981-03-28,WAS vs. DET,W,0,2,,,0.0,,,0,0,,,,,,,,,,4,,0
13501,21980,305,Robert Parish,BOS,Boston Celtics,0028000928,1981-03-27,BOS vs. DET,L,0,2,,,0.0,,,0,0,,,,,,,,,,4,,0
13502,21980,76444,Michael Cooper,LAL,Los Angeles Lakers,0028000927,1981-03-27,LAL @ SEA,W,0,1,,,0.0,,,2,3,0.667,,,,,,,,,4,,0
13503,21980,77786,Tom Owens,POR,Portland Trail Blazers,0028000926,1981-03-27,POR @ DAL,W,0,1,,,0.0,,,2,2,1.0,,,,,,,,,4,,0
13504,21980,77323,Kevin Kunnert,POR,Portland Trail Blazers,0028000926,1981-03-27,POR @ DAL,W,0,2,,,0.0,,,0,0,,,,,,,,,,4,,0
13505,21980,100263,Bill Laimbeer,CLE,Cleveland Cavaliers,0028000925,1981-03-27,CLE vs. PHL,L,0,2,,,0.0,,,0,0,,,,,,,,,6.0,4,,0
13506,21980,77162,Ollie Johnson,PHL,Philadelphia 76ers,0028000925,1981-03-27,PHL @ CLE,W,0,1,,,0.0,,,2,2,1.0,,,,,,,,,4,,0
13507,21980,76336,Mack Calvin,CLE,Cleveland Cavaliers,0028000925,1981-03-27,CLE vs. PHL,L,0,2,,,0.0,,,0,0,,,,,,,,,,4,,0
13508,21980,77910,Wally Rank,SDC,San Diego Clippers,0028000924,1981-03-27,SDC @ PHX,L,0,2,,,0.0,,,0,0,,,,,,,,,,4,,0
13509,21980,77235,Rich Kelley,PHX,Phoenix Suns,0028000924,1981-03-27,PHX vs. SDC,W,0,0,,,0.0,,,4,7,0.571,,,,,,,,,4,,0
13510,21980,76985,Garfield Heard,SDC,San Diego Clippers,0028000924,1981-03-27,SDC @ PHX,L,0,2,,,0.0,,,0,0,,,,,,,,,,4,,0
13511,21980,76436,Jeff Cook,PHX,Phoenix Suns,0028000924,1981-03-27,PHX vs. SDC,W,0,2,,,0.0,,,0,0,,,,,,,,,,4,,0
13512,21980,77817,Billy Paultz,HOU,Houston Rockets,0028000923,1981-03-27,HOU vs. KCK,W,0,1,,,0.0,,,2,2,1.0,,,,,,,,,4,,0
13513,21980,77246,Larry Kenon,CHI,Chicago Bulls,0028000921,1981-03-27,CHI vs. ATL,W,0,2,,,0.0,,,0,0,,,,,,,,,,4,,0
13514,21980,76567,Coby Dietrick,CHI,Chicago Bulls,0028000921,1981-03-27,CHI vs. ATL,W,0,2,,,0.0,,,0,0,,,,,,,,,,4,,0
13515,21980,77553,Tom McMillen,ATL,Atlanta Hawks,0028000919,1981-03-26,ATL vs. IND,L,0,2,,,0.0,,,0,0,,,,,,,,,,4,,0
13516,21980,600010,Len Elmore,MIL,Milwaukee Bucks,0028000918,1981-03-26,MIL vs. CLE,W,0,2,,,0.0,,,0,0,,,,,,,,,,4,,0
13517,21980,76686,Mike Evans,MIL,Milwaukee Bucks,0028000918,1981-03-26,MIL vs. CLE,W,0,2,,,0.0,,,0,0,,,,,,,,,,4,,0
13518,21980,77364,Ron Lee,DET,Detroit Pistons,0028000917,1981-03-25,DET @ PHL,L,0,1,,,0.0,,,2,3,0.667,,,,,,,,,4,,0
13519,21980,77175,Caldwell Jones,PHL,Philadelphia 76ers,0028000917,1981-03-25,PHL vs. DET,W,0,2,,,0.0,,,0,0,,,,,,,,,,4,,0
13520,21980,1381,John Long,DET,Detroit Pistons,0028000917,1981-03-25,DET @ PHL,L,0,2,,,0.0,,,0,0,,,,,,,,,,4,,0
13521,21980,940,Earl Cureton,PHL,Philadelphia 76ers,0028000917,1981-03-25,PHL vs. DET,W,0,2,,,0.0,,,0,0,,,,,,,,,,4,,0
13522,21980,77635,Lowes Moore,NJN,New Jersey Nets,0028000916,1981-03-25,NJN vs. BOS,L,0,2,,,0.0,,,0,2,0.0,,,,,,,,,4,,0
13523,21980,77917,Clifford Ray,GOS,Golden State Warriors,0028000915,1981-03-25,GOS vs. SDC,W,0,2,,,0.0,,,0,0,,,,,,,,,,4,,0
13524,21980,76590,Leon Douglas,KCK,Kansas City Kings,0028000913,1981-03-25,KCK @ PHX,W,0,2,,,0.0,,,0,0,,,,,,,,,,4,,0
13525,21980,77633,Johnny Moore,SAN,San Antonio Spurs,0028000912,1981-03-25,SAN @ HOU,L,0,2,,,0.0,,,0,0,,,,,,,,,,4,,0
13526,21980,76786,Calvin Garrett,HOU,Houston Rockets,0028000912,1981-03-25,HOU vs. SAN,W,0,2,,,0.0,,,0,0,,,,,,,,,,4,,0
13527,21980,77819,Jim Paxson,POR,Portland Trail Blazers,0028000911,1981-03-25,POR @ SEA,W,0,2,,,0.0,,,0,0,,,,,,,,,,4,,0
13528,21980,77691,Calvin Natt,POR,Portland Trail Blazers,0028000911,1981-03-25,POR @ SEA,W,0,2,,,0.0,,,0,0,,,,,,,,,,4,,0
13529,21980,77975,Anthony Roberts,WAS,Washington Bullets,0028000910,1981-03-25,WAS vs. NYK,W,0,2,,,0.0,,,0,0,,,,,,,,,,4,,0
13530,21980,76979,Elvin Hayes,WAS,Washington Bullets,0028000910,1981-03-25,WAS vs. NYK,W,0,2,,,0.0,,,0,0,,,,,,,,,,4,,0
13531,21980,77528,Jim McElroy,ATL,Atlanta Hawks,0028000908,1981-03-24,ATL vs. DET,W,0,2,,,0.0,,,0,3,0.0,,,,,,,,,4,,0
13532,21980,77582,Joe Meriweather,KCK,Kansas City Kings,0028000907,1981-03-24,KCK @ UTH,W,0,1,,,0.0,,,2,4,0.5,,,,,,,,,4,,0
13533,21980,77189,Major Jones,HOU,Houston Rockets,0028000906,1981-03-24,HOU @ DAL,W,0,1,,,0.0,,,2,2,1.0,,,,,,,,,4,,0
13534,21980,76996,Tom Henderson,HOU,Houston Rockets,0028000906,1981-03-24,HOU @ DAL,W,0,2,,,0.0,,,0,0,,,,,,,,,,4,,0
13535,21980,78618,Sam Worthen,CHI,Chicago Bulls,0028000905,1981-03-24,CHI vs. CLE,W,0,1,,,0.0,,,2,2,1.0,,,,,,,,,4,,0
13536,21980,78533,James Wilkes,CHI,Chicago Bulls,0028000905,1981-03-24,CHI vs. CLE,W,0,2,,,0.0,,,0,0,,,,,,,,,,4,,0
13537,21980,76252,Junior Bridgeman,MIL,Milwaukee Bucks,0028000903,1981-03-24,MIL vs. NJN,W,0,2,,,0.0,,,0,0,,,,,,,,,,4,,0
13538,21980,77022,Johnny High,PHX,Phoenix Suns,0028000902,1981-03-24,PHX @ POR,L,0,2,,,0.0,,,0,0,,,,,,,,,,4,,0
13539,21980,76121,Billyray Bates,POR,Portland Trail Blazers,0028000902,1981-03-24,POR vs. PHX,W,0,2,,,0.0,,,0,0,,,,,,,,,,4,,0
13540,21980,78015,Lorenzo Romar,GOS,Golden State Warriors,0028000901,1981-03-24,GOS @ LAL,L,0,2,,,0.0,,,0,0,,,,,,,,,,4,,0
13541,21980,77205,Eddie Jordan,LAL,Los Angeles Lakers,0028000901,1981-03-24,LAL vs. GOS,W,0,2,,,0.0,,,0,0,,,,,,,,,,4,,0
13542,21980,76822,Mike Glenn,NYK,New York Knicks,0028000900,1981-03-24,NYK vs. BOS,L,0,2,,,0.0,,,0,0,,,,,,,,,,4,,0
13543,21980,76553,Larry Demic,NYK,New York Knicks,0028000900,1981-03-24,NYK vs. BOS,L,0,2,,,0.0,,,0,0,,,,,,,,,,4,,0
13544,21980,76418,Don Collins,ATL,Atlanta Hawks,0028000908,1981-03-24,ATL vs. DET,W,0,2,,,,,,0,0,,,,,,,,,,4,,0
13545,21980,77022,Johnny High,PHX,Phoenix Suns,0028000899,1981-03-22,PHX vs. SEA,W,0,1,,,0.0,,,2,5,0.4,,,,,,,,,4,,0
13546,21980,77800,Sonny Parker,GOS,Golden State Warriors,0028000896,1981-03-22,GOS vs. LAL,L,0,2,,,0.0,,,0,0,,,,,,,,,,4,,0
13547,21980,76392,Jim Chones,LAL,Los Angeles Lakers,0028000896,1981-03-22,LAL @ GOS,W,0,2,,,0.0,,,0,0,,,,,,,,,,4,,0
13548,21980,77504,Andre McCarter,WAS,Washington Bullets,0028000895,1981-03-22,WAS vs. ATL,W,0,0,,,0.0,,,4,5,0.8,,,,,,,,,4,,0
13549,21980,77353,Allen Leavell,HOU,Houston Rockets,0028000894,1981-03-22,HOU @ KCK,W,0,2,,,0.0,,,0,0,,,,,,,,,,4,,0
13550,21980,77326,Sam Lacey,KCK,Kansas City Kings,0028000894,1981-03-22,KCK vs. HOU,L,0,2,,,0.0,,,0,0,,,,,,,,,,4,,0
13551,21980,78537,Jeff Wilkins,UTH,Utah Jazz,0028000893,1981-03-22,UTH @ DEN,L,0,1,,,0.0,,,2,2,1.0,,,,,,,,,4,,0
13552,21980,77715,Carl Nicks,UTH,Utah Jazz,0028000893,1981-03-22,UTH @ DEN,L,0,2,,,0.0,,,0,0,,,,,,,,,,4,,0
13553,21980,77547,Billy McKinney,DEN,Denver Nuggets,0028000893,1981-03-22,DEN vs. UTH,W,0,2,,,0.0,,,0,0,,,,,,,,,,4,,0
13554,21980,76151,Mel Bennett,UTH,Utah Jazz,0028000893,1981-03-22,UTH @ DEN,L,0,2,,,0.0,,,0,0,,,,,,,,,,4,,0
13555,21980,78150,James Silas,SAN,San Antonio Spurs,0028000891,1981-03-22,SAN vs. SDC,W,0,2,,,0.0,,,0,0,,,,,,,,,,4,,0
13556,21980,76534,Ron Davis,SDC,San Diego Clippers,0028000891,1981-03-22,SDC @ SAN,L,0,1,,,0.0,,,2,3,0.667,,,,,,,,,4,,0
13557,21980,77373,Ronnie Lester,CHI,Chicago Bulls,0028000890,1981-03-22,CHI @ DET,W,0,1,,,0.0,,,2,2,1.0,,,,,,,,,4,,0
13558,21980,77010,Keith Herron,DET,Detroit Pistons,0028000890,1981-03-22,DET vs. CHI,L,0,1,,,0.0,,,2,2,1.0,,,,,,,,,4,,0
13559,21980,76567,Coby Dietrick,CHI,Chicago Bulls,0028000890,1981-03-22,CHI @ DET,W,0,2,,,0.0,,,0,0,,,,,,,,,,4,,0
13560,21980,77786,Tom Owens,POR,Portland Trail Blazers,0028000889,1981-03-21,POR vs. LAL,L,0,2,,,0.0,,,0,0,,,,,,,,,,4,,0
13561,21980,78139,Purvis Short,GOS,Golden State Warriors,0028000888,1981-03-21,GOS vs. PHX,W,0,2,,,0.0,,,0,0,,,,,,,,,,4,,0
13562,21980,77438,Kyle Macy,PHX,Phoenix Suns,0028000888,1981-03-21,PHX @ GOS,L,0,2,,,0.0,,,0,0,,,,,,,,,,4,,0
13563,21980,78392,Wes Unseld,WAS,Washington Bullets,0028000884,1981-03-20,WAS @ BOS,L,0,2,,,0.0,,,0,0,,,,,,,,,,4,,0
13564,21980,78068,Dewayne Scales,NYK,New York Knicks,0028000883,1981-03-20,NYK @ IND,W,0,2,,,0.0,,,0,0,,,,,,,,,,4,,0
13565,21980,76360,Reggie Carter,NYK,New York Knicks,0028000883,1981-03-20,NYK @ IND,W,0,1,,,0.0,,,2,2,1.0,,,,,,,,,4,,0
13566,21980,77754,Mike O'Koren,NJN,New Jersey Nets,0028000882,1981-03-20,NJN vs. ATL,W,0,1,,,0.0,,,2,4,0.5,,,,,,,,,4,,0
13567,21980,77635,Lowes Moore,NJN,New Jersey Nets,0028000882,1981-03-20,NJN vs. ATL,W,0,2,,,0.0,,,0,0,,,,,,,,,,4,,0
13568,21980,76305,Tom Burleson,ATL,Atlanta Hawks,0028000882,1981-03-20,ATL @ NJN,L,0,2,,,0.0,,,0,0,,,,,,,,,,4,,0
13569,21980,77024,Armond Hill,SEA,Seattle SuperSonics,0028000879,1981-03-20,SEA @ LAL,L,0,2,,,0.0,,,0,0,,,,,,,,,,4,,0
13570,21980,76248,Jim Brewer,LAL,Los Angeles Lakers,0028000879,1981-03-20,LAL vs. SEA,W,0,2,,,0.0,,,0,0,,,,,,,,,,4,,0
13571,21980,78618,Sam Worthen,CHI,Chicago Bulls,0028000878,1981-03-20,CHI vs. PHL,W,0,2,,,0.0,,,0,0,,,,,,,,,,4,,0
13572,21980,77126,Abdul Jeelani,DAL,Dallas Mavericks,0028000877,1981-03-20,DAL vs. DEN,W,0,1,,,0.0,,,2,2,1.0,,,,,,,,,4,,0
13573,21980,76618,T.R. Dunn,DEN,Denver Nuggets,0028000877,1981-03-20,DEN @ DAL,L,0,1,,,0.0,,,2,4,0.5,,,,,,,,,4,,0
13574,21980,78015,Lorenzo Romar,GOS,Golden State Warriors,0028000876,1981-03-19,GOS @ SDC,L,0,2,,,0.0,,,0,0,,,,,,,,,,4,,0
13575,21980,77246,Larry Kenon,CHI,Chicago Bulls,0028000874,1981-03-19,CHI @ CLE,W,0,2,,,0.0,,,0,0,,,,,,,,,,4,,0
13576,21980,78015,Lorenzo Romar,GOS,Golden State Warriors,0028000873,1981-03-18,GOS vs. HOU,W,0,1,,,0.0,,,2,3,0.667,,,,,,,,,4,,0
13577,21980,77432,Ollie Mack,DAL,Dallas Mavericks,0028000871,1981-03-18,DAL @ UTH,L,0,2,,,0.0,,,0,0,,,,,,,,,,4,,0
13578,21980,78404,Kiki Vandeweghe,DEN,Denver Nuggets,0028000870,1981-03-18,DEN @ KCK,W,0,2,,,0.0,,,0,0,,,,,,,,,,4,,0
13579,21980,78057,Frankie Sanders,KCK,Kansas City Kings,0028000870,1981-03-18,KCK vs. DEN,L,0,2,,,0.0,,,0,0,,,,,,,,,,4,,0
13580,21980,76618,T.R. Dunn,DEN,Denver Nuggets,0028000870,1981-03-18,DEN @ KCK,W,0,2,,,0.0,,,0,0,,,,,,,,,,4,,0
13581,21980,76392,Jim Chones,LAL,Los Angeles Lakers,0028000869,1981-03-18,LAL @ PHX,L,0,2,,,0.0,,,0,0,,,,,,,,,,4,,0
13582,21980,77984,Rick Robey,BOS,Boston Celtics,0028000867,1981-03-18,BOS vs. ATL,L,0,2,,,0.0,,,0,0,,,,,,,,,,4,,0
13583,21980,76733,Chris Ford,BOS,Boston Celtics,0028000867,1981-03-18,BOS vs. ATL,L,0,2,,,0.0,,,0,0,,,,,,,,,,4,,0
13584,21980,78400,Jan Van Breda Kolff,NJN,New Jersey Nets,0028000866,1981-03-18,NJN @ DET,L,0,2,,,0.0,,,0,0,,,,,,,,,,4,,0
13585,21980,77498,Bob McAdoo,NJN,New Jersey Nets,0028000866,1981-03-18,NJN @ DET,L,0,2,,,0.0,,,0,0,,,,,,,,,,4,,0
13586,21980,76418,Don Collins,ATL,Atlanta Hawks,0028000860,1981-03-17,ATL @ CLE,L,0,1,,,,,,2,2,1.0,,,,,,,,,4,,0
13587,21980,76500,Bob Dandridge,WAS,Washington Bullets,0028000865,1981-03-17,WAS vs. BOS,L,0,2,,,0.0,,,0,0,,,,,,,,,,4,,0
13588,21980,76351,M.L. Carr,BOS,Boston Celtics,0028000865,1981-03-17,BOS @ WAS,W,0,2,,,0.0,,,0,0,,,,,,,,,,4,,0
13589,21980,78516,Jerome Whitehead,SDC,San Diego Clippers,0028000864,1981-03-17,SDC @ POR,L,0,1,,,0.0,,,2,3,0.667,,,,,,,,,4,,0
13590,21980,76954,Mike Harper,POR,Portland Trail Blazers,0028000864,1981-03-17,POR vs. SDC,W,0,2,,,0.0,,,0,1,0.0,,,,,,,,,4,,0
13591,21980,77149,George Johnson,SAN,San Antonio Spurs,0028000862,1981-03-17,SAN vs. UTH,W,0,2,,,0.0,,,0,0,,,,,,,,,,4,,0
13592,21980,78468,Richard Washington,CLE,Cleveland Cavaliers,0028000860,1981-03-17,CLE vs. ATL,W,0,2,,,0.0,,,0,0,,,,,,,,,,4,,0
13593,21980,77553,Tom McMillen,ATL,Atlanta Hawks,0028000860,1981-03-17,ATL @ CLE,L,0,1,,,0.0,,,2,4,0.5,,,,,,,,,4,,0
13594,21980,77209,Walter Jordan,CLE,Cleveland Cavaliers,0028000860,1981-03-17,CLE vs. ATL,W,0,2,,,0.0,,,0,0,,,,,,,,,,4,,0
13595,21980,76242,Mike Bratz,CLE,Cleveland Cavaliers,0028000860,1981-03-17,CLE vs. ATL,W,0,1,,,0.0,,,2,2,1.0,,,,,,,,,4,,0
13596,21980,78481,Marvin Webster,NYK,New York Knicks,0028000859,1981-03-17,NYK vs. IND,W,0,2,,,0.0,,,0,4,0.0,,,,,,,,,4,,0
13597,21980,77136,Clemon Johnson,IND,Indiana Pacers,0028000859,1981-03-17,IND @ NYK,L,0,2,,,0.0,,,0,0,,,,,,,,,,4,,0
13598,21980,77126,Abdul Jeelani,DAL,Dallas Mavericks,0028000858,1981-03-17,DAL vs. LAL,L,0,1,,,0.0,,,2,2,1.0,,,,,,,,,4,,0
13599,21980,78436,Foots Walker,NJN,New Jersey Nets,0028000857,1981-03-17,NJN vs. PHL,W,0,2,,,0.0,,,0,0,,,,,,,,,,4,,0
13600,21980,76656,Bob Elliott,NJN,New Jersey Nets,0028000857,1981-03-17,NJN vs. PHL,W,0,1,,,0.0,,,2,2,1.0,,,,,,,,,4,,0
13601,21980,77262,Chad Kinch,DAL,Dallas Mavericks,0028000855,1981-03-15,DAL @ POR,L,0,0,,,0.0,,,4,4,1.0,,,,,,,,,4,,0
13602,21980,77582,Joe Meriweather,KCK,Kansas City Kings,0028000854,1981-03-15,KCK vs. CHI,L,0,1,,,0.0,,,2,3,0.667,,,,,,,,,4,,0
13603,21980,77504,Andre McCarter,WAS,Washington Bullets,0028000853,1981-03-15,WAS vs. CLE,L,0,2,,,0.0,,,0,0,,,,,,,,,,4,,0
13604,21980,77498,Bob McAdoo,NJN,New Jersey Nets,0028000850,1981-03-15,NJN @ BOS,L,0,2,,,0.0,,,0,0,,,,,,,,,,4,,0
13605,21980,76656,Bob Elliott,NJN,New Jersey Nets,0028000850,1981-03-15,NJN @ BOS,L,0,2,,,0.0,,,0,0,,,,,,,,,,4,,0
13606,21980,600010,Len Elmore,MIL,Milwaukee Bucks,0028000849,1981-03-15,MIL vs. SEA,W,0,2,,,0.0,,,0,0,,,,,,,,,,4,,0
13607,21980,76944,Bill Hanzlik,SEA,Seattle SuperSonics,0028000849,1981-03-15,SEA @ MIL,L,0,2,,,0.0,,,0,2,0.0,,,,,,,,,4,,0
13608,21980,77633,Johnny Moore,SAN,San Antonio Spurs,0028000848,1981-03-15,SAN @ GOS,W,0,2,,,0.0,,,0,0,,,,,,,,,,4,,0
13609,21980,76453,Dave Corzine,SAN,San Antonio Spurs,0028000848,1981-03-15,SAN @ GOS,W,0,2,,,0.0,,,0,0,,,,,,,,,,4,,0
13610,21980,76249,Ron Brewer,SAN,San Antonio Spurs,0028000848,1981-03-15,SAN @ GOS,W,0,2,,,0.0,,,0,0,,,,,,,,,,4,,0
13611,21980,78623,Larry Wright,DET,Detroit Pistons,0028000847,1981-03-14,DET @ IND,W,0,2,,,0.0,,,0,0,,,,,,,,,,4,,0
13612,21980,76985,Garfield Heard,SDC,San Diego Clippers,0028000846,1981-03-14,SDC vs. SAN,W,0,1,,,0.0,,,2,2,1.0,,,,,,,,,4,,0
13613,21980,78468,Richard Washington,CLE,Cleveland Cavaliers,0028000845,1981-03-14,CLE @ ATL,W,0,2,,,0.0,,,0,0,,,,,,,,,,4,,0
13614,21980,77209,Walter Jordan,CLE,Cleveland Cavaliers,0028000845,1981-03-14,CLE @ ATL,W,0,1,,,0.0,,,2,2,1.0,,,,,,,,,4,,0
13615,21980,78537,Jeff Wilkins,UTH,Utah Jazz,0028000844,1981-03-14,UTH @ HOU,L,0,2,,,0.0,,,0,0,,,,,,,,,,4,,0
13616,21980,76874,Rickey Green,UTH,Utah Jazz,0028000844,1981-03-14,UTH @ HOU,L,0,2,,,0.0,,,0,0,,,,,,,,,,4,,0
13617,21980,77996,Wayne Robinson,DET,Detroit Pistons,0028000843,1981-03-13,DET vs. SEA,L,0,2,,,0.0,,,0,0,,,,,,,,,,4,,0
13618,21980,76599,Larry Drew,DET,Detroit Pistons,0028000843,1981-03-13,DET vs. SEA,L,0,2,,,0.0,,,0,0,,,,,,,,,,4,,0
13619,21980,77323,Kevin Kunnert,POR,Portland Trail Blazers,0028000842,1981-03-13,POR @ HOU,L,0,2,,,0.0,,,0,0,,,,,,,,,,4,,0
13620,21980,77136,Clemon Johnson,IND,Indiana Pacers,0028000841,1981-03-13,IND @ BOS,W,0,2,,,0.0,,,0,0,,,,,,,,,,4,,0
13621,21980,77331,John Lambert,KCK,Kansas City Kings,0028000840,1981-03-13,KCK @ LAL,L,0,2,,,0.0,,,0,0,,,,,,,,,,4,,0
13622,21980,77498,Bob McAdoo,NJN,New Jersey Nets,0028000838,1981-03-13,NJN @ CLE,W,0,2,,,0.0,,,0,0,,,,,,,,,,4,,0
13623,21980,76656,Bob Elliott,NJN,New Jersey Nets,0028000838,1981-03-13,NJN @ CLE,W,0,1,,,0.0,,,2,4,0.5,,,,,,,,,4,,0
13624,21980,78531,Bob Wilkerson,CHI,Chicago Bulls,0028000837,1981-03-13,CHI @ NYK,L,0,1,,,0.0,,,2,2,1.0,,,,,,,,,4,,0
13625,21980,76317,Don Buse,IND,Indiana Pacers,0028000841,1981-03-13,IND @ BOS,W,0,1,,,1.0,,,1,2,0.5,,,,,,,,,4,,0
13626,21980,76618,T.R. Dunn,DEN,Denver Nuggets,0028000835,1981-03-12,DEN @ MIL,L,0,2,,,0.0,,,0,0,,,,,,,,,,4,,0
13627,21980,78400,Jan Van Breda Kolff,NJN,New Jersey Nets,0028000830,1981-03-11,NJN vs. WAS,W,0,1,,,0.0,,,2,2,1.0,,,,,,,,,4,,0
13628,21980,78623,Larry Wright,DET,Detroit Pistons,0028000829,1981-03-11,DET vs. ATL,W,0,2,,,0.0,,,0,0,,,,,,,,,,4,,0
13629,21980,76305,Tom Burleson,ATL,Atlanta Hawks,0028000829,1981-03-11,ATL @ DET,L,0,2,,,0.0,,,0,0,,,,,,,,,,4,,0
13630,21980,78015,Lorenzo Romar,GOS,Golden State Warriors,0028000828,1981-03-11,GOS @ HOU,L,0,1,,,0.0,,,2,4,0.5,,,,,,,,,4,,0
13631,21980,77817,Billy Paultz,HOU,Houston Rockets,0028000828,1981-03-11,HOU vs. GOS,W,0,2,,,0.0,,,0,0,,,,,,,,,,4,,0
13632,21980,77162,Ollie Johnson,PHL,Philadelphia 76ers,0028000827,1981-03-11,PHL vs. NYK,W,0,2,,,0.0,,,0,0,,,,,,,,,,4,,0
13633,21980,76993,Gerald Henderson,BOS,Boston Celtics,0028000826,1981-03-11,BOS vs. MIL,W,0,2,,,0.0,,,0,0,,,,,,,,,,4,,0
13634,21980,76686,Mike Evans,MIL,Milwaukee Bucks,0028000826,1981-03-11,MIL @ BOS,L,0,2,,,0.0,,,0,0,,,,,,,,,,4,,0
13635,21980,76365,Harvey Catchings,MIL,Milwaukee Bucks,0028000826,1981-03-11,MIL @ BOS,L,0,1,,,0.0,,,2,3,0.667,,,,,,,,,4,,0
13636,21980,77618,Steve Mix,PHL,Philadelphia 76ers,0028000825,1981-03-10,PHL @ IND,W,0,2,,,0.0,,,0,0,,,,,,,,,,4,,0
13637,21980,77148,George Johnson,IND,Indiana Pacers,0028000825,1981-03-10,IND vs. PHL,L,0,1,,,0.0,,,2,2,1.0,,,,,,,,,4,,0
13638,21980,77136,Clemon Johnson,IND,Indiana Pacers,0028000825,1981-03-10,IND vs. PHL,L,0,2,,,0.0,,,0,0,,,,,,,,,,4,,0
13639,21980,76321,Marty Byrnes,DAL,Dallas Mavericks,0028000824,1981-03-10,DAL vs. PHX,W,0,2,,,0.0,,,0,1,0.0,,,,,,,,,4,,0
13640,21980,77331,John Lambert,KCK,Kansas City Kings,0028000823,1981-03-10,KCK @ SDC,W,0,2,,,0.0,,,0,0,,,,,,,,,,4,,0
13641,21980,77786,Tom Owens,POR,Portland Trail Blazers,0028000822,1981-03-10,POR @ DEN,W,0,2,,,0.0,,,0,0,,,,,,,,,,4,,0
13642,21980,77056,Cedrick Hordges,DEN,Denver Nuggets,0028000822,1981-03-10,DEN vs. POR,L,0,2,,,0.0,,,0,0,,,,,,,,,,4,,0
13643,21980,76895,Bob Gross,POR,Portland Trail Blazers,0028000822,1981-03-10,POR @ DEN,W,0,1,,,0.0,,,2,2,1.0,,,,,,,,6.0,4,,0
13644,21980,76305,Tom Burleson,ATL,Atlanta Hawks,0028000821,1981-03-10,ATL vs. CHI,L,0,2,,,0.0,,,0,0,,,,,,,,,,4,,0
13645,21980,78527,Michael Wiley,SAN,San Antonio Spurs,0028000820,1981-03-10,SAN @ LAL,L,0,2,,,0.0,,,0,0,,,,,,,,,,4,,0
13646,21980,77040,Brad Holland,LAL,Los Angeles Lakers,0028000820,1981-03-10,LAL vs. SAN,W,0,2,,,0.0,,,0,0,,,,,,,,,,4,,0
13647,21980,78468,Richard Washington,CLE,Cleveland Cavaliers,0028000819,1981-03-09,CLE @ MIL,L,0,1,,,0.0,,,2,2,1.0,,,,,,,,,4,,0
13648,21980,77432,Ollie Mack,DAL,Dallas Mavericks,0028000818,1981-03-08,DAL @ SAN,L,0,2,,,0.0,,,0,0,,,,,,,,,,4,,0
13649,21980,76091,Greg Ballard,WAS,Washington Bullets,0028000817,1981-03-08,WAS vs. CHI,W,0,2,,,0.0,,,0,0,,,,,,,,,,4,,0
13650,21980,78068,Dewayne Scales,NYK,New York Knicks,0028000816,1981-03-08,NYK @ BOS,L,0,2,,,0.0,,,0,0,,,,,,,,,,4,,0
13651,21980,76707,Eric Fernsten,BOS,Boston Celtics,0028000816,1981-03-08,BOS vs. NYK,W,0,2,,,0.0,,,0,0,,,,,,,,,,4,,0
13652,21980,76360,Reggie Carter,NYK,New York Knicks,0028000816,1981-03-08,NYK @ BOS,L,0,2,,,0.0,,,0,0,,,,,,,,,,4,,0
13653,21980,77273,Reggie King,KCK,Kansas City Kings,0028000815,1981-03-08,KCK vs. PHX,W,0,2,,,0.0,,,0,0,,,,,,,,,,4,,0
13654,21980,76590,Leon Douglas,KCK,Kansas City Kings,0028000815,1981-03-08,KCK vs. PHX,W,0,2,,,0.0,,,0,0,,,,,,,,,,4,,0
13655,21980,76162,Henry Bibby,SDC,San Diego Clippers,0028000814,1981-03-08,SDC @ SEA,W,0,1,,,0.0,,,2,2,1.0,,,,,,,,,4,,0
13656,21980,77323,Kevin Kunnert,POR,Portland Trail Blazers,0028000812,1981-03-08,POR vs. GOS,W,0,2,,,0.0,,,0,0,,,,,,,,,,4,,0
13657,21980,76771,Mike Gale,POR,Portland Trail Blazers,0028000812,1981-03-08,POR vs. GOS,W,0,2,,,0.0,,,0,0,,,,,,,,,,4,,0
13658,21980,76830,Glen Gondrezick,DEN,Denver Nuggets,0028000810,1981-03-07,DEN @ DET,W,0,2,,,0.0,,,0,0,,,,,,,,,,4,,0
13659,21980,76996,Tom Henderson,HOU,Houston Rockets,0028000809,1981-03-07,HOU @ ATL,L,0,2,,,0.0,,,0,0,,,,,,,,,,4,,0
13660,21980,78516,Jerome Whitehead,SDC,San Diego Clippers,0028000808,1981-03-07,SDC @ UTH,L,0,2,,,0.0,,,0,0,,,,,,,,,,4,,0
13661,21980,77215,Jeff Judkins,UTH,Utah Jazz,0028000808,1981-03-07,UTH vs. SDC,W,0,1,,,0.0,,,2,2,1.0,,,,,,,,,4,,0
13662,21980,78442,Wally Walker,SEA,Seattle SuperSonics,0028000807,1981-03-07,SEA @ GOS,L,0,2,,,0.0,,,0,0,,,,,,,,,,4,,0
13663,21980,77800,Sonny Parker,GOS,Golden State Warriors,0028000807,1981-03-07,GOS vs. SEA,W,0,2,,,0.0,,,0,0,,,,,,,,,,4,,0
13664,21980,77495,Bill Mayfield,GOS,Golden State Warriors,0028000807,1981-03-07,GOS vs. SEA,W,0,2,,,0.0,,,0,0,,,,,,,,,,4,,0
13665,21980,100263,Bill Laimbeer,CLE,Cleveland Cavaliers,0028000805,1981-03-06,CLE @ SDC,L,0,2,,,0.0,,,0,0,,,,,,,,,,4,,0
13666,21980,77633,Johnny Moore,SAN,San Antonio Spurs,0028000804,1981-03-06,SAN @ SEA,L,0,1,,,0.0,,,2,2,1.0,,,,,,,,,4,,0
13667,21980,78392,Wes Unseld,WAS,Washington Bullets,0028000802,1981-03-06,WAS @ HOU,W,0,1,,,0.0,,,2,2,1.0,,,,,,,,,4,,0
13668,21980,328,Rick Mahorn,WAS,Washington Bullets,0028000802,1981-03-06,WAS @ HOU,W,0,2,,,0.0,,,0,0,,,,,,,,,,4,,0
13669,21980,76351,M.L. Carr,BOS,Boston Celtics,0028000800,1981-03-06,BOS @ IND,L,0,2,,,0.0,,,0,0,,,,,,,,,,4,,0
13670,21980,600005,Bob Lanier,MIL,Milwaukee Bucks,0028000799,1981-03-06,MIL @ NYK,W,0,2,,,0.0,,,0,0,,,,,,,,,,4,,0
13671,21980,78047,Campy Russell,NYK,New York Knicks,0028000799,1981-03-06,NYK vs. MIL,L,0,2,,,0.0,,,0,0,,,,,,,,,,4,,0
13672,21980,76365,Harvey Catchings,MIL,Milwaukee Bucks,0028000799,1981-03-06,MIL @ NYK,W,0,2,,,0.0,,,0,0,,,,,,,,,,4,,0
13673,21980,77056,Cedrick Hordges,DEN,Denver Nuggets,0028000798,1981-03-06,DEN @ PHL,L,0,2,,,0.0,,,0,0,,,,,,,,,,4,,0
13674,21980,78600,Brian Winters,MIL,Milwaukee Bucks,0028000797,1981-03-05,MIL vs. ATL,W,0,2,,,0.0,,,0,0,,,,,,,,,,4,,0
13675,21980,77829,Sam Pellom,ATL,Atlanta Hawks,0028000797,1981-03-05,ATL @ MIL,L,0,1,,,0.0,,,2,2,1.0,,,,,,,,,4,,0
13676,21980,77484,Wes Matthews,ATL,Atlanta Hawks,0028000797,1981-03-05,ATL @ MIL,L,0,1,,,0.0,,,2,2,1.0,,,,,,,,,4,,0
13677,21980,77168,Mickey Johnson,MIL,Milwaukee Bucks,0028000797,1981-03-05,MIL vs. ATL,W,0,2,,,0.0,,,0,0,,,,,,,,,,4,,0
13678,21980,76971,Steve Hawes,ATL,Atlanta Hawks,0028000797,1981-03-05,ATL @ MIL,L,0,2,,,0.0,,,0,0,,,,,,,,,,4,,0
13679,21980,76416,Art Collins,ATL,Atlanta Hawks,0028000797,1981-03-05,ATL @ MIL,L,0,1,,,0.0,,,2,4,0.5,,,,,,,,,4,,0
13680,21980,76895,Bob Gross,POR,Portland Trail Blazers,0028000796,1981-03-05,POR @ KCK,L,0,2,,,0.0,,,0,0,,,,,,,,,,4,,0
13681,21980,76771,Mike Gale,POR,Portland Trail Blazers,0028000796,1981-03-05,POR @ KCK,L,0,2,,,0.0,,,0,0,,,,,,,,,,4,,0
13682,21980,76121,Billyray Bates,POR,Portland Trail Blazers,0028000796,1981-03-05,POR @ KCK,L,0,2,,,0.0,,,0,0,,,,,,,,,,4,,0
13683,21980,78481,Marvin Webster,NYK,New York Knicks,0028000795,1981-03-05,NYK @ DET,W,0,2,,,0.0,,,0,0,,,,,,,,,,4,,0
13684,21980,77996,Wayne Robinson,DET,Detroit Pistons,0028000795,1981-03-05,DET vs. NYK,L,0,2,,,0.0,,,0,2,0.0,,,,,,,,,4,,0
13685,21980,77010,Keith Herron,DET,Detroit Pistons,0028000795,1981-03-05,DET vs. NYK,L,0,2,,,0.0,,,0,0,,,,,,,,,,4,,0
13686,21980,78095,Alvin Scott,PHX,Phoenix Suns,0028000794,1981-03-05,PHX @ UTH,W,0,2,,,0.0,,,0,0,,,,,,,,,,4,,0
13687,21980,77235,Rich Kelley,PHX,Phoenix Suns,0028000794,1981-03-05,PHX @ UTH,W,0,1,,,0.0,,,2,3,0.667,,,,,,,,,4,,0
13688,21980,76151,Mel Bennett,UTH,Utah Jazz,0028000794,1981-03-05,UTH vs. PHX,L,0,0,,,0.0,,,4,7,0.571,,,,,,,,,4,,0
13689,21980,78449,Lloyd Walton,KCK,Kansas City Kings,0028000793,1981-03-04,KCK @ SAN,W,0,2,,,0.0,,,0,0,,,,,,,,,,4,,0
13690,21980,76590,Leon Douglas,KCK,Kansas City Kings,0028000793,1981-03-04,KCK @ SAN,W,0,2,,,0.0,,,0,0,,,,,,,,,,4,,0
13691,21980,76385,Maurice Cheeks,PHL,Philadelphia 76ers,0028000792,1981-03-04,PHL vs. CHI,L,0,1,,,0.0,,,2,5,0.4,,,,,,,,,4,,0
13692,21980,940,Earl Cureton,PHL,Philadelphia 76ers,0028000792,1981-03-04,PHL vs. CHI,L,0,2,,,0.0,,,0,0,,,,,,,,,,4,,0
13693,21980,76993,Gerald Henderson,BOS,Boston Celtics,0028000789,1981-03-04,BOS @ HOU,W,0,1,,,0.0,,,2,2,1.0,,,,,,,,,4,,0
13694,21980,77136,Clemon Johnson,IND,Indiana Pacers,0028000788,1981-03-04,IND @ SEA,L,0,2,,,0.0,,,0,0,,,,,,,,,,4,,0
13695,21980,77024,Armond Hill,SEA,Seattle SuperSonics,0028000788,1981-03-04,SEA vs. IND,W,0,2,,,0.0,,,0,0,,,,,,,,,,4,,0
13696,21980,76526,Johnny Davis,IND,Indiana Pacers,0028000788,1981-03-04,IND @ SEA,L,0,2,,,0.0,,,0,0,,,,,,,,,,4,,0
13697,21980,77331,John Lambert,KCK,Kansas City Kings,0028000784,1981-03-03,KCK vs. LAL,L,0,1,,,0.0,,,2,2,1.0,,,,,,,,,4,,0
13698,21980,77229,Clarence Kea,DAL,Dallas Mavericks,0028000783,1981-03-03,DAL vs. BOS,L,0,2,,,0.0,,,0,0,,,,,,,,,,4,,0
13699,21980,76971,Steve Hawes,ATL,Atlanta Hawks,0028000782,1981-03-03,ATL @ NYK,W,0,0,,,0.0,,,4,4,1.0,,,,,,,,,4,,0
13700,21980,76822,Mike Glenn,NYK,New York Knicks,0028000782,1981-03-03,NYK vs. ATL,L,0,1,,,0.0,,,2,2,1.0,,,,,,,,,4,,0
13701,21980,76553,Larry Demic,NYK,New York Knicks,0028000782,1981-03-03,NYK vs. ATL,L,0,2,,,0.0,,,0,0,,,,,,,,,,4,,0
13702,21980,76471,Charlie Criss,ATL,Atlanta Hawks,0028000782,1981-03-03,ATL @ NYK,W,0,1,,,0.0,,,2,2,1.0,,,,,,,,,4,,0
13703,21980,600010,Len Elmore,MIL,Milwaukee Bucks,0028000781,1981-03-03,MIL vs. DET,W,0,1,,,0.0,,,2,2,1.0,,,,,,,,,4,,0
13704,21980,78537,Jeff Wilkins,UTH,Utah Jazz,0028000780,1981-03-03,UTH vs. WAS,L,0,2,,,0.0,,,0,0,,,,,,,,,,4,,0
13705,21980,76887,Kevin Grevey,WAS,Washington Bullets,0028000780,1981-03-03,WAS @ UTH,W,0,2,,,0.0,,,0,0,,,,,,,,,,4,,0
13706,21980,76257,Allan Bristow,UTH,Utah Jazz,0028000780,1981-03-03,UTH vs. WAS,L,0,2,,,0.0,,,0,0,,,,,,,,,,4,,0
13707,21980,77148,George Johnson,IND,Indiana Pacers,0028000779,1981-03-03,IND @ POR,L,0,2,,,0.0,,,0,0,,,,,,,,,,4,,0
13708,21980,77438,Kyle Macy,PHX,Phoenix Suns,0028000778,1981-03-01,PHX @ LAL,W,0,2,,,0.0,,,0,0,,,,,,,,,,4,,0
13709,21980,76351,M.L. Carr,BOS,Boston Celtics,0028000776,1981-03-01,BOS vs. PHL,W,0,2,,,0.0,,,0,0,,,,,,,,,,4,,0
13710,21980,78577,Bill Willoughby,HOU,Houston Rockets,0028000775,1981-03-01,HOU @ SAN,L,0,2,,,0.0,,,0,0,,,,,,,,,,4,,0
13711,21980,78350,Rudy Tomjanovich,HOU,Houston Rockets,0028000775,1981-03-01,HOU @ SAN,L,0,1,,,0.0,,,2,2,1.0,,,,,,,,,4,,0
13712,21980,77633,Johnny Moore,SAN,San Antonio Spurs,0028000775,1981-03-01,SAN vs. HOU,W,0,2,,,0.0,,,0,0,,,,,,,,,,4,,0
13713,21980,77149,George Johnson,SAN,San Antonio Spurs,0028000775,1981-03-01,SAN vs. HOU,W,0,1,,,0.0,,,2,2,1.0,,,,,,,,,4,,0
13714,21980,77328,Tom LaGarde,DAL,Dallas Mavericks,0028000772,1981-03-01,DAL vs. SDC,W,0,2,,,0.0,,,0,0,,,,,,,,,,4,,0
13715,21980,76266,Michael Brooks,SDC,San Diego Clippers,0028000772,1981-03-01,SDC @ DAL,L,0,2,,,0.0,,,0,0,,,,,,,,,,4,,0
13716,21980,78442,Wally Walker,SEA,Seattle SuperSonics,0028000771,1981-03-01,SEA @ ATL,L,0,2,,,0.0,,,0,0,,,,,,,,,,4,,0
13717,21980,78537,Jeff Wilkins,UTH,Utah Jazz,0028000770,1981-03-01,UTH @ POR,L,0,2,,,0.0,,,0,1,0.0,,,,,,,,,4,,0
13718,21980,76874,Rickey Green,UTH,Utah Jazz,0028000770,1981-03-01,UTH @ POR,L,0,2,,,0.0,,,0,0,,,,,,,,,,4,,0
13719,21980,76619,John Duren,UTH,Utah Jazz,0028000770,1981-03-01,UTH @ POR,L,0,2,,,0.0,,,0,0,,,,,,,,,,4,,0
13720,21980,76567,Coby Dietrick,CHI,Chicago Bulls,0028000769,1981-02-28,CHI @ NYK,W,0,2,,,0.0,,,0,0,,,,,,,,,,4,,0
13721,21980,77800,Sonny Parker,GOS,Golden State Warriors,0028000768,1981-02-28,GOS @ KCK,W,0,2,,,0.0,,,0,0,,,,,,,,,,4,,0
13722,21980,78516,Jerome Whitehead,SDC,San Diego Clippers,0028000767,1981-02-28,SDC @ HOU,W,0,2,,,0.0,,,0,0,,,,,,,,,,4,,0
13723,21980,76786,Calvin Garrett,HOU,Houston Rockets,0028000767,1981-02-28,HOU vs. SDC,L,0,2,,,0.0,,,0,0,,,,,,,,,,4,,0
13724,21980,78400,Jan Van Breda Kolff,NJN,New Jersey Nets,0028000764,1981-02-27,NJN @ LAL,L,0,1,,,0.0,,,2,2,1.0,,,,,,,,,4,,0
13725,21980,77334,Mark Landsberger,LAL,Los Angeles Lakers,0028000764,1981-02-27,LAL vs. NJN,W,0,2,,,0.0,,,0,0,,,,,,,,,,4,,0
13726,21980,78577,Bill Willoughby,HOU,Houston Rockets,0028000763,1981-02-27,HOU vs. SEA,W,0,2,,,0.0,,,0,0,,,,,,,,,,4,,0
13727,21980,78537,Jeff Wilkins,UTH,Utah Jazz,0028000762,1981-02-27,UTH vs. PHL,L,0,2,,,0.0,,,0,0,,,,,,,,,,4,,0
13728,21980,76874,Rickey Green,UTH,Utah Jazz,0028000762,1981-02-27,UTH vs. PHL,L,0,1,,,0.0,,,2,2,1.0,,,,,,,,,4,,0
13729,21980,78623,Larry Wright,DET,Detroit Pistons,0028000761,1981-02-27,DET vs. CLE,W,0,2,,,0.0,,,0,0,,,,,,,,,,4,,0
13730,21980,76350,Kenny Carr,CLE,Cleveland Cavaliers,0028000761,1981-02-27,CLE @ DET,L,0,1,,,0.0,,,2,2,1.0,,,,,,,,,4,,0
13731,21980,77786,Tom Owens,POR,Portland Trail Blazers,0028000760,1981-02-27,POR vs. PHX,W,0,1,,,0.0,,,2,2,1.0,,,,,,,,,4,,0
13732,21980,77308,Joel Kramer,PHX,Phoenix Suns,0028000760,1981-02-27,PHX @ POR,L,0,2,,,0.0,,,0,0,,,,,,,,,,4,,0
13733,21980,76567,Coby Dietrick,CHI,Chicago Bulls,0028000759,1981-02-27,CHI vs. WAS,W,0,1,,,0.0,,,2,2,1.0,,,,,,,,,4,,0
13734,21980,78015,Lorenzo Romar,GOS,Golden State Warriors,0028000758,1981-02-27,GOS @ DEN,L,0,1,,,0.0,,,2,2,1.0,,,,,,,,,4,,0
13735,21980,76418,Don Collins,ATL,Atlanta Hawks,0028000766,1981-02-27,ATL vs. BOS,L,0,2,,,,,,0,0,,,,,,,,,,4,,0
13736,21980,76944,Bill Hanzlik,SEA,Seattle SuperSonics,0028000757,1981-02-26,SEA @ SAN,L,0,1,,,0.0,,,2,2,1.0,,,,,,,,,4,,0
13737,21980,78057,Frankie Sanders,KCK,Kansas City Kings,0028000756,1981-02-26,KCK vs. DAL,W,0,2,,,0.0,,,0,0,,,,,,,,,,4,,0
13738,21980,77582,Joe Meriweather,KCK,Kansas City Kings,0028000756,1981-02-26,KCK vs. DAL,W,0,2,,,0.0,,,0,0,,,,,,,,,6.0,4,,0
13739,21980,77432,Ollie Mack,DAL,Dallas Mavericks,0028000756,1981-02-26,DAL @ KCK,L,0,2,,,0.0,,,0,0,,,,,,,,,,4,,0
13740,21980,77148,George Johnson,IND,Indiana Pacers,0028000755,1981-02-25,IND @ HOU,L,0,2,,,0.0,,,0,0,,,,,,,,,,4,,0
13741,21980,76317,Don Buse,IND,Indiana Pacers,0028000755,1981-02-25,IND @ HOU,L,0,2,,,0.0,,,0,0,,,,,,,,,,4,,0
13742,21980,78392,Wes Unseld,WAS,Washington Bullets,0028000754,1981-02-25,WAS vs. NYK,W,0,1,,,0.0,,,2,2,1.0,,,,,,,,,4,,0
13743,21980,76686,Mike Evans,MIL,Milwaukee Bucks,0028000753,1981-02-25,MIL vs. LAL,W,0,2,,,0.0,,,0,0,,,,,,,,,,4,,0
13744,21980,78400,Jan Van Breda Kolff,NJN,New Jersey Nets,0028000752,1981-02-25,NJN @ UTH,L,0,2,,,0.0,,,0,0,,,,,,,,,,4,,0
13745,21980,77873,Ben Poquette,UTH,Utah Jazz,0028000752,1981-02-25,UTH vs. NJN,W,0,2,,,0.0,,,0,0,,,,,,,,,,4,,0
13746,21980,78200,Randy Smith,CLE,Cleveland Cavaliers,0028000751,1981-02-25,CLE @ BOS,L,0,2,,,0.0,,,0,0,,,,,,,,,,4,,0
13747,21980,76734,Don Ford,CLE,Cleveland Cavaliers,0028000751,1981-02-25,CLE @ BOS,L,0,2,,,0.0,,,0,0,,,,,,,,,,4,,0
13748,21980,76242,Mike Bratz,CLE,Cleveland Cavaliers,0028000751,1981-02-25,CLE @ BOS,L,0,1,,,0.0,,,2,2,1.0,,,,,,,,,4,,0
13749,21980,78516,Jerome Whitehead,SDC,San Diego Clippers,0028000750,1981-02-25,SDC vs. PHL,L,0,2,,,0.0,,,0,2,0.0,,,,,,,,,4,,0
13750,21980,77950,Clint Richardson,PHL,Philadelphia 76ers,0028000750,1981-02-25,PHL @ SDC,W,0,1,,,0.0,,,2,2,1.0,,,,,,,,,4,,0
13751,21980,77175,Caldwell Jones,PHL,Philadelphia 76ers,0028000750,1981-02-25,PHL @ SDC,W,0,2,,,0.0,,,0,0,,,,,,,,,,4,,0
13752,21980,76966,Joey Hassett,GOS,Golden State Warriors,0028000747,1981-02-24,GOS @ SAN,L,0,1,,,1.0,,,1,2,0.5,,,,,,,,,4,,0
13753,21980,78614,Mike Woodson,NYK,New York Knicks,0028000749,1981-02-24,NYK @ ATL,W,0,1,,,0.0,,,2,2,1.0,,,,,,,,,4,,0
13754,21980,77246,Larry Kenon,CHI,Chicago Bulls,0028000748,1981-02-24,CHI vs. LAL,L,0,2,,,0.0,,,0,0,,,,,,,,,,4,,0
13755,21980,76248,Jim Brewer,LAL,Los Angeles Lakers,0028000748,1981-02-24,LAL @ CHI,W,0,2,,,0.0,,,0,0,,,,,,,,,,4,,0
13756,21980,77997,Bill Robinzine,DAL,Dallas Mavericks,0028000745,1981-02-24,DAL vs. SEA,L,0,1,,,0.0,,,2,2,1.0,,,,,,,,,4,,0
13757,21980,77229,Clarence Kea,DAL,Dallas Mavericks,0028000745,1981-02-24,DAL vs. SEA,L,0,2,,,0.0,,,0,0,,,,,,,,,,4,,0
13758,21980,76587,Jacky Dorsey,SEA,Seattle SuperSonics,0028000745,1981-02-24,SEA @ DAL,W,0,2,,,0.0,,,0,0,,,,,,,,,,4,,0
13759,21980,78400,Jan Van Breda Kolff,NJN,New Jersey Nets,0028000744,1981-02-24,NJN @ DEN,L,0,2,,,0.0,,,0,0,,,,,,,,,,4,,0
13760,21980,78396,Ron Valentine,DEN,Denver Nuggets,0028000744,1981-02-24,DEN vs. NJN,W,0,2,,,0.0,,,0,2,0.0,,,,,,,,,4,,0
13761,21980,78577,Bill Willoughby,HOU,Houston Rockets,0028000743,1981-02-23,HOU @ UTH,W,0,2,,,0.0,,,0,0,,,,,,,,,,4,,0
13762,21980,76441,Wayne Cooper,UTH,Utah Jazz,0028000743,1981-02-23,UTH vs. HOU,L,0,2,,,0.0,,,0,0,,,,,,,,,,4,,0
13763,21980,77148,George Johnson,IND,Indiana Pacers,0028000742,1981-02-22,IND vs. POR,L,0,2,,,0.0,,,0,0,,,,,,,,,,4,,0
13764,21980,76317,Don Buse,IND,Indiana Pacers,0028000742,1981-02-22,IND vs. POR,L,0,2,,,0.0,,,0,0,,,,,,,,,,4,,0
13765,21980,76231,Dudley Bradley,IND,Indiana Pacers,0028000742,1981-02-22,IND vs. POR,L,0,2,,,0.0,,,0,0,,,,,,,,,,4,,0
13766,21980,77235,Rich Kelley,PHX,Phoenix Suns,0028000741,1981-02-22,PHX vs. PHL,W,0,1,,,0.0,,,2,2,1.0,,,,,,,,,4,,0
13767,21980,78577,Bill Willoughby,HOU,Houston Rockets,0028000740,1981-02-22,HOU @ SEA,W,0,2,,,0.0,,,0,0,,,,,,,,,,4,,0
13768,21980,78481,Marvin Webster,NYK,New York Knicks,0028000739,1981-02-22,NYK vs. LAL,L,0,2,,,0.0,,,0,0,,,,,,,,,,4,,0
13769,21980,77952,Micheal Ray Richardson,NYK,New York Knicks,0028000739,1981-02-22,NYK vs. LAL,L,0,2,,,0.0,,,0,0,,,,,,,,,,4,,0
13770,21980,76360,Reggie Carter,NYK,New York Knicks,0028000739,1981-02-22,NYK vs. LAL,L,0,2,,,0.0,,,0,0,,,,,,,,,,4,,0
13771,21980,77910,Wally Rank,SDC,San Diego Clippers,0028000738,1981-02-22,SDC vs. UTH,W,0,1,,,0.0,,,2,7,0.286,,,,,,,,,4,,0
13772,21980,76257,Allan Bristow,UTH,Utah Jazz,0028000738,1981-02-22,UTH @ SDC,L,0,1,,,0.0,,,2,2,1.0,,,,,,,,,4,,0
13773,21980,78527,Michael Wiley,SAN,San Antonio Spurs,0028000737,1981-02-22,SAN vs. DEN,W,0,2,,,0.0,,,0,0,,,,,,,,,,4,,0
13774,21980,77149,George Johnson,SAN,San Antonio Spurs,0028000737,1981-02-22,SAN vs. DEN,W,0,2,,,0.0,,,0,1,0.0,,,,,,,,,4,,0
13775,21980,78449,Lloyd Walton,KCK,Kansas City Kings,0028000736,1981-02-22,KCK @ GOS,L,0,2,,,0.0,,,0,0,,,,,,,,,,4,,0
13776,21980,77331,John Lambert,KCK,Kansas City Kings,0028000736,1981-02-22,KCK @ GOS,L,0,2,,,0.0,,,0,0,,,,,,,,,,4,,0
13777,21980,77326,Sam Lacey,KCK,Kansas City Kings,0028000736,1981-02-22,KCK @ GOS,L,0,2,,,0.0,,,0,0,,,,,,,,,,4,,0
13778,21980,78132,Craig Shelton,ATL,Atlanta Hawks,0028000735,1981-02-22,ATL @ CHI,W,0,2,,,0.0,,,0,0,,,,,,,,,,4,,0
13779,21980,76418,Don Collins,WAS,Washington Bullets,0028000734,1981-02-22,WAS vs. MIL,L,0,2,,,0.0,,,0,0,,,,,,,,,,4,,0
13780,21980,77229,Clarence Kea,DAL,Dallas Mavericks,0028000733,1981-02-22,DAL @ NJN,W,0,1,,,0.0,,,2,2,1.0,,,,,,,,,4,,0
13781,21980,76418,Don Collins,ATL,Atlanta Hawks,0028000735,1981-02-22,ATL @ CHI,W,0,2,,,,,,0,1,0.0,,,,,,,,,4,,0
13782,21980,78449,Lloyd Walton,KCK,Kansas City Kings,0028000732,1981-02-21,KCK @ DEN,L,0,1,,,0.0,,,2,2,1.0,,,,,,,,,4,,0
13783,21980,76590,Leon Douglas,KCK,Kansas City Kings,0028000732,1981-02-21,KCK @ DEN,L,0,2,,,0.0,,,0,0,,,,,,,,,,4,,0
13784,21980,77553,Tom McMillen,ATL,Atlanta Hawks,0028000730,1981-02-21,ATL @ CLE,W,0,2,,,0.0,,,0,0,,,,,,,,,,4,,0
13785,21980,76971,Steve Hawes,ATL,Atlanta Hawks,0028000730,1981-02-21,ATL @ CLE,W,0,2,,,0.0,,,0,0,,,,,,,,,,4,,0
13786,21980,78015,Lorenzo Romar,GOS,Golden State Warriors,0028000729,1981-02-20,GOS vs. SDC,L,0,2,,,0.0,,,0,0,,,,,,,,,,4,,0
13787,21980,77419,John Lucas,GOS,Golden State Warriors,0028000729,1981-02-20,GOS vs. SDC,L,0,2,,,0.0,,,0,0,,,,,,,,,,4,,0
13788,21980,77331,John Lambert,KCK,Kansas City Kings,0028000728,1981-02-20,KCK vs. MIL,W,0,2,,,0.0,,,0,0,,,,,,,,,,4,,0
13789,21980,77168,Mickey Johnson,MIL,Milwaukee Bucks,0028000728,1981-02-20,MIL @ KCK,L,0,2,,,0.0,,,0,0,,,,,,,,,,4,,0
13790,21980,77986,Cliff T. Robinson,NJN,New Jersey Nets,0028000727,1981-02-20,NJN vs. POR,W,0,2,,,0.0,,,0,0,,,,,,,,,,4,,0
13791,21980,77024,Armond Hill,SEA,Seattle SuperSonics,0028000726,1981-02-20,SEA vs. PHX,W,0,0,,,0.0,,,4,4,1.0,,,,,,,,,4,,0
13792,21980,76587,Jacky Dorsey,SEA,Seattle SuperSonics,0028000726,1981-02-20,SEA vs. PHX,W,0,1,,,0.0,,,2,2,1.0,,,,,,,,,4,,0
13793,21980,76231,Dudley Bradley,IND,Indiana Pacers,0028000725,1981-02-20,IND vs. SAN,W,0,2,,,0.0,,,0,2,0.0,,,,,,,,,4,,0
13794,21980,77715,Carl Nicks,UTH,Utah Jazz,0028000724,1981-02-20,UTH vs. CHI,L,0,2,,,0.0,,,0,0,,,,,,,,,,4,,0
13795,21980,76890,Darrell Griffith,UTH,Utah Jazz,0028000724,1981-02-20,UTH vs. CHI,L,0,1,,,0.0,,,2,2,1.0,,,,,,,,,4,,0
13796,21980,76874,Rickey Green,UTH,Utah Jazz,0028000724,1981-02-20,UTH vs. CHI,L,0,1,,,0.0,,,2,3,0.667,,,,,,,,,4,,0
13797,21980,77396,Scott Lloyd,DAL,Dallas Mavericks,0028000722,1981-02-20,DAL @ PHL,L,0,1,,,0.0,,,2,2,1.0,,,,,,,,,4,,0
13798,21980,77162,Ollie Johnson,PHL,Philadelphia 76ers,0028000722,1981-02-20,PHL vs. DAL,W,0,2,,,0.0,,,0,0,,,,,,,,,,4,,0
13799,21980,78481,Marvin Webster,NYK,New York Knicks,0028000721,1981-02-20,NYK vs. WAS,W,0,1,,,0.0,,,2,2,1.0,,,,,,,,,4,,0
13800,21980,77998,Dave Robisch,DEN,Denver Nuggets,0028000875,1981-02-19,DEN vs. PHX,W,0,1,,,0.0,,,2,5,0.4,,,,,,,,,4,,0
13801,21980,78527,Michael Wiley,SAN,San Antonio Spurs,0028000720,1981-02-19,SAN @ CLE,L,0,2,,,0.0,,,0,0,,,,,,,,,,4,,0
13802,21980,77078,Kim Hughes,CLE,Cleveland Cavaliers,0028000720,1981-02-19,CLE vs. SAN,W,0,2,,,0.0,,,0,0,,,,,,,,,,4,,0
13803,21980,77043,Lionel Hollins,PHL,Philadelphia 76ers,0028000719,1981-02-19,PHL @ WAS,L,0,2,,,0.0,,,0,0,,,,,,,,,,4,,0
13804,21980,940,Earl Cureton,PHL,Philadelphia 76ers,0028000719,1981-02-19,PHL @ WAS,L,0,1,,,0.0,,,2,2,1.0,,,,,,,,,4,,0
13805,21980,76954,Mike Harper,POR,Portland Trail Blazers,0028000718,1981-02-19,POR @ DET,W,0,2,,,0.0,,,0,0,,,,,,,,,,4,,0
13806,21980,78516,Jerome Whitehead,SDC,San Diego Clippers,0028000717,1981-02-19,SDC vs. HOU,W,0,2,,,0.0,,,0,0,,,,,,,,,,4,,0
13807,21980,77353,Allen Leavell,HOU,Houston Rockets,0028000717,1981-02-19,HOU @ SDC,L,0,2,,,0.0,,,0,0,,,,,,,,,,4,,0
13808,21980,100263,Bill Laimbeer,CLE,Cleveland Cavaliers,0028000716,1981-02-18,CLE @ NJN,L,0,2,,,0.0,,,0,2,0.0,,,,,,,,,4,,0
13809,21980,78200,Randy Smith,CLE,Cleveland Cavaliers,0028000716,1981-02-18,CLE @ NJN,L,0,2,,,0.0,,,0,0,,,,,,,,,,4,,0
13810,21980,76734,Don Ford,CLE,Cleveland Cavaliers,0028000716,1981-02-18,CLE @ NJN,L,0,2,,,0.0,,,0,1,0.0,,,,,,,,,4,,0
13811,21980,76242,Mike Bratz,CLE,Cleveland Cavaliers,0028000716,1981-02-18,CLE @ NJN,L,0,2,,,0.0,,,0,0,,,,,,,,,,4,,0
13812,21980,78623,Larry Wright,DET,Detroit Pistons,0028000715,1981-02-18,DET @ PHL,L,0,1,,,0.0,,,2,2,1.0,,,,,,,,,4,,0
13813,21980,77364,Ron Lee,DET,Detroit Pistons,0028000715,1981-02-18,DET @ PHL,L,0,2,,,0.0,,,0,0,,,,,,,,,,4,,0
13814,21980,78570,Sly Williams,NYK,New York Knicks,0028000713,1981-02-18,NYK @ SEA,W,0,1,,,0.0,,,2,4,0.5,,,,,,,,,4,,0
13815,21980,77582,Joe Meriweather,KCK,Kansas City Kings,0028000712,1981-02-18,KCK vs. BOS,W,0,1,,,0.0,,,2,2,1.0,,,,,,,,,4,,0
13816,21980,76733,Chris Ford,BOS,Boston Celtics,0028000712,1981-02-18,BOS @ KCK,L,0,1,,,0.0,,,2,3,0.667,,,,,,,,,4,,0
13817,21980,77484,Wes Matthews,ATL,Atlanta Hawks,0028000711,1981-02-18,ATL @ IND,W,0,2,,,0.0,,,0,0,,,,,,,,,,4,,0
13818,21980,76231,Dudley Bradley,IND,Indiana Pacers,0028000711,1981-02-18,IND vs. ATL,L,0,1,,,0.0,,,2,2,1.0,,,,,,,,,4,,0
13819,21980,78570,Sly Williams,NYK,New York Knicks,0028000710,1981-02-17,NYK @ LAL,L,0,2,,,0.0,,,0,0,,,,,,,,,,4,,0
13820,21980,76874,Rickey Green,UTH,Utah Jazz,0028000709,1981-02-17,UTH vs. SEA,L,0,1,,,0.0,,,2,2,1.0,,,,,,,,,4,,0
13821,21980,76619,John Duren,UTH,Utah Jazz,0028000709,1981-02-17,UTH vs. SEA,L,0,2,,,0.0,,,0,0,,,,,,,,,,4,,0
13822,21980,78618,Sam Worthen,CHI,Chicago Bulls,0028000708,1981-02-17,CHI @ SDC,L,0,2,,,0.0,,,0,0,,,,,,,,,,4,,0
13823,21980,78533,James Wilkes,CHI,Chicago Bulls,0028000708,1981-02-17,CHI @ SDC,L,0,1,,,0.0,,,2,2,1.0,,,,,,,,,4,,0
13824,21980,77689,Swen Nater,SDC,San Diego Clippers,0028000708,1981-02-17,SDC vs. CHI,W,0,1,,,0.0,,,2,2,1.0,,,,,,,,,4,,0
13825,21980,77246,Larry Kenon,CHI,Chicago Bulls,0028000708,1981-02-17,CHI @ SDC,L,0,2,,,0.0,,,0,0,,,,,,,,,,4,,0
13826,21980,76985,Garfield Heard,SDC,San Diego Clippers,0028000708,1981-02-17,SDC vs. CHI,W,0,2,,,0.0,,,0,0,,,,,,,,,,4,,0
13827,21980,77691,Calvin Natt,POR,Portland Trail Blazers,0028000707,1981-02-17,POR @ WAS,W,0,2,,,0.0,,,0,0,,,,,,,,,,4,,0
13828,21980,76954,Mike Harper,POR,Portland Trail Blazers,0028000707,1981-02-17,POR @ WAS,W,0,1,,,0.0,,,2,2,1.0,,,,,,,,,4,,0
13829,21980,76418,Don Collins,WAS,Washington Bullets,0028000707,1981-02-17,WAS vs. POR,L,0,2,,,0.0,,,0,0,,,,,,,,,,4,,0
13830,21980,78095,Alvin Scott,PHX,Phoenix Suns,0028000706,1981-02-17,PHX vs. GOS,W,0,1,,,0.0,,,2,4,0.5,,,,,,,,,4,,0
13831,21980,76966,Joey Hassett,GOS,Golden State Warriors,0028000706,1981-02-17,GOS @ PHX,L,0,2,,,0.0,,,0,0,,,,,,,,,,4,,0
13832,21980,76436,Jeff Cook,PHX,Phoenix Suns,0028000706,1981-02-17,PHX vs. GOS,W,0,1,,,0.0,,,2,2,1.0,,,,,,,,,4,,0
13833,21980,76686,Mike Evans,MIL,Milwaukee Bucks,0028000705,1981-02-17,MIL @ DAL,W,0,1,,,0.0,,,2,2,1.0,,,,,,,,,4,,0
13834,21980,76365,Harvey Catchings,MIL,Milwaukee Bucks,0028000705,1981-02-17,MIL @ DAL,W,0,2,,,0.0,,,0,2,0.0,,,,,,,,6.0,4,,0
13835,21980,77149,George Johnson,SAN,San Antonio Spurs,0028000704,1981-02-17,SAN vs. BOS,L,0,2,,,0.0,,,0,0,,,,,,,,,,4,,0
13836,21980,76993,Gerald Henderson,BOS,Boston Celtics,0028000704,1981-02-17,BOS @ SAN,W,0,2,,,0.0,,,0,0,,,,,,,,,,4,,0
13837,21980,76453,Dave Corzine,SAN,San Antonio Spurs,0028000704,1981-02-17,SAN vs. BOS,L,0,2,,,0.0,,,0,0,,,,,,,,,,4,,0
13838,21980,77419,John Lucas,GOS,Golden State Warriors,0028000702,1981-02-15,GOS @ NJN,L,0,1,,,0.0,,,2,2,1.0,,,,,,,,,4,,0
13839,21980,77262,Chad Kinch,DAL,Dallas Mavericks,0028000701,1981-02-15,DAL @ LAL,L,0,2,,,0.0,,,0,0,,,,,,,,,,4,,0
13840,21980,77205,Eddie Jordan,LAL,Los Angeles Lakers,0028000701,1981-02-15,LAL vs. DAL,W,0,1,,,0.0,,,2,3,0.667,,,,,,,,,4,,0
13841,21980,76444,Michael Cooper,LAL,Los Angeles Lakers,0028000701,1981-02-15,LAL vs. DAL,W,0,1,,,0.0,,,2,2,1.0,,,,,,,,,4,,0
13842,21980,77582,Joe Meriweather,KCK,Kansas City Kings,0028000700,1981-02-15,KCK vs. SEA,W,0,1,,,0.0,,,2,4,0.5,,,,,,,,,4,,0
13843,21980,77331,John Lambert,KCK,Kansas City Kings,0028000700,1981-02-15,KCK vs. SEA,W,0,2,,,0.0,,,0,0,,,,,,,,,,4,,0
13844,21980,76944,Bill Hanzlik,SEA,Seattle SuperSonics,0028000700,1981-02-15,SEA @ KCK,L,0,1,,,0.0,,,2,2,1.0,,,,,,,,,4,,0
13845,21980,76272,Fred Brown,SEA,Seattle SuperSonics,0028000700,1981-02-15,SEA @ KCK,L,0,2,,,0.0,,,0,0,,,,,,,,,,4,,0
13846,21980,76954,Mike Harper,POR,Portland Trail Blazers,0028000699,1981-02-15,POR vs. UTH,W,0,1,,,0.0,,,2,5,0.4,,,,,,,,,4,,0
13847,21980,76151,Mel Bennett,UTH,Utah Jazz,0028000699,1981-02-15,UTH @ POR,L,0,2,,,0.0,,,0,2,0.0,,,,,,,,,4,,0
13848,21980,77633,Johnny Moore,SAN,San Antonio Spurs,0028000698,1981-02-15,SAN vs. MIL,W,0,1,,,0.0,,,2,2,1.0,,,,,,,,,4,,0
13849,21980,76365,Harvey Catchings,MIL,Milwaukee Bucks,0028000698,1981-02-15,MIL @ SAN,L,0,2,,,0.0,,,0,2,0.0,,,,,,,,,4,,0
13850,21980,76881,David Greenwood,CHI,Chicago Bulls,0028000697,1981-02-15,CHI @ IND,L,0,1,,,0.0,,,2,3,0.667,,,,,,,,,4,,0
13851,21980,76567,Coby Dietrick,CHI,Chicago Bulls,0028000697,1981-02-15,CHI @ IND,L,0,2,,,0.0,,,0,2,0.0,,,,,,,,,4,,0
13852,21980,77021,Kenny Higgs,DEN,Denver Nuggets,0028000696,1981-02-15,DEN vs. BOS,L,0,1,,,0.0,,,2,2,1.0,,,,,,,,,4,,0
13853,21980,1450,Kevin McHale,BOS,Boston Celtics,0028000696,1981-02-15,BOS @ DEN,W,0,0,,,0.0,,,4,4,1.0,,,,,,,,,4,,0
13854,21980,78014,Tree Rollins,ATL,Atlanta Hawks,0028000694,1981-02-15,ATL @ PHL,L,0,2,,,0.0,,,0,0,,,,,,,,,6.0,4,,0
13855,21980,76971,Steve Hawes,ATL,Atlanta Hawks,0028000694,1981-02-15,ATL @ PHL,L,0,2,,,0.0,,,0,0,,,,,,,,,,4,,0
13856,21980,77490,Scott May,CHI,Chicago Bulls,0028000693,1981-02-14,CHI vs. SEA,W,0,2,,,0.0,,,0,0,,,,,,,,,,4,,0
13857,21980,77328,Tom LaGarde,DAL,Dallas Mavericks,0028000692,1981-02-14,DAL vs. SAN,L,0,1,,,0.0,,,2,4,0.5,,,,,,,,6.0,4,,0
13858,21980,77364,Ron Lee,DET,Detroit Pistons,0028000691,1981-02-14,DET vs. WAS,W,0,0,,,0.0,,,4,5,0.8,,,,,,,,,4,,0
13859,21980,76348,Austin Carr,WAS,Washington Bullets,0028000691,1981-02-14,WAS @ DET,L,0,2,,,0.0,,,0,0,,,,,,,,,,4,,0
13860,21980,77087,Geoff Huston,CLE,Cleveland Cavaliers,0028000690,1981-02-14,CLE vs. GOS,W,0,2,,,0.0,,,0,0,,,,,,,,,,4,,0
13861,21980,76734,Don Ford,CLE,Cleveland Cavaliers,0028000690,1981-02-14,CLE vs. GOS,W,0,2,,,0.0,,,0,0,,,,,,,,,,4,,0
13862,21980,76365,Harvey Catchings,MIL,Milwaukee Bucks,0028000689,1981-02-14,MIL @ HOU,W,0,1,,,0.0,,,2,4,0.5,,,,,,,,,4,,0
13863,21980,77910,Wally Rank,SDC,San Diego Clippers,0028000687,1981-02-13,SDC @ PHX,L,0,2,,,0.0,,,0,0,,,,,,,,,,4,,0
13864,21980,77689,Swen Nater,SDC,San Diego Clippers,0028000687,1981-02-13,SDC @ PHX,L,0,2,,,0.0,,,0,0,,,,,,,,,,4,,0
13865,21980,77308,Joel Kramer,PHX,Phoenix Suns,0028000687,1981-02-13,PHX vs. SDC,W,0,2,,,0.0,,,0,0,,,,,,,,,,4,,0
13866,21980,77235,Rich Kelley,PHX,Phoenix Suns,0028000687,1981-02-13,PHX vs. SDC,W,0,2,,,0.0,,,0,0,,,,,,,,,,4,,0
13867,21980,76365,Harvey Catchings,MIL,Milwaukee Bucks,0028000686,1981-02-13,MIL vs. GOS,L,0,2,,,0.0,,,0,0,,,,,,,,,6.0,4,,0
13868,21980,77205,Eddie Jordan,LAL,Los Angeles Lakers,0028000685,1981-02-13,LAL @ HOU,W,0,1,,,0.0,,,2,2,1.0,,,,,,,,,4,,0
13869,21980,76947,Alan Hardy,LAL,Los Angeles Lakers,0028000685,1981-02-13,LAL @ HOU,W,0,1,,,0.0,,,2,2,1.0,,,,,,,,,4,,0
13870,21980,76441,Wayne Cooper,UTH,Utah Jazz,0028000684,1981-02-13,UTH vs. BOS,W,0,2,,,0.0,,,0,0,,,,,,,,,,4,,0
13871,21980,77582,Joe Meriweather,KCK,Kansas City Kings,0028000682,1981-02-13,KCK vs. ATL,W,0,2,,,0.0,,,0,0,,,,,,,,,,4,,0
13872,21980,76971,Steve Hawes,ATL,Atlanta Hawks,0028000682,1981-02-13,ATL @ KCK,L,0,2,,,0.0,,,0,0,,,,,,,,,,4,,0
13873,21980,76590,Leon Douglas,KCK,Kansas City Kings,0028000682,1981-02-13,KCK vs. ATL,W,0,2,,,0.0,,,0,0,,,,,,,,,,4,,0
13874,21980,78614,Mike Woodson,NYK,New York Knicks,0028000681,1981-02-13,NYK vs. DET,W,0,2,,,0.0,,,0,0,,,,,,,,,,4,,0
13875,21980,77996,Wayne Robinson,DET,Detroit Pistons,0028000681,1981-02-13,DET @ NYK,L,0,2,,,0.0,,,0,0,,,,,,,,,,4,,0
13876,21980,77623,Paul Mokeski,DET,Detroit Pistons,0028000681,1981-02-13,DET @ NYK,L,0,2,,,0.0,,,0,3,0.0,,,,,,,,,4,,0
13877,21980,76599,Larry Drew,DET,Detroit Pistons,0028000681,1981-02-13,DET @ NYK,L,0,2,,,0.0,,,0,0,,,,,,,,,,4,,0
13878,21980,77633,Johnny Moore,SAN,San Antonio Spurs,0028000679,1981-02-12,SAN vs. ATL,W,0,2,,,0.0,,,0,0,,,,,,,,,,4,,0
13879,21980,77163,Reggie Johnson,SAN,San Antonio Spurs,0028000679,1981-02-12,SAN vs. ATL,W,0,2,,,0.0,,,0,0,,,,,,,,,,4,,0
13880,21980,76802,Gus Gerard,SAN,San Antonio Spurs,0028000679,1981-02-12,SAN vs. ATL,W,0,2,,,0.0,,,0,0,,,,,,,,,,4,,0
13881,21980,76944,Bill Hanzlik,SEA,Seattle SuperSonics,0028000678,1981-02-12,SEA @ POR,W,0,1,,,0.0,,,2,2,1.0,,,,,,,,,4,,0
13882,21980,76553,Larry Demic,NYK,New York Knicks,0028000677,1981-02-12,NYK @ CLE,W,0,2,,,0.0,,,0,0,,,,,,,,,,4,,0
13883,21980,77858,Stan Pietkiewicz,DAL,Dallas Mavericks,0028000675,1981-02-11,DAL @ PHX,L,0,1,,,0.0,,,2,2,1.0,,,,,,,,,4,,0
13884,21980,77235,Rich Kelley,PHX,Phoenix Suns,0028000675,1981-02-11,PHX vs. DAL,W,0,2,,,0.0,,,0,0,,,,,,,,,,4,,0
13885,21980,76321,Marty Byrnes,DAL,Dallas Mavericks,0028000675,1981-02-11,DAL @ PHX,L,0,1,,,0.0,,,2,3,0.667,,,,,,,,,4,,0
13886,21980,77669,Calvin Murphy,HOU,Houston Rockets,0028000673,1981-02-11,HOU vs. SAN,W,0,2,,,0.0,,,0,0,,,,,,,,,,4,,0
13887,21980,78449,Lloyd Walton,KCK,Kansas City Kings,0028000672,1981-02-11,KCK vs. UTH,W,0,2,,,0.0,,,0,0,,,,,,,,,,4,,0
13888,21980,76590,Leon Douglas,KCK,Kansas City Kings,0028000672,1981-02-11,KCK vs. UTH,W,0,2,,,0.0,,,0,0,,,,,,,,,,4,,0
13889,21980,77136,Clemon Johnson,IND,Indiana Pacers,0028000671,1981-02-11,IND vs. MIL,L,0,2,,,0.0,,,0,0,,,,,,,,,,4,,0
13890,21980,76733,Chris Ford,BOS,Boston Celtics,0028000670,1981-02-11,BOS @ LAL,W,0,2,,,0.0,,,0,0,,,,,,,,,,4,,0
13891,21980,77182,Dwight Jones,CHI,Chicago Bulls,0028000669,1981-02-10,CHI vs. KCK,W,0,2,,,0.0,,,0,0,,,,,,,,,,4,,0
13892,21980,76567,Coby Dietrick,CHI,Chicago Bulls,0028000669,1981-02-10,CHI vs. KCK,W,0,2,,,0.0,,,0,0,,,,,,,,,,4,,0
13893,21980,78516,Jerome Whitehead,SDC,San Diego Clippers,0028000668,1981-02-10,SDC vs. PHX,L,0,2,,,0.0,,,0,0,,,,,,,,,,4,,0
13894,21980,76436,Jeff Cook,PHX,Phoenix Suns,0028000668,1981-02-10,PHX @ SDC,W,0,2,,,0.0,,,0,2,0.0,,,,,,,,,4,,0
13895,21980,77858,Stan Pietkiewicz,DAL,Dallas Mavericks,0028000667,1981-02-10,DAL vs. DET,L,0,2,,,0.0,,,0,0,,,,,,,,,,4,,0
13896,21980,77623,Paul Mokeski,DET,Detroit Pistons,0028000667,1981-02-10,DET @ DAL,W,0,1,,,0.0,,,2,2,1.0,,,,,,,,,4,,0
13897,21980,78404,Kiki Vandeweghe,DEN,Denver Nuggets,0028000666,1981-02-10,DEN vs. WAS,L,0,2,,,0.0,,,0,0,,,,,,,,,,4,,0
13898,21980,76979,Elvin Hayes,WAS,Washington Bullets,0028000666,1981-02-10,WAS @ DEN,W,0,2,,,0.0,,,0,2,0.0,,,,,,,,,4,,0
13899,21980,76618,T.R. Dunn,DEN,Denver Nuggets,0028000666,1981-02-10,DEN vs. WAS,L,0,2,,,0.0,,,0,0,,,,,,,,,,4,,0
13900,21980,76944,Bill Hanzlik,SEA,Seattle SuperSonics,0028000665,1981-02-10,SEA vs. BOS,W,0,2,,,0.0,,,0,0,,,,,,,,,,4,,0
13901,21980,76583,James Donaldson,SEA,Seattle SuperSonics,0028000665,1981-02-10,SEA vs. BOS,W,0,2,,,0.0,,,0,0,,,,,,,,,,4,,0
13902,21980,76520,Monti Davis,DAL,Dallas Mavericks,0028000656,1981-02-08,DAL @ SAN,L,0,2,,,,,,0,0,,,,,,,,,6.0,4,,0
13903,21980,78146,Jerry Sichting,IND,Indiana Pacers,0028000663,1981-02-08,IND @ DET,W,0,2,,,0.0,,,0,0,,,,,,,,,,4,,0
13904,21980,78296,Brian Taylor,SDC,San Diego Clippers,0028000662,1981-02-08,SDC @ BOS,L,0,2,,,0.0,,,0,0,,,,,,,,,,4,,0
13905,21980,76733,Chris Ford,BOS,Boston Celtics,0028000662,1981-02-08,BOS vs. SDC,W,0,2,,,0.0,,,0,0,,,,,,,,,,4,,0
13906,21980,77873,Ben Poquette,UTH,Utah Jazz,0028000661,1981-02-08,UTH @ GOS,L,0,2,,,0.0,,,0,0,,,,,,,,,,4,,0
13907,21980,78618,Sam Worthen,CHI,Chicago Bulls,0028000660,1981-02-08,CHI @ MIL,L,0,0,,,0.0,,,4,4,1.0,,,,,,,,,4,,0
13908,21980,78533,James Wilkes,CHI,Chicago Bulls,0028000660,1981-02-08,CHI @ MIL,L,0,2,,,0.0,,,0,0,,,,,,,,,,4,,0
13909,21980,76587,Jacky Dorsey,SEA,Seattle SuperSonics,0028000659,1981-02-08,SEA vs. DEN,W,0,1,,,0.0,,,2,3,0.667,,,,,,,,,4,,0
13910,21980,77635,Lowes Moore,NJN,New Jersey Nets,0028000657,1981-02-08,NJN vs. NYK,L,0,2,,,0.0,,,0,0,,,,,,,,,,4,,0
13911,21980,78527,Michael Wiley,SAN,San Antonio Spurs,0028000656,1981-02-08,SAN vs. DAL,W,0,2,,,0.0,,,0,0,,,,,,,,,6.0,4,,0
13912,21980,77205,Eddie Jordan,LAL,Los Angeles Lakers,0028000655,1981-02-08,LAL @ PHL,L,0,2,,,0.0,,,0,0,,,,,,,,,,4,,0
13913,21980,76248,Jim Brewer,LAL,Los Angeles Lakers,0028000655,1981-02-08,LAL @ PHL,L,0,2,,,0.0,,,0,1,0.0,,,,,,,,,4,,0
13914,21980,77438,Kyle Macy,PHX,Phoenix Suns,0028000654,1981-02-08,PHX vs. WAS,W,0,1,,,0.0,,,2,2,1.0,,,,,,,,,4,,0
13915,21980,77873,Ben Poquette,UTH,Utah Jazz,0028000653,1981-02-07,UTH @ SEA,L,0,2,,,0.0,,,0,0,,,,,,,,,,4,,0
13916,21980,78468,Richard Washington,CLE,Cleveland Cavaliers,0028000652,1981-02-07,CLE @ IND,L,0,1,,,0.0,,,2,2,1.0,,,,,,,,,4,,0
13917,21980,78200,Randy Smith,CLE,Cleveland Cavaliers,0028000652,1981-02-07,CLE @ IND,L,0,2,,,0.0,,,0,0,,,,,,,,,,4,,0
13918,21980,76734,Don Ford,CLE,Cleveland Cavaliers,0028000652,1981-02-07,CLE @ IND,L,0,2,,,0.0,,,0,0,,,,,,,,,,4,,0
13919,21980,78014,Tree Rollins,ATL,Atlanta Hawks,0028000651,1981-02-07,ATL @ HOU,L,0,2,,,0.0,,,0,0,,,,,,,,,6.0,4,,0
13920,21980,76471,Charlie Criss,ATL,Atlanta Hawks,0028000651,1981-02-07,ATL @ HOU,L,0,1,,,0.0,,,2,2,1.0,,,,,,,,,4,,0
13921,21980,78436,Foots Walker,NJN,New Jersey Nets,0028000650,1981-02-07,NJN @ NYK,L,0,0,,,0.0,,,4,4,1.0,,,,,,,,,4,,0
13922,21980,76553,Larry Demic,NYK,New York Knicks,0028000650,1981-02-07,NYK vs. NJN,W,0,2,,,0.0,,,0,0,,,,,,,,,,4,,0
13923,21980,78015,Lorenzo Romar,GOS,Golden State Warriors,0028000649,1981-02-07,GOS @ DEN,L,0,2,,,0.0,,,0,0,,,,,,,,,,4,,0
13924,21980,77917,Clifford Ray,GOS,Golden State Warriors,0028000649,1981-02-07,GOS @ DEN,L,0,2,,,0.0,,,0,0,,,,,,,,,,4,,0
13925,21980,76830,Glen Gondrezick,DEN,Denver Nuggets,0028000649,1981-02-07,DEN vs. GOS,W,0,1,,,0.0,,,2,3,0.667,,,,,,,,,4,,0
13926,21980,77715,Carl Nicks,UTH,Utah Jazz,0028000647,1981-02-06,UTH vs. DEN,L,0,2,,,0.0,,,0,0,,,,,,,,,,4,,0
13927,21980,76618,T.R. Dunn,DEN,Denver Nuggets,0028000647,1981-02-06,DEN @ UTH,W,0,1,,,0.0,,,2,4,0.5,,,,,,,,,4,,0
13928,21980,76290,Joe Bryant,SDC,San Diego Clippers,0028000646,1981-02-06,SDC @ PHL,L,0,1,,,0.0,,,2,6,0.333,,,,,,,,,4,,0
13929,21980,76249,Ron Brewer,SAN,San Antonio Spurs,0028000644,1981-02-06,SAN vs. POR,W,0,2,,,0.0,,,0,0,,,,,,,,,,4,,0
13930,21980,77334,Mark Landsberger,LAL,Los Angeles Lakers,0028000643,1981-02-06,LAL @ DET,W,0,2,,,0.0,,,0,0,,,,,,,,,,4,,0
13931,21980,77205,Eddie Jordan,LAL,Los Angeles Lakers,0028000643,1981-02-06,LAL @ DET,W,0,2,,,0.0,,,0,0,,,,,,,,,,4,,0
13932,21980,76248,Jim Brewer,LAL,Los Angeles Lakers,0028000643,1981-02-06,LAL @ DET,W,0,2,,,0.0,,,0,0,,,,,,,,,,4,,0
13933,21980,78014,Tree Rollins,ATL,Atlanta Hawks,0028000641,1981-02-06,ATL @ DAL,W,0,2,,,0.0,,,0,0,,,,,,,,,,4,,0
13934,21980,78146,Jerry Sichting,IND,Indiana Pacers,0028000640,1981-02-06,IND @ BOS,L,0,2,,,0.0,,,0,0,,,,,,,,,,4,,0
13935,21980,77487,Cedric Maxwell,BOS,Boston Celtics,0028000640,1981-02-06,BOS vs. IND,W,0,1,,,0.0,,,2,2,1.0,,,,,,,,,4,,0
13936,21980,76526,Johnny Davis,IND,Indiana Pacers,0028000640,1981-02-06,IND @ BOS,L,0,2,,,0.0,,,0,0,,,,,,,,,,4,,0
13937,21980,78392,Wes Unseld,WAS,Washington Bullets,0028000639,1981-02-06,WAS @ GOS,W,0,2,,,0.0,,,0,1,0.0,,,,,,,,,4,,0
13938,21980,77917,Clifford Ray,GOS,Golden State Warriors,0028000639,1981-02-06,GOS vs. WAS,L,0,2,,,0.0,,,0,0,,,,,,,,,,4,,0
13939,21980,78442,Wally Walker,SEA,Seattle SuperSonics,0028000638,1981-02-06,SEA vs. KCK,L,0,2,,,0.0,,,0,0,,,,,,,,,,4,,0
13940,21980,77331,John Lambert,KCK,Kansas City Kings,0028000638,1981-02-06,KCK @ SEA,W,0,1,,,0.0,,,2,2,1.0,,,,,,,,,4,,0
13941,21980,76944,Bill Hanzlik,SEA,Seattle SuperSonics,0028000638,1981-02-06,SEA vs. KCK,L,0,1,,,0.0,,,2,2,1.0,,,,,,,,,4,,0
13942,21980,76587,Jacky Dorsey,SEA,Seattle SuperSonics,0028000638,1981-02-06,SEA vs. KCK,L,0,2,,,0.0,,,0,0,,,,,,,,,,4,,0
13943,21980,76686,Mike Evans,MIL,Milwaukee Bucks,0028000637,1981-02-06,MIL @ CLE,W,0,1,,,0.0,,,2,2,1.0,,,,,,,,,4,,0
13944,21980,76351,M.L. Carr,BOS,Boston Celtics,0028000636,1981-02-05,BOS @ MIL,L,0,2,,,0.0,,,0,0,,,,,,,,,,4,,0
13945,21980,77937,Billy Reid,GOS,Golden State Warriors,0028000635,1981-02-04,GOS vs. POR,W,0,2,,,0.0,,,0,3,0.0,,,,,,,,,4,,0
13946,21980,77334,Mark Landsberger,LAL,Los Angeles Lakers,0028000634,1981-02-04,LAL @ IND,W,0,2,,,0.0,,,0,0,,,,,,,,,,4,,0
13947,21980,77205,Eddie Jordan,LAL,Los Angeles Lakers,0028000634,1981-02-04,LAL @ IND,W,0,2,,,0.0,,,0,0,,,,,,,,,,4,,0
13948,21980,229,James Edwards,IND,Indiana Pacers,0028000634,1981-02-04,IND vs. LAL,L,0,1,,,0.0,,,2,2,1.0,,,,,,,,,4,,0
13949,21980,77331,John Lambert,KCK,Kansas City Kings,0028000633,1981-02-04,KCK vs. DET,W,0,2,,,0.0,,,0,0,,,,,,,,,,4,,0
13950,21980,76516,Brad Davis,DAL,Dallas Mavericks,0028000632,1981-02-04,DAL @ HOU,L,0,2,,,0.0,,,0,2,0.0,,,,,,,,,4,,0
13951,21980,76225,Winford Boynes,DAL,Dallas Mavericks,0028000632,1981-02-04,DAL @ HOU,L,0,2,,,0.0,,,0,2,0.0,,,,,,,,,4,,0
13952,21980,77718,Mike Niles,PHX,Phoenix Suns,0028000630,1981-02-04,PHX vs. UTH,W,0,2,,,0.0,,,0,0,,,,,,,,,,4,,0
13953,21980,78392,Wes Unseld,WAS,Washington Bullets,0028000628,1981-02-04,WAS @ SEA,L,0,2,,,0.0,,,0,0,,,,,,,,,,4,,0
13954,21980,77163,Reggie Johnson,SAN,San Antonio Spurs,0028000626,1981-02-04,SAN @ DEN,W,0,2,,,0.0,,,0,0,,,,,,,,,,4,,0
13955,21980,77056,Cedrick Hordges,DEN,Denver Nuggets,0028000626,1981-02-04,DEN vs. SAN,L,0,2,,,0.0,,,0,0,,,,,,,,,,4,,0
13956,21980,76618,T.R. Dunn,DEN,Denver Nuggets,0028000626,1981-02-04,DEN vs. SAN,L,0,1,,,0.0,,,2,2,1.0,,,,,,,,,4,,0
13957,21980,76599,Larry Drew,DET,Detroit Pistons,0028000625,1981-02-03,DET @ SAN,L,0,2,,,0.0,,,0,2,0.0,,,,,,,,,4,,0
13958,21980,76296,Quinn Buckner,MIL,Milwaukee Bucks,0028000623,1981-02-03,MIL vs. IND,L,0,2,,,0.0,,,0,0,,,,,,,,,,4,,0
13959,21980,78350,Rudy Tomjanovich,HOU,Houston Rockets,0028000622,1981-02-03,HOU vs. DEN,W,0,2,,,0.0,,,0,1,0.0,,,,,,,,,4,,0
13960,21980,77331,John Lambert,KCK,Kansas City Kings,0028000621,1981-02-03,KCK @ DAL,W,0,2,,,0.0,,,0,0,,,,,,,,,,4,,0
13961,21980,76471,Charlie Criss,ATL,Atlanta Hawks,0028000620,1981-02-03,ATL vs. PHL,L,0,2,,,0.0,,,0,0,,,,,,,,,,4,,0
13962,21980,76822,Mike Glenn,NYK,New York Knicks,0028000619,1981-02-03,NYK vs. SDC,W,0,0,,,0.0,,,4,4,1.0,,,,,,,,,4,,0
13963,21980,78095,Alvin Scott,PHX,Phoenix Suns,0028000618,1981-01-29,PHX @ CLE,L,0,2,,,0.0,,,0,0,,,,,,,,,,4,,0
13964,21980,78533,James Wilkes,CHI,Chicago Bulls,0028000616,1981-01-29,CHI vs. BOS,W,0,2,,,0.0,,,0,0,,,,,,,,,,4,,0
13965,21980,76608,Terry Duerod,BOS,Boston Celtics,0028000616,1981-01-29,BOS @ CHI,L,0,2,,,0.0,,,0,0,,,,,,,,,,4,,0
13966,21980,76567,Coby Dietrick,CHI,Chicago Bulls,0028000616,1981-01-29,CHI vs. BOS,W,0,2,,,0.0,,,0,0,,,,,,,,,,4,,0
13967,21980,78482,Scott Wedman,KCK,Kansas City Kings,0028000613,1981-01-29,KCK @ LAL,L,0,2,,,0.0,,,0,0,,,,,,,,,,4,,0
13968,21980,77582,Joe Meriweather,KCK,Kansas City Kings,0028000613,1981-01-29,KCK @ LAL,L,0,2,,,0.0,,,0,0,,,,,,,,,,4,,0
13969,21980,78527,Michael Wiley,SAN,San Antonio Spurs,0028000612,1981-01-29,SAN vs. NJN,W,0,2,,,0.0,,,0,0,,,,,,,,,,4,,0
13970,21980,76826,Mike Gminski,NJN,New Jersey Nets,0028000612,1981-01-29,NJN @ SAN,L,0,2,,,0.0,,,0,0,,,,,,,,,,4,,0
13971,21980,77829,Sam Pellom,ATL,Atlanta Hawks,0028000611,1981-01-29,ATL vs. NYK,L,0,1,,,0.0,,,2,2,1.0,,,,,,,,,4,,0
13972,21980,76365,Harvey Catchings,MIL,Milwaukee Bucks,0028000609,1981-01-28,MIL @ SEA,W,0,1,,,0.0,,,2,3,0.667,,,,,,,,,4,,0
13973,21980,78095,Alvin Scott,PHX,Phoenix Suns,0028000608,1981-01-28,PHX @ WAS,L,0,1,,,0.0,,,2,2,1.0,,,,,,,,,4,,0
13974,21980,77438,Kyle Macy,PHX,Phoenix Suns,0028000608,1981-01-28,PHX @ WAS,L,0,2,,,0.0,,,0,0,,,,,,,,,,4,,0
13975,21980,77308,Joel Kramer,PHX,Phoenix Suns,0028000608,1981-01-28,PHX @ WAS,L,0,2,,,0.0,,,0,0,,,,,,,,,,4,,0
13976,21980,76418,Don Collins,WAS,Washington Bullets,0028000608,1981-01-28,WAS vs. PHX,W,0,1,,,0.0,,,2,2,1.0,,,,,,,,,4,,0
13977,21980,77950,Clint Richardson,PHL,Philadelphia 76ers,0028000606,1981-01-28,PHL @ BOS,L,0,2,,,0.0,,,0,0,,,,,,,,,,4,,0
13978,21980,77162,Ollie Johnson,PHL,Philadelphia 76ers,0028000606,1981-01-28,PHL @ BOS,L,0,2,,,0.0,,,0,0,,,,,,,,,,4,,0
13979,21980,77800,Sonny Parker,GOS,Golden State Warriors,0028000605,1981-01-28,GOS @ IND,L,0,2,,,0.0,,,0,0,,,,,,,,,,4,,0
13980,21980,76516,Brad Davis,DAL,Dallas Mavericks,0028000597,1981-01-27,DAL vs. NJN,L,0,1,,,0.0,,,2,4,0.5,,,,,,,,,4,,0
13981,21980,78533,James Wilkes,CHI,Chicago Bulls,0028000604,1981-01-27,CHI vs. GOS,W,0,2,,,0.0,,,0,0,,,,,,,,,,4,,0
13982,21980,76386,Phil Chenier,GOS,Golden State Warriors,0028000604,1981-01-27,GOS @ CHI,L,0,2,,,0.0,,,0,0,,,,,,,,,,4,,0
13983,21980,77326,Sam Lacey,KCK,Kansas City Kings,0028000602,1981-01-27,KCK @ SDC,L,0,2,,,0.0,,,0,0,,,,,,,,,,4,,0
13984,21980,78468,Richard Washington,CLE,Cleveland Cavaliers,0028000600,1981-01-27,CLE vs. IND,W,0,2,,,0.0,,,0,0,,,,,,,,,,4,,0
13985,21980,76618,T.R. Dunn,DEN,Denver Nuggets,0028000599,1981-01-27,DEN vs. DET,W,0,2,,,0.0,,,0,0,,,,,,,,,,4,,0
13986,21980,77334,Mark Landsberger,LAL,Los Angeles Lakers,0028000598,1981-01-27,LAL vs. UTH,W,0,2,,,0.0,,,0,0,,,,,,,,,,4,,0
13987,21980,76355,Butch Carter,LAL,Los Angeles Lakers,0028000598,1981-01-27,LAL vs. UTH,W,0,1,,,0.0,,,2,2,1.0,,,,,,,,,4,,0
13988,21980,76656,Bob Elliott,NJN,New Jersey Nets,0028000597,1981-01-27,NJN @ DAL,W,0,2,,,0.0,,,0,0,,,,,,,,,,4,,0
13989,21980,77308,Joel Kramer,PHX,Phoenix Suns,0028000595,1981-01-26,PHX @ NYK,W,0,2,,,0.0,,,0,0,,,,,,,,,,4,,0
13990,21980,76553,Larry Demic,NYK,New York Knicks,0028000595,1981-01-26,NYK vs. PHX,L,0,1,,,0.0,,,2,2,1.0,,,,,,,,,4,,0
13991,21980,76436,Jeff Cook,PHX,Phoenix Suns,0028000595,1981-01-26,PHX @ NYK,W,0,2,,,0.0,,,0,0,,,,,,,,,,4,,0
13992,21980,76360,Reggie Carter,NYK,New York Knicks,0028000595,1981-01-26,NYK vs. PHX,L,0,1,,,0.0,,,2,2,1.0,,,,,,,,,4,,0
13993,21980,76257,Allan Bristow,UTH,Utah Jazz,0028000594,1981-01-26,UTH vs. DET,W,0,2,,,0.0,,,0,1,0.0,,,,,,,,,4,,0
13994,21980,76599,Larry Drew,DET,Detroit Pistons,0028000594,1981-01-26,DET @ UTH,L,0,2,,,0.0,,,0,0,,,,,,,,,,4,,0
13995,21980,77984,Rick Robey,BOS,Boston Celtics,0028000593,1981-01-25,BOS vs. SEA,W,0,2,,,0.0,,,0,1,0.0,,,,,,,,,4,,0
13996,21980,76771,Mike Gale,POR,Portland Trail Blazers,0028000592,1981-01-25,POR vs. SAN,W,0,2,,,0.0,,,0,0,,,,,,,,,,4,,0
13997,21980,77635,Lowes Moore,NJN,New Jersey Nets,0028000591,1981-01-25,NJN vs. WAS,L,0,2,,,0.0,,,0,0,,,,,,,,,,4,,0
13998,21980,77950,Clint Richardson,PHL,Philadelphia 76ers,0028000590,1981-01-25,PHL vs. PHX,W,0,2,,,0.0,,,0,0,,,,,,,,,,4,,0
13999,21980,77308,Joel Kramer,PHX,Phoenix Suns,0028000590,1981-01-25,PHX @ PHL,L,0,2,,,0.0,,,0,0,,,,,,,,,,4,,0
14000,21980,77175,Caldwell Jones,PHL,Philadelphia 76ers,0028000590,1981-01-25,PHL vs. PHX,W,0,2,,,0.0,,,0,0,,,,,,,,,,4,,0
14001,21980,76151,Mel Bennett,UTH,Utah Jazz,0028000589,1981-01-24,UTH @ HOU,L,0,0,,,0.0,,,4,5,0.8,,,,,,,,,4,,0
14002,21980,78600,Brian Winters,MIL,Milwaukee Bucks,0028000588,1981-01-24,MIL @ SDC,W,0,2,,,0.0,,,0,0,,,,,,,,,,4,,0
14003,21980,78296,Brian Taylor,SDC,San Diego Clippers,0028000588,1981-01-24,SDC vs. MIL,L,0,1,,,0.0,,,2,3,0.667,,,,,,,,,4,,0
14004,21980,77168,Mickey Johnson,MIL,Milwaukee Bucks,0028000588,1981-01-24,MIL @ SDC,W,0,1,,,0.0,,,2,2,1.0,,,,,,,,,4,,0
14005,21980,76296,Quinn Buckner,MIL,Milwaukee Bucks,0028000588,1981-01-24,MIL @ SDC,W,0,1,,,0.0,,,2,2,1.0,,,,,,,,6.0,4,,0
14006,21980,78390,Terry Tyler,DET,Detroit Pistons,0028000587,1981-01-24,DET vs. CLE,W,0,2,,,0.0,,,0,0,,,,,,,,,,4,,0
14007,21980,77623,Paul Mokeski,DET,Detroit Pistons,0028000587,1981-01-24,DET vs. CLE,W,0,2,,,0.0,,,0,0,,,,,,,,,,4,,0
14008,21980,78222,Jim Spanarkel,DAL,Dallas Mavericks,0028000586,1981-01-24,DAL @ IND,L,0,2,,,0.0,,,0,0,,,,,,,,,,4,,0
14009,21980,76822,Mike Glenn,NYK,New York Knicks,0028000585,1981-01-24,NYK @ GOS,L,0,2,,,0.0,,,0,2,0.0,,,,,,,,,4,,0
14010,21980,76386,Phil Chenier,GOS,Golden State Warriors,0028000585,1981-01-24,GOS vs. NYK,W,0,2,,,0.0,,,0,0,,,,,,,,,,4,,0
14011,21980,77528,Jim McElroy,ATL,Atlanta Hawks,0028000584,1981-01-24,ATL vs. CHI,L,0,2,,,0.0,,,0,0,,,,,,,,,,4,,0
14012,21980,77182,Dwight Jones,CHI,Chicago Bulls,0028000584,1981-01-24,CHI @ ATL,W,0,1,,,0.0,,,2,3,0.667,,,,,,,,,4,,0
14013,21980,77633,Johnny Moore,SAN,San Antonio Spurs,0028000583,1981-01-24,SAN @ DEN,L,0,1,,,0.0,,,2,2,1.0,,,,,,,,,4,,0
14014,21980,77149,George Johnson,SAN,San Antonio Spurs,0028000583,1981-01-24,SAN @ DEN,L,0,2,,,0.0,,,0,0,,,,,,,,,,4,,0
14015,21980,76618,T.R. Dunn,DEN,Denver Nuggets,0028000583,1981-01-24,DEN vs. SAN,W,0,1,,,0.0,,,2,2,1.0,,,,,,,,,4,,0
14016,21980,76453,Dave Corzine,SAN,San Antonio Spurs,0028000583,1981-01-24,SAN @ DEN,L,0,2,,,0.0,,,0,0,,,,,,,,,,4,,0
14017,21980,76249,Ron Brewer,SAN,San Antonio Spurs,0028000583,1981-01-24,SAN @ DEN,L,0,2,,,0.0,,,0,0,,,,,,,,,,4,,0
14018,21980,76944,Bill Hanzlik,SEA,Seattle SuperSonics,0028000577,1981-01-23,SEA @ WAS,L,0,1,,,0.0,,,2,3,0.667,,,,,,,,,4,,0
14019,21980,78533,James Wilkes,CHI,Chicago Bulls,0028000582,1981-01-23,CHI vs. DAL,W,0,2,,,0.0,,,0,0,,,,,,,,,,4,,0
14020,21980,77829,Sam Pellom,ATL,Atlanta Hawks,0028000580,1981-01-23,ATL vs. CLE,L,0,2,,,0.0,,,0,0,,,,,,,,,,4,,0
14021,21980,76336,Mack Calvin,CLE,Cleveland Cavaliers,0028000580,1981-01-23,CLE @ ATL,W,0,1,,,0.0,,,2,2,1.0,,,,,,,,,4,,0
14022,21980,76355,Butch Carter,LAL,Los Angeles Lakers,0028000579,1981-01-23,LAL vs. DEN,W,0,2,,,0.0,,,0,0,,,,,,,,,,4,,0
14023,21980,78195,Larry Smith,GOS,Golden State Warriors,0028000578,1981-01-23,GOS @ UTH,W,0,1,,,0.0,,,2,2,1.0,,,,,,,,,4,,0
14024,21980,78015,Lorenzo Romar,GOS,Golden State Warriors,0028000578,1981-01-23,GOS @ UTH,W,0,2,,,0.0,,,0,0,,,,,,,,,,4,,0
14025,21980,76386,Phil Chenier,GOS,Golden State Warriors,0028000578,1981-01-23,GOS @ UTH,W,0,1,,,0.0,,,2,2,1.0,,,,,,,,,4,,0
14026,21980,77669,Calvin Murphy,HOU,Houston Rockets,0028000576,1981-01-23,HOU @ KCK,L,0,2,,,0.0,,,0,0,,,,,,,,,,4,,0
14027,21980,77331,John Lambert,KCK,Kansas City Kings,0028000576,1981-01-23,KCK vs. HOU,W,0,2,,,0.0,,,0,0,,,,,,,,,,4,,0
14028,21980,77326,Sam Lacey,KCK,Kansas City Kings,0028000576,1981-01-23,KCK vs. HOU,W,0,2,,,0.0,,,0,0,,,,,,,,,,4,,0
14029,21980,78467,Kermit Washington,POR,Portland Trail Blazers,0028000574,1981-01-23,POR vs. NYK,W,0,1,,,0.0,,,2,2,1.0,,,,,,,,,4,,0
14030,21980,76954,Mike Harper,POR,Portland Trail Blazers,0028000574,1981-01-23,POR vs. NYK,W,0,2,,,0.0,,,0,0,,,,,,,,,,4,,0
14031,21980,77235,Rich Kelley,PHX,Phoenix Suns,0028000581,1981-01-23,PHX vs. MIL,W,0,1,,,0.0,,,2,2,1.0,,,,,,,,,4,,0
14032,21980,76520,Monti Davis,DAL,Dallas Mavericks,0028000582,1981-01-23,DAL @ CHI,L,0,2,,,,,,0,0,,,,,,,,,,4,,0
14033,21980,78614,Mike Woodson,NYK,New York Knicks,0028000572,1981-01-22,NYK @ SDC,W,0,2,,,0.0,,,0,0,,,,,,,,,,4,,0
14034,21980,77209,Walter Jordan,CLE,Cleveland Cavaliers,0028000571,1981-01-22,CLE vs. NJN,W,0,2,,,0.0,,,0,0,,,,,,,,,,4,,0
14035,21980,77078,Kim Hughes,CLE,Cleveland Cavaliers,0028000571,1981-01-22,CLE vs. NJN,W,0,2,,,0.0,,,0,0,,,,,,,,,,4,,0
14036,21980,76336,Mack Calvin,CLE,Cleveland Cavaliers,0028000571,1981-01-22,CLE vs. NJN,W,0,1,,,0.0,,,2,2,1.0,,,,,,,,,4,,0
14037,21980,78215,Ricky Sobers,CHI,Chicago Bulls,0028000570,1981-01-22,CHI @ DET,W,0,1,,,0.0,,,2,2,1.0,,,,,,,,,4,,0
14038,21980,77623,Paul Mokeski,DET,Detroit Pistons,0028000570,1981-01-22,DET vs. CHI,L,0,2,,,0.0,,,0,2,0.0,,,,,,,,6.0,4,,0
14039,21980,76608,Terry Duerod,BOS,Boston Celtics,0028000565,1981-01-21,BOS vs. UTH,W,0,1,,,0.0,,,2,2,1.0,,,,,,,,,4,,0
14040,21980,77021,Kenny Higgs,DEN,Denver Nuggets,0028000567,1981-01-21,DEN vs. SDC,L,0,1,,,0.0,,,2,2,1.0,,,,,,,,,4,,0
14041,21980,77950,Clint Richardson,PHL,Philadelphia 76ers,0028000568,1981-01-21,PHL vs. IND,W,0,2,,,0.0,,,0,0,,,,,,,,,,4,,0
14042,21980,76231,Dudley Bradley,IND,Indiana Pacers,0028000568,1981-01-21,IND @ PHL,L,0,2,,,0.0,,,0,0,,,,,,,,,,4,,0
14043,21980,77553,Tom McMillen,ATL,Atlanta Hawks,0028000566,1981-01-21,ATL @ LAL,L,0,1,,,0.0,,,2,2,1.0,,,,,,,,,4,,0
14044,21980,77528,Jim McElroy,ATL,Atlanta Hawks,0028000566,1981-01-21,ATL @ LAL,L,0,2,,,0.0,,,0,0,,,,,,,,,,4,,0
14045,21980,76483,Pat Cummings,MIL,Milwaukee Bucks,0028000563,1981-01-21,MIL @ GOS,W,0,2,,,0.0,,,0,0,,,,,,,,,,4,,0
14046,21980,77635,Lowes Moore,NJN,New Jersey Nets,0028000562,1981-01-21,NJN vs. SEA,W,0,2,,,0.0,,,0,0,,,,,,,,,,4,,0
14047,21980,78516,Jerome Whitehead,SDC,San Diego Clippers,0028000567,1981-01-21,SDC @ DEN,W,0,2,,,0.0,,,0,0,,,,,,,,,,4,,0
14048,21980,77056,Cedrick Hordges,DEN,Denver Nuggets,0028000567,1981-01-21,DEN vs. SDC,L,0,2,,,0.0,,,0,0,,,,,,,,,,4,,0
14049,21980,76162,Henry Bibby,SDC,San Diego Clippers,0028000567,1981-01-21,SDC @ DEN,W,0,2,,,0.0,,,0,0,,,,,,,,,,4,,0
14050,21980,76733,Chris Ford,BOS,Boston Celtics,0028000565,1981-01-21,BOS vs. UTH,W,0,2,,,0.0,,,0,0,,,,,,,,,,4,,0
14051,21980,78351,Andrew Toney,PHL,Philadelphia 76ers,0028000560,1981-01-20,PHL @ DET,L,0,2,,,0.0,,,0,0,,,,,,,,,,4,,0
14052,21980,77950,Clint Richardson,PHL,Philadelphia 76ers,0028000560,1981-01-20,PHL @ DET,L,0,2,,,0.0,,,0,0,,,,,,,,,,4,,0
14053,21980,77193,Bobby Jones,PHL,Philadelphia 76ers,0028000560,1981-01-20,PHL @ DET,L,0,1,,,0.0,,,2,3,0.667,,,,,,,,,4,,0
14054,21980,77438,Kyle Macy,PHX,Phoenix Suns,0028000558,1981-01-20,PHX @ SAN,L,0,1,,,0.0,,,2,2,1.0,,,,,,,,,4,,0
14055,21980,77858,Stan Pietkiewicz,DAL,Dallas Mavericks,0028000557,1981-01-20,DAL vs. KCK,L,0,2,,,0.0,,,0,0,,,,,,,,,,4,,0
14056,21980,77326,Sam Lacey,KCK,Kansas City Kings,0028000557,1981-01-20,KCK @ DAL,W,0,2,,,0.0,,,0,0,,,,,,,,,,4,,0
14057,21980,77126,Abdul Jeelani,DAL,Dallas Mavericks,0028000557,1981-01-20,DAL vs. KCK,L,0,0,,,0.0,,,4,5,0.8,,,,,,,,,4,,0
14058,21980,77504,Andre McCarter,WAS,Washington Bullets,0028000556,1981-01-20,WAS vs. UTH,W,0,1,,,0.0,,,2,2,1.0,,,,,,,,,4,,0
14059,21980,77324,Mitch Kupchak,WAS,Washington Bullets,0028000556,1981-01-20,WAS vs. UTH,W,0,1,,,0.0,,,2,2,1.0,,,,,,,,,4,,0
14060,21980,76360,Reggie Carter,NYK,New York Knicks,0028000555,1981-01-20,NYK vs. SEA,W,0,1,,,0.0,,,2,2,1.0,,,,,,,,,4,,0
14061,21980,78467,Kermit Washington,POR,Portland Trail Blazers,0028000559,1981-01-20,POR @ CLE,L,0,2,,,0.0,,,0,0,,,,,,,,,,4,,0
14062,21980,77691,Calvin Natt,POR,Portland Trail Blazers,0028000559,1981-01-20,POR @ CLE,L,0,2,,,0.0,,,0,0,,,,,,,,,,4,,0
14063,21980,77911,Kelvin Ransey,POR,Portland Trail Blazers,0028000559,1981-01-20,POR @ CLE,L,0,2,,,0.0,,,0,0,,,,,,,,,,4,,0
14064,21980,76771,Mike Gale,POR,Portland Trail Blazers,0028000559,1981-01-20,POR @ CLE,L,0,2,,,0.0,,,0,0,,,,,,,,,,4,,0
14065,21980,1450,Kevin McHale,BOS,Boston Celtics,0028000554,1981-01-19,BOS vs. DET,W,0,2,,,0.0,,,0,2,0.0,,,,,,,,,4,,0
14066,21980,77770,Louis Orr,IND,Indiana Pacers,0028000547,1981-01-18,IND vs. UTH,W,0,1,,,0.0,,,2,2,1.0,,,,,,,,,4,,0
14067,21980,76435,Darwin Cook,NJN,New Jersey Nets,0028000553,1981-01-18,NJN @ WAS,L,0,2,,,0.0,,,0,0,,,,,,,,,,4,,0
14068,21980,77997,Bill Robinzine,DAL,Dallas Mavericks,0028000552,1981-01-18,DAL @ SDC,L,0,2,,,0.0,,,0,0,,,,,,,,,6.0,4,,0
14069,21980,76162,Henry Bibby,SDC,San Diego Clippers,0028000552,1981-01-18,SDC vs. DAL,W,0,0,,,0.0,,,4,4,1.0,,,,,,,,,4,,0
14070,21980,78577,Bill Willoughby,HOU,Houston Rockets,0028000549,1981-01-18,HOU @ DEN,W,0,2,,,0.0,,,0,0,,,,,,,,,,4,,0
14071,21980,77998,Dave Robisch,DEN,Denver Nuggets,0028000549,1981-01-18,DEN vs. HOU,L,0,1,,,0.0,,,2,2,1.0,,,,,,,,,4,,0
14072,21980,76996,Tom Henderson,HOU,Houston Rockets,0028000549,1981-01-18,HOU @ DEN,W,0,2,,,0.0,,,0,0,,,,,,,,,,4,,0
14073,21980,76786,Calvin Garrett,HOU,Houston Rockets,0028000549,1981-01-18,HOU @ DEN,W,0,2,,,0.0,,,0,0,,,,,,,,,,4,,0
14074,21980,77950,Clint Richardson,PHL,Philadelphia 76ers,0028000548,1981-01-18,PHL vs. SEA,W,0,1,,,0.0,,,2,2,1.0,,,,,,,,,4,,0
14075,21980,77193,Bobby Jones,PHL,Philadelphia 76ers,0028000548,1981-01-18,PHL vs. SEA,W,0,2,,,0.0,,,0,0,,,,,,,,,,4,,0
14076,21980,76583,James Donaldson,SEA,Seattle SuperSonics,0028000548,1981-01-18,SEA @ PHL,L,0,2,,,0.0,,,0,3,0.0,,,,,,,,,4,,0
14077,21980,78537,Jeff Wilkins,UTH,Utah Jazz,0028000547,1981-01-18,UTH @ IND,L,0,2,,,0.0,,,0,0,,,,,,,,,,4,,0
14078,21980,77215,Jeff Judkins,UTH,Utah Jazz,0028000547,1981-01-18,UTH @ IND,L,0,2,,,0.0,,,0,0,,,,,,,,,,4,,0
14079,21980,76890,Darrell Griffith,UTH,Utah Jazz,0028000547,1981-01-18,UTH @ IND,L,0,2,,,0.0,,,0,0,,,,,,,,,,4,,0
14080,21980,76392,Jim Chones,LAL,Los Angeles Lakers,0028000546,1981-01-18,LAL @ BOS,L,0,2,,,0.0,,,0,0,,,,,,,,,,4,,0
14081,21980,76526,Johnny Davis,IND,Indiana Pacers,0028000547,1981-01-18,IND vs. UTH,W,0,1,,,0.0,,,2,3,0.667,,,,,,,,,4,,0
14082,21980,77718,Mike Niles,PHX,Phoenix Suns,0028000551,1981-01-18,PHX vs. ATL,W,0,2,,,0.0,,,0,0,,,,,,,,,,4,,0
14083,21980,77308,Joel Kramer,PHX,Phoenix Suns,0028000551,1981-01-18,PHX vs. ATL,W,0,2,,,0.0,,,0,0,,,,,,,,,,4,,0
14084,21980,78481,Marvin Webster,NYK,New York Knicks,0028000541,1981-01-17,NYK @ HOU,W,0,1,,,0.0,,,2,2,1.0,,,,,,,,,4,,0
14085,21980,76734,Don Ford,CLE,Cleveland Cavaliers,0028000545,1981-01-17,CLE @ CHI,W,0,2,,,0.0,,,0,0,,,,,,,,,,4,,0
14086,21980,76567,Coby Dietrick,CHI,Chicago Bulls,0028000545,1981-01-17,CHI vs. CLE,L,0,2,,,0.0,,,0,0,,,,,,,,,,4,,0
14087,21980,77021,Kenny Higgs,DEN,Denver Nuggets,0028000544,1981-01-17,DEN @ KCK,W,0,2,,,0.0,,,0,0,,,,,,,,,,4,,0
14088,21980,77975,Anthony Roberts,WAS,Washington Bullets,0028000542,1981-01-17,WAS vs. SAN,W,0,1,,,0.0,,,2,4,0.5,,,,,,,,,4,,0
14089,21980,77353,Allen Leavell,HOU,Houston Rockets,0028000541,1981-01-17,HOU vs. NYK,L,0,2,,,0.0,,,0,0,,,,,,,,,,4,,0
14090,21980,77189,Major Jones,HOU,Houston Rockets,0028000541,1981-01-17,HOU vs. NYK,L,0,2,,,0.0,,,0,0,,,,,,,,,,4,,0
14091,21980,78068,Dewayne Scales,NYK,New York Knicks,0028000541,1981-01-17,NYK @ HOU,W,0,2,,,0.0,,,0,0,,,,,,,,,,4,,0
14092,21980,76826,Mike Gminski,NJN,New Jersey Nets,0028000543,1981-01-17,NJN @ DET,W,0,2,,,0.0,,,0,0,,,,,,,,,,4,,0
14093,21980,76822,Mike Glenn,NYK,New York Knicks,0028000541,1981-01-17,NYK @ HOU,W,0,2,,,0.0,,,0,0,,,,,,,,,,4,,0
14094,21980,77984,Rick Robey,BOS,Boston Celtics,0028000540,1981-01-16,BOS vs. SAN,W,0,2,,,0.0,,,0,0,,,,,,,,,,4,,0
14095,21980,76993,Gerald Henderson,BOS,Boston Celtics,0028000540,1981-01-16,BOS vs. SAN,W,0,2,,,0.0,,,0,0,,,,,,,,,,4,,0
14096,21980,76733,Chris Ford,BOS,Boston Celtics,0028000540,1981-01-16,BOS vs. SAN,W,0,2,,,0.0,,,0,0,,,,,,,,,,4,,0
14097,21980,76954,Mike Harper,POR,Portland Trail Blazers,0028000539,1981-01-16,POR @ CHI,W,0,1,,,0.0,,,2,2,1.0,,,,,,,,,4,,0
14098,21980,78519,Charles Whitney,KCK,Kansas City Kings,0028000537,1981-01-16,KCK @ MIL,L,0,1,,,0.0,,,2,2,1.0,,,,,,,,,4,,0
14099,21980,77626,Sidney Moncrief,MIL,Milwaukee Bucks,0028000537,1981-01-16,MIL vs. KCK,W,0,2,,,0.0,,,0,0,,,,,,,,,,4,,0
14100,21980,76162,Henry Bibby,SDC,San Diego Clippers,0028000535,1981-01-16,SDC @ UTH,L,0,1,,,0.0,,,2,2,1.0,,,,,,,,,4,,0
14101,21980,76005,Tom Abernethy,IND,Indiana Pacers,0028000534,1981-01-16,IND vs. SEA,L,0,2,,,0.0,,,0,0,,,,,,,,,,4,,0
14102,21980,77528,Jim McElroy,ATL,Atlanta Hawks,0028000533,1981-01-16,ATL @ GOS,W,0,2,,,0.0,,,0,0,,,,,,,,,,4,,0
14103,21980,77334,Mark Landsberger,LAL,Los Angeles Lakers,0028000531,1981-01-16,LAL @ NJN,W,0,1,,,0.0,,,2,4,0.5,,,,,,,,,4,,0
14104,21980,77024,Armond Hill,SEA,Seattle SuperSonics,0028000534,1981-01-16,SEA @ IND,W,0,2,,,0.0,,,0,0,,,,,,,,,,4,,0
14105,21980,78618,Sam Worthen,CHI,Chicago Bulls,0028000539,1981-01-16,CHI vs. POR,L,0,2,,,0.0,,,0,0,,,,,,,,,,4,,0
14106,21980,77623,Paul Mokeski,DET,Detroit Pistons,0028000530,1981-01-15,DET vs. WAS,L,0,2,,,0.0,,,0,0,,,,,,,,,,4,,0
14107,21980,77043,Lionel Hollins,PHL,Philadelphia 76ers,0028000529,1981-01-15,PHL @ MIL,L,0,1,,,0.0,,,2,2,1.0,,,,,,,,,4,,0
14108,21980,77334,Mark Landsberger,LAL,Los Angeles Lakers,0028000528,1981-01-14,LAL @ WAS,L,0,2,,,0.0,,,0,4,0.0,,,,,,,,,4,,0
14109,21980,77205,Eddie Jordan,LAL,Los Angeles Lakers,0028000528,1981-01-14,LAL @ WAS,L,0,2,,,0.0,,,0,0,,,,,,,,,,4,,0
14110,21980,76899,Ernie Grunfeld,KCK,Kansas City Kings,0028000527,1981-01-14,KCK vs. POR,L,0,2,,,0.0,,,0,0,,,,,,,,,,4,,0
14111,21980,76993,Gerald Henderson,BOS,Boston Celtics,0028000526,1981-01-14,BOS vs. CLE,W,0,2,,,0.0,,,0,0,,,,,,,,,,4,,0
14112,21980,77715,Carl Nicks,UTH,Utah Jazz,0028000524,1981-01-14,UTH @ GOS,W,0,1,,,0.0,,,2,2,1.0,,,,,,,,,4,,0
14113,21980,76204,Ron Boone,UTH,Utah Jazz,0028000524,1981-01-14,UTH @ GOS,W,0,2,,,0.0,,,0,0,,,,,,,,,,4,,0
14114,21980,78296,Brian Taylor,SDC,San Diego Clippers,0028000523,1981-01-14,SDC vs. ATL,W,0,2,,,0.0,,,0,0,,,,,,,,,,4,,0
14115,21980,77944,Kevin Restani,SAN,San Antonio Spurs,0028000522,1981-01-14,SAN vs. NYK,W,0,1,,,0.0,,,2,2,1.0,,,,,,,,,4,,0
14116,21980,78396,Ron Valentine,DEN,Denver Nuggets,0028000521,1981-01-14,DEN @ PHX,L,0,2,,,0.0,,,0,0,,,,,,,,,,4,,0
14117,21980,77718,Mike Niles,PHX,Phoenix Suns,0028000521,1981-01-14,PHX vs. DEN,W,0,2,,,0.0,,,0,0,,,,,,,,,,4,,0
14118,21980,77353,Allen Leavell,HOU,Houston Rockets,0028000520,1981-01-14,HOU vs. CHI,W,0,2,,,0.0,,,0,0,,,,,,,,,,4,,0
14119,21980,76436,Jeff Cook,PHX,Phoenix Suns,0028000518,1981-01-13,PHX vs. SEA,W,0,2,,,0.0,,,0,0,,,,,,,,,,4,,0
14120,21980,77364,Ron Lee,DET,Detroit Pistons,0028000517,1981-01-13,DET vs. MIL,L,0,1,,,0.0,,,2,4,0.5,,,,,,,,,4,,0
14121,21980,76599,Larry Drew,DET,Detroit Pistons,0028000517,1981-01-13,DET vs. MIL,L,0,2,,,0.0,,,0,0,,,,,,,,,,4,,0
14122,21980,76734,Don Ford,CLE,Cleveland Cavaliers,0028000516,1981-01-13,CLE vs. LAL,L,0,2,,,0.0,,,0,0,,,,,,,,,,4,,0
14123,21980,77829,Sam Pellom,ATL,Atlanta Hawks,0028000514,1981-01-13,ATL @ DEN,L,0,2,,,0.0,,,0,0,,,,,,,,,,4,,0
14124,21980,76305,Tom Burleson,ATL,Atlanta Hawks,0028000514,1981-01-13,ATL @ DEN,L,0,2,,,0.0,,,0,0,,,,,,,,,,4,,0
14125,21980,77167,Vinnie Johnson,SEA,Seattle SuperSonics,0028000512,1981-01-11,SEA vs. GOS,L,0,2,,,0.0,,,0,0,,,,,,,,,,4,,0
14126,21980,76283,Rickey Brown,GOS,Golden State Warriors,0028000512,1981-01-11,GOS @ SEA,W,0,2,,,0.0,,,0,0,,,,,,,,,,4,,0
14127,21980,77623,Paul Mokeski,DET,Detroit Pistons,0028000511,1981-01-11,DET @ LAL,L,0,2,,,0.0,,,0,0,,,,,,,,,,4,,0
14128,21980,600010,Len Elmore,MIL,Milwaukee Bucks,0028000509,1981-01-11,MIL vs. PHX,W,0,1,,,0.0,,,2,2,1.0,,,,,,,,,4,,0
14129,21980,77022,Johnny High,PHX,Phoenix Suns,0028000509,1981-01-11,PHX @ MIL,L,0,2,,,0.0,,,0,0,,,,,,,,,,4,,0
14130,21980,76686,Mike Evans,MIL,Milwaukee Bucks,0028000509,1981-01-11,MIL vs. PHX,W,0,2,,,0.0,,,0,0,,,,,,,,,,4,,0
14131,21980,78449,Lloyd Walton,KCK,Kansas City Kings,0028000508,1981-01-11,KCK vs. SDC,L,0,2,,,0.0,,,0,0,,,,,,,,,,4,,0
14132,21980,76899,Ernie Grunfeld,KCK,Kansas City Kings,0028000508,1981-01-11,KCK vs. SDC,L,0,2,,,0.0,,,0,0,,,,,,,,,,4,,0
14133,21980,77504,Andre McCarter,WAS,Washington Bullets,0028000510,1981-01-11,WAS @ SAN,L,0,2,,,0.0,,,0,0,,,,,,,,,,4,,0
14134,21980,76686,Mike Evans,MIL,Milwaukee Bucks,0028000507,1981-01-10,MIL @ IND,L,0,2,,,0.0,,,0,0,,,,,,,,,,4,,0
14135,21980,76231,Dudley Bradley,IND,Indiana Pacers,0028000507,1981-01-10,IND vs. MIL,W,0,2,,,0.0,,,0,0,,,,,,,,,,4,,0
14136,21980,78400,Jan Van Breda Kolff,NJN,New Jersey Nets,0028000505,1981-01-10,NJN vs. BOS,L,0,1,,,0.0,,,2,3,0.667,,,,,,,,,4,,0
14137,21980,77873,Ben Poquette,UTH,Utah Jazz,0028000504,1981-01-10,UTH vs. KCK,L,0,2,,,0.0,,,0,0,,,,,,,,,,4,,0
14138,21980,77326,Sam Lacey,KCK,Kansas City Kings,0028000504,1981-01-10,KCK @ UTH,W,0,1,,,0.0,,,2,2,1.0,,,,,,,,,4,,0
14139,21980,78467,Kermit Washington,POR,Portland Trail Blazers,0028000503,1981-01-10,POR @ HOU,L,0,2,,,0.0,,,0,0,,,,,,,,,,4,,0
14140,21980,78331,Mychal Thompson,POR,Portland Trail Blazers,0028000503,1981-01-10,POR @ HOU,L,0,2,,,0.0,,,0,0,,,,,,,,,,4,,0
14141,21980,77817,Billy Paultz,HOU,Houston Rockets,0028000503,1981-01-10,HOU vs. POR,W,0,2,,,0.0,,,0,0,,,,,,,,,,4,,0
14142,21980,78195,Larry Smith,GOS,Golden State Warriors,0028000502,1981-01-10,GOS vs. DET,W,0,2,,,0.0,,,0,0,,,,,,,,,,4,,0
14143,21980,76283,Rickey Brown,GOS,Golden State Warriors,0028000502,1981-01-10,GOS vs. DET,W,0,2,,,0.0,,,0,0,,,,,,,,,,4,,0
14144,21980,77152,John Johnson,SEA,Seattle SuperSonics,0028000500,1981-01-10,SEA vs. DEN,W,0,2,,,0.0,,,0,2,0.0,,,,,,,,,4,,0
14145,21980,100263,Bill Laimbeer,CLE,Cleveland Cavaliers,0028000497,1981-01-09,CLE @ ATL,W,0,2,,,0.0,,,0,0,,,,,,,,,,4,,0
14146,21980,77829,Sam Pellom,ATL,Atlanta Hawks,0028000497,1981-01-09,ATL vs. CLE,L,0,2,,,0.0,,,0,0,,,,,,,,,,4,,0
14147,21980,76350,Kenny Carr,CLE,Cleveland Cavaliers,0028000497,1981-01-09,CLE @ ATL,W,0,2,,,0.0,,,0,0,,,,,,,,,,4,,0
14148,21980,77152,John Johnson,SEA,Seattle SuperSonics,0028000496,1981-01-09,SEA @ LAL,L,0,1,,,0.0,,,2,3,0.667,,,,,,,,,4,,0
14149,21980,76881,David Greenwood,CHI,Chicago Bulls,0028000494,1981-01-09,CHI @ BOS,L,0,2,,,0.0,,,0,0,,,,,,,,,,4,,0
14150,21980,78467,Kermit Washington,POR,Portland Trail Blazers,0028000492,1981-01-09,POR @ SAN,L,0,1,,,0.0,,,2,3,0.667,,,,,,,,,4,,0
14151,21980,77944,Kevin Restani,SAN,San Antonio Spurs,0028000492,1981-01-09,SAN vs. POR,W,0,2,,,0.0,,,0,0,,,,,,,,,,4,,0
14152,21980,77633,Johnny Moore,SAN,San Antonio Spurs,0028000492,1981-01-09,SAN vs. POR,W,0,2,,,0.0,,,0,0,,,,,,,,,,4,,0
14153,21980,77331,John Lambert,KCK,Kansas City Kings,0028000491,1981-01-08,KCK vs. WAS,W,0,2,,,0.0,,,0,2,0.0,,,,,,,,,4,,0
14154,21980,77326,Sam Lacey,KCK,Kansas City Kings,0028000491,1981-01-08,KCK vs. WAS,W,0,2,,,0.0,,,0,0,,,,,,,,,,4,,0
14155,21980,77396,Scott Lloyd,DAL,Dallas Mavericks,0028000490,1981-01-08,DAL @ UTH,L,0,2,,,0.0,,,0,0,,,,,,,,,,4,,0
14156,21980,600005,Bob Lanier,MIL,Milwaukee Bucks,0028000489,1981-01-08,MIL vs. ATL,W,0,2,,,0.0,,,0,0,,,,,,,,,,4,,0
14157,21980,77553,Tom McMillen,ATL,Atlanta Hawks,0028000489,1981-01-08,ATL @ MIL,L,0,2,,,0.0,,,0,0,,,,,,,,,,4,,0
14158,21980,76365,Harvey Catchings,MIL,Milwaukee Bucks,0028000489,1981-01-08,MIL vs. ATL,W,0,1,,,0.0,,,2,2,1.0,,,,,,,,,4,,0
14159,21980,78449,Lloyd Walton,KCK,Kansas City Kings,0028000487,1981-01-07,KCK @ HOU,W,0,2,,,0.0,,,0,0,,,,,,,,,,4,,0
14160,21980,77331,John Lambert,KCK,Kansas City Kings,0028000487,1981-01-07,KCK @ HOU,W,0,2,,,0.0,,,0,0,,,,,,,,,,4,,0
14161,21980,77189,Major Jones,HOU,Houston Rockets,0028000487,1981-01-07,HOU vs. KCK,L,0,2,,,0.0,,,0,0,,,,,,,,,,4,,0
14162,21980,76616,Mike Dunleavy,HOU,Houston Rockets,0028000487,1981-01-07,HOU vs. KCK,L,0,2,,,0.0,,,0,0,,,,,,,,,,4,,0
14163,21980,77364,Ron Lee,DET,Detroit Pistons,0028000486,1981-01-07,DET @ SEA,L,0,1,,,0.0,,,2,4,0.5,,,,,,,,,4,,0
14164,21980,77136,Clemon Johnson,IND,Indiana Pacers,0028000484,1981-01-07,IND vs. NJN,W,0,2,,,0.0,,,0,0,,,,,,,,,,4,,0
14165,21980,940,Earl Cureton,PHL,Philadelphia 76ers,0028000483,1981-01-07,PHL vs. SAN,W,0,2,,,0.0,,,0,0,,,,,,,,,,4,,0
14166,21980,76830,Glen Gondrezick,DEN,Denver Nuggets,0028000482,1981-01-07,DEN vs. UTH,L,0,1,,,0.0,,,2,2,1.0,,,,,,,,,4,,0
14167,21980,76441,Wayne Cooper,UTH,Utah Jazz,0028000482,1981-01-07,UTH @ DEN,W,0,2,,,0.0,,,0,0,,,,,,,,,,4,,0
14168,21980,77975,Anthony Roberts,WAS,Washington Bullets,0028000480,1981-01-06,WAS @ LAL,L,0,2,,,0.0,,,0,1,0.0,,,,,,,,,4,,0
14169,21980,77876,Kevin Porter,WAS,Washington Bullets,0028000480,1981-01-06,WAS @ LAL,L,0,2,,,0.0,,,0,0,,,,,,,,,,4,,0
14170,21980,77205,Eddie Jordan,LAL,Los Angeles Lakers,0028000480,1981-01-06,LAL vs. WAS,W,0,2,,,0.0,,,0,0,,,,,,,,,,4,,0
14171,21980,76444,Michael Cooper,LAL,Los Angeles Lakers,0028000480,1981-01-06,LAL vs. WAS,W,0,2,,,0.0,,,0,0,,,,,,,,,,4,,0
14172,21980,76355,Butch Carter,LAL,Los Angeles Lakers,0028000480,1981-01-06,LAL vs. WAS,W,0,2,,,0.0,,,0,0,,,,,,,,,,4,,0
14173,21980,77364,Ron Lee,DET,Detroit Pistons,0028000479,1981-01-06,DET @ POR,L,0,1,,,0.0,,,2,2,1.0,,,,,,,,,4,,0
14174,21980,76954,Mike Harper,POR,Portland Trail Blazers,0028000479,1981-01-06,POR vs. DET,W,0,2,,,0.0,,,0,0,,,,,,,,,,4,,0
14175,21980,76771,Mike Gale,POR,Portland Trail Blazers,0028000479,1981-01-06,POR vs. DET,W,0,2,,,0.0,,,0,0,,,,,,,,,,4,,0
14176,21980,77635,Lowes Moore,NJN,New Jersey Nets,0028000478,1981-01-06,NJN @ MIL,L,0,2,,,0.0,,,0,0,,,,,,,,,,4,,0
14177,21980,76656,Bob Elliott,NJN,New Jersey Nets,0028000478,1981-01-06,NJN @ MIL,L,0,1,,,0.0,,,2,2,1.0,,,,,,,,,4,,0
14178,21980,77944,Kevin Restani,SAN,San Antonio Spurs,0028000477,1981-01-06,SAN @ NYK,W,0,2,,,0.0,,,0,0,,,,,,,,,,4,,0
14179,21980,77308,Joel Kramer,PHX,Phoenix Suns,0028000476,1981-01-06,PHX @ ATL,W,0,2,,,0.0,,,0,0,,,,,,,,,,4,,0
14180,21980,77022,Johnny High,PHX,Phoenix Suns,0028000476,1981-01-06,PHX @ ATL,W,0,2,,,0.0,,,0,0,,,,,,,,,,4,,0
14181,21980,76418,Don Collins,ATL,Atlanta Hawks,0028000476,1981-01-06,ATL vs. PHX,L,0,2,,,0.0,,,0,0,,,,,,,,,,4,,0
14182,21980,77182,Dwight Jones,CHI,Chicago Bulls,0028000475,1981-01-06,CHI vs. SDC,W,0,0,,,0.0,,,4,4,1.0,,,,,,,,,4,,0
14183,21980,76567,Coby Dietrick,CHI,Chicago Bulls,0028000475,1981-01-06,CHI vs. SDC,W,0,1,,,0.0,,,2,2,1.0,,,,,,,,,4,,0
14184,21980,77024,Armond Hill,SEA,Seattle SuperSonics,0028000474,1981-01-05,SEA vs. DAL,W,0,1,,,0.0,,,2,2,1.0,,,,,,,,,4,,0
14185,21980,76225,Winford Boynes,DAL,Dallas Mavericks,0028000474,1981-01-05,DAL @ SEA,L,0,2,,,0.0,,,0,0,,,,,,,,,,4,,0
14186,21980,78296,Brian Taylor,SDC,San Diego Clippers,0028000472,1981-01-04,SDC @ MIL,L,0,2,,,0.0,,,0,0,,,,,,,,,,4,,0
14187,21980,76686,Mike Evans,MIL,Milwaukee Bucks,0028000472,1981-01-04,MIL vs. SDC,W,0,1,,,0.0,,,2,2,1.0,,,,,,,,,4,,0
14188,21980,76365,Harvey Catchings,MIL,Milwaukee Bucks,0028000472,1981-01-04,MIL vs. SDC,W,0,1,,,0.0,,,2,2,1.0,,,,,,,,6.0,4,,0
14189,21980,76162,Henry Bibby,SDC,San Diego Clippers,0028000472,1981-01-04,SDC @ MIL,L,0,2,,,0.0,,,0,0,,,,,,,,,,4,,0
14190,21980,77136,Clemon Johnson,IND,Indiana Pacers,0028000471,1981-01-04,IND @ NJN,W,0,1,,,0.0,,,2,3,0.667,,,,,,,,,4,,0
14191,21980,77937,Billy Reid,GOS,Golden State Warriors,0028000468,1981-01-03,GOS vs. PHL,L,0,2,,,0.0,,,0,0,,,,,,,,,,4,,0
14192,21980,76283,Rickey Brown,GOS,Golden State Warriors,0028000468,1981-01-03,GOS vs. PHL,L,0,2,,,0.0,,,0,0,,,,,,,,,,4,,0
14193,21980,78146,Jerry Sichting,IND,Indiana Pacers,0028000467,1981-01-03,IND vs. SDC,W,0,1,,,0.0,,,2,2,1.0,,,,,,,,,4,,0
14194,21980,76317,Don Buse,IND,Indiana Pacers,0028000467,1981-01-03,IND vs. SDC,W,0,2,,,0.0,,,0,0,,,,,,,,,,4,,0
14195,21980,76005,Tom Abernethy,IND,Indiana Pacers,0028000467,1981-01-03,IND vs. SDC,W,0,2,,,0.0,,,0,0,,,,,,,,,,4,,0
14196,21980,78215,Ricky Sobers,CHI,Chicago Bulls,0028000465,1981-01-03,CHI vs. SAN,L,0,2,,,0.0,,,0,0,,,,,,,,,,4,,0
14197,21980,77633,Johnny Moore,SAN,San Antonio Spurs,0028000465,1981-01-03,SAN @ CHI,W,0,2,,,0.0,,,0,0,,,,,,,,,,4,,0
14198,21980,77182,Dwight Jones,CHI,Chicago Bulls,0028000465,1981-01-03,CHI vs. SAN,L,0,2,,,0.0,,,0,0,,,,,,,,,,4,,0
14199,21980,77149,George Johnson,SAN,San Antonio Spurs,0028000465,1981-01-03,SAN @ CHI,W,0,2,,,0.0,,,0,0,,,,,,,,,,4,,0
14200,21980,77553,Tom McMillen,ATL,Atlanta Hawks,0028000464,1981-01-03,ATL @ NYK,L,0,2,,,0.0,,,0,0,,,,,,,,,,4,,0
14201,21980,76971,Steve Hawes,ATL,Atlanta Hawks,0028000464,1981-01-03,ATL @ NYK,L,0,2,,,0.0,,,0,0,,,,,,,,,,4,,0
14202,21980,77800,Sonny Parker,GOS,Golden State Warriors,0028000463,1981-01-02,GOS vs. BOS,W,0,1,,,0.0,,,2,2,1.0,,,,,,,,,4,,0
14203,21980,76283,Rickey Brown,GOS,Golden State Warriors,0028000463,1981-01-02,GOS vs. BOS,W,0,2,,,0.0,,,0,0,,,,,,,,,,4,,0
14204,21980,78618,Sam Worthen,CHI,Chicago Bulls,0028000462,1981-01-02,CHI @ WAS,W,0,2,,,0.0,,,0,0,,,,,,,,,,4,,0
14205,21980,77876,Kevin Porter,WAS,Washington Bullets,0028000462,1981-01-02,WAS vs. CHI,L,0,2,,,0.0,,,0,0,,,,,,,,,,4,,0
14206,21980,76091,Greg Ballard,WAS,Washington Bullets,0028000462,1981-01-02,WAS vs. CHI,L,0,2,,,0.0,,,0,0,,,,,,,,,,4,,0
14207,21980,76231,Dudley Bradley,IND,Indiana Pacers,0028000459,1981-01-02,IND @ ATL,W,0,2,,,0.0,,,0,2,0.0,,,,,,,,,4,,0
14208,21980,77056,Cedrick Hordges,DEN,Denver Nuggets,0028000458,1981-01-02,DEN vs. PHX,L,0,1,,,0.0,,,2,2,1.0,,,,,,,,,4,,0
14209,21980,76011,Alvan Adams,PHX,Phoenix Suns,0028000458,1981-01-02,PHX @ DEN,W,0,2,,,0.0,,,0,0,,,,,,,,,,4,,0
14210,21980,77950,Clint Richardson,PHL,Philadelphia 76ers,0028000457,1981-01-02,PHL @ SEA,W,0,1,,,0.0,,,2,2,1.0,,,,,,,,,4,,0
14211,21980,76944,Bill Hanzlik,SEA,Seattle SuperSonics,0028000457,1981-01-02,SEA vs. PHL,L,0,1,,,0.0,,,2,2,1.0,,,,,,,,,4,,0
14212,21980,77944,Kevin Restani,SAN,San Antonio Spurs,0028000454,1981-01-02,SAN vs. LAL,W,0,2,,,0.0,,,0,0,,,,,,,,,,4,,0
14213,21980,77334,Mark Landsberger,LAL,Los Angeles Lakers,0028000454,1981-01-02,LAL @ SAN,L,0,2,,,0.0,,,0,0,,,,,,,,,,4,,0
14214,21980,76257,Allan Bristow,UTH,Utah Jazz,0028000455,1981-01-02,UTH @ KCK,L,0,2,,,0.0,,,0,0,,,,,,,,,,4,,0
14215,21980,77353,Allen Leavell,HOU,Houston Rockets,0028000453,1981-01-01,HOU vs. UTH,W,0,1,,,0.0,,,2,3,0.667,,,,,,,,,4,,0
14216,21980,76985,Garfield Heard,SDC,San Diego Clippers,0028000452,1981-01-01,SDC vs. BOS,L,0,2,,,0.0,,,0,0,,,,,,,,,,4,,0
14217,21980,76162,Henry Bibby,SDC,San Diego Clippers,0028000452,1981-01-01,SDC vs. BOS,L,0,2,,,0.0,,,0,0,,,,,,,,,,4,,0
14218,21980,77323,Kevin Kunnert,POR,Portland Trail Blazers,0028000451,1981-01-01,POR vs. DEN,W,0,2,,,0.0,,,0,0,,,,,,,,,,4,,0
14219,21980,77056,Cedrick Hordges,DEN,Denver Nuggets,0028000451,1981-01-01,DEN @ POR,L,0,2,,,0.0,,,0,0,,,,,,,,,,4,,0
14220,21980,77553,Tom McMillen,ATL,Atlanta Hawks,0028000448,1980-12-30,ATL vs. DET,W,0,2,,,0.0,,,0,0,,,,,,,,,,4,,0
14221,21980,76599,Larry Drew,DET,Detroit Pistons,0028000448,1980-12-30,DET @ ATL,L,0,2,,,0.0,,,0,0,,,,,,,,,,4,,0
14222,21980,77326,Sam Lacey,KCK,Kansas City Kings,0028000447,1980-12-30,KCK vs. GOS,L,0,2,,,0.0,,,0,2,0.0,,,,,,,,,4,,0
14223,21980,77149,George Johnson,SAN,San Antonio Spurs,0028000445,1980-12-30,SAN vs. SEA,W,0,1,,,0.0,,,2,2,1.0,,,,,,,,,4,,0
14224,21980,76889,Paul Griffin,SAN,San Antonio Spurs,0028000445,1980-12-30,SAN vs. SEA,W,0,1,,,0.0,,,2,2,1.0,,,,,,,,,4,,0
14225,21980,78520,Sidney Wicks,SDC,San Diego Clippers,0028000443,1980-12-30,SDC @ HOU,L,0,1,,,0.0,,,2,3,0.667,,,,,,,,,4,,0
14226,21980,77353,Allen Leavell,HOU,Houston Rockets,0028000443,1980-12-30,HOU vs. SDC,W,0,2,,,0.0,,,0,0,,,,,,,,,,4,,0
14227,21980,76290,Joe Bryant,SDC,San Diego Clippers,0028000443,1980-12-30,SDC @ HOU,L,0,0,,,0.0,,,4,4,1.0,,,,,,,,,4,,0
14228,21980,77993,Truck Robinson,PHX,Phoenix Suns,0028000442,1980-12-30,PHX vs. BOS,L,0,2,,,0.0,,,0,0,,,,,,,,,,4,,0
14229,21980,77438,Kyle Macy,PHX,Phoenix Suns,0028000442,1980-12-30,PHX vs. BOS,L,0,2,,,0.0,,,0,0,,,,,,,,,,4,,0
14230,21980,77626,Sidney Moncrief,MIL,Milwaukee Bucks,0028000441,1980-12-30,MIL @ WAS,W,0,2,,,0.0,,,0,0,,,,,,,,,,4,,0
14231,21980,328,Rick Mahorn,WAS,Washington Bullets,0028000441,1980-12-30,WAS vs. MIL,L,0,2,,,0.0,,,0,0,,,,,,,,,,4,,0
14232,21980,78481,Marvin Webster,NYK,New York Knicks,0028000440,1980-12-30,NYK vs. DAL,W,0,2,,,0.0,,,0,0,,,,,,,,,,4,,0
14233,21980,77087,Geoff Huston,DAL,Dallas Mavericks,0028000439,1980-12-29,DAL @ CLE,L,0,1,,,0.0,,,2,2,1.0,,,,,,,,,4,,0
14234,21980,76242,Mike Bratz,CLE,Cleveland Cavaliers,0028000439,1980-12-29,CLE vs. DAL,W,0,2,,,0.0,,,0,0,,,,,,,,,,4,,0
14235,21980,77950,Clint Richardson,PHL,Philadelphia 76ers,0028000438,1980-12-28,PHL @ LAL,L,0,2,,,0.0,,,0,0,,,,,,,,,,4,,0
14236,21980,77618,Steve Mix,PHL,Philadelphia 76ers,0028000438,1980-12-28,PHL @ LAL,L,0,2,,,0.0,,,0,0,,,,,,,,,,4,,0
14237,21980,77205,Eddie Jordan,LAL,Los Angeles Lakers,0028000438,1980-12-28,LAL vs. PHL,W,0,2,,,0.0,,,0,0,,,,,,,,,,4,,0
14238,21980,76392,Jim Chones,LAL,Los Angeles Lakers,0028000438,1980-12-28,LAL vs. PHL,W,0,1,,,0.0,,,2,5,0.4,,,,,,,,,4,,0
14239,21980,76248,Jim Brewer,LAL,Los Angeles Lakers,0028000438,1980-12-28,LAL vs. PHL,W,0,2,,,0.0,,,0,0,,,,,,,,,,4,,0
14240,21980,77754,Mike O'Koren,NJN,New Jersey Nets,0028000437,1980-12-28,NJN vs. KCK,L,0,2,,,0.0,,,0,0,,,,,,,,,,4,,0
14241,21980,77635,Lowes Moore,NJN,New Jersey Nets,0028000437,1980-12-28,NJN vs. KCK,L,0,2,,,0.0,,,0,0,,,,,,,,,,4,,0
14242,21980,77326,Sam Lacey,KCK,Kansas City Kings,0028000437,1980-12-28,KCK @ NJN,W,0,1,,,0.0,,,2,2,1.0,,,,,,,,,4,,0
14243,21980,76231,Dudley Bradley,IND,Indiana Pacers,0028000603,1980-12-27,IND @ SDC,L,0,2,,,0.0,,,0,0,,,,,,,,,,4,,0
14244,21980,78392,Wes Unseld,WAS,Washington Bullets,0028000436,1980-12-27,WAS vs. HOU,W,0,2,,,0.0,,,0,0,,,,,,,,,,4,,0
14245,21980,77817,Billy Paultz,HOU,Houston Rockets,0028000436,1980-12-27,HOU @ WAS,L,0,2,,,0.0,,,0,2,0.0,,,,,,,,,4,,0
14246,21980,77504,Andre McCarter,WAS,Washington Bullets,0028000436,1980-12-27,WAS vs. HOU,W,0,1,,,0.0,,,2,2,1.0,,,,,,,,,4,,0
14247,21980,76786,Calvin Garrett,HOU,Houston Rockets,0028000436,1980-12-27,HOU @ WAS,L,0,2,,,0.0,,,0,0,,,,,,,,,,4,,0
14248,21980,328,Rick Mahorn,WAS,Washington Bullets,0028000436,1980-12-27,WAS vs. HOU,W,0,2,,,0.0,,,0,0,,,,,,,,,,4,,0
14249,21980,78614,Mike Woodson,NYK,New York Knicks,0028000435,1980-12-27,NYK vs. KCK,W,0,2,,,0.0,,,0,0,,,,,,,,,,4,,0
14250,21980,76899,Ernie Grunfeld,KCK,Kansas City Kings,0028000435,1980-12-27,KCK @ NYK,L,0,2,,,0.0,,,0,0,,,,,,,,,,4,,0
14251,21980,78404,Kiki Vandeweghe,DEN,Denver Nuggets,0028000434,1980-12-27,DEN vs. PHL,W,0,2,,,0.0,,,0,0,,,,,,,,,,4,,0
14252,21980,77162,Ollie Johnson,PHL,Philadelphia 76ers,0028000434,1980-12-27,PHL @ DEN,L,0,2,,,0.0,,,0,0,,,,,,,,,,4,,0
14253,21980,76436,Jeff Cook,PHX,Phoenix Suns,0028000432,1980-12-27,PHX vs. LAL,W,0,1,,,0.0,,,2,2,1.0,,,,,,,,,4,,0
14254,21980,78015,Lorenzo Romar,GOS,Golden State Warriors,0028000430,1980-12-27,GOS vs. SEA,W,0,2,,,0.0,,,0,0,,,,,,,,,,4,,0
14255,21980,77419,John Lucas,GOS,Golden State Warriors,0028000430,1980-12-27,GOS vs. SEA,W,0,2,,,0.0,,,0,0,,,,,,,,,,4,,0
14256,21980,77152,John Johnson,SEA,Seattle SuperSonics,0028000430,1980-12-27,SEA @ GOS,L,0,2,,,0.0,,,0,0,,,,,,,,,,4,,0
14257,21980,78531,Bob Wilkerson,CHI,Chicago Bulls,0028000429,1980-12-27,CHI vs. DET,W,0,1,,,0.0,,,2,2,1.0,,,,,,,,,4,,0
14258,21980,78527,Michael Wiley,SAN,San Antonio Spurs,0028000428,1980-12-27,SAN vs. UTH,W,0,2,,,0.0,,,0,0,,,,,,,,,,4,,0
14259,21980,77215,Jeff Judkins,UTH,Utah Jazz,0028000428,1980-12-27,UTH @ SAN,L,0,2,,,0.0,,,0,0,,,,,,,,,,4,,0
14260,21980,76204,Ron Boone,UTH,Utah Jazz,0028000428,1980-12-27,UTH @ SAN,L,0,1,,,0.0,,,2,2,1.0,,,,,,,,,4,,0
14261,21980,78014,Tree Rollins,ATL,Atlanta Hawks,0028000427,1980-12-26,ATL @ NJN,W,0,1,,,0.0,,,2,2,1.0,,,,,,,,,4,,0
14262,21980,77553,Tom McMillen,ATL,Atlanta Hawks,0028000427,1980-12-26,ATL @ NJN,W,0,2,,,0.0,,,0,0,,,,,,,,,,4,,0
14263,21980,77528,Jim McElroy,ATL,Atlanta Hawks,0028000427,1980-12-26,ATL @ NJN,W,0,1,,,0.0,,,2,2,1.0,,,,,,,,,4,,0
14264,21980,78467,Kermit Washington,POR,Portland Trail Blazers,0028000426,1980-12-26,POR @ SEA,W,0,2,,,0.0,,,0,0,,,,,,,,,,4,,0
14265,21980,77043,Lionel Hollins,PHL,Philadelphia 76ers,0028000424,1980-12-26,PHL @ KCK,W,0,2,,,0.0,,,0,0,,,,,,,,,,4,,0
14266,21980,78618,Sam Worthen,CHI,Chicago Bulls,0028000423,1980-12-26,CHI @ CLE,W,0,1,,,0.0,,,2,2,1.0,,,,,,,,,4,,0
14267,21980,77848,Roger Phegley,CLE,Cleveland Cavaliers,0028000423,1980-12-26,CLE vs. CHI,L,0,2,,,0.0,,,0,0,,,,,,,,,,4,,0
14268,21980,77490,Scott May,CHI,Chicago Bulls,0028000423,1980-12-26,CHI @ CLE,W,0,1,,,0.0,,,2,4,0.5,,,,,,,,,4,,0
14269,21980,77623,Paul Mokeski,DET,Detroit Pistons,0028000422,1980-12-26,DET vs. HOU,L,0,2,,,0.0,,,0,0,,,,,,,,,,4,,0
14270,21980,77998,Dave Robisch,DEN,Denver Nuggets,0028000421,1980-12-26,DEN @ DAL,L,0,2,,,0.0,,,0,0,,,,,,,,,,4,,0
14271,21980,78481,Marvin Webster,NYK,New York Knicks,0028000419,1980-12-25,NYK vs. BOS,L,0,2,,,0.0,,,0,0,,,,,,,,,,4,,0
14272,21980,76822,Mike Glenn,NYK,New York Knicks,0028000419,1980-12-25,NYK vs. BOS,L,0,1,,,0.0,,,2,2,1.0,,,,,,,,,4,,0
14273,21980,77800,Sonny Parker,GOS,Golden State Warriors,0028000417,1980-12-25,GOS @ POR,L,0,1,,,0.0,,,2,2,1.0,,,,,,,,,4,,0
14274,21980,76771,Mike Gale,POR,Portland Trail Blazers,0028000417,1980-12-25,POR vs. GOS,W,0,1,,,0.0,,,2,4,0.5,,,,,,,,,4,,0
14275,21980,76283,Rickey Brown,GOS,Golden State Warriors,0028000417,1980-12-25,GOS @ POR,L,0,1,,,0.0,,,2,2,1.0,,,,,,,,,4,,0
14276,21980,600009,Rory Sparrow,NJN,New Jersey Nets,0028000416,1980-12-25,NJN @ WAS,L,0,2,,,0.0,,,0,0,,,,,,,,,,4,,0
14277,21980,77420,Maurice Lucas,NJN,New Jersey Nets,0028000416,1980-12-25,NJN @ WAS,L,0,1,,,0.0,,,2,2,1.0,,,,,,,,,4,,0
14278,21980,76348,Austin Carr,WAS,Washington Bullets,0028000416,1980-12-25,WAS vs. NJN,W,0,2,,,0.0,,,0,0,,,,,,,,,,4,,0
14279,21980,76520,Monti Davis,DAL,Dallas Mavericks,0028000407,1980-12-23,DAL vs. UTH,L,0,1,,,,,,2,2,1.0,,,,,,,,,4,,0
14280,21980,77334,Mark Landsberger,LAL,Los Angeles Lakers,0028000415,1980-12-23,LAL @ POR,L,0,1,,,0.0,,,2,3,0.667,,,,,,,,,4,,0
14281,21980,78519,Charles Whitney,KCK,Kansas City Kings,0028000414,1980-12-23,KCK @ CLE,W,0,2,,,0.0,,,0,0,,,,,,,,,,4,,0
14282,21980,78200,Randy Smith,CLE,Cleveland Cavaliers,0028000414,1980-12-23,CLE vs. KCK,L,0,2,,,0.0,,,0,0,,,,,,,,,,4,,0
14283,21980,77189,Major Jones,HOU,Houston Rockets,0028000413,1980-12-23,HOU vs. GOS,L,0,2,,,0.0,,,0,0,,,,,,,,,,4,,0
14284,21980,76733,Chris Ford,BOS,Boston Celtics,0028000412,1980-12-23,BOS vs. DEN,W,0,2,,,0.0,,,0,0,,,,,,,,,,4,,0
14285,21980,76317,Don Buse,IND,Indiana Pacers,0028000411,1980-12-23,IND vs. NJN,W,0,2,,,0.0,,,0,0,,,,,,,,,,4,,0
14286,21980,76598,John Drew,ATL,Atlanta Hawks,0028000410,1980-12-23,ATL vs. WAS,W,0,2,,,0.0,,,0,2,0.0,,,,,,,,,4,,0
14287,21980,77235,Rich Kelley,PHX,Phoenix Suns,0028000409,1980-12-23,PHX vs. DET,W,0,2,,,0.0,,,0,0,,,,,,,,,,4,,0
14288,21980,76174,Norman Black,DET,Detroit Pistons,0028000409,1980-12-23,DET @ PHX,L,0,1,,,0.0,,,2,8,0.25,,,,,,,,,4,,0
14289,21980,78481,Marvin Webster,NYK,New York Knicks,0028000408,1980-12-23,NYK @ CHI,L,0,2,,,0.0,,,0,2,0.0,,,,,,,,,4,,0
14290,21980,77490,Scott May,CHI,Chicago Bulls,0028000408,1980-12-23,CHI vs. NYK,W,0,2,,,0.0,,,0,0,,,,,,,,,,4,,0
14291,21980,76257,Allan Bristow,UTH,Utah Jazz,0028000407,1980-12-23,UTH @ DAL,W,0,1,,,0.0,,,2,2,1.0,,,,,,,,,4,,0
14292,21980,77718,Mike Niles,PHX,Phoenix Suns,0028000405,1980-12-21,PHX @ POR,W,0,1,,,0.0,,,2,4,0.5,,,,,,,,,4,,0
14293,21980,76174,Norman Black,DET,Detroit Pistons,0028000404,1980-12-21,DET @ SDC,L,0,2,,,0.0,,,0,0,,,,,,,,,,4,,0
14294,21980,76162,Henry Bibby,SDC,San Diego Clippers,0028000404,1980-12-21,SDC vs. DET,W,0,2,,,0.0,,,0,0,,,,,,,,,,4,,0
14295,21980,78274,John Stroud,HOU,Houston Rockets,0028000403,1980-12-21,HOU @ MIL,L,0,1,,,0.0,,,2,2,1.0,,,,,,,,,4,,0
14296,21980,76996,Tom Henderson,HOU,Houston Rockets,0028000403,1980-12-21,HOU @ MIL,L,0,2,,,0.0,,,0,1,0.0,,,,,,,,,4,,0
14297,21980,76686,Mike Evans,MIL,Milwaukee Bucks,0028000403,1980-12-21,MIL vs. HOU,W,0,2,,,0.0,,,0,0,,,,,,,,,,4,,0
14298,21980,77633,Johnny Moore,SAN,San Antonio Spurs,0028000402,1980-12-21,SAN @ LAL,L,0,2,,,0.0,,,0,0,,,,,,,,,,4,,0
14299,21980,76895,Bob Gross,POR,Portland Trail Blazers,0028000401,1980-12-20,POR vs. ATL,W,0,1,,,0.0,,,2,2,1.0,,,,,,,,,4,,0
14300,21980,77848,Roger Phegley,CLE,Cleveland Cavaliers,0028000400,1980-12-20,CLE vs. BOS,L,0,2,,,0.0,,,0,0,,,,,,,,,,4,,0
14301,21980,76242,Mike Bratz,CLE,Cleveland Cavaliers,0028000400,1980-12-20,CLE vs. BOS,L,0,2,,,0.0,,,0,0,,,,,,,,,,4,,0
14302,21980,77547,Billy McKinney,UTH,Utah Jazz,0028000399,1980-12-20,UTH vs. SDC,L,0,2,,,0.0,,,0,0,,,,,,,,,,4,,0
14303,21980,76204,Ron Boone,UTH,Utah Jazz,0028000399,1980-12-20,UTH vs. SDC,L,0,2,,,0.0,,,0,0,,,,,,,,,,4,,0
14304,21980,76822,Mike Glenn,NYK,New York Knicks,0028000398,1980-12-20,NYK vs. DEN,W,0,1,,,0.0,,,2,2,1.0,,,,,,,,,4,,0
14305,21980,77326,Sam Lacey,KCK,Kansas City Kings,0028000397,1980-12-20,KCK vs. IND,L,0,1,,,0.0,,,2,3,0.667,,,,,,,,,4,,0
14306,21980,77936,Robert Reid,HOU,Houston Rockets,0028000395,1980-12-20,HOU @ CHI,L,0,1,,,0.0,,,2,2,1.0,,,,,,,,6.0,4,,0
14307,21980,600010,Len Elmore,MIL,Milwaukee Bucks,0028000393,1980-12-19,MIL @ CHI,L,0,2,,,0.0,,,0,0,,,,,,,,,,4,,0
14308,21980,76385,Maurice Cheeks,PHL,Philadelphia 76ers,0028000392,1980-12-19,PHL vs. NJN,W,0,1,,,0.0,,,2,3,0.667,,,,,,,,,4,,0
14309,21980,77144,Eddie Johnson,ATL,Atlanta Hawks,0028000391,1980-12-19,ATL @ SEA,L,0,2,,,0.0,,,0,0,,,,,,,,,,4,,0
14310,21980,77024,Armond Hill,SEA,Seattle SuperSonics,0028000391,1980-12-19,SEA vs. ATL,W,0,1,,,0.0,,,2,2,1.0,,,,,,,,,4,,0
14311,21980,77149,George Johnson,SAN,San Antonio Spurs,0028000389,1980-12-19,SAN vs. GOS,W,0,2,,,0.0,,,0,0,,,,,,,,,,4,,0
14312,21980,76889,Paul Griffin,SAN,San Antonio Spurs,0028000389,1980-12-19,SAN vs. GOS,W,0,1,,,0.0,,,2,2,1.0,,,,,,,,,4,,0
14313,21980,76283,Rickey Brown,GOS,Golden State Warriors,0028000389,1980-12-19,GOS @ SAN,L,0,2,,,0.0,,,0,0,,,,,,,,,,4,,0
14314,21980,78481,Marvin Webster,NYK,New York Knicks,0028000388,1980-12-19,NYK @ WAS,W,0,1,,,0.0,,,2,2,1.0,,,,,,,,,4,,0
14315,21980,76348,Austin Carr,WAS,Washington Bullets,0028000388,1980-12-19,WAS vs. NYK,L,0,2,,,0.0,,,0,0,,,,,,,,,,4,,0
14316,21980,76895,Bob Gross,POR,Portland Trail Blazers,0028000387,1980-12-19,POR @ LAL,W,0,2,,,0.0,,,0,0,,,,,,,,,,4,,0
14317,21980,77602,Dick Miller,UTH,Utah Jazz,0028000386,1980-12-19,UTH @ PHX,L,0,2,,,0.0,,,0,0,,,,,,,,,,4,,0
14318,21980,77547,Billy McKinney,UTH,Utah Jazz,0028000386,1980-12-19,UTH @ PHX,L,0,1,,,0.0,,,2,2,1.0,,,,,,,,,4,,0
14319,21980,76257,Allan Bristow,UTH,Utah Jazz,0028000386,1980-12-19,UTH @ PHX,L,0,1,,,0.0,,,2,2,1.0,,,,,,,,,4,,0
14320,21980,76225,Winford Boynes,DAL,Dallas Mavericks,0028000385,1980-12-18,DAL @ SDC,L,0,2,,,0.0,,,0,0,,,,,,,,,,4,,0
14321,21980,76162,Henry Bibby,SDC,San Diego Clippers,0028000385,1980-12-18,SDC vs. DAL,W,0,2,,,0.0,,,0,0,,,,,,,,,,4,,0
14322,21980,76365,Harvey Catchings,MIL,Milwaukee Bucks,0028000384,1980-12-18,MIL vs. DET,W,0,2,,,0.0,,,0,0,,,,,,,,,,4,,0
14323,21980,76618,T.R. Dunn,DEN,Denver Nuggets,0028000383,1980-12-18,DEN @ CLE,L,0,2,,,0.0,,,0,0,,,,,,,,,,4,,0
14324,21980,78449,Lloyd Walton,KCK,Kansas City Kings,0028000381,1980-12-17,KCK @ SEA,L,0,2,,,0.0,,,0,0,,,,,,,,,,4,,0
14325,21980,78215,Ricky Sobers,CHI,Chicago Bulls,0028000380,1980-12-17,CHI @ BOS,L,0,1,,,0.0,,,2,2,1.0,,,,,,,,,4,,0
14326,21980,76993,Gerald Henderson,BOS,Boston Celtics,0028000380,1980-12-17,BOS vs. CHI,W,0,2,,,0.0,,,0,0,,,,,,,,,,4,,0
14327,21980,76707,Eric Fernsten,BOS,Boston Celtics,0028000380,1980-12-17,BOS vs. CHI,W,0,2,,,0.0,,,0,0,,,,,,,,,,4,,0
14328,21980,78095,Alvin Scott,PHX,Phoenix Suns,0028000379,1980-12-17,PHX vs. DAL,W,0,1,,,0.0,,,2,2,1.0,,,,,,,,,4,,0
14329,21980,77718,Mike Niles,PHX,Phoenix Suns,0028000379,1980-12-17,PHX vs. DAL,W,0,1,,,0.0,,,2,2,1.0,,,,,,,,,4,,0
14330,21980,77308,Joel Kramer,PHX,Phoenix Suns,0028000379,1980-12-17,PHX vs. DAL,W,0,2,,,0.0,,,0,0,,,,,,,,,,4,,0
14331,21980,76436,Jeff Cook,PHX,Phoenix Suns,0028000379,1980-12-17,PHX vs. DAL,W,0,2,,,0.0,,,0,0,,,,,,,,,,4,,0
14332,21980,78468,Richard Washington,CLE,Cleveland Cavaliers,0028000378,1980-12-17,CLE @ PHL,L,0,2,,,0.0,,,0,0,,,,,,,,,,4,,0
14333,21980,78351,Andrew Toney,PHL,Philadelphia 76ers,0028000378,1980-12-17,PHL vs. CLE,W,0,1,,,0.0,,,2,2,1.0,,,,,,,,,4,,0
14334,21980,77162,Ollie Johnson,PHL,Philadelphia 76ers,0028000378,1980-12-17,PHL vs. CLE,W,0,1,,,0.0,,,2,2,1.0,,,,,,,,,4,,0
14335,21980,77669,Calvin Murphy,HOU,Houston Rockets,0028000377,1980-12-17,HOU vs. SAN,L,0,2,,,0.0,,,0,0,,,,,,,,,,4,,0
14336,21980,76996,Tom Henderson,HOU,Houston Rockets,0028000377,1980-12-17,HOU vs. SAN,L,0,1,,,0.0,,,2,2,1.0,,,,,,,,,4,,0
14337,21980,600010,Len Elmore,MIL,Milwaukee Bucks,0028000376,1980-12-17,MIL @ NJN,L,0,1,,,0.0,,,2,2,1.0,,,,,,,,,4,,0
14338,21980,77184,Edgar Jones,NJN,New Jersey Nets,0028000376,1980-12-17,NJN vs. MIL,W,0,2,,,0.0,,,0,0,,,,,,,,,,4,,0
14339,21980,76365,Harvey Catchings,MIL,Milwaukee Bucks,0028000376,1980-12-17,MIL @ NJN,L,0,2,,,0.0,,,0,0,,,,,,,,,,4,,0
14340,21980,78570,Sly Williams,NYK,New York Knicks,0028000374,1980-12-17,NYK @ DET,W,0,0,,,0.0,,,4,4,1.0,,,,,,,,,4,,0
14341,21980,77010,Keith Herron,DET,Detroit Pistons,0028000374,1980-12-17,DET vs. NYK,L,0,2,,,0.0,,,0,0,,,,,,,,,,4,,0
14342,21980,76599,Larry Drew,DET,Detroit Pistons,0028000374,1980-12-17,DET vs. NYK,L,0,2,,,0.0,,,0,0,,,,,,,,,,4,,0
14343,21980,77829,Sam Pellom,ATL,Atlanta Hawks,0028000373,1980-12-16,ATL vs. NJN,W,0,2,,,0.0,,,0,0,,,,,,,,,,4,,0
14344,21980,77635,Lowes Moore,NJN,New Jersey Nets,0028000373,1980-12-16,NJN @ ATL,L,0,2,,,0.0,,,0,0,,,,,,,,,,4,,0
14345,21980,77215,Jeff Judkins,UTH,Utah Jazz,0028000372,1980-12-16,UTH @ NYK,L,0,2,,,0.0,,,0,0,,,,,,,,,,4,,0
14346,21980,76385,Maurice Cheeks,PHL,Philadelphia 76ers,0028000371,1980-12-16,PHL @ IND,W,0,1,,,0.0,,,2,3,0.667,,,,,,,,,4,,0
14347,21980,76317,Don Buse,IND,Indiana Pacers,0028000371,1980-12-16,IND vs. PHL,L,0,1,,,0.0,,,2,2,1.0,,,,,,,,,4,,0
14348,21980,77944,Kevin Restani,SAN,San Antonio Spurs,0028000370,1980-12-16,SAN @ DAL,W,0,2,,,0.0,,,0,2,0.0,,,,,,,,,4,,0
14349,21980,77328,Tom LaGarde,DAL,Dallas Mavericks,0028000370,1980-12-16,DAL vs. SAN,L,0,1,,,0.0,,,2,2,1.0,,,,,,,,,4,,0
14350,21980,76889,Paul Griffin,SAN,San Antonio Spurs,0028000370,1980-12-16,SAN @ DAL,W,0,2,,,0.0,,,0,0,,,,,,,,,,4,,0
14351,21980,76225,Winford Boynes,DAL,Dallas Mavericks,0028000370,1980-12-16,DAL vs. SAN,L,0,2,,,0.0,,,0,0,,,,,,,,,,4,,0
14352,21980,78520,Sidney Wicks,SDC,San Diego Clippers,0028000369,1980-12-16,SDC vs. LAL,W,0,1,,,0.0,,,2,2,1.0,,,,,,,,,4,,0
14353,21980,76985,Garfield Heard,SDC,San Diego Clippers,0028000369,1980-12-16,SDC vs. LAL,W,0,1,,,0.0,,,2,2,1.0,,,,,,,,,4,,0
14354,21980,76392,Jim Chones,LAL,Los Angeles Lakers,0028000369,1980-12-16,LAL @ SDC,L,0,2,,,0.0,,,0,0,,,,,,,,,,4,,0
14355,21980,76590,Leon Douglas,KCK,Kansas City Kings,0028000368,1980-12-16,KCK @ DEN,W,0,2,,,0.0,,,0,0,,,,,,,,,,4,,0
14356,21980,77182,Dwight Jones,CHI,Chicago Bulls,0028000367,1980-12-16,CHI @ WAS,W,0,2,,,0.0,,,0,0,,,,,,,,,,4,,0
14357,21980,77998,Dave Robisch,DEN,Denver Nuggets,0028000368,1980-12-16,DEN vs. KCK,L,0,2,,,0.0,,,0,0,,,,,,,,,,4,,0
14358,21980,76283,Rickey Brown,GOS,Golden State Warriors,0028000366,1980-12-14,GOS @ LAL,L,0,2,,,0.0,,,0,0,,,,,,,,,,4,,0
14359,21980,77944,Kevin Restani,SAN,San Antonio Spurs,0028000365,1980-12-14,SAN @ MIL,L,0,1,,,0.0,,,2,2,1.0,,,,,,,,,4,,0
14360,21980,78442,Wally Walker,SEA,Seattle SuperSonics,0028000362,1980-12-14,SEA @ SDC,L,0,2,,,0.0,,,0,0,,,,,,,,,,4,,0
14361,21980,77167,Vinnie Johnson,SEA,Seattle SuperSonics,0028000362,1980-12-14,SEA @ SDC,L,0,1,,,0.0,,,2,2,1.0,,,,,,,,,4,,0
14362,21980,76944,Bill Hanzlik,SEA,Seattle SuperSonics,0028000362,1980-12-14,SEA @ SDC,L,0,2,,,0.0,,,0,2,0.0,,,,,,,,,4,,0
14363,21980,76686,Mike Evans,MIL,Milwaukee Bucks,0028000361,1980-12-13,MIL @ ATL,L,0,1,,,0.0,,,2,2,1.0,,,,,,,,,4,,0
14364,21980,77876,Kevin Porter,WAS,Washington Bullets,0028000359,1980-12-13,WAS vs. IND,W,0,2,,,0.0,,,0,0,,,,,,,,,,4,,0
14365,21980,78519,Charles Whitney,KCK,Kansas City Kings,0028000358,1980-12-13,KCK vs. DAL,W,0,1,,,0.0,,,2,2,1.0,,,,,,,,,4,,0
14366,21980,78274,John Stroud,HOU,Houston Rockets,0028000357,1980-12-13,HOU @ GOS,W,0,2,,,0.0,,,0,0,,,,,,,,,,4,,0
14367,21980,78195,Larry Smith,GOS,Golden State Warriors,0028000357,1980-12-13,GOS vs. HOU,L,0,2,,,0.0,,,0,0,,,,,,,,,,4,,0
14368,21980,77800,Sonny Parker,GOS,Golden State Warriors,0028000357,1980-12-13,GOS vs. HOU,L,0,2,,,0.0,,,0,0,,,,,,,,,,4,,0
14369,21980,76996,Tom Henderson,HOU,Houston Rockets,0028000357,1980-12-13,HOU @ GOS,W,0,2,,,0.0,,,0,0,,,,,,,,,,4,,0
14370,21980,76874,Rickey Green,UTH,Utah Jazz,0028000355,1980-12-13,UTH @ CLE,L,0,2,,,0.0,,,0,0,,,,,,,,,,4,,0
14371,21980,76350,Kenny Carr,CLE,Cleveland Cavaliers,0028000355,1980-12-13,CLE vs. UTH,W,0,2,,,0.0,,,0,2,0.0,,,,,,,,,4,,0
14372,21980,77984,Rick Robey,BOS,Boston Celtics,0028000354,1980-12-13,BOS @ CHI,W,0,2,,,0.0,,,0,0,,,,,,,,,,4,,0
14373,21980,76290,Joe Bryant,SDC,San Diego Clippers,0028000353,1980-12-12,SDC @ DAL,L,0,1,,,0.0,,,2,2,1.0,,,,,,,,,4,,0
14374,21980,78531,Bob Wilkerson,CHI,Chicago Bulls,0028000351,1980-12-12,CHI vs. UTH,W,0,2,,,0.0,,,0,0,,,,,,,,,,4,,0
14375,21980,76567,Coby Dietrick,CHI,Chicago Bulls,0028000351,1980-12-12,CHI vs. UTH,W,0,1,,,0.0,,,2,2,1.0,,,,,,,,6.0,4,,0
14376,21980,76385,Maurice Cheeks,PHL,Philadelphia 76ers,0028000350,1980-12-12,PHL vs. WAS,W,0,2,,,0.0,,,0,0,,,,,,,,,,4,,0
14377,21980,940,Earl Cureton,PHL,Philadelphia 76ers,0028000350,1980-12-12,PHL vs. WAS,W,0,1,,,0.0,,,2,2,1.0,,,,,,,,,4,,0
14378,21980,76599,Larry Drew,DET,Detroit Pistons,0028000349,1980-12-12,DET vs. CLE,W,0,2,,,0.0,,,0,0,,,,,,,,,,4,,0
14379,21980,78436,Foots Walker,NJN,New Jersey Nets,0028000348,1980-12-12,NJN @ BOS,L,0,2,,,0.0,,,0,0,,,,,,,,,,4,,0
14380,21980,600010,Len Elmore,MIL,Milwaukee Bucks,0028000346,1980-12-11,MIL vs. NYK,W,0,2,,,0.0,,,0,0,,,,,,,,,,4,,0
14381,21980,77633,Johnny Moore,SAN,San Antonio Spurs,0028000345,1980-12-11,SAN vs. KCK,W,0,2,,,0.0,,,0,0,,,,,,,,,,4,,0
14382,21980,76802,Gus Gerard,KCK,Kansas City Kings,0028000345,1980-12-11,KCK @ SAN,L,0,2,,,0.0,,,0,0,,,,,,,,,,4,,0
14383,21980,76231,Dudley Bradley,IND,Indiana Pacers,0028000344,1980-12-11,IND @ CLE,W,0,1,,,0.0,,,2,3,0.667,,,,,,,,,4,,0
14384,21980,78095,Alvin Scott,PHX,Phoenix Suns,0028000343,1980-12-10,PHX @ IND,L,0,2,,,0.0,,,0,0,,,,,,,,,,4,,0
14385,21980,77308,Joel Kramer,PHX,Phoenix Suns,0028000343,1980-12-10,PHX @ IND,L,0,2,,,0.0,,,0,0,,,,,,,,,,4,,0
14386,21980,76567,Coby Dietrick,CHI,Chicago Bulls,0028000342,1980-12-10,CHI @ PHL,L,0,1,,,0.0,,,2,2,1.0,,,,,,,,,4,,0
14387,21980,77334,Mark Landsberger,LAL,Los Angeles Lakers,0028000340,1980-12-10,LAL @ HOU,W,0,1,,,0.0,,,2,2,1.0,,,,,,,,,4,,0
14388,21980,76444,Michael Cooper,LAL,Los Angeles Lakers,0028000340,1980-12-10,LAL @ HOU,W,0,2,,,0.0,,,0,0,,,,,,,,,,4,,0
14389,21980,76248,Jim Brewer,LAL,Los Angeles Lakers,0028000340,1980-12-10,LAL @ HOU,W,0,2,,,0.0,,,0,0,,,,,,,,,,4,,0
14390,21980,76971,Steve Hawes,ATL,Atlanta Hawks,0028000339,1980-12-10,ATL @ DET,W,0,2,,,0.0,,,0,0,,,,,,,,,,4,,0
14391,21980,76985,Garfield Heard,SDC,San Diego Clippers,0028000337,1980-12-10,SDC @ KCK,L,0,2,,,0.0,,,0,0,,,,,,,,,,4,,0
14392,21980,76802,Gus Gerard,KCK,Kansas City Kings,0028000337,1980-12-10,KCK vs. SDC,W,0,1,,,0.0,,,2,3,0.667,,,,,,,,,4,,0
14393,21980,76266,Michael Brooks,SDC,San Diego Clippers,0028000337,1980-12-10,SDC @ KCK,L,0,1,,,0.0,,,2,3,0.667,,,,,,,,,4,,0
14394,21980,78442,Wally Walker,SEA,Seattle SuperSonics,0028000336,1980-12-10,SEA @ GOS,W,0,2,,,0.0,,,0,0,,,,,,,,,,4,,0
14395,21980,77937,Billy Reid,GOS,Golden State Warriors,0028000336,1980-12-10,GOS vs. SEA,L,0,2,,,0.0,,,0,0,,,,,,,,,,4,,0
14396,21980,78400,Jan Van Breda Kolff,NJN,New Jersey Nets,0028000335,1980-12-10,NJN vs. NYK,L,0,1,,,0.0,,,2,2,1.0,,,,,,,,,4,,0
14397,21980,76889,Paul Griffin,SAN,San Antonio Spurs,0028000334,1980-12-09,SAN @ UTH,W,0,2,,,0.0,,,0,0,,,,,,,,,,4,,0
14398,21980,77078,Kim Hughes,CLE,Cleveland Cavaliers,0028000333,1980-12-09,CLE vs. PHL,L,0,2,,,0.0,,,0,0,,,,,,,,,,4,,0
14399,21980,76734,Don Ford,CLE,Cleveland Cavaliers,0028000333,1980-12-09,CLE vs. PHL,L,0,2,,,0.0,,,0,0,,,,,,,,,,4,,0
14400,21980,76385,Maurice Cheeks,PHL,Philadelphia 76ers,0028000333,1980-12-09,PHL @ CLE,W,0,2,,,0.0,,,0,0,,,,,,,,,,4,,0
14401,21980,76553,Larry Demic,NYK,New York Knicks,0028000332,1980-12-09,NYK vs. WAS,W,0,2,,,0.0,,,0,0,,,,,,,,,,4,,0
14402,21980,77553,Tom McMillen,ATL,Atlanta Hawks,0028000331,1980-12-09,ATL vs. SDC,W,0,2,,,0.0,,,0,0,,,,,,,,,,4,,0
14403,21980,76296,Quinn Buckner,MIL,Milwaukee Bucks,0028000330,1980-12-09,MIL @ BOS,L,0,2,,,0.0,,,0,0,,,,,,,,,,4,,0
14404,21980,76321,Marty Byrnes,DAL,Dallas Mavericks,0028000329,1980-12-09,DAL vs. LAL,L,0,1,,,0.0,,,2,2,1.0,,,,,,,,,4,,0
14405,21980,77152,John Johnson,SEA,Seattle SuperSonics,0028000328,1980-12-09,SEA @ POR,L,0,2,,,0.0,,,0,0,,,,,,,,,,4,,0
14406,21980,77308,Joel Kramer,PHX,Phoenix Suns,0028000327,1980-12-09,PHX @ CHI,W,0,2,,,0.0,,,0,0,,,,,,,,,,4,,0
14407,21980,77633,Johnny Moore,SAN,San Antonio Spurs,0028000326,1980-12-08,SAN @ SEA,L,0,2,,,0.0,,,0,0,,,,,,,,,,4,,0
14408,21980,76944,Bill Hanzlik,SEA,Seattle SuperSonics,0028000326,1980-12-08,SEA vs. SAN,W,0,1,,,0.0,,,2,2,1.0,,,,,,,,,4,,0
14409,21980,77756,Mark Olberding,SAN,San Antonio Spurs,0028000325,1980-12-07,SAN @ POR,L,0,1,,,0.0,,,2,4,0.5,,,,,,,,,4,,0
14410,21980,77323,Kevin Kunnert,POR,Portland Trail Blazers,0028000325,1980-12-07,POR vs. SAN,W,0,2,,,0.0,,,0,0,,,,,,,,,,4,,0
14411,21980,78520,Sidney Wicks,SDC,San Diego Clippers,0028000324,1980-12-07,SDC vs. NJN,W,0,2,,,0.0,,,0,2,0.0,,,,,,,,6.0,4,,0
14412,21980,78195,Larry Smith,GOS,Golden State Warriors,0028000322,1980-12-07,GOS @ PHX,L,0,1,,,0.0,,,2,4,0.5,,,,,,,,,4,,0
14413,21980,77937,Billy Reid,GOS,Golden State Warriors,0028000322,1980-12-07,GOS @ PHX,L,0,2,,,0.0,,,0,0,,,,,,,,,,4,,0
14414,21980,77547,Billy McKinney,UTH,Utah Jazz,0028000321,1980-12-07,UTH @ LAL,L,0,2,,,0.0,,,0,0,,,,,,,,,,4,,0
14415,21980,77800,Sonny Parker,GOS,Golden State Warriors,0028000320,1980-12-06,GOS vs. LAL,W,0,1,,,0.0,,,2,2,1.0,,,,,,,,,4,,0
14416,21980,78519,Charles Whitney,KCK,Kansas City Kings,0028000319,1980-12-06,KCK @ IND,L,0,1,,,0.0,,,2,3,0.667,,,,,,,,,4,,0
14417,21980,77326,Sam Lacey,KCK,Kansas City Kings,0028000319,1980-12-06,KCK @ IND,L,0,2,,,0.0,,,0,0,,,,,,,,,,4,,0
14418,21980,76899,Ernie Grunfeld,KCK,Kansas City Kings,0028000319,1980-12-06,KCK @ IND,L,0,2,,,0.0,,,0,0,,,,,,,,,,4,,0
14419,21980,76736,Phil Ford,KCK,Kansas City Kings,0028000319,1980-12-06,KCK @ IND,L,0,2,,,0.0,,,0,0,,,,,,,,,,4,,0
14420,21980,76317,Don Buse,IND,Indiana Pacers,0028000319,1980-12-06,IND vs. KCK,W,0,2,,,0.0,,,0,0,,,,,,,,,,4,,0
14421,21980,77432,Ollie Mack,DAL,Dallas Mavericks,0028000318,1980-12-06,DAL @ ATL,L,0,1,,,0.0,,,2,2,1.0,,,,,,,,,4,,0
14422,21980,76321,Marty Byrnes,DAL,Dallas Mavericks,0028000318,1980-12-06,DAL @ ATL,L,0,1,,,0.0,,,2,2,1.0,,,,,,,,,4,,0
14423,21980,78614,Mike Woodson,NYK,New York Knicks,0028000317,1980-12-06,NYK vs. MIL,W,0,1,,,0.0,,,2,2,1.0,,,,,,,,,4,,0
14424,21980,76553,Larry Demic,NYK,New York Knicks,0028000317,1980-12-06,NYK vs. MIL,W,0,2,,,0.0,,,0,0,,,,,,,,,,4,,0
14425,21980,76583,James Donaldson,SEA,Seattle SuperSonics,0028000316,1980-12-06,SEA @ UTH,W,0,2,,,0.0,,,0,0,,,,,,,,,,4,,0
14426,21980,76078,Dennis Awtrey,SEA,Seattle SuperSonics,0028000316,1980-12-06,SEA @ UTH,W,0,2,,,0.0,,,0,0,,,,,,,,,,4,,0
14427,21980,77189,Major Jones,HOU,Houston Rockets,0028000315,1980-12-06,HOU vs. DEN,W,0,1,,,0.0,,,2,2,1.0,,,,,,,,,4,,0
14428,21980,100263,Bill Laimbeer,CLE,Cleveland Cavaliers,0028000314,1980-12-06,CLE vs. DET,W,0,2,,,0.0,,,0,0,,,,,,,,,,4,,0
14429,21980,76483,Pat Cummings,MIL,Milwaukee Bucks,0028000317,1980-12-06,MIL @ NYK,L,0,2,,,0.0,,,0,0,,,,,,,,,,4,,0
14430,21980,76296,Quinn Buckner,MIL,Milwaukee Bucks,0028000317,1980-12-06,MIL @ NYK,L,0,2,,,0.0,,,0,0,,,,,,,,,,4,,0
14431,21980,77136,Clemon Johnson,IND,Indiana Pacers,0028000313,1980-12-05,IND @ MIL,L,0,2,,,0.0,,,0,1,0.0,,,,,,,,6.0,4,,0
14432,21980,76686,Mike Evans,MIL,Milwaukee Bucks,0028000313,1980-12-05,MIL vs. IND,W,0,2,,,0.0,,,0,0,,,,,,,,,,4,,0
14433,21980,76365,Harvey Catchings,MIL,Milwaukee Bucks,0028000313,1980-12-05,MIL vs. IND,W,0,2,,,0.0,,,0,0,,,,,,,,,,4,,0
14434,21980,76317,Don Buse,IND,Indiana Pacers,0028000313,1980-12-05,IND @ MIL,L,0,2,,,0.0,,,0,0,,,,,,,,,,4,,0
14435,21980,229,James Edwards,IND,Indiana Pacers,0028000313,1980-12-05,IND @ MIL,L,0,1,,,0.0,,,2,3,0.667,,,,,,,,6.0,4,,0
14436,21980,77937,Billy Reid,GOS,Golden State Warriors,0028000311,1980-12-05,GOS @ DEN,W,0,2,,,0.0,,,0,0,,,,,,,,,,4,,0
14437,21980,77800,Sonny Parker,GOS,Golden State Warriors,0028000311,1980-12-05,GOS @ DEN,W,0,2,,,0.0,,,0,0,,,,,,,,,,4,,0
14438,21980,77432,Ollie Mack,DAL,Dallas Mavericks,0028000310,1980-12-05,DAL @ BOS,L,0,2,,,0.0,,,0,0,,,,,,,,,,4,,0
14439,21980,76516,Brad Davis,DAL,Dallas Mavericks,0028000310,1980-12-05,DAL @ BOS,L,0,2,,,0.0,,,0,0,,,,,,,,,,4,,0
14440,21980,77950,Clint Richardson,PHL,Philadelphia 76ers,0028000309,1980-12-05,PHL vs. ATL,W,0,1,,,0.0,,,2,2,1.0,,,,,,,,,4,,0
14441,21980,77553,Tom McMillen,ATL,Atlanta Hawks,0028000309,1980-12-05,ATL @ PHL,L,0,2,,,0.0,,,0,0,,,,,,,,,,4,,0
14442,21980,77528,Jim McElroy,ATL,Atlanta Hawks,0028000309,1980-12-05,ATL @ PHL,L,0,1,,,0.0,,,2,2,1.0,,,,,,,,,4,,0
14443,21980,78577,Bill Willoughby,HOU,Houston Rockets,0028000308,1980-12-05,HOU @ KCK,L,0,2,,,0.0,,,0,0,,,,,,,,,,4,,0
14444,21980,77324,Mitch Kupchak,WAS,Washington Bullets,0028000307,1980-12-05,WAS vs. DET,W,0,1,,,0.0,,,2,2,1.0,,,,,,,,,4,,0
14445,21980,77010,Keith Herron,DET,Detroit Pistons,0028000307,1980-12-05,DET @ WAS,L,0,2,,,0.0,,,0,0,,,,,,,,,,4,,0
14446,21980,77635,Lowes Moore,NJN,New Jersey Nets,0028000306,1980-12-05,NJN @ PHX,W,0,1,,,0.0,,,2,2,1.0,,,,,,,,,4,,0
14447,21980,77215,Jeff Judkins,UTH,Utah Jazz,0028000305,1980-12-04,UTH vs. DEN,W,0,2,,,0.0,,,0,0,,,,,,,,,,4,,0
14448,21980,77056,Cedrick Hordges,DEN,Denver Nuggets,0028000305,1980-12-04,DEN @ UTH,L,0,2,,,0.0,,,0,0,,,,,,,,,,4,,0
14449,21980,77944,Kevin Restani,SAN,San Antonio Spurs,0028000304,1980-12-04,SAN vs. CLE,W,0,1,,,0.0,,,2,3,0.667,,,,,,,,,4,,0
14450,21980,78404,Kiki Vandeweghe,DEN,Denver Nuggets,0028000305,1980-12-04,DEN @ UTH,L,0,2,,,,,,0,0,,,,,,,,,,4,,0
14451,21980,77331,John Lambert,CLE,Cleveland Cavaliers,0028000304,1980-12-04,CLE @ SAN,L,0,2,,,0.0,,,0,0,,,,,,,,,,4,,0
14452,21980,77817,Billy Paultz,HOU,Houston Rockets,0028000302,1980-12-03,HOU vs. CLE,W,0,1,,,0.0,,,2,3,0.667,,,,,,,,,4,,0
14453,21980,77353,Allen Leavell,HOU,Houston Rockets,0028000302,1980-12-03,HOU vs. CLE,W,0,2,,,0.0,,,0,0,,,,,,,,,,4,,0
14454,21980,77136,Clemon Johnson,IND,Indiana Pacers,0028000301,1980-12-03,IND vs. WAS,W,0,1,,,0.0,,,2,3,0.667,,,,,,,,,4,,0
14455,21980,77984,Rick Robey,BOS,Boston Celtics,0028000300,1980-12-03,BOS vs. ATL,W,0,2,,,0.0,,,0,0,,,,,,,,,,4,,0
14456,21980,76971,Steve Hawes,ATL,Atlanta Hawks,0028000300,1980-12-03,ATL @ BOS,L,0,1,,,0.0,,,2,4,0.5,,,,,,,,,4,,0
14457,21980,78531,Bob Wilkerson,CHI,Chicago Bulls,0028000299,1980-12-03,CHI @ SEA,L,0,2,,,0.0,,,0,0,,,,,,,,,,4,,0
14458,21980,77582,Joe Meriweather,KCK,Kansas City Kings,0028000297,1980-12-03,KCK vs. PHX,W,0,2,,,0.0,,,0,0,,,,,,,,,,4,,0
14459,21980,77235,Rich Kelley,PHX,Phoenix Suns,0028000297,1980-12-03,PHX @ KCK,L,0,1,,,0.0,,,2,2,1.0,,,,,,,,,4,,0
14460,21980,76822,Mike Glenn,NYK,New York Knicks,0028000295,1980-12-03,NYK @ PHL,L,0,2,,,0.0,,,0,0,,,,,,,,,,4,,0
14461,21980,77331,John Lambert,CLE,Cleveland Cavaliers,0028000302,1980-12-03,CLE @ HOU,L,0,2,,,,,,0,0,,,,,,,,,,4,,0
14462,21980,77235,Rich Kelley,PHX,Phoenix Suns,0028000294,1980-12-02,PHX @ SAN,W,0,2,,,0.0,,,0,0,,,,,,,,,,4,,0
14463,21980,76993,Gerald Henderson,BOS,Boston Celtics,0028000292,1980-12-02,BOS @ DET,W,0,2,,,0.0,,,0,0,,,,,,,,,,4,,0
14464,21980,77770,Louis Orr,IND,Indiana Pacers,0028000291,1980-12-02,IND @ NYK,W,0,2,,,0.0,,,0,0,,,,,,,,,,4,,0
14465,21980,77136,Clemon Johnson,IND,Indiana Pacers,0028000291,1980-12-02,IND @ NYK,W,0,2,,,0.0,,,0,0,,,,,,,,,,4,,0
14466,21980,77819,Jim Paxson,POR,Portland Trail Blazers,0028000290,1980-12-02,POR vs. NJN,L,0,2,,,0.0,,,0,0,,,,,,,,,,4,,0
14467,21980,77323,Kevin Kunnert,POR,Portland Trail Blazers,0028000290,1980-12-02,POR vs. NJN,L,0,2,,,0.0,,,0,0,,,,,,,,,,4,,0
14468,21980,76895,Bob Gross,POR,Portland Trail Blazers,0028000290,1980-12-02,POR vs. NJN,L,0,1,,,0.0,,,2,2,1.0,,,,,,,,,4,,0
14469,21980,76249,Ron Brewer,POR,Portland Trail Blazers,0028000290,1980-12-02,POR vs. NJN,L,0,2,,,0.0,,,0,0,,,,,,,,,,4,,0
14470,21980,77528,Jim McElroy,ATL,Atlanta Hawks,0028000288,1980-12-02,ATL vs. PHL,W,0,2,,,0.0,,,0,0,,,,,,,,,,4,,0
14471,21980,78618,Sam Worthen,CHI,Chicago Bulls,0028000286,1980-12-02,CHI @ DEN,W,0,2,,,0.0,,,0,0,,,,,,,,,,4,,0
14472,21980,77490,Scott May,CHI,Chicago Bulls,0028000286,1980-12-02,CHI @ DEN,W,0,2,,,0.0,,,0,0,,,,,,,,,,4,,0
14473,21980,77308,Joel Kramer,PHX,Phoenix Suns,0028000285,1980-11-30,PHX vs. HOU,W,0,1,,,0.0,,,2,2,1.0,,,,,,,,,4,,0
14474,21980,77189,Major Jones,HOU,Houston Rockets,0028000285,1980-11-30,HOU @ PHX,L,0,1,,,0.0,,,2,4,0.5,,,,,,,,,4,,0
14475,21980,78618,Sam Worthen,CHI,Chicago Bulls,0028000284,1980-11-30,CHI @ LAL,W,0,2,,,0.0,,,0,0,,,,,,,,,,4,,0
14476,21980,78436,Foots Walker,NJN,New Jersey Nets,0028000282,1980-11-30,NJN @ SEA,L,0,2,,,0.0,,,0,0,,,,,,,,,,4,,0
14477,21980,78400,Jan Van Breda Kolff,NJN,New Jersey Nets,0028000282,1980-11-30,NJN @ SEA,L,0,1,,,0.0,,,2,3,0.667,,,,,,,,,4,,0
14478,21980,76534,Ron Davis,SDC,San Diego Clippers,0028000281,1980-11-30,SDC vs. GOS,W,0,2,,,0.0,,,0,0,,,,,,,,,,4,,0
14479,21980,78623,Larry Wright,DET,Detroit Pistons,0028000280,1980-11-29,DET @ ATL,W,0,1,,,0.0,,,2,2,1.0,,,,,,,,,4,,0
14480,21980,77553,Tom McMillen,ATL,Atlanta Hawks,0028000280,1980-11-29,ATL vs. DET,L,0,0,,,0.0,,,4,4,1.0,,,,,,,,,4,,0
14481,21980,77944,Kevin Restani,SAN,San Antonio Spurs,0028000279,1980-11-29,SAN @ KCK,W,0,2,,,0.0,,,0,0,,,,,,,,,,4,,0
14482,21980,76887,Kevin Grevey,WAS,Washington Bullets,0028000278,1980-11-29,WAS vs. MIL,W,0,2,,,0.0,,,0,0,,,,,,,,,,4,,0
14483,21980,76483,Pat Cummings,MIL,Milwaukee Bucks,0028000278,1980-11-29,MIL @ WAS,L,0,2,,,0.0,,,0,0,,,,,,,,,,4,,0
14484,21980,328,Rick Mahorn,WAS,Washington Bullets,0028000278,1980-11-29,WAS vs. MIL,W,0,2,,,0.0,,,0,0,,,,,,,,,,4,,0
14485,21980,77817,Billy Paultz,HOU,Houston Rockets,0028000276,1980-11-29,HOU vs. DAL,W,0,2,,,0.0,,,0,0,,,,,,,,,,4,,0
14486,21980,77396,Scott Lloyd,DAL,Dallas Mavericks,0028000276,1980-11-29,DAL @ HOU,L,0,2,,,0.0,,,0,0,,,,,,,,,,4,,0
14487,21980,76996,Tom Henderson,HOU,Houston Rockets,0028000276,1980-11-29,HOU vs. DAL,W,0,2,,,0.0,,,0,0,,,,,,,,,,4,,0
14488,21980,78195,Larry Smith,GOS,Golden State Warriors,0028000275,1980-11-29,GOS vs. PHX,L,0,2,,,0.0,,,0,2,0.0,,,,,,,,,4,,0
14489,21980,78481,Marvin Webster,NYK,New York Knicks,0028000274,1980-11-29,NYK vs. POR,W,0,2,,,0.0,,,0,0,,,,,,,,,,4,,0
14490,21980,77950,Clint Richardson,PHL,Philadelphia 76ers,0028000273,1980-11-29,PHL vs. UTH,W,0,2,,,0.0,,,0,0,,,,,,,,,,4,,0
14491,21980,76385,Maurice Cheeks,PHL,Philadelphia 76ers,0028000273,1980-11-29,PHL vs. UTH,W,0,0,,,0.0,,,4,5,0.8,,,,,,,,,4,,0
14492,21980,77848,Roger Phegley,CLE,Cleveland Cavaliers,0028000272,1980-11-29,CLE @ IND,L,0,2,,,0.0,,,0,0,,,,,,,,,,4,,0
14493,21980,77770,Louis Orr,IND,Indiana Pacers,0028000272,1980-11-29,IND vs. CLE,W,0,2,,,0.0,,,0,0,,,,,,,,,,4,,0
14494,21980,77262,Chad Kinch,CLE,Cleveland Cavaliers,0028000272,1980-11-29,CLE @ IND,L,0,2,,,0.0,,,0,0,,,,,,,,,,4,,0
14495,21980,76317,Don Buse,IND,Indiana Pacers,0028000272,1980-11-29,IND vs. CLE,W,0,2,,,0.0,,,0,0,,,,,,,,,,4,,0
14496,21980,78527,Michael Wiley,SAN,San Antonio Spurs,0028000270,1980-11-28,SAN vs. HOU,L,0,0,,,0.0,,,4,5,0.8,,,,,,,,,4,,0
14497,21980,78296,Brian Taylor,SDC,San Diego Clippers,0028000271,1980-11-28,SDC @ SEA,W,0,2,,,0.0,,,0,0,,,,,,,,,,4,,0
14498,21980,77167,Vinnie Johnson,SEA,Seattle SuperSonics,0028000271,1980-11-28,SEA vs. SDC,L,0,1,,,0.0,,,2,3,0.667,,,,,,,,,4,,0
14499,21980,76534,Ron Davis,SDC,San Diego Clippers,0028000271,1980-11-28,SDC @ SEA,W,0,1,,,0.0,,,2,3,0.667,,,,,,,,,4,,0
14500,21980,76553,Larry Demic,NYK,New York Knicks,0028000268,1980-11-28,NYK @ BOS,L,0,1,,,0.0,,,2,2,1.0,,,,,,,,,4,,0
14501,21980,77432,Ollie Mack,DAL,Dallas Mavericks,0028000267,1980-11-28,DAL vs. DEN,L,0,1,,,0.0,,,2,2,1.0,,,,,,,,,4,,0
14502,21980,78425,Brett Vroman,UTH,Utah Jazz,0028000266,1980-11-28,UTH @ NJN,L,0,1,,,0.0,,,2,5,0.4,,,,,,,,,4,,0
14503,21980,77184,Edgar Jones,NJN,New Jersey Nets,0028000266,1980-11-28,NJN vs. UTH,W,0,1,,,0.0,,,2,2,1.0,,,,,,,,,4,,0
14504,21980,76948,James Hardy,UTH,Utah Jazz,0028000266,1980-11-28,UTH @ NJN,L,0,2,,,0.0,,,0,0,,,,,,,,,,4,,0
14505,21980,76441,Wayne Cooper,UTH,Utah Jazz,0028000266,1980-11-28,UTH @ NJN,L,0,1,,,0.0,,,2,2,1.0,,,,,,,,,4,,0
14506,21980,76204,Ron Boone,UTH,Utah Jazz,0028000266,1980-11-28,UTH @ NJN,L,0,2,,,0.0,,,0,0,,,,,,,,,,4,,0
14507,21980,600010,Len Elmore,MIL,Milwaukee Bucks,0028000265,1980-11-28,MIL vs. ATL,W,0,1,,,0.0,,,2,2,1.0,,,,,,,,,4,,0
14508,21980,76365,Harvey Catchings,MIL,Milwaukee Bucks,0028000265,1980-11-28,MIL vs. ATL,W,0,2,,,0.0,,,0,0,,,,,,,,,,4,,0
14509,21980,76734,Don Ford,CLE,Cleveland Cavaliers,0028000264,1980-11-28,CLE vs. WAS,W,0,2,,,0.0,,,0,0,,,,,,,,,,4,,0
14510,21980,78623,Larry Wright,DET,Detroit Pistons,0028000263,1980-11-28,DET vs. KCK,W,0,2,,,0.0,,,0,0,,,,,,,,,,4,,0
14511,21980,78449,Lloyd Walton,KCK,Kansas City Kings,0028000263,1980-11-28,KCK @ DET,L,0,2,,,0.0,,,0,0,,,,,,,,,,4,,0
14512,21980,77364,Ron Lee,DET,Detroit Pistons,0028000263,1980-11-28,DET vs. KCK,W,0,1,,,0.0,,,2,2,1.0,,,,,,,,,4,,0
14513,21980,78618,Sam Worthen,CHI,Chicago Bulls,0028000262,1980-11-28,CHI @ PHX,L,0,1,,,0.0,,,2,2,1.0,,,,,,,,,4,,0
14514,21980,78095,Alvin Scott,PHX,Phoenix Suns,0028000262,1980-11-28,PHX vs. CHI,W,0,1,,,0.0,,,2,2,1.0,,,,,,,,,4,,0
14515,21980,77182,Dwight Jones,CHI,Chicago Bulls,0028000262,1980-11-28,CHI @ PHX,L,0,2,,,0.0,,,0,0,,,,,,,,,,4,,0
14516,21980,77149,George Johnson,SAN,San Antonio Spurs,0028000270,1980-11-28,SAN vs. HOU,L,0,2,,,0.0,,,0,0,,,,,,,,,,4,,0
14517,21980,78195,Larry Smith,GOS,Golden State Warriors,0028000261,1980-11-27,GOS vs. LAL,L,0,2,,,0.0,,,0,0,,,,,,,,,,4,,0
14518,21980,76248,Jim Brewer,LAL,Los Angeles Lakers,0028000261,1980-11-27,LAL @ GOS,W,0,2,,,0.0,,,0,0,,,,,,,,,,4,,0
14519,21980,78146,Jerry Sichting,IND,Indiana Pacers,0028000260,1980-11-27,IND @ WAS,L,0,2,,,0.0,,,0,1,0.0,,,,,,,,,4,,0
14520,21980,78531,Bob Wilkerson,CHI,Chicago Bulls,0028000259,1980-11-26,CHI @ SAN,L,0,1,,,0.0,,,2,2,1.0,,,,,,,,,4,,0
14521,21980,77490,Scott May,CHI,Chicago Bulls,0028000259,1980-11-26,CHI @ SAN,L,0,0,,,0.0,,,4,4,1.0,,,,,,,,,4,,0
14522,21980,77182,Dwight Jones,CHI,Chicago Bulls,0028000259,1980-11-26,CHI @ SAN,L,0,0,,,0.0,,,4,4,1.0,,,,,,,,6.0,4,,0
14523,21980,77149,George Johnson,SAN,San Antonio Spurs,0028000259,1980-11-26,SAN vs. CHI,W,0,2,,,0.0,,,0,2,0.0,,,,,,,,,4,,0
14524,21980,76618,T.R. Dunn,DEN,Denver Nuggets,0028000258,1980-11-26,DEN vs. SDC,W,0,2,,,0.0,,,0,0,,,,,,,,,,4,,0
14525,21980,77873,Ben Poquette,UTH,Utah Jazz,0028000257,1980-11-26,UTH @ DET,W,0,1,,,0.0,,,2,2,1.0,,,,,,,,,4,,0
14526,21980,76441,Wayne Cooper,UTH,Utah Jazz,0028000257,1980-11-26,UTH @ DET,W,0,2,,,0.0,,,0,0,,,,,,,,,,4,,0
14527,21980,77175,Caldwell Jones,PHL,Philadelphia 76ers,0028000256,1980-11-26,PHL @ HOU,W,0,2,,,0.0,,,0,0,,,,,,,,,6.0,4,,0
14528,21980,77273,Reggie King,KCK,Kansas City Kings,0028000255,1980-11-26,KCK vs. NJN,W,0,2,,,0.0,,,0,0,,,,,,,,,,4,,0
14529,21980,76899,Ernie Grunfeld,KCK,Kansas City Kings,0028000255,1980-11-26,KCK vs. NJN,W,0,2,,,0.0,,,0,0,,,,,,,,,,4,,0
14530,21980,78513,Rudy White,SEA,Seattle SuperSonics,0028000254,1980-11-26,SEA @ PHX,L,0,2,,,0.0,,,0,0,,,,,,,,,,4,,0
14531,21980,77438,Kyle Macy,PHX,Phoenix Suns,0028000254,1980-11-26,PHX vs. SEA,W,0,2,,,0.0,,,0,0,,,,,,,,,,4,,0
14532,21980,77308,Joel Kramer,PHX,Phoenix Suns,0028000254,1980-11-26,PHX vs. SEA,W,0,2,,,0.0,,,0,0,,,,,,,,,,4,,0
14533,21980,77262,Chad Kinch,CLE,Cleveland Cavaliers,0028000253,1980-11-26,CLE vs. NYK,L,0,2,,,0.0,,,0,0,,,,,,,,,,4,,0
14534,21980,77553,Tom McMillen,ATL,Atlanta Hawks,0028000252,1980-11-26,ATL @ IND,L,0,2,,,0.0,,,0,0,,,,,,,,,,4,,0
14535,21980,77911,Kelvin Ransey,POR,Portland Trail Blazers,0028000251,1980-11-26,POR @ BOS,L,0,2,,,0.0,,,0,0,,,,,,,,,,4,,0
14536,21980,77323,Kevin Kunnert,POR,Portland Trail Blazers,0028000251,1980-11-26,POR @ BOS,L,0,2,,,0.0,,,0,0,,,,,,,,,,4,,0
14537,21980,76249,Ron Brewer,POR,Portland Trail Blazers,0028000249,1980-11-25,POR @ ATL,L,0,1,,,0.0,,,2,2,1.0,,,,,,,,,4,,0
14538,21980,77432,Ollie Mack,DAL,Dallas Mavericks,0028000248,1980-11-25,DAL vs. PHL,L,0,1,,,0.0,,,2,2,1.0,,,,,,,,,4,,0
14539,21980,76321,Marty Byrnes,DAL,Dallas Mavericks,0028000248,1980-11-25,DAL vs. PHL,L,0,2,,,0.0,,,0,0,,,,,,,,,,4,,0
14540,21980,76225,Winford Boynes,DAL,Dallas Mavericks,0028000248,1980-11-25,DAL vs. PHL,L,0,2,,,0.0,,,0,0,,,,,,,,,,4,,0
14541,21980,78296,Brian Taylor,SDC,San Diego Clippers,0028000247,1980-11-25,SDC vs. DEN,W,0,2,,,0.0,,,0,0,,,,,,,,,,4,,0
14542,21980,77998,Dave Robisch,DEN,Denver Nuggets,0028000247,1980-11-25,DEN @ SDC,L,0,2,,,0.0,,,0,0,,,,,,,,,,4,,0
14543,21980,77920,Jamesearl Ray,DEN,Denver Nuggets,0028000247,1980-11-25,DEN @ SDC,L,0,2,,,0.0,,,0,0,,,,,,,,,,4,,0
14544,21980,76534,Ron Davis,SDC,San Diego Clippers,0028000247,1980-11-25,SDC vs. DEN,W,0,1,,,0.0,,,2,3,0.667,,,,,,,,,4,,0
14545,21980,78614,Mike Woodson,NYK,New York Knicks,0028000250,1980-11-24,NYK vs. HOU,W,0,2,,,0.0,,,0,0,,,,,,,,,,4,,0
14546,21980,77817,Billy Paultz,HOU,Houston Rockets,0028000250,1980-11-24,HOU @ NYK,L,0,2,,,0.0,,,0,0,,,,,,,,,,4,,0
14547,21980,77432,Ollie Mack,DAL,Dallas Mavericks,0028000246,1980-11-23,DAL @ POR,L,0,1,,,0.0,,,2,2,1.0,,,,,,,,,4,,0
14548,21980,76583,James Donaldson,SEA,Seattle SuperSonics,0028000245,1980-11-23,SEA @ SDC,L,0,1,,,0.0,,,2,2,1.0,,,,,,,,,4,,0
14549,21980,77438,Kyle Macy,PHX,Phoenix Suns,0028000244,1980-11-23,PHX vs. DEN,W,0,2,,,0.0,,,0,1,0.0,,,,,,,,,4,,0
14550,21980,77308,Joel Kramer,PHX,Phoenix Suns,0028000244,1980-11-23,PHX vs. DEN,W,0,1,,,0.0,,,2,2,1.0,,,,,,,,,4,,0
14551,21980,78618,Sam Worthen,CHI,Chicago Bulls,0028000242,1980-11-22,CHI vs. WAS,W,0,1,,,0.0,,,2,2,1.0,,,,,,,,,4,,0
14552,21980,78215,Ricky Sobers,CHI,Chicago Bulls,0028000242,1980-11-22,CHI vs. WAS,W,0,2,,,0.0,,,0,0,,,,,,,,,,4,,0
14553,21980,77490,Scott May,CHI,Chicago Bulls,0028000242,1980-11-22,CHI vs. WAS,W,0,2,,,0.0,,,0,0,,,,,,,,,,4,,0
14554,21980,77182,Dwight Jones,CHI,Chicago Bulls,0028000242,1980-11-22,CHI vs. WAS,W,0,2,,,0.0,,,0,1,0.0,,,,,,,,,4,,0
14555,21980,76348,Austin Carr,WAS,Washington Bullets,0028000242,1980-11-22,WAS @ CHI,L,0,2,,,0.0,,,0,0,,,,,,,,,,4,,0
14556,21980,77553,Tom McMillen,ATL,Atlanta Hawks,0028000241,1980-11-22,ATL vs. UTH,W,0,2,,,0.0,,,0,0,,,,,,,,,,4,,0
14557,21980,76948,James Hardy,UTH,Utah Jazz,0028000241,1980-11-22,UTH @ ATL,L,0,2,,,0.0,,,0,0,,,,,,,,,,4,,0
14558,21980,77917,Clifford Ray,GOS,Golden State Warriors,0028000240,1980-11-22,GOS @ NYK,W,0,2,,,0.0,,,0,0,,,,,,,,,,4,,0
14559,21980,77623,Paul Mokeski,DET,Detroit Pistons,0028000239,1980-11-22,DET vs. NJN,W,0,2,,,0.0,,,0,0,,,,,,,,,,4,,0
14560,21980,76656,Bob Elliott,NJN,New Jersey Nets,0028000239,1980-11-22,NJN @ DET,L,0,2,,,0.0,,,0,0,,,,,,,,,,4,,0
14561,21980,78143,John Shumate,SAN,San Antonio Spurs,0028000238,1980-11-22,SAN vs. PHL,L,0,2,,,0.0,,,0,0,,,,,,,,,,4,,0
14562,21980,77618,Steve Mix,PHL,Philadelphia 76ers,0028000238,1980-11-22,PHL @ SAN,W,0,2,,,0.0,,,0,0,,,,,,,,,,4,,0
14563,21980,77175,Caldwell Jones,PHL,Philadelphia 76ers,0028000238,1980-11-22,PHL @ SAN,W,0,2,,,0.0,,,0,0,,,,,,,,,,4,,0
14564,21980,77817,Billy Paultz,HOU,Houston Rockets,0028000237,1980-11-22,HOU @ IND,L,0,2,,,0.0,,,0,0,,,,,,,,,,4,,0
14565,21980,76996,Tom Henderson,HOU,Houston Rockets,0028000237,1980-11-22,HOU @ IND,L,0,2,,,0.0,,,0,0,,,,,,,,,,4,,0
14566,21980,77984,Rick Robey,BOS,Boston Celtics,0028000236,1980-11-22,BOS @ CLE,L,0,2,,,0.0,,,0,0,,,,,,,,,,4,,0
14567,21980,1450,Kevin McHale,BOS,Boston Celtics,0028000236,1980-11-22,BOS @ CLE,L,0,2,,,0.0,,,0,0,,,,,,,,,,4,,0
14568,21980,77324,Mitch Kupchak,WAS,Washington Bullets,0028000235,1980-11-21,WAS vs. SDC,W,0,2,,,0.0,,,0,0,,,,,,,,,,4,,0
14569,21980,76985,Garfield Heard,SDC,San Diego Clippers,0028000235,1980-11-21,SDC @ WAS,L,0,2,,,0.0,,,0,0,,,,,,,,,,4,,0
14570,21980,76348,Austin Carr,WAS,Washington Bullets,0028000235,1980-11-21,WAS vs. SDC,W,0,2,,,0.0,,,0,0,,,,,,,,,,4,,0
14571,21980,76993,Gerald Henderson,BOS,Boston Celtics,0028000234,1980-11-21,BOS vs. GOS,W,0,2,,,0.0,,,0,0,,,,,,,,,,4,,0
14572,21980,78513,Rudy White,SEA,Seattle SuperSonics,0028000233,1980-11-21,SEA @ DAL,W,0,2,,,0.0,,,0,0,,,,,,,,,,4,,0
14573,21980,76583,James Donaldson,SEA,Seattle SuperSonics,0028000233,1980-11-21,SEA @ DAL,W,0,2,,,0.0,,,0,0,,,,,,,,,,4,,0
14574,21980,77715,Carl Nicks,DEN,Denver Nuggets,0028000231,1980-11-21,DEN vs. KCK,W,0,2,,,0.0,,,0,0,,,,,,,,,,4,,0
14575,21980,77326,Sam Lacey,KCK,Kansas City Kings,0028000231,1980-11-21,KCK @ DEN,L,0,2,,,0.0,,,0,1,0.0,,,,,,,,,4,,0
14576,21980,77021,Kenny Higgs,DEN,Denver Nuggets,0028000231,1980-11-21,DEN vs. KCK,W,0,2,,,0.0,,,0,0,,,,,,,,,,4,,0
14577,21980,76899,Ernie Grunfeld,KCK,Kansas City Kings,0028000231,1980-11-21,KCK @ DEN,L,0,2,,,0.0,,,0,0,,,,,,,,,,4,,0
14578,21980,76996,Tom Henderson,HOU,Houston Rockets,0028000230,1980-11-21,HOU @ NJN,W,0,2,,,0.0,,,0,0,,,,,,,,,,4,,0
14579,21980,76435,Darwin Cook,NJN,New Jersey Nets,0028000230,1980-11-21,NJN vs. HOU,L,0,2,,,0.0,,,0,0,,,,,,,,,,4,,0
14580,21980,78351,Andrew Toney,PHL,Philadelphia 76ers,0028000229,1980-11-21,PHL vs. IND,W,0,2,,,0.0,,,0,0,,,,,,,,,,4,,0
14581,21980,77770,Louis Orr,IND,Indiana Pacers,0028000229,1980-11-21,IND @ PHL,L,0,2,,,0.0,,,0,0,,,,,,,,,,4,,0
14582,21980,77043,Lionel Hollins,PHL,Philadelphia 76ers,0028000229,1980-11-21,PHL vs. IND,W,0,2,,,0.0,,,0,1,0.0,,,,,,,,,4,,0
14583,21980,77353,Allen Leavell,HOU,Houston Rockets,0028000227,1980-11-20,HOU @ CLE,W,0,0,,,0.0,,,4,4,1.0,,,,,,,,,4,,0
14584,21980,77262,Chad Kinch,CLE,Cleveland Cavaliers,0028000227,1980-11-20,CLE vs. HOU,L,0,2,,,0.0,,,0,0,,,,,,,,,,4,,0
14585,21980,76296,Quinn Buckner,MIL,Milwaukee Bucks,0028000226,1980-11-20,MIL @ POR,W,0,1,,,0.0,,,2,2,1.0,,,,,,,,,4,,0
14586,21980,76249,Ron Brewer,POR,Portland Trail Blazers,0028000226,1980-11-20,POR vs. MIL,L,0,1,,,0.0,,,2,2,1.0,,,,,,,,,4,,0
14587,21980,77235,Rich Kelley,PHX,Phoenix Suns,0028000225,1980-11-20,PHX vs. LAL,W,0,2,,,0.0,,,0,0,,,,,,,,,,4,,0
14588,21980,76095,Mike Bantom,IND,Indiana Pacers,0028000223,1980-11-19,IND vs. BOS,L,0,2,,,0.0,,,0,0,,,,,,,,,,4,,0
14589,21980,78139,Purvis Short,GOS,Golden State Warriors,0028000221,1980-11-19,GOS @ PHL,L,0,2,,,0.0,,,0,0,,,,,,,,,,4,,0
14590,21980,77917,Clifford Ray,GOS,Golden State Warriors,0028000221,1980-11-19,GOS @ PHL,L,0,2,,,0.0,,,0,0,,,,,,,,,,4,,0
14591,21980,78436,Foots Walker,NJN,New Jersey Nets,0028000222,1980-11-19,NJN vs. SAN,L,0,2,,,0.0,,,0,0,,,,,,,,,,4,,0
14592,21980,77553,Tom McMillen,ATL,Atlanta Hawks,0028000220,1980-11-18,ATL vs. SAN,W,0,2,,,0.0,,,0,0,,,,,,,,,,4,,0
14593,21980,77163,Reggie Johnson,SAN,San Antonio Spurs,0028000220,1980-11-18,SAN @ ATL,L,0,2,,,0.0,,,0,0,,,,,,,,,,4,,0
14594,21980,77149,George Johnson,SAN,San Antonio Spurs,0028000220,1980-11-18,SAN @ ATL,L,0,1,,,0.0,,,2,2,1.0,,,,,,,,,4,,0
14595,21980,76348,Austin Carr,WAS,Washington Bullets,0028000219,1980-11-18,WAS vs. GOS,L,0,2,,,0.0,,,0,0,,,,,,,,,,4,,0
14596,21980,77997,Bill Robinzine,DAL,Dallas Mavericks,0028000218,1980-11-18,DAL vs. PHX,L,0,1,,,0.0,,,2,2,1.0,,,,,,,,,4,,0
14597,21980,77308,Joel Kramer,PHX,Phoenix Suns,0028000218,1980-11-18,PHX @ DAL,W,0,2,,,0.0,,,0,0,,,,,,,,,,4,,0
14598,21980,76321,Marty Byrnes,DAL,Dallas Mavericks,0028000218,1980-11-18,DAL vs. PHX,L,0,2,,,0.0,,,0,0,,,,,,,,,,4,,0
14599,21980,77490,Scott May,CHI,Chicago Bulls,0028000217,1980-11-18,CHI vs. BOS,L,0,2,,,0.0,,,0,0,,,,,,,,,,4,,0
14600,21980,77182,Dwight Jones,CHI,Chicago Bulls,0028000217,1980-11-18,CHI vs. BOS,L,0,2,,,0.0,,,0,0,,,,,,,,,,4,,0
14601,21980,77623,Paul Mokeski,DET,Detroit Pistons,0028000216,1980-11-18,DET vs. IND,L,0,1,,,0.0,,,2,2,1.0,,,,,,,,,4,,0
14602,21980,76985,Garfield Heard,SDC,San Diego Clippers,0028000215,1980-11-18,SDC @ CLE,L,0,2,,,0.0,,,0,0,,,,,,,,,,4,,0
14603,21980,76534,Ron Davis,SDC,San Diego Clippers,0028000215,1980-11-18,SDC @ CLE,L,0,1,,,0.0,,,2,2,1.0,,,,,,,,,4,,0
14604,21980,600010,Len Elmore,MIL,Milwaukee Bucks,0028000214,1980-11-18,MIL @ UTH,W,0,2,,,0.0,,,0,0,,,,,,,,,6.0,4,,0
14605,21980,77547,Billy McKinney,UTH,Utah Jazz,0028000214,1980-11-18,UTH vs. MIL,L,0,2,,,0.0,,,0,0,,,,,,,,,,4,,0
14606,21980,77920,Jamesearl Ray,DEN,Denver Nuggets,0028000210,1980-11-18,DEN @ POR,L,0,2,,,0.0,,,0,0,,,,,,,,,,4,,0
14607,21980,77715,Carl Nicks,DEN,Denver Nuggets,0028000210,1980-11-18,DEN @ POR,L,0,2,,,0.0,,,0,0,,,,,,,,,,4,,0
14608,21980,77056,Cedrick Hordges,DEN,Denver Nuggets,0028000210,1980-11-18,DEN @ POR,L,0,2,,,0.0,,,0,3,0.0,,,,,,,,,4,,0
14609,21980,76360,Reggie Carter,NYK,New York Knicks,0028000212,1980-11-18,NYK vs. PHL,L,0,2,,,0.0,,,0,0,,,,,,,,,,4,,0
14610,21980,77323,Kevin Kunnert,POR,Portland Trail Blazers,0028000209,1980-11-16,POR @ PHX,L,0,2,,,0.0,,,0,0,,,,,,,,,,4,,0
14611,21980,76121,Billyray Bates,POR,Portland Trail Blazers,0028000209,1980-11-16,POR @ PHX,L,0,1,,,0.0,,,2,2,1.0,,,,,,,,,4,,0
14612,21980,77997,Bill Robinzine,DAL,Dallas Mavericks,0028000207,1980-11-16,DAL @ LAL,L,0,1,,,0.0,,,2,2,1.0,,,,,,,,,4,,0
14613,21980,76435,Darwin Cook,NJN,New Jersey Nets,0028000206,1980-11-16,NJN vs. DET,W,0,2,,,0.0,,,0,0,,,,,,,,,,4,,0
14614,21980,78400,Jan Van Breda Kolff,NJN,New Jersey Nets,0028000205,1980-11-15,NJN @ PHL,L,0,2,,,0.0,,,0,0,,,,,,,,,,4,,0
14615,21980,78468,Richard Washington,CLE,Cleveland Cavaliers,0028000204,1980-11-15,CLE @ NYK,L,0,2,,,0.0,,,0,0,,,,,,,,,,4,,0
14616,21980,77262,Chad Kinch,CLE,Cleveland Cavaliers,0028000204,1980-11-15,CLE @ NYK,L,0,2,,,0.0,,,0,0,,,,,,,,,,4,,0
14617,21980,76734,Don Ford,CLE,Cleveland Cavaliers,0028000204,1980-11-15,CLE @ NYK,L,0,2,,,0.0,,,0,0,,,,,,,,,,4,,0
14618,21980,76985,Garfield Heard,SDC,San Diego Clippers,0028000203,1980-11-15,SDC vs. KCK,L,0,1,,,0.0,,,2,3,0.667,,,,,,,,,4,,0
14619,21980,76590,Leon Douglas,KCK,Kansas City Kings,0028000203,1980-11-15,KCK @ SDC,W,0,2,,,0.0,,,0,0,,,,,,,,,,4,,0
14620,21980,77917,Clifford Ray,GOS,Golden State Warriors,0028000202,1980-11-15,GOS vs. PHX,W,0,2,,,0.0,,,0,0,,,,,,,,,,4,,0
14621,21980,77920,Jamesearl Ray,DEN,Denver Nuggets,0028000201,1980-11-15,DEN vs. POR,W,0,1,,,0.0,,,2,2,1.0,,,,,,,,,4,,0
14622,21980,78425,Brett Vroman,UTH,Utah Jazz,0028000199,1980-11-15,UTH @ SAN,L,0,1,,,0.0,,,2,2,1.0,,,,,,,,,4,,0
14623,21980,77149,George Johnson,SAN,San Antonio Spurs,0028000199,1980-11-15,SAN vs. UTH,W,0,2,,,0.0,,,0,0,,,,,,,,,,4,,0
14624,21980,76948,James Hardy,UTH,Utah Jazz,0028000199,1980-11-15,UTH @ SAN,L,0,2,,,0.0,,,0,0,,,,,,,,,,4,,0
14625,21980,76441,Wayne Cooper,UTH,Utah Jazz,0028000199,1980-11-15,UTH @ SAN,L,0,2,,,0.0,,,0,0,,,,,,,,,,4,,0
14626,21980,77829,Sam Pellom,ATL,Atlanta Hawks,0028000198,1980-11-15,ATL vs. WAS,L,0,1,,,0.0,,,2,5,0.4,,,,,,,,,4,,0
14627,21980,77817,Billy Paultz,HOU,Houston Rockets,0028000196,1980-11-14,HOU @ UTH,L,0,2,,,0.0,,,0,0,,,,,,,,,,4,,0
14628,21980,77490,Scott May,CHI,Chicago Bulls,0028000195,1980-11-14,CHI @ DET,L,0,2,,,0.0,,,0,0,,,,,,,,,,4,,0
14629,21980,77324,Mitch Kupchak,WAS,Washington Bullets,0028000194,1980-11-14,WAS @ IND,L,0,2,,,0.0,,,0,0,,,,,,,,,,4,,0
14630,21980,78520,Sidney Wicks,SDC,San Diego Clippers,0028000192,1980-11-14,SDC @ LAL,L,0,2,,,0.0,,,0,0,,,,,,,,,,4,,0
14631,21980,78296,Brian Taylor,SDC,San Diego Clippers,0028000192,1980-11-14,SDC @ LAL,L,0,2,,,0.0,,,0,0,,,,,,,,,,4,,0
14632,21980,76985,Garfield Heard,SDC,San Diego Clippers,0028000192,1980-11-14,SDC @ LAL,L,0,1,,,0.0,,,2,2,1.0,,,,,,,,,4,,0
14633,21980,78449,Lloyd Walton,KCK,Kansas City Kings,0028000191,1980-11-14,KCK @ SEA,L,0,1,,,0.0,,,2,2,1.0,,,,,,,,,4,,0
14634,21980,77582,Joe Meriweather,KCK,Kansas City Kings,0028000191,1980-11-14,KCK @ SEA,L,0,2,,,0.0,,,0,2,0.0,,,,,,,,6.0,4,,0
14635,21980,77312,Wayne Kreklow,BOS,Boston Celtics,0028000190,1980-11-14,BOS vs. NJN,W,0,1,,,0.0,,,2,4,0.5,,,,,,,,,4,,0
14636,21980,77184,Edgar Jones,NJN,New Jersey Nets,0028000190,1980-11-14,NJN @ BOS,L,0,2,,,0.0,,,0,0,,,,,,,,,,4,,0
14637,21980,77553,Tom McMillen,ATL,Atlanta Hawks,0028000188,1980-11-13,ATL @ CLE,L,0,2,,,0.0,,,0,0,,,,,,,,,,4,,0
14638,21980,78520,Sidney Wicks,SDC,San Diego Clippers,0028000187,1980-11-13,SDC vs. SAN,L,0,2,,,0.0,,,0,1,0.0,,,,,,,,,4,,0
14639,21980,78296,Brian Taylor,SDC,San Diego Clippers,0028000187,1980-11-13,SDC vs. SAN,L,0,2,,,0.0,,,0,0,,,,,,,,,,4,,0
14640,21980,77547,Billy McKinney,UTH,Utah Jazz,0028000186,1980-11-12,UTH @ SEA,W,0,2,,,0.0,,,0,0,,,,,,,,,,4,,0
14641,21980,78449,Lloyd Walton,KCK,Kansas City Kings,0028000185,1980-11-12,KCK @ GOS,L,0,2,,,0.0,,,0,0,,,,,,,,,,4,,0
14642,21980,77326,Sam Lacey,KCK,Kansas City Kings,0028000185,1980-11-12,KCK @ GOS,L,0,2,,,0.0,,,0,0,,,,,,,,,,4,,0
14643,21980,78392,Wes Unseld,WAS,Washington Bullets,0028000184,1980-11-12,WAS @ BOS,L,0,2,,,0.0,,,0,0,,,,,,,,,,4,,0
14644,21980,78307,Carlos Terry,WAS,Washington Bullets,0028000184,1980-11-12,WAS @ BOS,L,0,2,,,0.0,,,0,0,,,,,,,,,,4,,0
14645,21980,76996,Tom Henderson,HOU,Houston Rockets,0028000183,1980-11-12,HOU vs. LAL,W,0,1,,,0.0,,,2,2,1.0,,,,,,,,,4,,0
14646,21980,76616,Mike Dunleavy,HOU,Houston Rockets,0028000183,1980-11-12,HOU vs. LAL,W,0,2,,,0.0,,,0,0,,,,,,,,,,4,,0
14647,21980,76889,Paul Griffin,SAN,San Antonio Spurs,0028000182,1980-11-12,SAN @ PHX,L,0,2,,,0.0,,,0,0,,,,,,,,,,4,,0
14648,21980,77998,Dave Robisch,DEN,Denver Nuggets,0028000181,1980-11-12,DEN @ NJN,L,0,2,,,0.0,,,0,0,,,,,,,,,,4,,0
14649,21980,77920,Jamesearl Ray,DEN,Denver Nuggets,0028000181,1980-11-12,DEN @ NJN,L,0,2,,,0.0,,,0,0,,,,,,,,,,4,,0
14650,21980,76830,Glen Gondrezick,DEN,Denver Nuggets,0028000181,1980-11-12,DEN @ NJN,L,0,2,,,0.0,,,0,0,,,,,,,,,,4,,0
14651,21980,77623,Paul Mokeski,DET,Detroit Pistons,0028000180,1980-11-12,DET vs. MIL,L,0,2,,,0.0,,,0,1,0.0,,,,,,,,,4,,0
14652,21980,76360,Reggie Carter,NYK,New York Knicks,0028000179,1980-11-12,NYK @ PHL,W,0,2,,,0.0,,,0,0,,,,,,,,,,4,,0
14653,21980,78095,Alvin Scott,PHX,Phoenix Suns,0028000178,1980-11-11,PHX @ SDC,W,0,1,,,0.0,,,2,2,1.0,,,,,,,,,4,,0
14654,21980,77438,Kyle Macy,PHX,Phoenix Suns,0028000178,1980-11-11,PHX @ SDC,W,0,1,,,0.0,,,2,2,1.0,,,,,,,,,4,,0
14655,21980,76985,Garfield Heard,SDC,San Diego Clippers,0028000178,1980-11-11,SDC vs. PHX,L,0,2,,,0.0,,,0,0,,,,,,,,,,4,,0
14656,21980,77618,Steve Mix,PHL,Philadelphia 76ers,0028000177,1980-11-11,PHL @ CHI,W,0,2,,,0.0,,,0,0,,,,,,,,,,4,,0
14657,21980,78392,Wes Unseld,WAS,Washington Bullets,0028000175,1980-11-11,WAS vs. DEN,W,0,1,,,0.0,,,2,2,1.0,,,,,,,,,4,,0
14658,21980,76618,T.R. Dunn,DEN,Denver Nuggets,0028000175,1980-11-11,DEN @ WAS,L,0,2,,,0.0,,,0,0,,,,,,,,,,4,,0
14659,21980,77528,Jim McElroy,ATL,Atlanta Hawks,0028000174,1980-11-11,ATL vs. LAL,L,0,0,,,0.0,,,4,5,0.8,,,,,,,,,4,,0
14660,21980,77323,Kevin Kunnert,POR,Portland Trail Blazers,0028000173,1980-11-11,POR vs. KCK,L,0,1,,,0.0,,,2,2,1.0,,,,,,,,,4,,0
14661,21980,600010,Len Elmore,MIL,Milwaukee Bucks,0028000172,1980-11-11,MIL @ CLE,W,0,2,,,0.0,,,0,0,,,,,,,,,,4,,0
14662,21980,78600,Brian Winters,MIL,Milwaukee Bucks,0028000172,1980-11-11,MIL @ CLE,W,0,2,,,0.0,,,0,0,,,,,,,,,6.0,4,,0
14663,21980,77078,Kim Hughes,CLE,Cleveland Cavaliers,0028000172,1980-11-11,CLE vs. MIL,L,0,2,,,0.0,,,0,0,,,,,,,,,,4,,0
14664,21980,78143,John Shumate,SAN,San Antonio Spurs,0028000171,1980-11-11,SAN vs. IND,L,0,1,,,0.0,,,2,2,1.0,,,,,,,,,4,,0
14665,21980,77396,Scott Lloyd,DAL,Dallas Mavericks,0028000170,1980-11-11,DAL vs. HOU,L,0,2,,,0.0,,,0,0,,,,,,,,,,4,,0
14666,21980,76786,Calvin Garrett,HOU,Houston Rockets,0028000170,1980-11-11,HOU @ DAL,W,0,2,,,0.0,,,0,0,,,,,,,,,,4,,0
14667,21980,76321,Marty Byrnes,DAL,Dallas Mavericks,0028000170,1980-11-11,DAL vs. HOU,L,0,2,,,0.0,,,0,0,,,,,,,,,,4,,0
14668,21980,78095,Alvin Scott,PHX,Phoenix Suns,0028000166,1980-11-08,PHX @ HOU,W,0,2,,,0.0,,,0,0,,,,,,,,,,4,,0
14669,21980,77308,Joel Kramer,PHX,Phoenix Suns,0028000166,1980-11-08,PHX @ HOU,W,0,2,,,0.0,,,0,0,,,,,,,,,,4,,0
14670,21980,77189,Major Jones,HOU,Houston Rockets,0028000166,1980-11-08,HOU vs. PHX,L,0,1,,,0.0,,,2,3,0.667,,,,,,,,,4,,0
14671,21980,76985,Garfield Heard,SDC,San Diego Clippers,0028000165,1980-11-08,SDC @ POR,W,0,2,,,0.0,,,0,0,,,,,,,,,,4,,0
14672,21980,77633,Johnny Moore,SAN,San Antonio Spurs,0028000164,1980-11-08,SAN vs. LAL,W,0,2,,,0.0,,,0,0,,,,,,,,,,4,,0
14673,21980,77326,Sam Lacey,KCK,Kansas City Kings,0028000163,1980-11-08,KCK vs. CLE,W,0,2,,,0.0,,,0,0,,,,,,,,,,4,,0
14674,21980,77917,Clifford Ray,GOS,Golden State Warriors,0028000162,1980-11-08,GOS vs. IND,W,0,2,,,0.0,,,0,0,,,,,,,,,,4,,0
14675,21980,77290,Billy Knight,IND,Indiana Pacers,0028000162,1980-11-08,IND @ GOS,L,0,1,,,0.0,,,2,2,1.0,,,,,,,,,4,,0
14676,21980,77136,Clemon Johnson,IND,Indiana Pacers,0028000162,1980-11-08,IND @ GOS,L,0,2,,,0.0,,,0,0,,,,,,,,,,4,,0
14677,21980,78618,Sam Worthen,CHI,Chicago Bulls,0028000161,1980-11-08,CHI vs. DEN,L,0,2,,,0.0,,,0,0,,,,,,,,,,4,,0
14678,21980,78533,James Wilkes,CHI,Chicago Bulls,0028000161,1980-11-08,CHI vs. DEN,L,0,2,,,0.0,,,0,0,,,,,,,,,,4,,0
14679,21980,77182,Dwight Jones,CHI,Chicago Bulls,0028000161,1980-11-08,CHI vs. DEN,L,0,2,,,0.0,,,0,0,,,,,,,,,,4,,0
14680,21980,76567,Coby Dietrick,CHI,Chicago Bulls,0028000161,1980-11-08,CHI vs. DEN,L,0,1,,,0.0,,,2,2,1.0,,,,,,,,,4,,0
14681,21980,77873,Ben Poquette,UTH,Utah Jazz,0028000159,1980-11-08,UTH vs. NYK,L,0,2,,,0.0,,,0,0,,,,,,,,,6.0,4,,0
14682,21980,77126,Abdul Jeelani,DAL,Dallas Mavericks,0028000158,1980-11-08,DAL @ DET,L,0,2,,,0.0,,,0,0,,,,,,,,,,4,,0
14683,21980,76765,Tony Fuller,DET,Detroit Pistons,0028000158,1980-11-08,DET vs. DAL,W,0,2,,,0.0,,,0,0,,,,,,,,,,4,,0
14684,21980,78519,Charles Whitney,KCK,Kansas City Kings,0028000157,1980-11-07,KCK @ PHL,L,0,2,,,0.0,,,0,0,,,,,,,,,,4,,0
14685,21980,77328,Tom LaGarde,DAL,Dallas Mavericks,0028000156,1980-11-07,DAL vs. LAL,L,0,1,,,0.0,,,2,5,0.4,,,,,,,,,4,,0
14686,21980,76444,Michael Cooper,LAL,Los Angeles Lakers,0028000156,1980-11-07,LAL @ DAL,W,0,2,,,0.0,,,0,0,,,,,,,,,,4,,0
14687,21980,76030,Darrell Allums,DAL,Dallas Mavericks,0028000156,1980-11-07,DAL vs. LAL,L,0,1,,,0.0,,,2,3,0.667,,,,,,,,,4,,0
14688,21980,76993,Gerald Henderson,BOS,Boston Celtics,0028000155,1980-11-07,BOS vs. MIL,L,0,2,,,0.0,,,0,0,,,,,,,,,,4,,0
14689,21980,76296,Quinn Buckner,MIL,Milwaukee Bucks,0028000155,1980-11-07,MIL @ BOS,W,0,1,,,0.0,,,2,2,1.0,,,,,,,,,4,,0
14690,21980,76985,Garfield Heard,SDC,San Diego Clippers,0028000154,1980-11-07,SDC @ SEA,L,0,2,,,0.0,,,0,1,0.0,,,,,,,,,4,,0
14691,21980,76290,Joe Bryant,SDC,San Diego Clippers,0028000154,1980-11-07,SDC @ SEA,L,0,2,,,0.0,,,0,2,0.0,,,,,,,,,4,,0
14692,21980,77528,Jim McElroy,ATL,Atlanta Hawks,0028000153,1980-11-07,ATL @ CHI,L,0,1,,,0.0,,,2,3,0.667,,,,,,,,,4,,0
14693,21980,77715,Carl Nicks,DEN,Denver Nuggets,0028000152,1980-11-07,DEN vs. NYK,L,0,2,,,0.0,,,0,0,,,,,,,,,,4,,0
14694,21980,78390,Terry Tyler,DET,Detroit Pistons,0028000151,1980-11-07,DET @ WAS,L,0,2,,,0.0,,,0,0,,,,,,,,,,4,,0
14695,21980,77996,Wayne Robinson,DET,Detroit Pistons,0028000151,1980-11-07,DET @ WAS,L,0,2,,,0.0,,,0,2,0.0,,,,,,,,,4,,0
14696,21980,77071,Phil Hubbard,DET,Detroit Pistons,0028000151,1980-11-07,DET @ WAS,L,0,2,,,0.0,,,0,0,,,,,,,,,6.0,4,,0
14697,21980,76954,Mike Harper,POR,Portland Trail Blazers,0028000150,1980-11-07,POR vs. GOS,W,0,2,,,0.0,,,0,0,,,,,,,,,,4,,0
14698,21980,76948,James Hardy,UTH,Utah Jazz,0028000149,1980-11-06,UTH vs. CLE,W,0,2,,,0.0,,,0,0,,,,,,,,,,4,,0
14699,21980,77324,Mitch Kupchak,WAS,Washington Bullets,0028000148,1980-11-06,WAS vs. DAL,W,0,2,,,0.0,,,0,0,,,,,,,,,,4,,0
14700,21980,76225,Winford Boynes,DAL,Dallas Mavericks,0028000148,1980-11-06,DAL @ WAS,L,0,2,,,0.0,,,0,0,,,,,,,,,,4,,0
14701,21980,78351,Andrew Toney,PHL,Philadelphia 76ers,0028000146,1980-11-05,PHL vs. DET,W,0,2,,,0.0,,,0,0,,,,,,,,,,4,,0
14702,21980,77623,Paul Mokeski,DET,Detroit Pistons,0028000146,1980-11-05,DET @ PHL,L,0,2,,,0.0,,,0,0,,,,,,,,,,4,,0
14703,21980,77043,Lionel Hollins,PHL,Philadelphia 76ers,0028000146,1980-11-05,PHL vs. DET,W,0,2,,,0.0,,,0,0,,,,,,,,,,4,,0
14704,21980,77024,Armond Hill,ATL,Atlanta Hawks,0028000145,1980-11-05,ATL @ BOS,L,0,2,,,0.0,,,0,0,,,,,,,,,,4,,0
14705,21980,78000,John Roche,DEN,Denver Nuggets,0028000144,1980-11-05,DEN @ SEA,W,0,2,,,0.0,,,0,0,,,,,,,,,,4,,0
14706,21980,78095,Alvin Scott,PHX,Phoenix Suns,0028000143,1980-11-05,PHX @ SAN,L,0,1,,,0.0,,,2,2,1.0,,,,,,,,,4,,0
14707,21980,78047,Campy Russell,NYK,New York Knicks,0028000142,1980-11-05,NYK @ KCK,L,0,2,,,0.0,,,0,0,,,,,,,,,,4,,0
14708,21980,76360,Reggie Carter,NYK,New York Knicks,0028000142,1980-11-05,NYK @ KCK,L,0,2,,,0.0,,,0,0,,,,,,,,,,4,,0
14709,21980,77937,Billy Reid,GOS,Golden State Warriors,0028000140,1980-11-05,GOS vs. CLE,W,0,2,,,0.0,,,0,0,,,,,,,,,,4,,0
14710,21980,77419,John Lucas,GOS,Golden State Warriors,0028000140,1980-11-05,GOS vs. CLE,W,0,1,,,0.0,,,2,2,1.0,,,,,,,,,4,,0
14711,21980,76350,Kenny Carr,CLE,Cleveland Cavaliers,0028000140,1980-11-05,CLE @ GOS,L,0,2,,,0.0,,,0,0,,,,,,,,,,4,,0
14712,21980,600010,Len Elmore,MIL,Milwaukee Bucks,0028000139,1980-11-04,MIL vs. DET,L,0,1,,,0.0,,,2,2,1.0,,,,,,,,,4,,0
14713,21980,78390,Terry Tyler,DET,Detroit Pistons,0028000139,1980-11-04,DET @ MIL,W,0,2,,,0.0,,,0,2,0.0,,,,,,,,,4,,0
14714,21980,77010,Keith Herron,DET,Detroit Pistons,0028000139,1980-11-04,DET @ MIL,W,0,2,,,0.0,,,0,0,,,,,,,,,,4,,0
14715,21980,77786,Tom Owens,POR,Portland Trail Blazers,0028000138,1980-11-04,POR @ LAL,L,0,2,,,0.0,,,0,0,,,,,,,,,,4,,0
14716,21980,77323,Kevin Kunnert,POR,Portland Trail Blazers,0028000138,1980-11-04,POR @ LAL,L,0,2,,,0.0,,,0,0,,,,,,,,,,4,,0
14717,21980,76248,Jim Brewer,LAL,Los Angeles Lakers,0028000138,1980-11-04,LAL vs. POR,W,0,2,,,0.0,,,0,0,,,,,,,,,,4,,0
14718,21980,78520,Sidney Wicks,SDC,San Diego Clippers,0028000137,1980-11-04,SDC @ DAL,W,0,2,,,0.0,,,0,3,0.0,,,,,,,,,4,,0
14719,21980,76966,Joey Hassett,DAL,Dallas Mavericks,0028000137,1980-11-04,DAL vs. SDC,L,0,2,,,0.0,,,0,0,,,,,,,,,,4,,0
14720,21980,76608,Terry Duerod,DAL,Dallas Mavericks,0028000137,1980-11-04,DAL vs. SDC,L,0,2,,,0.0,,,0,0,,,,,,,,,,4,,0
14721,21980,76162,Henry Bibby,SDC,San Diego Clippers,0028000137,1980-11-04,SDC @ DAL,W,0,1,,,0.0,,,2,2,1.0,,,,,,,,,4,,0
14722,21980,77692,Kenny Natt,IND,Indiana Pacers,0028000136,1980-11-04,IND @ PHX,L,0,2,,,0.0,,,0,0,,,,,,,,,,4,,0
14723,21980,77532,George McGinnis,IND,Indiana Pacers,0028000136,1980-11-04,IND @ PHX,L,0,1,,,0.0,,,2,5,0.4,,,,,,,,,4,,0
14724,21980,77582,Joe Meriweather,KCK,Kansas City Kings,0028000135,1980-11-04,KCK @ UTH,L,0,0,,,0.0,,,4,4,1.0,,,,,,,,,4,,0
14725,21980,77273,Reggie King,KCK,Kansas City Kings,0028000135,1980-11-04,KCK @ UTH,L,0,2,,,0.0,,,0,0,,,,,,,,,,4,,0
14726,21980,76948,James Hardy,UTH,Utah Jazz,0028000135,1980-11-04,UTH vs. KCK,W,0,2,,,0.0,,,0,0,,,,,,,,,,4,,0
14727,21980,77553,Tom McMillen,ATL,Atlanta Hawks,0028000134,1980-11-04,ATL @ WAS,L,0,2,,,0.0,,,0,0,,,,,,,,,,4,,0
14728,21980,77692,Kenny Natt,IND,Indiana Pacers,0028000132,1980-11-02,IND @ MIL,L,0,2,,,0.0,,,0,0,,,,,,,,,,4,,0
14729,21980,76686,Mike Evans,MIL,Milwaukee Bucks,0028000132,1980-11-02,MIL vs. IND,W,0,2,,,0.0,,,0,0,,,,,,,,,,4,,0
14730,21980,76830,Glen Gondrezick,DEN,Denver Nuggets,0028000131,1980-11-02,DEN @ LAL,W,0,1,,,0.0,,,2,2,1.0,,,,,,,,,4,,0
14731,21980,77786,Tom Owens,POR,Portland Trail Blazers,0028000130,1980-11-02,POR vs. CLE,W,0,1,,,0.0,,,2,4,0.5,,,,,,,,,4,,0
14732,21980,77262,Chad Kinch,CLE,Cleveland Cavaliers,0028000130,1980-11-02,CLE @ POR,L,0,2,,,0.0,,,0,0,,,,,,,,,,4,,0
14733,21980,76734,Don Ford,CLE,Cleveland Cavaliers,0028000130,1980-11-02,CLE @ POR,L,0,2,,,0.0,,,0,0,,,,,,,,,,4,,0
14734,21980,77718,Mike Niles,PHX,Phoenix Suns,0028000129,1980-11-01,PHX @ KCK,W,0,2,,,0.0,,,0,3,0.0,,,,,,,,,4,,0
14735,21980,77326,Sam Lacey,KCK,Kansas City Kings,0028000129,1980-11-01,KCK vs. PHX,L,0,2,,,0.0,,,0,0,,,,,,,,,,4,,0
14736,21980,78351,Andrew Toney,PHL,Philadelphia 76ers,0028000127,1980-11-01,PHL vs. BOS,W,0,1,,,0.0,,,2,4,0.5,,,,,,,,,4,,0
14737,21980,1450,Kevin McHale,BOS,Boston Celtics,0028000127,1980-11-01,BOS @ PHL,L,0,2,,,0.0,,,0,0,,,,,,,,,6.0,4,,0
14738,21980,77829,Sam Pellom,ATL,Atlanta Hawks,0028000126,1980-11-01,ATL vs. MIL,L,0,1,,,0.0,,,2,2,1.0,,,,,,,,,4,,0
14739,21980,77168,Mickey Johnson,MIL,Milwaukee Bucks,0028000126,1980-11-01,MIL @ ATL,W,0,2,,,0.0,,,0,0,,,,,,,,,,4,,0
14740,21980,76686,Mike Evans,MIL,Milwaukee Bucks,0028000126,1980-11-01,MIL @ ATL,W,0,2,,,0.0,,,0,0,,,,,,,,,,4,,0
14741,21980,77021,Kenny Higgs,DEN,Denver Nuggets,0028000124,1980-11-01,DEN vs. SEA,W,0,2,,,0.0,,,0,0,,,,,,,,,,4,,0
14742,21980,76944,Bill Hanzlik,SEA,Seattle SuperSonics,0028000124,1980-11-01,SEA @ DEN,L,0,0,,,0.0,,,4,4,1.0,,,,,,,,,4,,0
14743,21980,78614,Mike Woodson,NYK,New York Knicks,0028000123,1980-11-01,NYK vs. WAS,W,0,2,,,0.0,,,0,0,,,,,,,,,,4,,0
14744,21980,78392,Wes Unseld,WAS,Washington Bullets,0028000123,1980-11-01,WAS @ NYK,L,0,1,,,0.0,,,2,4,0.5,,,,,,,,,4,,0
14745,21980,77876,Kevin Porter,WAS,Washington Bullets,0028000123,1980-11-01,WAS @ NYK,L,0,2,,,0.0,,,0,0,,,,,,,,,,4,,0
14746,21980,77324,Mitch Kupchak,WAS,Washington Bullets,0028000123,1980-11-01,WAS @ NYK,L,0,2,,,0.0,,,0,0,,,,,,,,,,4,,0
14747,21980,76500,Bob Dandridge,WAS,Washington Bullets,0028000123,1980-11-01,WAS @ NYK,L,0,2,,,0.0,,,0,0,,,,,,,,,,4,,0
14748,21980,77917,Clifford Ray,GOS,Golden State Warriors,0028000122,1980-11-01,GOS vs. SAN,W,0,2,,,0.0,,,0,0,,,,,,,,,,4,,0
14749,21980,77756,Mark Olberding,SAN,San Antonio Spurs,0028000122,1980-11-01,SAN @ GOS,L,0,1,,,0.0,,,2,2,1.0,,,,,,,,,4,,0
14750,21980,78436,Foots Walker,NJN,New Jersey Nets,0028000121,1980-11-01,NJN @ IND,L,0,2,,,0.0,,,0,0,,,,,,,,,,4,,0
14751,21980,78146,Jerry Sichting,IND,Indiana Pacers,0028000121,1980-11-01,IND vs. NJN,W,0,2,,,0.0,,,0,0,,,,,,,,,,4,,0
14752,21980,77136,Clemon Johnson,IND,Indiana Pacers,0028000121,1980-11-01,IND vs. NJN,W,0,2,,,0.0,,,0,0,,,,,,,,,,4,,0
14753,21980,77633,Johnny Moore,SAN,San Antonio Spurs,0028000120,1980-10-31,SAN @ SEA,W,0,2,,,0.0,,,0,0,,,,,,,,,,4,,0
14754,21980,77167,Vinnie Johnson,SEA,Seattle SuperSonics,0028000120,1980-10-31,SEA vs. SAN,L,0,1,,,0.0,,,2,2,1.0,,,,,,,,,4,,0
14755,21980,76441,Wayne Cooper,UTH,Utah Jazz,0028000119,1980-10-31,UTH vs. DAL,W,0,2,,,0.0,,,0,0,,,,,,,,,,4,,0
14756,21980,78513,Rudy White,GOS,Golden State Warriors,0028000118,1980-10-31,GOS @ SDC,L,0,2,,,0.0,,,0,0,,,,,,,,,,4,,0
14757,21980,76283,Rickey Brown,GOS,Golden State Warriors,0028000118,1980-10-31,GOS @ SDC,L,0,2,,,0.0,,,0,0,,,,,,,,,,4,,0
14758,21980,78468,Richard Washington,CLE,Cleveland Cavaliers,0028000117,1980-10-31,CLE @ LAL,L,0,2,,,0.0,,,0,0,,,,,,,,,,4,,0
14759,21980,77334,Mark Landsberger,LAL,Los Angeles Lakers,0028000117,1980-10-31,LAL vs. CLE,W,0,2,,,0.0,,,0,0,,,,,,,,,,4,,0
14760,21980,76242,Mike Bratz,CLE,Cleveland Cavaliers,0028000117,1980-10-31,CLE @ LAL,L,0,2,,,0.0,,,0,0,,,,,,,,,,4,,0
14761,21980,77175,Caldwell Jones,PHL,Philadelphia 76ers,0028000116,1980-10-31,PHL vs. ATL,W,0,2,,,0.0,,,0,0,,,,,,,,,,4,,0
14762,21980,76385,Maurice Cheeks,PHL,Philadelphia 76ers,0028000116,1980-10-31,PHL vs. ATL,W,0,0,,,0.0,,,4,5,0.8,,,,,,,,,4,,0
14763,21980,76590,Leon Douglas,KCK,Kansas City Kings,0028000114,1980-10-31,KCK @ BOS,L,0,2,,,0.0,,,0,0,,,,,,,,,,4,,0
14764,21980,77308,Joel Kramer,PHX,Phoenix Suns,0028000113,1980-10-31,PHX @ DET,W,0,2,,,0.0,,,0,0,,,,,,,,,,4,,0
14765,21980,76567,Coby Dietrick,CHI,Chicago Bulls,0028000112,1980-10-31,CHI vs. IND,L,0,2,,,0.0,,,0,0,,,,,,,,,,4,,0
14766,21980,78614,Mike Woodson,NYK,New York Knicks,0028000111,1980-10-30,NYK vs. ATL,W,0,2,,,0.0,,,0,0,,,,,,,,,,4,,0
14767,21980,77528,Jim McElroy,ATL,Atlanta Hawks,0028000111,1980-10-30,ATL @ NYK,L,0,1,,,0.0,,,2,2,1.0,,,,,,,,,4,,0
14768,21980,76121,Billyray Bates,POR,Portland Trail Blazers,0028000110,1980-10-29,POR @ KCK,L,0,2,,,0.0,,,0,0,,,,,,,,,,4,,0
14769,21980,77944,Kevin Restani,SAN,San Antonio Spurs,0028000109,1980-10-29,SAN @ UTH,L,0,2,,,0.0,,,0,0,,,,,,,,,,4,,0
14770,21980,76948,James Hardy,UTH,Utah Jazz,0028000109,1980-10-29,UTH vs. SAN,W,0,2,,,0.0,,,0,0,,,,,,,,,,4,,0
14771,21980,78436,Foots Walker,NJN,New Jersey Nets,0028000108,1980-10-29,NJN vs. MIL,L,0,1,,,0.0,,,2,2,1.0,,,,,,,,,4,,0
14772,21980,76365,Harvey Catchings,MIL,Milwaukee Bucks,0028000108,1980-10-29,MIL @ NJN,W,0,2,,,0.0,,,0,0,,,,,,,,,,4,,0
14773,21980,78468,Richard Washington,DAL,Dallas Mavericks,0028000106,1980-10-29,DAL @ HOU,L,0,2,,,0.0,,,0,0,,,,,,,,,,4,,0
14774,21980,77189,Major Jones,HOU,Houston Rockets,0028000106,1980-10-29,HOU vs. DAL,W,0,2,,,0.0,,,0,0,,,,,,,,,,4,,0
14775,21980,76225,Winford Boynes,DAL,Dallas Mavericks,0028000106,1980-10-29,DAL @ HOU,L,0,2,,,0.0,,,0,0,,,,,,,,,,4,,0
14776,21980,77071,Phil Hubbard,DET,Detroit Pistons,0028000105,1980-10-29,DET vs. BOS,L,0,1,,,0.0,,,2,2,1.0,,,,,,,,,4,,0
14777,21980,1450,Kevin McHale,BOS,Boston Celtics,0028000105,1980-10-29,BOS @ DET,W,0,2,,,0.0,,,0,0,,,,,,,,,,4,,0
14778,21980,78533,James Wilkes,CHI,Chicago Bulls,0028000104,1980-10-29,CHI @ PHL,L,0,2,,,0.0,,,0,0,,,,,,,,,,4,,0
14779,21980,77800,Sonny Parker,GOS,Golden State Warriors,0028000103,1980-10-29,GOS vs. DEN,W,0,2,,,0.0,,,0,0,,,,,,,,,,4,,0
14780,21980,78513,Rudy White,GOS,Golden State Warriors,0028000101,1980-10-28,GOS @ SEA,L,0,2,,,0.0,,,0,0,,,,,,,,,,4,,0
14781,21980,77917,Clifford Ray,GOS,Golden State Warriors,0028000101,1980-10-28,GOS @ SEA,L,0,1,,,0.0,,,2,2,1.0,,,,,,,,,4,,0
14782,21980,76283,Rickey Brown,GOS,Golden State Warriors,0028000101,1980-10-28,GOS @ SEA,L,0,2,,,0.0,,,0,0,,,,,,,,,,4,,0
14783,21980,76608,Terry Duerod,DAL,Dallas Mavericks,0028000100,1980-10-28,DAL vs. UTH,L,0,2,,,0.0,,,0,0,,,,,,,,,,4,,0
14784,21980,76257,Allan Bristow,UTH,Utah Jazz,0028000100,1980-10-28,UTH @ DAL,W,0,2,,,0.0,,,0,0,,,,,,,,,,4,,0
14785,21980,76225,Winford Boynes,DAL,Dallas Mavericks,0028000100,1980-10-28,DAL vs. UTH,L,0,2,,,0.0,,,0,0,,,,,,,,,,4,,0
14786,21980,78618,Sam Worthen,CHI,Chicago Bulls,0028000099,1980-10-28,CHI vs. MIL,L,0,2,,,0.0,,,0,0,,,,,,,,,,4,,0
14787,21980,78533,James Wilkes,CHI,Chicago Bulls,0028000099,1980-10-28,CHI vs. MIL,L,0,1,,,0.0,,,2,2,1.0,,,,,,,,,4,,0
14788,21980,78548,Freeman Williams,SDC,San Diego Clippers,0028000098,1980-10-28,SDC vs. LAL,L,0,2,,,0.0,,,0,0,,,,,,,,,,4,,0
14789,21980,78296,Brian Taylor,SDC,San Diego Clippers,0028000098,1980-10-28,SDC vs. LAL,L,0,2,,,0.0,,,0,0,,,,,,,,,,4,,0
14790,21980,76290,Joe Bryant,SDC,San Diego Clippers,0028000098,1980-10-28,SDC vs. LAL,L,0,1,,,0.0,,,2,2,1.0,,,,,,,,,4,,0
14791,21980,78331,Mychal Thompson,POR,Portland Trail Blazers,0028000096,1980-10-28,POR @ SAN,L,0,2,,,0.0,,,0,0,,,,,,,,,,4,,0
14792,21980,77911,Kelvin Ransey,POR,Portland Trail Blazers,0028000096,1980-10-28,POR @ SAN,L,0,2,,,0.0,,,0,0,,,,,,,,,,4,,0
14793,21980,77149,George Johnson,SAN,San Antonio Spurs,0028000096,1980-10-28,SAN vs. POR,W,0,2,,,0.0,,,0,0,,,,,,,,,,4,,0
14794,21980,78519,Charles Whitney,KCK,Kansas City Kings,0028000095,1980-10-28,KCK @ ATL,L,0,2,,,0.0,,,0,0,,,,,,,,,,4,,0
14795,21980,77829,Sam Pellom,ATL,Atlanta Hawks,0028000095,1980-10-28,ATL vs. KCK,W,0,2,,,0.0,,,0,0,,,,,,,,,,4,,0
14796,21980,77528,Jim McElroy,ATL,Atlanta Hawks,0028000095,1980-10-28,ATL vs. KCK,W,0,2,,,0.0,,,0,0,,,,,,,,,,4,,0
14797,21980,77326,Sam Lacey,KCK,Kansas City Kings,0028000095,1980-10-28,KCK @ ATL,L,0,1,,,0.0,,,2,2,1.0,,,,,,,,,4,,0
14798,21980,77273,Reggie King,KCK,Kansas City Kings,0028000095,1980-10-28,KCK @ ATL,L,0,2,,,0.0,,,0,0,,,,,,,,,,4,,0
14799,21980,77024,Armond Hill,ATL,Atlanta Hawks,0028000095,1980-10-28,ATL vs. KCK,W,0,2,,,0.0,,,0,0,,,,,,,,,,4,,0
14800,21980,76418,Don Collins,ATL,Atlanta Hawks,0028000095,1980-10-28,ATL vs. KCK,W,0,1,,,0.0,,,2,2,1.0,,,,,,,,,4,,0
14801,21980,77911,Kelvin Ransey,POR,Portland Trail Blazers,0028000094,1980-10-26,POR @ SEA,L,0,1,,,0.0,,,2,2,1.0,,,,,,,,,4,,0
14802,21980,76085,James Bailey,SEA,Seattle SuperSonics,0028000094,1980-10-26,SEA vs. POR,W,0,1,,,0.0,,,2,6,0.333,,,,,,,,,4,,0
14803,21980,77633,Johnny Moore,SAN,San Antonio Spurs,0028000093,1980-10-26,SAN @ LAL,W,0,2,,,0.0,,,0,2,0.0,,,,,,,,,4,,0
14804,21980,77910,Wally Rank,SDC,San Diego Clippers,0028000091,1980-10-25,SDC vs. SAN,L,0,2,,,0.0,,,0,0,,,,,,,,,,4,,0
14805,21980,76985,Garfield Heard,SDC,San Diego Clippers,0028000091,1980-10-25,SDC vs. SAN,L,0,1,,,0.0,,,2,2,1.0,,,,,,,,,4,,0
14806,21980,78400,Jan Van Breda Kolff,NJN,New Jersey Nets,0028000090,1980-10-25,NJN @ NYK,L,0,2,,,0.0,,,0,0,,,,,,,,,,4,,0
14807,21980,76656,Bob Elliott,NJN,New Jersey Nets,0028000090,1980-10-25,NJN @ NYK,L,0,2,,,0.0,,,0,0,,,,,,,,,,4,,0
14808,21980,76435,Darwin Cook,NJN,New Jersey Nets,0028000090,1980-10-25,NJN @ NYK,L,0,2,,,0.0,,,0,0,,,,,,,,,,4,,0
14809,21980,76996,Tom Henderson,HOU,Houston Rockets,0028000089,1980-10-25,HOU vs. DET,L,0,1,,,0.0,,,2,2,1.0,,,,,,,,,4,,0
14810,21980,77040,Brad Holland,LAL,Los Angeles Lakers,0028000088,1980-10-25,LAL @ UTH,W,0,2,,,0.0,,,0,0,,,,,,,,,,4,,0
14811,21980,76248,Jim Brewer,LAL,Los Angeles Lakers,0028000088,1980-10-25,LAL @ UTH,W,0,2,,,0.0,,,0,0,,,,,,,,,,4,,0
14812,21980,78575,John Williamson,WAS,Washington Bullets,0028000087,1980-10-25,WAS vs. BOS,L,0,2,,,0.0,,,0,0,,,,,,,,,,4,,0
14813,21980,78307,Carlos Terry,WAS,Washington Bullets,0028000087,1980-10-25,WAS vs. BOS,L,0,2,,,0.0,,,0,0,,,,,,,,,,4,,0
14814,21980,77876,Kevin Porter,WAS,Washington Bullets,0028000087,1980-10-25,WAS vs. BOS,L,0,2,,,0.0,,,0,0,,,,,,,,,,4,,0
14815,21980,77312,Wayne Kreklow,BOS,Boston Celtics,0028000087,1980-10-25,BOS @ WAS,W,0,2,,,0.0,,,0,0,,,,,,,,,,4,,0
14816,21980,77920,Jamesearl Ray,DEN,Denver Nuggets,0028000086,1980-10-25,DEN @ KCK,L,0,2,,,0.0,,,0,0,,,,,,,,,,4,,0
14817,21980,77326,Sam Lacey,KCK,Kansas City Kings,0028000086,1980-10-25,KCK vs. DEN,W,0,2,,,0.0,,,0,0,,,,,,,,,,4,,0
14818,21980,77056,Cedrick Hordges,DEN,Denver Nuggets,0028000086,1980-10-25,DEN @ KCK,L,0,2,,,0.0,,,0,0,,,,,,,,,,4,,0
14819,21980,78139,Purvis Short,GOS,Golden State Warriors,0028000085,1980-10-25,GOS vs. DAL,W,0,2,,,0.0,,,0,0,,,,,,,,,,4,,0
14820,21980,77328,Tom LaGarde,DAL,Dallas Mavericks,0028000085,1980-10-25,DAL @ GOS,L,0,1,,,0.0,,,2,8,0.25,,,,,,,,,4,,0
14821,21980,76030,Darrell Allums,DAL,Dallas Mavericks,0028000085,1980-10-25,DAL @ GOS,L,0,1,,,0.0,,,2,4,0.5,,,,,,,,,4,,0
14822,21980,76567,Coby Dietrick,CHI,Chicago Bulls,0028000084,1980-10-25,CHI @ MIL,L,0,2,,,0.0,,,0,0,,,,,,,,,,4,,0
14823,21980,77528,Jim McElroy,ATL,Atlanta Hawks,0028000082,1980-10-25,ATL vs. PHL,L,0,2,,,0.0,,,0,0,,,,,,,,,,4,,0
14824,21980,77175,Caldwell Jones,PHL,Philadelphia 76ers,0028000082,1980-10-25,PHL @ ATL,W,0,0,,,0.0,,,4,4,1.0,,,,,,,,,4,,0
14825,21980,77043,Lionel Hollins,PHL,Philadelphia 76ers,0028000082,1980-10-25,PHL @ ATL,W,0,2,,,0.0,,,0,0,,,,,,,,,,4,,0
14826,21980,78442,Wally Walker,SEA,Seattle SuperSonics,0028000081,1980-10-25,SEA vs. PHX,L,0,2,,,0.0,,,0,2,0.0,,,,,,,,,4,,0
14827,21980,77308,Joel Kramer,PHX,Phoenix Suns,0028000081,1980-10-25,PHX @ SEA,W,0,2,,,0.0,,,0,0,,,,,,,,,,4,,0
14828,21980,77152,John Johnson,SEA,Seattle SuperSonics,0028000081,1980-10-25,SEA vs. PHX,L,0,2,,,0.0,,,0,0,,,,,,,,,,4,,0
14829,21980,76085,James Bailey,SEA,Seattle SuperSonics,0028000081,1980-10-25,SEA vs. PHX,L,0,1,,,0.0,,,2,4,0.5,,,,,,,,,4,,0
14830,21980,78095,Alvin Scott,PHX,Phoenix Suns,0028000080,1980-10-24,PHX @ DEN,W,0,1,,,0.0,,,2,2,1.0,,,,,,,,,4,,0
14831,21980,77308,Joel Kramer,PHX,Phoenix Suns,0028000080,1980-10-24,PHX @ DEN,W,0,2,,,0.0,,,0,0,,,,,,,,,,4,,0
14832,21980,77078,Kim Hughes,DEN,Denver Nuggets,0028000080,1980-10-24,DEN vs. PHX,L,0,2,,,0.0,,,0,0,,,,,,,,,,4,,0
14833,21980,77056,Cedrick Hordges,DEN,Denver Nuggets,0028000080,1980-10-24,DEN vs. PHX,L,0,2,,,0.0,,,0,0,,,,,,,,,,4,,0
14834,21980,76830,Glen Gondrezick,DEN,Denver Nuggets,0028000080,1980-10-24,DEN vs. PHX,L,0,2,,,0.0,,,0,0,,,,,,,,,,4,,0
14835,21980,76085,James Bailey,SEA,Seattle SuperSonics,0028000079,1980-10-24,SEA @ LAL,L,0,2,,,0.0,,,0,4,0.0,,,,,,,,,4,,0
14836,21980,77911,Kelvin Ransey,POR,Portland Trail Blazers,0028000076,1980-10-24,POR vs. DAL,W,0,2,,,0.0,,,0,0,,,,,,,,,,4,,0
14837,21980,77205,Eddie Jordan,NJN,New Jersey Nets,0028000075,1980-10-24,NJN vs. CLE,L,0,1,,,0.0,,,2,2,1.0,,,,,,,,,4,,0
14838,21980,76734,Don Ford,CLE,Cleveland Cavaliers,0028000075,1980-10-24,CLE @ NJN,W,0,2,,,0.0,,,0,0,,,,,,,,,,4,,0
14839,21980,76242,Mike Bratz,CLE,Cleveland Cavaliers,0028000075,1980-10-24,CLE @ NJN,W,0,2,,,0.0,,,0,0,,,,,,,,,,4,,0
14840,21980,76733,Chris Ford,BOS,Boston Celtics,0028000073,1980-10-23,BOS vs. NYK,L,0,2,,,0.0,,,0,0,,,,,,,,,,4,,0
14841,21980,77326,Sam Lacey,KCK,Kansas City Kings,0028000072,1980-10-23,KCK @ HOU,W,0,2,,,0.0,,,0,0,,,,,,,,,,4,,0
14842,21980,77633,Johnny Moore,SAN,San Antonio Spurs,0028000071,1980-10-23,SAN vs. GOS,W,0,2,,,0.0,,,0,3,0.0,,,,,,,,,4,,0
14843,21980,77149,George Johnson,SAN,San Antonio Spurs,0028000071,1980-10-23,SAN vs. GOS,W,0,0,,,0.0,,,4,4,1.0,,,,,,,,,4,,0
14844,21980,77126,Abdul Jeelani,DAL,Dallas Mavericks,0028000070,1980-10-22,DAL @ SEA,W,0,2,,,0.0,,,0,0,,,,,,,,,,4,,0
14845,21980,76608,Terry Duerod,DAL,Dallas Mavericks,0028000070,1980-10-22,DAL @ SEA,W,0,2,,,0.0,,,0,0,,,,,,,,,,4,,0
14846,21980,76321,Marty Byrnes,DAL,Dallas Mavericks,0028000070,1980-10-22,DAL @ SEA,W,0,1,,,0.0,,,2,3,0.667,,,,,,,,,4,,0
14847,21980,76078,Dennis Awtrey,SEA,Seattle SuperSonics,0028000070,1980-10-22,SEA vs. DAL,L,0,2,,,0.0,,,0,0,,,,,,,,,,4,,0
14848,21980,77996,Wayne Robinson,DET,Detroit Pistons,0028000069,1980-10-22,DET vs. PHL,L,0,1,,,0.0,,,2,2,1.0,,,,,,,,,4,,0
14849,21980,77364,Ron Lee,DET,Detroit Pistons,0028000069,1980-10-22,DET vs. PHL,L,0,1,,,0.0,,,2,4,0.5,,,,,,,,,4,,0
14850,21980,77692,Kenny Natt,IND,Indiana Pacers,0028000068,1980-10-22,IND vs. MIL,L,0,2,,,0.0,,,0,0,,,,,,,,,,4,,0
14851,21980,77205,Eddie Jordan,NJN,New Jersey Nets,0028000066,1980-10-22,NJN vs. BOS,L,0,0,,,0.0,,,4,4,1.0,,,,,,,,,4,,0
14852,21980,76435,Darwin Cook,NJN,New Jersey Nets,0028000066,1980-10-22,NJN vs. BOS,L,0,2,,,0.0,,,0,0,,,,,,,,,,4,,0
14853,21980,76686,Mike Evans,MIL,Milwaukee Bucks,0028000065,1980-10-21,MIL vs. CLE,W,0,2,,,0.0,,,0,0,,,,,,,,,,4,,0
14854,21980,77911,Kelvin Ransey,POR,Portland Trail Blazers,0028000064,1980-10-21,POR vs. LAL,W,0,2,,,0.0,,,0,0,,,,,,,,,,4,,0
14855,21980,76899,Ernie Grunfeld,KCK,Kansas City Kings,0028000062,1980-10-21,KCK vs. GOS,L,0,2,,,0.0,,,0,0,,,,,,,,,,4,,0
14856,21980,77692,Kenny Natt,IND,Indiana Pacers,0028000060,1980-10-21,IND @ ATL,W,0,1,,,0.0,,,2,4,0.5,,,,,,,,,4,,0
14857,21980,77328,Tom LaGarde,DAL,Dallas Mavericks,0028000059,1980-10-21,DAL @ PHX,L,0,2,,,0.0,,,0,0,,,,,,,,,6.0,4,,0
14858,21980,78614,Mike Woodson,NYK,New York Knicks,0028000058,1980-10-21,NYK vs. CHI,W,0,2,,,0.0,,,0,0,,,,,,,,,,4,,0
14859,21980,78481,Marvin Webster,NYK,New York Knicks,0028000058,1980-10-21,NYK vs. CHI,W,0,2,,,0.0,,,0,0,,,,,,,,,,4,,0
14860,21980,77246,Larry Kenon,CHI,Chicago Bulls,0028000058,1980-10-21,CHI @ NYK,L,0,1,,,0.0,,,2,2,1.0,,,,,,,,,4,,0
14861,21980,77438,Kyle Macy,PHX,Phoenix Suns,0028000056,1980-10-19,PHX @ SDC,W,0,2,,,0.0,,,0,0,,,,,,,,,,4,,0
14862,21980,77800,Sonny Parker,GOS,Golden State Warriors,0028000055,1980-10-19,GOS @ LAL,L,0,2,,,0.0,,,0,0,,,,,,,,,,4,,0
14863,21980,600010,Len Elmore,MIL,Milwaukee Bucks,0028000054,1980-10-19,MIL vs. NJN,W,0,2,,,0.0,,,0,0,,,,,,,,,,4,,0
14864,21980,78195,Larry Smith,GOS,Golden State Warriors,0028000053,1980-10-18,GOS vs. HOU,W,0,2,,,0.0,,,0,0,,,,,,,,,,4,,0
14865,21980,77917,Clifford Ray,GOS,Golden State Warriors,0028000053,1980-10-18,GOS vs. HOU,W,0,2,,,0.0,,,0,4,0.0,,,,,,,,6.0,4,,0
14866,21980,77817,Billy Paultz,HOU,Houston Rockets,0028000053,1980-10-18,HOU @ GOS,L,0,2,,,0.0,,,0,0,,,,,,,,,,4,,0
14867,21980,76283,Rickey Brown,GOS,Golden State Warriors,0028000053,1980-10-18,GOS vs. HOU,W,0,2,,,0.0,,,0,0,,,,,,,,,,4,,0
14868,21980,77623,Paul Mokeski,DET,Detroit Pistons,0028000052,1980-10-18,DET vs. ATL,L,0,1,,,0.0,,,2,2,1.0,,,,,,,,,4,,0
14869,21980,76599,Larry Drew,DET,Detroit Pistons,0028000052,1980-10-18,DET vs. ATL,L,0,1,,,0.0,,,2,2,1.0,,,,,,,,,4,,0
14870,21980,78400,Jan Van Breda Kolff,NJN,New Jersey Nets,0028000051,1980-10-18,NJN @ CHI,W,0,1,,,0.0,,,2,2,1.0,,,,,,,,,4,,0
14871,21980,77754,Mike O'Koren,NJN,New Jersey Nets,0028000051,1980-10-18,NJN @ CHI,W,0,2,,,0.0,,,0,0,,,,,,,,,,4,,0
14872,21980,940,Earl Cureton,PHL,Philadelphia 76ers,0028000050,1980-10-18,PHL vs. WAS,W,0,2,,,0.0,,,0,2,0.0,,,,,,,,,4,,0
14873,21980,77326,Sam Lacey,KCK,Kansas City Kings,0028000049,1980-10-18,KCK vs. SEA,L,0,2,,,0.0,,,0,0,,,,,,,,,6.0,4,,0
14874,21980,77136,Clemon Johnson,IND,Indiana Pacers,0028000048,1980-10-18,IND vs. BOS,W,0,2,,,0.0,,,0,0,,,,,,,,,,4,,0
14875,21980,76526,Johnny Davis,IND,Indiana Pacers,0028000048,1980-10-18,IND vs. BOS,W,0,2,,,0.0,,,0,0,,,,,,,,,6.0,4,,0
14876,21980,77126,Abdul Jeelani,DAL,Dallas Mavericks,0028000047,1980-10-18,DAL @ SAN,L,0,2,,,0.0,,,0,0,,,,,,,,,,4,,0
14877,21980,76483,Pat Cummings,MIL,Milwaukee Bucks,0028000046,1980-10-18,MIL @ CLE,W,0,2,,,0.0,,,0,0,,,,,,,,,,4,,0
14878,21980,77715,Carl Nicks,DEN,Denver Nuggets,0028000045,1980-10-18,DEN @ UTH,L,0,1,,,0.0,,,2,4,0.5,,,,,,,,,4,,0
14879,21980,76948,James Hardy,UTH,Utah Jazz,0028000045,1980-10-18,UTH vs. DEN,W,0,2,,,0.0,,,0,0,,,,,,,,,,4,,0
14880,21980,77420,Maurice Lucas,NJN,New Jersey Nets,0028000043,1980-10-17,NJN @ WAS,W,0,1,,,0.0,,,2,2,1.0,,,,,,,,,4,,0
14881,21980,77911,Kelvin Ransey,POR,Portland Trail Blazers,0028000042,1980-10-17,POR vs. HOU,L,0,2,,,0.0,,,0,0,,,,,,,,,,4,,0
14882,21980,77786,Tom Owens,POR,Portland Trail Blazers,0028000042,1980-10-17,POR vs. HOU,L,0,2,,,0.0,,,0,0,,,,,,,,,,4,,0
14883,21980,77189,Major Jones,HOU,Houston Rockets,0028000042,1980-10-17,HOU @ POR,W,0,1,,,0.0,,,2,4,0.5,,,,,,,,,4,,0
14884,21980,76616,Mike Dunleavy,HOU,Houston Rockets,0028000042,1980-10-17,HOU @ POR,W,0,0,,,0.0,,,4,4,1.0,,,,,,,,,4,,0
14885,21980,78510,Jojo White,KCK,Kansas City Kings,0028000041,1980-10-17,KCK @ DAL,W,0,2,,,0.0,,,0,0,,,,,,,,,,4,,0
14886,21980,77582,Joe Meriweather,KCK,Kansas City Kings,0028000041,1980-10-17,KCK @ DAL,W,0,2,,,0.0,,,0,0,,,,,,,,,,4,,0
14887,21980,77126,Abdul Jeelani,DAL,Dallas Mavericks,0028000041,1980-10-17,DAL vs. KCK,L,0,1,,,0.0,,,2,2,1.0,,,,,,,,,4,,0
14888,21980,78095,Alvin Scott,PHX,Phoenix Suns,0028000040,1980-10-17,PHX @ LAL,L,0,2,,,0.0,,,0,0,,,,,,,,,,4,,0
14889,21980,77910,Wally Rank,SDC,San Diego Clippers,0028000039,1980-10-17,SDC vs. DEN,L,0,1,,,0.0,,,2,2,1.0,,,,,,,,,4,,0
14890,21980,76830,Glen Gondrezick,DEN,Denver Nuggets,0028000039,1980-10-17,DEN @ SDC,W,0,1,,,0.0,,,2,2,1.0,,,,,,,,,4,,0
14891,21980,76734,Don Ford,CLE,Cleveland Cavaliers,0028000038,1980-10-17,CLE @ CHI,L,0,2,,,0.0,,,0,0,,,,,,,,,,4,,0
14892,21980,77633,Johnny Moore,SAN,San Antonio Spurs,0028000037,1980-10-16,SAN @ DET,W,0,1,,,0.0,,,2,4,0.5,,,,,,,,,4,,0
14893,21980,77364,Ron Lee,DET,Detroit Pistons,0028000037,1980-10-16,DET vs. SAN,L,0,1,,,0.0,,,2,2,1.0,,,,,,,,,4,,0
14894,21980,77071,Phil Hubbard,DET,Detroit Pistons,0028000037,1980-10-16,DET vs. SAN,L,0,1,,,0.0,,,2,2,1.0,,,,,,,,,4,,0
14895,21980,600010,Len Elmore,MIL,Milwaukee Bucks,0028000035,1980-10-16,MIL vs. BOS,L,0,1,,,0.0,,,2,2,1.0,,,,,,,,,4,,0
14896,21980,77626,Sidney Moncrief,MIL,Milwaukee Bucks,0028000035,1980-10-16,MIL vs. BOS,L,0,2,,,0.0,,,0,1,0.0,,,,,,,,,4,,0
14897,21980,78467,Kermit Washington,POR,Portland Trail Blazers,0028000028,1980-10-15,POR @ GOS,L,0,0,,,0.0,,,4,4,1.0,,,,,,,,,4,,0
14898,21980,78533,James Wilkes,CHI,Chicago Bulls,0028000034,1980-10-15,CHI @ IND,W,0,2,,,0.0,,,0,2,0.0,,,,,,,,,4,,0
14899,21980,77148,George Johnson,IND,Indiana Pacers,0028000034,1980-10-15,IND vs. CHI,L,0,2,,,0.0,,,0,0,,,,,,,,,,4,,0
14900,21980,78400,Jan Van Breda Kolff,NJN,New Jersey Nets,0028000033,1980-10-15,NJN vs. PHL,L,0,2,,,0.0,,,0,0,,,,,,,,,,4,,0
14901,21980,77754,Mike O'Koren,NJN,New Jersey Nets,0028000033,1980-10-15,NJN vs. PHL,L,0,2,,,0.0,,,0,2,0.0,,,,,,,,,4,,0
14902,21980,77635,Lowes Moore,NJN,New Jersey Nets,0028000033,1980-10-15,NJN vs. PHL,L,0,2,,,0.0,,,0,0,,,,,,,,,,4,,0
14903,21980,78510,Jojo White,KCK,Kansas City Kings,0028000032,1980-10-15,KCK vs. LAL,L,0,1,,,0.0,,,2,7,0.286,,,,,,,,,4,,0
14904,21980,77040,Brad Holland,LAL,Los Angeles Lakers,0028000032,1980-10-15,LAL @ KCK,W,0,1,,,0.0,,,2,2,1.0,,,,,,,,,4,,0
14905,21980,76444,Michael Cooper,LAL,Los Angeles Lakers,0028000032,1980-10-15,LAL @ KCK,W,0,2,,,0.0,,,0,0,,,,,,,,,,4,,0
14906,21980,76996,Tom Henderson,HOU,Houston Rockets,0028000030,1980-10-15,HOU vs. SEA,W,0,2,,,0.0,,,0,0,,,,,,,,,,4,,0
14907,21980,76616,Mike Dunleavy,HOU,Houston Rockets,0028000030,1980-10-15,HOU vs. SEA,W,0,2,,,0.0,,,0,0,,,,,,,,,,4,,0
14908,21980,77715,Carl Nicks,DEN,Denver Nuggets,0028000029,1980-10-15,DEN vs. DAL,W,0,2,,,0.0,,,0,0,,,,,,,,,,4,,0
14909,21980,77126,Abdul Jeelani,DAL,Dallas Mavericks,0028000029,1980-10-15,DAL @ DEN,L,0,2,,,0.0,,,0,0,,,,,,,,,,4,,0
14910,21980,77786,Tom Owens,POR,Portland Trail Blazers,0028000028,1980-10-15,POR @ GOS,L,0,2,,,0.0,,,0,2,0.0,,,,,,,,,4,,0
14911,21980,77911,Kelvin Ransey,POR,Portland Trail Blazers,0028000028,1980-10-15,POR @ GOS,L,0,2,,,0.0,,,0,0,,,,,,,,,,4,,0
14912,21980,76765,Tony Fuller,DET,Detroit Pistons,0028000023,1980-10-14,DET @ CLE,L,0,1,,,0.0,,,2,3,0.667,,,,,,,,,4,,0
14913,21980,77010,Keith Herron,DET,Detroit Pistons,0028000023,1980-10-14,DET @ CLE,L,0,0,,,0.0,,,4,6,0.667,,,,,,,,,4,,0
14914,21980,78481,Marvin Webster,NYK,New York Knicks,0028000027,1980-10-14,NYK vs. PHL,W,0,2,,,0.0,,,0,0,,,,,,,,,,4,,0
14915,21980,77175,Caldwell Jones,PHL,Philadelphia 76ers,0028000027,1980-10-14,PHL @ NYK,L,0,1,,,0.0,,,2,4,0.5,,,,,,,,,4,,0
14916,21980,76822,Mike Glenn,NYK,New York Knicks,0028000027,1980-10-14,NYK vs. PHL,W,0,2,,,0.0,,,0,0,,,,,,,,,,4,,0
14917,21980,78510,Jojo White,KCK,Kansas City Kings,0028000026,1980-10-14,KCK @ SAN,L,0,2,,,0.0,,,0,0,,,,,,,,,,4,,0
14918,21980,77326,Sam Lacey,KCK,Kansas City Kings,0028000026,1980-10-14,KCK @ SAN,L,0,2,,,0.0,,,0,0,,,,,,,,,,4,,0
14919,21980,76736,Phil Ford,KCK,Kansas City Kings,0028000026,1980-10-14,KCK @ SAN,L,0,0,,,0.0,,,4,5,0.8,,,,,,,,6.0,4,,0
14920,21980,76944,Bill Hanzlik,SEA,Seattle SuperSonics,0028000024,1980-10-14,SEA @ DAL,W,0,1,,,0.0,,,2,2,1.0,,,,,,,,,4,,0
14921,21980,76416,Art Collins,ATL,Atlanta Hawks,0028000025,1980-10-14,ATL vs. BOS,W,0,2,,,0.0,,,0,0,,,,,,,,,,4,,0
14922,21980,77829,Sam Pellom,ATL,Atlanta Hawks,0028000025,1980-10-14,ATL vs. BOS,W,0,2,,,0.0,,,0,0,,,,,,,,,,4,,0
14923,21980,77996,Wayne Robinson,DET,Detroit Pistons,0028000023,1980-10-14,DET @ CLE,L,0,2,,,0.0,,,0,0,,,,,,,,,,4,,0
14924,21980,77262,Chad Kinch,CLE,Cleveland Cavaliers,0028000023,1980-10-14,CLE vs. DET,W,0,2,,,0.0,,,0,0,,,,,,,,,,4,,0
14925,21980,1450,Kevin McHale,BOS,Boston Celtics,0028000025,1980-10-14,BOS @ ATL,L,0,2,,,0.0,,,0,0,,,,,,,,,,4,,0
14926,21980,78390,Terry Tyler,DET,Detroit Pistons,0028000022,1980-10-13,DET @ NJN,L,0,2,,,0.0,,,0,0,,,,,,,,,,4,,0
14927,21980,77364,Ron Lee,DET,Detroit Pistons,0028000022,1980-10-13,DET @ NJN,L,0,2,,,0.0,,,0,0,,,,,,,,,,4,,0
14928,21980,76599,Larry Drew,DET,Detroit Pistons,0028000022,1980-10-13,DET @ NJN,L,0,2,,,0.0,,,0,0,,,,,,,,,,4,,0
14929,21980,77189,Major Jones,HOU,Houston Rockets,0028000019,1980-10-12,HOU @ LAL,L,0,1,,,0.0,,,2,3,0.667,,,,,,,,,4,,0
14930,21980,76085,James Bailey,SEA,Seattle SuperSonics,0028000021,1980-10-12,SEA @ POR,L,0,1,,,0.0,,,2,5,0.4,,,,,,,,,4,,0
14931,21980,76802,Gus Gerard,KCK,Kansas City Kings,0028000020,1980-10-12,KCK @ PHX,L,0,1,,,0.0,,,2,2,1.0,,,,,,,,,4,,0
14932,21980,77078,Kim Hughes,DEN,Denver Nuggets,0028000018,1980-10-12,DEN vs. UTH,L,0,2,,,0.0,,,0,0,,,,,,,,,6.0,4,,0
14933,21980,76618,T.R. Dunn,DEN,Denver Nuggets,0028000018,1980-10-12,DEN vs. UTH,L,0,2,,,0.0,,,0,0,,,,,,,,,,4,,0
14934,21980,77334,Mark Landsberger,LAL,Los Angeles Lakers,0028000019,1980-10-12,LAL vs. HOU,W,0,2,,,0.0,,,0,0,,,,,,,,,,4,,0
14935,21980,78442,Wally Walker,SEA,Seattle SuperSonics,0028000021,1980-10-12,SEA @ POR,L,0,2,,,0.0,,,0,0,,,,,,,,,,4,,0
14936,21980,76553,Larry Demic,NYK,New York Knicks,0028000016,1980-10-11,NYK vs. MIL,W,0,2,,,0.0,,,0,0,,,,,,,,,,4,,0
14937,21980,76360,Reggie Carter,NYK,New York Knicks,0028000016,1980-10-11,NYK vs. MIL,W,0,1,,,0.0,,,2,3,0.667,,,,,,,,,4,,0
14938,21980,76385,Maurice Cheeks,PHL,Philadelphia 76ers,0028000014,1980-10-11,PHL @ WAS,W,0,2,,,0.0,,,0,0,,,,,,,,,,4,,0
14939,21980,328,Rick Mahorn,WAS,Washington Bullets,0028000014,1980-10-11,WAS vs. PHL,L,0,2,,,0.0,,,0,0,,,,,,,,,,4,,0
14940,21980,77553,Tom McMillen,ATL,Atlanta Hawks,0028000013,1980-10-11,ATL vs. CHI,W,0,2,,,0.0,,,0,0,,,,,,,,,,4,,0
14941,21980,76567,Coby Dietrick,CHI,Chicago Bulls,0028000013,1980-10-11,CHI @ ATL,L,0,1,,,0.0,,,2,4,0.5,,,,,,,,,4,,0
14942,21980,77998,Dave Robisch,CLE,Cleveland Cavaliers,0028000012,1980-10-11,CLE vs. NJN,L,0,0,,,0.0,,,4,4,1.0,,,,,,,,,4,,0
14943,21980,77010,Keith Herron,DET,Detroit Pistons,0028000011,1980-10-11,DET @ IND,L,0,1,,,0.0,,,2,2,1.0,,,,,,,,,4,,0
14944,21980,76889,Paul Griffin,SAN,San Antonio Spurs,0028000010,1980-10-11,SAN @ DAL,L,0,1,,,0.0,,,2,2,1.0,,,,,,,,,4,,0
14945,21980,78143,John Shumate,SAN,San Antonio Spurs,0028000010,1980-10-11,SAN @ DAL,L,0,2,,,0.0,,,0,1,0.0,,,,,,,,,4,,0
14946,21980,78548,Freeman Williams,SDC,San Diego Clippers,0028000015,1980-10-11,SDC @ GOS,L,0,2,,,0.0,,,0,0,,,,,,,,,,4,,0
14947,21980,77937,Billy Reid,GOS,Golden State Warriors,0028000015,1980-10-11,GOS vs. SDC,W,0,2,,,0.0,,,0,0,,,,,,,,,,4,,0
14948,21980,78150,James Silas,SAN,San Antonio Spurs,0028000010,1980-10-11,SAN @ DAL,L,0,2,,,0.0,,,0,0,,,,,,,,,,4,,0
14949,21980,76348,Austin Carr,DAL,Dallas Mavericks,0028000010,1980-10-11,DAL vs. SAN,W,0,2,,,0.0,,,0,0,,,,,,,,,,4,,0
14950,21980,77917,Clifford Ray,GOS,Golden State Warriors,0028000015,1980-10-11,GOS vs. SDC,W,0,2,,,0.0,,,0,0,,,,,,,,,,4,,0
14951,21980,77149,George Johnson,SAN,San Antonio Spurs,0028000010,1980-10-11,SAN @ DAL,L,0,2,,,0.0,,,0,0,,,,,,,,,,4,,0
14952,21980,78400,Jan Van Breda Kolff,NJN,New Jersey Nets,0028000009,1980-10-10,NJN vs. IND,L,0,2,,,0.0,,,0,0,,,,,,,,,,4,,0
14953,21980,78146,Jerry Sichting,IND,Indiana Pacers,0028000009,1980-10-10,IND @ NJN,W,0,2,,,0.0,,,0,0,,,,,,,,,,4,,0
14954,21980,77770,Louis Orr,IND,Indiana Pacers,0028000009,1980-10-10,IND @ NJN,W,0,1,,,0.0,,,2,2,1.0,,,,,,,,,4,,0
14955,21980,77136,Clemon Johnson,IND,Indiana Pacers,0028000009,1980-10-10,IND @ NJN,W,0,1,,,0.0,,,2,2,1.0,,,,,,,,,4,,0
14956,21980,77547,Billy McKinney,UTH,Utah Jazz,0028000008,1980-10-10,UTH vs. POR,W,0,1,,,0.0,,,2,2,1.0,,,,,,,,,4,,0
14957,21980,76895,Bob Gross,POR,Portland Trail Blazers,0028000008,1980-10-10,POR @ UTH,L,0,2,,,0.0,,,0,0,,,,,,,,,,4,,0
14958,21980,77996,Wayne Robinson,DET,Detroit Pistons,0028000005,1980-10-10,DET vs. WAS,L,0,1,,,0.0,,,2,2,1.0,,,,,,,,,4,,0
14959,21980,76599,Larry Drew,DET,Detroit Pistons,0028000005,1980-10-10,DET vs. WAS,L,0,1,,,0.0,,,2,2,1.0,,,,,,,,,4,,0
14960,21980,76483,Pat Cummings,MIL,Milwaukee Bucks,0028000003,1980-10-10,MIL @ PHL,W,0,2,,,0.0,,,0,0,,,,,,,,,,4,,0
14961,21980,76889,Paul Griffin,SAN,San Antonio Spurs,0028000002,1980-10-10,SAN @ DEN,W,0,1,,,0.0,,,2,3,0.667,,,,,,,,6.0,4,,0
14962,21980,76830,Glen Gondrezick,DEN,Denver Nuggets,0028000002,1980-10-10,DEN vs. SAN,L,0,1,,,0.0,,,2,2,1.0,,,,,,,,,4,,0
14963,21980,77917,Clifford Ray,GOS,Golden State Warriors,0028000001,1980-10-10,GOS @ PHX,L,0,1,,,0.0,,,2,3,0.667,,,,,,,,6.0,4,,0
14964,21980,77718,Mike Niles,PHX,Phoenix Suns,0028000001,1980-10-10,PHX vs. GOS,W,0,2,,,0.0,,,0,0,,,,,,,,,,4,,0
14965,21980,77438,Kyle Macy,PHX,Phoenix Suns,0028000001,1980-10-10,PHX vs. GOS,W,0,2,,,0.0,,,0,0,,,,,,,,,,4,,0
14966,21980,76436,Jeff Cook,PHX,Phoenix Suns,0028000001,1980-10-10,PHX vs. GOS,W,0,2,,,0.0,,,0,0,,,,,,,,,,4,,0
14967,21980,78222,Jim Spanarkel,DAL,Dallas Mavericks,0028000938,1981-03-29,DAL @ KCK,L,0,0,,,0.0,,,3,3,1.0,,,,,,,,,3,,0
14968,21980,77353,Allen Leavell,HOU,Houston Rockets,0028000935,1981-03-29,HOU @ SAN,L,0,1,,,0.0,,,1,1,1.0,,,,,,,,,3,,0
14969,21980,76618,T.R. Dunn,DEN,Denver Nuggets,0028000933,1981-03-29,DEN @ LAL,W,0,1,,,0.0,,,1,2,0.5,,,,,,,,,3,,0
14970,21980,1450,Kevin McHale,BOS,Boston Celtics,0028000937,1981-03-29,BOS vs. PHL,W,0,1,,,0.0,,,1,4,0.25,,,,,,,,,3,,0
14971,21980,76392,Jim Chones,LAL,Los Angeles Lakers,0028000930,1981-03-28,LAL @ UTH,L,0,1,,,0.0,,,1,1,1.0,,,,,,,,6.0,3,,0
14972,21980,76248,Jim Brewer,LAL,Los Angeles Lakers,0028000927,1981-03-27,LAL @ SEA,W,0,1,,,0.0,,,1,2,0.5,,,,,,,,,3,,0
14973,21980,78467,Kermit Washington,POR,Portland Trail Blazers,0028000926,1981-03-27,POR @ DAL,W,0,1,,,0.0,,,1,2,0.5,,,,,,,,,3,,0
14974,21980,78449,Lloyd Walton,KCK,Kansas City Kings,0028000923,1981-03-27,KCK @ HOU,L,0,1,,,0.0,,,1,2,0.5,,,,,,,,,3,,0
14975,21980,76881,David Greenwood,CHI,Chicago Bulls,0028000921,1981-03-27,CHI vs. ATL,W,0,1,,,0.0,,,1,3,0.333,,,,,,,,,3,,0
14976,21980,77858,Stan Pietkiewicz,DAL,Dallas Mavericks,0028000926,1981-03-27,DAL vs. POR,L,0,1,,,1.0,,,0,0,,,,,,,,,,3,,0
14977,21980,77209,Walter Jordan,CLE,Cleveland Cavaliers,0028000918,1981-03-26,CLE @ MIL,L,0,1,,,0.0,,,1,1,1.0,,,,,,,,,3,,0
14978,21980,77189,Major Jones,HOU,Houston Rockets,0028000912,1981-03-25,HOU vs. SAN,W,0,1,,,0.0,,,1,2,0.5,,,,,,,,,3,,0
14979,21980,76336,Mack Calvin,CLE,Cleveland Cavaliers,0028000905,1981-03-24,CLE @ CHI,L,0,1,,,0.0,,,1,1,1.0,,,,,,,,,3,,0
14980,21980,78095,Alvin Scott,PHX,Phoenix Suns,0028000899,1981-03-22,PHX vs. SEA,W,0,1,,,0.0,,,1,2,0.5,,,,,,,,,3,,0
14981,21980,77438,Kyle Macy,PHX,Phoenix Suns,0028000899,1981-03-22,PHX vs. SEA,W,0,1,,,0.0,,,1,1,1.0,,,,,,,,,3,,0
14982,21980,76985,Garfield Heard,SDC,San Diego Clippers,0028000891,1981-03-22,SDC @ SAN,L,0,1,,,0.0,,,1,2,0.5,,,,,,,,,3,,0
14983,21980,77718,Mike Niles,PHX,Phoenix Suns,0028000899,1981-03-22,PHX vs. SEA,W,0,1,,,1.0,,,0,0,,,,,,,,,,3,,0
14984,21980,77071,Phil Hubbard,DET,Detroit Pistons,0028000885,1981-03-20,DET vs. MIL,L,0,1,,,0.0,,,1,1,1.0,,,,,,,,,3,,0
14985,21980,76590,Leon Douglas,KCK,Kansas City Kings,0028000880,1981-03-20,KCK vs. SAN,L,0,0,,,0.0,,,3,5,0.6,,,,,,,,,3,,0
14986,21980,77950,Clint Richardson,PHL,Philadelphia 76ers,0028000878,1981-03-20,PHL @ CHI,L,0,1,,,0.0,,,1,2,0.5,,,,,,,,,3,,0
14987,21980,76162,Henry Bibby,SDC,San Diego Clippers,0028000876,1981-03-19,SDC vs. GOS,W,0,1,,,0.0,,,1,2,0.5,,,,,,,,,3,,0
14988,21980,940,Earl Cureton,PHL,Philadelphia 76ers,0028000872,1981-03-18,PHL vs. IND,W,0,1,,,0.0,,,1,2,0.5,,,,,,,,,3,,0
14989,21980,77308,Joel Kramer,PHX,Phoenix Suns,0028000869,1981-03-18,PHX vs. LAL,W,0,1,,,0.0,,,1,1,1.0,,,,,,,,,3,,0
14990,21980,76608,Terry Duerod,BOS,Boston Celtics,0028000867,1981-03-18,BOS vs. ATL,L,0,1,,,1.0,,,0,0,,,,,,,,,,3,,0
14991,21980,76317,Don Buse,IND,Indiana Pacers,0028000872,1981-03-18,IND @ PHL,L,0,1,,,1.0,,,0,0,,,,,,,,,,3,,0
14992,21980,76567,Coby Dietrick,CHI,Chicago Bulls,0028000863,1981-03-17,CHI vs. MIL,W,0,1,,,0.0,,,1,2,0.5,,,,,,,,,3,,0
14993,21980,76317,Don Buse,IND,Indiana Pacers,0028000859,1981-03-17,IND @ NYK,L,0,1,,,0.0,,,1,2,0.5,,,,,,,,,3,,0
14994,21980,78516,Jerome Whitehead,SDC,San Diego Clippers,0028000856,1981-03-15,SDC @ LAL,W,0,1,,,0.0,,,1,2,0.5,,,,,,,,,3,,0
14995,21980,76539,Darryl Dawkins,PHL,Philadelphia 76ers,0028000851,1981-03-15,PHL @ NYK,L,0,1,,,0.0,,,1,2,0.5,,,,,,,,,3,,0
14996,21980,77626,Sidney Moncrief,MIL,Milwaukee Bucks,0028000849,1981-03-15,MIL vs. SEA,W,0,1,,,0.0,,,1,1,1.0,,,,,,,,,3,,0
14997,21980,76005,Tom Abernethy,IND,Indiana Pacers,0028000847,1981-03-14,IND vs. DET,L,0,1,,,0.0,,,1,2,0.5,,,,,,,,,3,,0
14998,21980,76889,Paul Griffin,SAN,San Antonio Spurs,0028000846,1981-03-14,SAN @ SDC,L,0,0,,,0.0,,,3,4,0.75,,,,,,,,,3,,0
14999,21980,77715,Carl Nicks,UTH,Utah Jazz,0028000844,1981-03-14,UTH @ HOU,L,0,1,,,0.0,,,1,2,0.5,,,,,,,,,3,,0
15000,21980,76534,Ron Davis,SDC,San Diego Clippers,0028000846,1981-03-14,SDC vs. SAN,W,0,1,,,1.0,,,0,0,,,,,,,,,,3,,0
15001,21980,77162,Ollie Johnson,PHL,Philadelphia 76ers,0028000836,1981-03-13,PHL @ MIL,L,0,1,,,0.0,,,1,1,1.0,,,,,,,,,3,,0
15002,21980,77937,Billy Reid,GOS,Golden State Warriors,0028000833,1981-03-12,GOS @ DAL,L,0,1,,,0.0,,,1,3,0.333,,,,,,,,,3,,0
15003,21980,77689,Swen Nater,SDC,San Diego Clippers,0028000832,1981-03-12,SDC vs. LAL,L,0,0,,,0.0,,,3,4,0.75,,,,,,,,,3,,0
15004,21980,77858,Stan Pietkiewicz,DAL,Dallas Mavericks,0028000833,1981-03-12,DAL vs. GOS,W,0,1,,,1.0,,,0,0,,,,,,,,,,3,,0
15005,21980,78396,Ron Valentine,DEN,Denver Nuggets,0028000835,1981-03-12,DEN @ MIL,L,0,1,,,1.0,,,0,0,,,,,,,,,,3,,0
15006,21980,78392,Wes Unseld,WAS,Washington Bullets,0028000830,1981-03-11,WAS @ NJN,L,0,1,,,0.0,,,1,3,0.333,,,,,,,,,3,,0
15007,21980,78577,Bill Willoughby,HOU,Houston Rockets,0028000828,1981-03-11,HOU vs. GOS,W,0,1,,,0.0,,,1,2,0.5,,,,,,,,,3,,0
15008,21980,77495,Bill Mayfield,GOS,Golden State Warriors,0028000828,1981-03-11,GOS @ HOU,L,0,1,,,0.0,,,1,2,0.5,,,,,,,,,3,,0
15009,21980,76360,Reggie Carter,NYK,New York Knicks,0028000827,1981-03-11,NYK @ PHL,L,0,1,,,0.0,,,1,2,0.5,,,,,,,,,3,,0
15010,21980,77308,Joel Kramer,PHX,Phoenix Suns,0028000824,1981-03-10,PHX @ DAL,L,0,1,,,0.0,,,1,2,0.5,,,,,,,,,3,,0
15011,21980,76436,Jeff Cook,PHX,Phoenix Suns,0028000824,1981-03-10,PHX @ DAL,L,0,1,,,0.0,,,1,2,0.5,,,,,,,,,3,,0
15012,21980,76590,Leon Douglas,KCK,Kansas City Kings,0028000823,1981-03-10,KCK @ SDC,W,0,1,,,0.0,,,1,3,0.333,,,,,,,,,3,,0
15013,21980,76317,Don Buse,IND,Indiana Pacers,0028000825,1981-03-10,IND vs. PHL,L,0,1,,,1.0,,,0,0,,,,,,,,,,3,,0
15014,21980,100263,Bill Laimbeer,CLE,Cleveland Cavaliers,0028000819,1981-03-09,CLE @ MIL,L,0,1,,,0.0,,,1,2,0.5,,,,,,,,,3,,0
15015,21980,328,Rick Mahorn,WAS,Washington Bullets,0028000817,1981-03-08,WAS vs. CHI,W,0,1,,,0.0,,,1,2,0.5,,,,,,,,,3,,0
15016,21980,78057,Frankie Sanders,KCK,Kansas City Kings,0028000815,1981-03-08,KCK vs. PHX,W,0,1,,,0.0,,,1,1,1.0,,,,,,,,,3,,0
15017,21980,77331,John Lambert,KCK,Kansas City Kings,0028000815,1981-03-08,KCK vs. PHX,W,0,1,,,0.0,,,1,2,0.5,,,,,,,,,3,,0
15018,21980,76944,Bill Hanzlik,SEA,Seattle SuperSonics,0028000814,1981-03-08,SEA vs. SDC,L,0,1,,,0.0,,,1,2,0.5,,,,,,,,,3,,0
15019,21980,76317,Don Buse,IND,Indiana Pacers,0028000813,1981-03-08,IND vs. DEN,W,0,1,,,0.0,,,1,1,1.0,,,,,,,,,3,,0
15020,21980,76162,Henry Bibby,SDC,San Diego Clippers,0028000808,1981-03-07,SDC @ UTH,L,0,1,,,1.0,,,0,0,,,,,,,,,,3,,0
15021,21980,77209,Walter Jordan,CLE,Cleveland Cavaliers,0028000805,1981-03-06,CLE @ SDC,L,0,1,,,0.0,,,1,3,0.333,,,,,,,,,3,,0
15022,21980,77149,George Johnson,SAN,San Antonio Spurs,0028000804,1981-03-06,SAN @ SEA,L,0,1,,,0.0,,,1,2,0.5,,,,,,,,,3,,0
15023,21980,76656,Bob Elliott,NJN,New Jersey Nets,0028000801,1981-03-06,NJN @ ATL,L,0,1,,,0.0,,,1,3,0.333,,,,,,,,,3,,0
15024,21980,76733,Chris Ford,BOS,Boston Celtics,0028000800,1981-03-06,BOS @ IND,L,0,1,,,0.0,,,1,2,0.5,,,,,,,,6.0,3,,0
15025,21980,76889,Paul Griffin,SAN,San Antonio Spurs,0028000793,1981-03-04,SAN vs. KCK,L,0,1,,,0.0,,,1,2,0.5,,,,,,,,,3,,0
15026,21980,77419,John Lucas,GOS,Golden State Warriors,0028000790,1981-03-04,GOS vs. UTH,W,0,1,,,0.0,,,1,2,0.5,,,,,,,,,3,,0
15027,21980,76151,Mel Bennett,UTH,Utah Jazz,0028000790,1981-03-04,UTH @ GOS,L,0,1,,,0.0,,,1,2,0.5,,,,,,,,,3,,0
15028,21980,77205,Eddie Jordan,LAL,Los Angeles Lakers,0028000786,1981-03-04,LAL @ DEN,L,0,1,,,0.0,,,1,1,1.0,,,,,,,,,3,,0
15029,21980,76418,Don Collins,ATL,Atlanta Hawks,0028000782,1981-03-03,ATL @ NYK,W,0,0,,,,,,3,5,0.6,,,,,,,,,3,,0
15030,21980,77334,Mark Landsberger,LAL,Los Angeles Lakers,0028000784,1981-03-03,LAL @ KCK,W,0,1,,,0.0,,,1,2,0.5,,,,,,,,,3,,0
15031,21980,76321,Marty Byrnes,DAL,Dallas Mavericks,0028000783,1981-03-03,DAL vs. BOS,L,0,1,,,0.0,,,1,2,0.5,,,,,,,,,3,,0
15032,21980,77323,Kevin Kunnert,POR,Portland Trail Blazers,0028000779,1981-03-03,POR vs. IND,W,0,1,,,0.0,,,1,1,1.0,,,,,,,,,3,,0
15033,21980,76317,Don Buse,IND,Indiana Pacers,0028000779,1981-03-03,IND @ POR,L,0,1,,,0.0,,,1,1,1.0,,,,,,,,,3,,0
15034,21980,77235,Rich Kelley,PHX,Phoenix Suns,0028000778,1981-03-01,PHX @ LAL,W,0,1,,,0.0,,,1,2,0.5,,,,,,,,,3,,0
15035,21980,76599,Larry Drew,DET,Detroit Pistons,0028000777,1981-03-01,DET @ NJN,W,0,1,,,0.0,,,1,2,0.5,,,,,,,,,3,,0
15036,21980,76534,Ron Davis,SDC,San Diego Clippers,0028000772,1981-03-01,SDC @ DAL,L,0,1,,,0.0,,,1,1,1.0,,,,,,,,,3,,0
15037,21980,76583,James Donaldson,SEA,Seattle SuperSonics,0028000771,1981-03-01,SEA @ ATL,L,0,1,,,0.0,,,1,1,1.0,,,,,,,,,3,,0
15038,21980,76553,Larry Demic,NYK,New York Knicks,0028000769,1981-02-28,NYK vs. CHI,L,0,1,,,0.0,,,1,3,0.333,,,,,,,,,3,,0
15039,21980,78015,Lorenzo Romar,GOS,Golden State Warriors,0028000768,1981-02-28,GOS @ KCK,W,0,1,,,0.0,,,1,2,0.5,,,,,,,,,3,,0
15040,21980,77205,Eddie Jordan,LAL,Los Angeles Lakers,0028000764,1981-02-27,LAL vs. NJN,W,0,1,,,0.0,,,1,2,0.5,,,,,,,,,3,,0
15041,21980,76095,Mike Bantom,IND,Indiana Pacers,0028000755,1981-02-25,IND @ HOU,L,0,1,,,0.0,,,1,2,0.5,,,,,,,,6.0,3,,0
15042,21980,600009,Rory Sparrow,NJN,New Jersey Nets,0028000752,1981-02-25,NJN @ UTH,L,0,0,,,0.0,,,3,4,0.75,,,,,,,,,3,,0
15043,21980,76290,Joe Bryant,SDC,San Diego Clippers,0028000750,1981-02-25,SDC vs. PHL,L,0,1,,,0.0,,,1,2,0.5,,,,,,,,,3,,0
15044,21980,77043,Lionel Hollins,PHL,Philadelphia 76ers,0028000741,1981-02-22,PHL @ PHX,L,0,1,,,0.0,,,1,1,1.0,,,,,,,,,3,,0
15045,21980,77182,Dwight Jones,CHI,Chicago Bulls,0028000735,1981-02-22,CHI vs. ATL,L,0,1,,,0.0,,,1,2,0.5,,,,,,,,,3,,0
15046,21980,77162,Ollie Johnson,PHL,Philadelphia 76ers,0028000741,1981-02-22,PHL @ PHX,L,0,1,,,1.0,,,0,0,,,,,,,,,,3,,0
15047,21980,76608,Terry Duerod,BOS,Boston Celtics,0028000731,1981-02-21,BOS @ DET,W,0,1,,,0.0,,,1,2,0.5,,,,,,,,,3,,0
15048,21980,76242,Mike Bratz,CLE,Cleveland Cavaliers,0028000730,1981-02-21,CLE vs. ATL,L,0,1,,,0.0,,,1,1,1.0,,,,,,,,,3,,0
15049,21980,78516,Jerome Whitehead,SDC,San Diego Clippers,0028000729,1981-02-20,SDC @ GOS,W,0,1,,,0.0,,,1,1,1.0,,,,,,,,,3,,0
15050,21980,78296,Brian Taylor,SDC,San Diego Clippers,0028000729,1981-02-20,SDC @ GOS,W,0,1,,,0.0,,,1,1,1.0,,,,,,,,,3,,0
15051,21980,77691,Calvin Natt,POR,Portland Trail Blazers,0028000727,1981-02-20,POR @ NJN,L,0,1,,,0.0,,,1,4,0.25,,,,,,,,,3,,0
15052,21980,76802,Gus Gerard,SAN,San Antonio Spurs,0028000725,1981-02-20,SAN @ IND,L,0,1,,,0.0,,,1,1,1.0,,,,,,,,,3,,0
15053,21980,76418,Don Collins,WAS,Washington Bullets,0028000721,1981-02-20,WAS @ NYK,L,0,1,,,0.0,,,1,1,1.0,,,,,,,,,3,,0
15054,21980,77308,Joel Kramer,PHX,Phoenix Suns,0028000875,1981-02-19,PHX @ DEN,L,0,1,,,0.0,,,1,2,0.5,,,,,,,,,3,,0
15055,21980,328,Rick Mahorn,WAS,Washington Bullets,0028000719,1981-02-19,WAS vs. PHL,W,0,1,,,0.0,,,1,3,0.333,,,,,,,,,3,,0
15056,21980,76895,Bob Gross,POR,Portland Trail Blazers,0028000718,1981-02-19,POR @ DET,W,0,1,,,0.0,,,1,1,1.0,,,,,,,,,3,,0
15057,21980,77189,Major Jones,HOU,Houston Rockets,0028000717,1981-02-19,HOU @ SDC,L,0,1,,,0.0,,,1,1,1.0,,,,,,,,,3,,0
15058,21980,77167,Vinnie Johnson,SEA,Seattle SuperSonics,0028000713,1981-02-18,SEA vs. NYK,L,0,1,,,0.0,,,1,2,0.5,,,,,,,,,3,,0
15059,21980,76317,Don Buse,IND,Indiana Pacers,0028000711,1981-02-18,IND vs. ATL,L,0,1,,,1.0,,,0,0,,,,,,,,,,3,,0
15060,21980,77490,Scott May,CHI,Chicago Bulls,0028000708,1981-02-17,CHI @ SDC,L,0,0,,,0.0,,,3,4,0.75,,,,,,,,,3,,0
15061,21980,77623,Paul Mokeski,DET,Detroit Pistons,0028000703,1981-02-17,DET @ CLE,L,0,1,,,0.0,,,1,2,0.5,,,,,,,,,3,,0
15062,21980,77917,Clifford Ray,GOS,Golden State Warriors,0028000702,1981-02-15,GOS @ NJN,L,0,1,,,0.0,,,1,2,0.5,,,,,,,,,3,,0
15063,21980,76351,M.L. Carr,BOS,Boston Celtics,0028000696,1981-02-15,BOS @ DEN,W,0,0,,,0.0,,,3,5,0.6,,,,,,,,,3,,0
15064,21980,77229,Clarence Kea,DAL,Dallas Mavericks,0028000692,1981-02-14,DAL vs. SAN,L,0,1,,,0.0,,,1,2,0.5,,,,,,,,,3,,0
15065,21980,76483,Pat Cummings,MIL,Milwaukee Bucks,0028000686,1981-02-13,MIL vs. GOS,L,0,1,,,0.0,,,1,2,0.5,,,,,,,,,3,,0
15066,21980,77136,Clemon Johnson,IND,Indiana Pacers,0028000683,1981-02-13,IND @ NJN,L,0,1,,,0.0,,,1,2,0.5,,,,,,,,,3,,0
15067,21980,76317,Don Buse,IND,Indiana Pacers,0028000683,1981-02-13,IND @ NJN,L,0,0,,,0.0,,,3,5,0.6,,,,,,,,,3,,0
15068,21980,77364,Ron Lee,DET,Detroit Pistons,0028000681,1981-02-13,DET @ NYK,L,0,0,,,0.0,,,3,4,0.75,,,,,,,,,3,,0
15069,21980,76954,Mike Harper,POR,Portland Trail Blazers,0028000678,1981-02-12,POR vs. SEA,L,0,1,,,0.0,,,1,1,1.0,,,,,,,,,3,,0
15070,21980,78600,Brian Winters,MIL,Milwaukee Bucks,0028000671,1981-02-11,MIL @ IND,W,0,1,,,0.0,,,1,2,0.5,,,,,,,,,3,,0
15071,21980,76608,Terry Duerod,BOS,Boston Celtics,0028000665,1981-02-10,BOS @ SEA,L,0,1,,,1.0,,,0,0,,,,,,,,,,3,,0
15072,21980,76054,Nate Archibald,BOS,Boston Celtics,0028000662,1981-02-08,BOS vs. SDC,W,0,1,,,0.0,,,1,1,1.0,,,,,,,,,3,,0
15073,21980,77326,Sam Lacey,KCK,Kansas City Kings,0028000658,1981-02-08,KCK @ POR,L,0,0,,,0.0,,,3,3,1.0,,,,,,,,6.0,3,,0
15074,21980,77950,Clint Richardson,PHL,Philadelphia 76ers,0028000655,1981-02-08,PHL vs. LAL,W,0,1,,,0.0,,,1,1,1.0,,,,,,,,,3,,0
15075,21980,77334,Mark Landsberger,LAL,Los Angeles Lakers,0028000655,1981-02-08,LAL @ PHL,L,0,0,,,0.0,,,3,8,0.375,,,,,,,,,3,,0
15076,21980,76317,Don Buse,IND,Indiana Pacers,0028000663,1981-02-08,IND @ DET,W,0,1,,,1.0,,,0,0,,,,,,,,,,3,,0
15077,21980,76656,Bob Elliott,NJN,New Jersey Nets,0028000650,1981-02-07,NJN @ NYK,L,0,0,,,0.0,,,3,4,0.75,,,,,,,,,3,,0
15078,21980,77308,Joel Kramer,PHX,Phoenix Suns,0028000642,1981-02-06,PHX vs. HOU,W,0,1,,,0.0,,,1,2,0.5,,,,,,,,,3,,0
15079,21980,77290,Billy Knight,IND,Indiana Pacers,0028000640,1981-02-06,IND @ BOS,L,0,1,,,0.0,,,1,2,0.5,,,,,,,,,3,,0
15080,21980,77984,Rick Robey,BOS,Boston Celtics,0028000636,1981-02-05,BOS @ MIL,L,0,1,,,0.0,,,1,4,0.25,,,,,,,,,3,,0
15081,21980,77189,Major Jones,HOU,Houston Rockets,0028000632,1981-02-04,HOU vs. DAL,W,0,1,,,0.0,,,1,2,0.5,,,,,,,,,3,,0
15082,21980,76996,Tom Henderson,HOU,Houston Rockets,0028000632,1981-02-04,HOU vs. DAL,W,0,1,,,0.0,,,1,2,0.5,,,,,,,,,3,,0
15083,21980,77420,Maurice Lucas,NJN,New Jersey Nets,0028000631,1981-02-04,NJN vs. SDC,L,0,1,,,0.0,,,1,2,0.5,,,,,,,,,3,,0
15084,21980,77715,Carl Nicks,UTH,Utah Jazz,0028000630,1981-02-04,UTH @ PHX,L,0,1,,,0.0,,,1,2,0.5,,,,,,,,,3,,0
15085,21980,77215,Jeff Judkins,UTH,Utah Jazz,0028000630,1981-02-04,UTH @ PHX,L,0,0,,,0.0,,,3,4,0.75,,,,,,,,,3,,0
15086,21980,76608,Terry Duerod,BOS,Boston Celtics,0028000629,1981-02-04,BOS @ PHL,L,0,1,,,1.0,,,0,0,,,,,,,,,,3,,0
15087,21980,77419,John Lucas,GOS,Golden State Warriors,0028000635,1981-02-04,GOS vs. POR,W,0,1,,,1.0,,,0,0,,,,,,,,,,3,,0
15088,21980,77136,Clemon Johnson,IND,Indiana Pacers,0028000623,1981-02-03,IND @ MIL,W,0,1,,,0.0,,,1,1,1.0,,,,,,,,,3,,0
15089,21980,77582,Joe Meriweather,KCK,Kansas City Kings,0028000621,1981-02-03,KCK @ DAL,W,0,1,,,0.0,,,1,2,0.5,,,,,,,,,3,,0
15090,21980,77126,Abdul Jeelani,DAL,Dallas Mavericks,0028000621,1981-02-03,DAL vs. KCK,L,0,0,,,0.0,,,3,4,0.75,,,,,,,,,3,,0
15091,21980,76590,Leon Douglas,KCK,Kansas City Kings,0028000621,1981-02-03,KCK @ DAL,W,0,1,,,0.0,,,1,4,0.25,,,,,,,,,3,,0
15092,21980,76534,Ron Davis,SDC,San Diego Clippers,0028000617,1981-01-29,SDC vs. POR,L,0,1,,,0.0,,,1,2,0.5,,,,,,,,,3,,0
15093,21980,76733,Chris Ford,BOS,Boston Celtics,0028000616,1981-01-29,BOS @ CHI,L,0,1,,,0.0,,,1,2,0.5,,,,,,,,,3,,0
15094,21980,77056,Cedrick Hordges,DEN,Denver Nuggets,0028000614,1981-01-29,DEN vs. MIL,W,0,1,,,0.0,,,1,2,0.5,,,,,,,,,3,,0
15095,21980,78057,Frankie Sanders,KCK,Kansas City Kings,0028000613,1981-01-29,KCK @ LAL,L,0,1,,,0.0,,,1,1,1.0,,,,,,,,,3,,0
15096,21980,77205,Eddie Jordan,LAL,Los Angeles Lakers,0028000613,1981-01-29,LAL vs. KCK,W,0,1,,,0.0,,,1,2,0.5,,,,,,,,,3,,0
15097,21980,76889,Paul Griffin,SAN,San Antonio Spurs,0028000612,1981-01-29,SAN vs. NJN,W,0,1,,,0.0,,,1,3,0.333,,,,,,,,,3,,0
15098,21980,78132,Craig Shelton,ATL,Atlanta Hawks,0028000611,1981-01-29,ATL vs. NYK,L,0,1,,,0.0,,,1,2,0.5,,,,,,,,,3,,0
15099,21980,76822,Mike Glenn,NYK,New York Knicks,0028000611,1981-01-29,NYK @ ATL,W,0,1,,,0.0,,,1,1,1.0,,,,,,,,,3,,0
15100,21980,78400,Jan Van Breda Kolff,NJN,New Jersey Nets,0028000607,1981-01-28,NJN @ HOU,L,0,1,,,0.0,,,1,1,1.0,,,,,,,,,3,,0
15101,21980,76418,Don Collins,WAS,Washington Bullets,0028000601,1981-01-27,WAS @ ATL,W,0,1,,,0.0,,,1,2,0.5,,,,,,,,6.0,3,,0
15102,21980,76822,Mike Glenn,NYK,New York Knicks,0028000595,1981-01-26,NYK vs. PHX,L,0,1,,,0.0,,,1,2,0.5,,,,,,,,,3,,0
15103,21980,76874,Rickey Green,UTH,Utah Jazz,0028000594,1981-01-26,UTH vs. DET,W,0,1,,,0.0,,,1,2,0.5,,,,,,,,,3,,0
15104,21980,77149,George Johnson,SAN,San Antonio Spurs,0028000592,1981-01-25,SAN @ POR,L,0,1,,,0.0,,,1,2,0.5,,,,,,,,,3,,0
15105,21980,78132,Craig Shelton,ATL,Atlanta Hawks,0028000584,1981-01-24,ATL vs. CHI,L,0,1,,,0.0,,,1,1,1.0,,,,,,,,,3,,0
15106,21980,77022,Johnny High,PHX,Phoenix Suns,0028000581,1981-01-23,PHX vs. MIL,W,0,1,,,0.0,,,1,3,0.333,,,,,,,,,3,,0
15107,21980,600010,Len Elmore,MIL,Milwaukee Bucks,0028000581,1981-01-23,MIL @ PHX,L,0,1,,,0.0,,,1,1,1.0,,,,,,,,,3,,0
15108,21980,76471,Charlie Criss,ATL,Atlanta Hawks,0028000580,1981-01-23,ATL vs. CLE,L,0,0,,,0.0,,,3,4,0.75,,,,,,,,,3,,0
15109,21980,76889,Paul Griffin,SAN,San Antonio Spurs,0028000569,1981-01-21,SAN @ KCK,L,0,1,,,0.0,,,1,4,0.25,,,,,,,,,3,,0
15110,21980,76249,Ron Brewer,SAN,San Antonio Spurs,0028000569,1981-01-21,SAN @ KCK,L,0,1,,,0.0,,,1,3,0.333,,,,,,,,,3,,0
15111,21980,940,Earl Cureton,PHL,Philadelphia 76ers,0028000568,1981-01-21,PHL vs. IND,W,0,1,,,0.0,,,1,2,0.5,,,,,,,,,3,,0
15112,21980,78618,Sam Worthen,CHI,Chicago Bulls,0028000561,1981-01-20,CHI vs. IND,W,0,1,,,0.0,,,1,1,1.0,,,,,,,,,3,,0
15113,21980,78222,Jim Spanarkel,DAL,Dallas Mavericks,0028000557,1981-01-20,DAL vs. KCK,L,0,0,,,0.0,,,3,4,0.75,,,,,,,,,3,,0
15114,21980,76516,Brad Davis,DAL,Dallas Mavericks,0028000552,1981-01-18,DAL @ SDC,L,0,1,,,0.0,,,1,2,0.5,,,,,,,,,3,,0
15115,21980,76305,Tom Burleson,ATL,Atlanta Hawks,0028000551,1981-01-18,ATL @ PHX,L,0,1,,,0.0,,,1,2,0.5,,,,,,,,,3,,0
15116,21980,600010,Len Elmore,MIL,Milwaukee Bucks,0028000550,1981-01-18,MIL vs. POR,W,0,1,,,0.0,,,1,1,1.0,,,,,,,,,3,,0
15117,21980,76151,Mel Bennett,UTH,Utah Jazz,0028000547,1981-01-18,UTH @ IND,L,0,1,,,0.0,,,1,2,0.5,,,,,,,,,3,,0
15118,21980,76993,Gerald Henderson,BOS,Boston Celtics,0028000546,1981-01-18,BOS vs. LAL,W,0,0,,,0.0,,,3,4,0.75,,,,,,,,,3,,0
15119,21980,77817,Billy Paultz,HOU,Houston Rockets,0028000536,1981-01-16,HOU @ PHX,L,0,0,,,0.0,,,3,6,0.5,,,,,,,,,3,,0
15120,21980,78537,Jeff Wilkins,UTH,Utah Jazz,0028000535,1981-01-16,UTH vs. SDC,W,0,0,,,0.0,,,3,5,0.6,,,,,,,,,3,,0
15121,21980,78132,Craig Shelton,ATL,Atlanta Hawks,0028000533,1981-01-16,ATL @ GOS,W,0,1,,,0.0,,,1,2,0.5,,,,,,,,,3,,0
15122,21980,77205,Eddie Jordan,LAL,Los Angeles Lakers,0028000531,1981-01-16,LAL @ NJN,W,0,1,,,0.0,,,1,1,1.0,,,,,,,,,3,,0
15123,21980,76534,Ron Davis,SDC,San Diego Clippers,0028000523,1981-01-14,SDC vs. ATL,W,0,1,,,0.0,,,1,2,0.5,,,,,,,,,3,,0
15124,21980,76231,Dudley Bradley,IND,Indiana Pacers,0028000519,1981-01-14,IND vs. DET,W,0,1,,,0.0,,,1,2,0.5,,,,,,,,,3,,0
15125,21980,76078,Dennis Awtrey,SEA,Seattle SuperSonics,0028000518,1981-01-13,SEA @ PHX,L,0,1,,,0.0,,,1,2,0.5,,,,,,,,,3,,0
15126,21980,77528,Jim McElroy,ATL,Atlanta Hawks,0028000514,1981-01-13,ATL @ DEN,L,0,1,,,0.0,,,1,1,1.0,,,,,,,,,3,,0
15127,21980,77205,Eddie Jordan,LAL,Los Angeles Lakers,0028000511,1981-01-11,LAL vs. DET,W,0,0,,,0.0,,,3,7,0.429,,,,,,,,,3,,0
15128,21980,77308,Joel Kramer,PHX,Phoenix Suns,0028000509,1981-01-11,PHX @ MIL,L,0,1,,,0.0,,,1,2,0.5,,,,,,,,,3,,0
15129,21980,76436,Jeff Cook,PHX,Phoenix Suns,0028000509,1981-01-11,PHX @ MIL,L,0,1,,,0.0,,,1,2,0.5,,,,,,,,,3,,0
15130,21980,78146,Jerry Sichting,IND,Indiana Pacers,0028000507,1981-01-10,IND vs. MIL,W,0,0,,,0.0,,,3,3,1.0,,,,,,,,,3,,0
15131,21980,77800,Sonny Parker,GOS,Golden State Warriors,0028000502,1981-01-10,GOS vs. DET,W,0,1,,,0.0,,,1,5,0.2,,,,,,,,,3,,0
15132,21980,76830,Glen Gondrezick,DEN,Denver Nuggets,0028000500,1981-01-10,DEN @ SEA,L,0,0,,,0.0,,,3,4,0.75,,,,,,,,,3,,0
15133,21980,76881,David Greenwood,CHI,Chicago Bulls,0028000499,1981-01-10,CHI vs. PHL,L,0,1,,,0.0,,,1,1,1.0,,,,,,,,,3,,0
15134,21980,76567,Coby Dietrick,CHI,Chicago Bulls,0028000499,1981-01-10,CHI vs. PHL,L,0,1,,,0.0,,,1,1,1.0,,,,,,,,,3,,0
15135,21980,76305,Tom Burleson,ATL,Atlanta Hawks,0028000497,1981-01-09,ATL vs. CLE,L,0,1,,,0.0,,,1,2,0.5,,,,,,,,,3,,0
15136,21980,78400,Jan Van Breda Kolff,NJN,New Jersey Nets,0028000493,1981-01-09,NJN vs. PHX,L,0,1,,,0.0,,,1,2,0.5,,,,,,,,,3,,0
15137,21980,77975,Anthony Roberts,WAS,Washington Bullets,0028000491,1981-01-08,WAS @ KCK,L,0,1,,,0.0,,,1,2,0.5,,,,,,,,,3,,0
15138,21980,77528,Jim McElroy,ATL,Atlanta Hawks,0028000489,1981-01-08,ATL @ MIL,L,0,1,,,0.0,,,1,2,0.5,,,,,,,,,3,,0
15139,21980,78095,Alvin Scott,PHX,Phoenix Suns,0028000485,1981-01-07,PHX @ BOS,L,0,1,,,0.0,,,1,2,0.5,,,,,,,,,3,,0
15140,21980,76707,Eric Fernsten,BOS,Boston Celtics,0028000485,1981-01-07,BOS vs. PHX,W,0,1,,,0.0,,,1,2,0.5,,,,,,,,,3,,0
15141,21980,78527,Michael Wiley,SAN,San Antonio Spurs,0028000483,1981-01-07,SAN @ PHL,L,0,1,,,0.0,,,1,2,0.5,,,,,,,,,3,,0
15142,21980,600009,Rory Sparrow,NJN,New Jersey Nets,0028000478,1981-01-06,NJN @ MIL,L,0,1,,,0.0,,,1,2,0.5,,,,,,,,,3,,0
15143,21980,78095,Alvin Scott,PHX,Phoenix Suns,0028000476,1981-01-06,PHX @ ATL,W,0,1,,,0.0,,,1,2,0.5,,,,,,,,,3,,0
15144,21980,76534,Ron Davis,SDC,San Diego Clippers,0028000475,1981-01-06,SDC @ CHI,L,0,0,,,0.0,,,3,5,0.6,,,,,,,,,3,,0
15145,21980,77126,Abdul Jeelani,DAL,Dallas Mavericks,0028000474,1981-01-05,DAL @ SEA,L,0,1,,,0.0,,,1,2,0.5,,,,,,,,,3,,0
15146,21980,76317,Don Buse,IND,Indiana Pacers,0028000471,1981-01-04,IND @ NJN,W,0,1,,,0.0,,,1,2,0.5,,,,,,,,,3,,0
15147,21980,76257,Allan Bristow,UTH,Utah Jazz,0028000469,1981-01-03,UTH vs. POR,W,0,1,,,0.0,,,1,1,1.0,,,,,,,,,3,,0
15148,21980,76005,Tom Abernethy,IND,Indiana Pacers,0028000459,1981-01-02,IND @ ATL,W,0,1,,,0.0,,,1,2,0.5,,,,,,,,,3,,0
15149,21980,77043,Lionel Hollins,PHL,Philadelphia 76ers,0028000457,1981-01-02,PHL @ SEA,W,0,0,,,0.0,,,3,4,0.75,,,,,,,,,3,,0
15150,21980,76078,Dennis Awtrey,SEA,Seattle SuperSonics,0028000457,1981-01-02,SEA vs. PHL,L,0,1,,,0.0,,,1,2,0.5,,,,,,,,,3,,0
15151,21980,76608,Terry Duerod,BOS,Boston Celtics,0028000463,1981-01-02,BOS @ GOS,L,0,1,,,1.0,,,0,0,,,,,,,,,,3,,0
15152,21980,78146,Jerry Sichting,IND,Indiana Pacers,0028000450,1980-12-30,IND @ DEN,L,0,1,,,0.0,,,1,2,0.5,,,,,,,,,3,,0
15153,21980,76590,Leon Douglas,KCK,Kansas City Kings,0028000447,1980-12-30,KCK vs. GOS,L,0,1,,,0.0,,,1,4,0.25,,,,,,,,,3,,0
15154,21980,76272,Fred Brown,SEA,Seattle SuperSonics,0028000445,1980-12-30,SEA @ SAN,L,0,0,,,0.0,,,3,4,0.75,,,,,,,,,3,,0
15155,21980,78618,Sam Worthen,CHI,Chicago Bulls,0028000444,1980-12-30,CHI vs. NJN,W,0,1,,,0.0,,,1,2,0.5,,,,,,,,,3,,0
15156,21980,78400,Jan Van Breda Kolff,NJN,New Jersey Nets,0028000444,1980-12-30,NJN @ CHI,L,0,0,,,0.0,,,3,3,1.0,,,,,,,,,3,,0
15157,21980,76616,Mike Dunleavy,HOU,Houston Rockets,0028000443,1980-12-30,HOU vs. SDC,W,0,1,,,0.0,,,1,3,0.333,,,,,,,,,3,,0
15158,21980,77396,Scott Lloyd,DAL,Dallas Mavericks,0028000439,1980-12-29,DAL @ CLE,L,0,1,,,0.0,,,1,1,1.0,,,,,,,,,3,,0
15159,21980,77136,Clemon Johnson,IND,Indiana Pacers,0028000603,1980-12-27,IND @ SDC,L,0,1,,,0.0,,,1,4,0.25,,,,,,,,,3,,0
15160,21980,76348,Austin Carr,WAS,Washington Bullets,0028000436,1980-12-27,WAS vs. HOU,W,0,1,,,0.0,,,1,2,0.5,,,,,,,,,3,,0
15161,21980,78481,Marvin Webster,NYK,New York Knicks,0028000435,1980-12-27,NYK vs. KCK,W,0,1,,,0.0,,,1,2,0.5,,,,,,,,,3,,0
15162,21980,77024,Armond Hill,SEA,Seattle SuperSonics,0028000430,1980-12-27,SEA @ GOS,L,0,1,,,0.0,,,1,2,0.5,,,,,,,,,3,,0
15163,21980,76583,James Donaldson,SEA,Seattle SuperSonics,0028000430,1980-12-27,SEA @ GOS,L,0,1,,,0.0,,,1,2,0.5,,,,,,,,,3,,0
15164,21980,77996,Wayne Robinson,DET,Detroit Pistons,0028000429,1980-12-27,DET @ CHI,L,0,1,,,0.0,,,1,5,0.2,,,,,,,,,3,,0
15165,21980,77182,Dwight Jones,CHI,Chicago Bulls,0028000429,1980-12-27,CHI vs. DET,W,0,1,,,0.0,,,1,2,0.5,,,,,,,,,3,,0
15166,21980,77024,Armond Hill,SEA,Seattle SuperSonics,0028000426,1980-12-26,SEA vs. POR,L,0,1,,,0.0,,,1,3,0.333,,,,,,,,,3,,0
15167,21980,76895,Bob Gross,POR,Portland Trail Blazers,0028000415,1980-12-23,POR vs. LAL,W,0,1,,,0.0,,,1,1,1.0,,,,,,,,,3,,0
15168,21980,78449,Lloyd Walton,KCK,Kansas City Kings,0028000414,1980-12-23,KCK @ CLE,W,0,1,,,0.0,,,1,1,1.0,,,,,,,,,3,,0
15169,21980,76336,Mack Calvin,CLE,Cleveland Cavaliers,0028000414,1980-12-23,CLE vs. KCK,L,0,1,,,0.0,,,1,2,0.5,,,,,,,,,3,,0
15170,21980,78400,Jan Van Breda Kolff,NJN,New Jersey Nets,0028000411,1980-12-23,NJN @ IND,L,0,1,,,0.0,,,1,2,0.5,,,,,,,,,3,,0
15171,21980,77635,Lowes Moore,NJN,New Jersey Nets,0028000411,1980-12-23,NJN @ IND,L,0,1,,,0.0,,,1,2,0.5,,,,,,,,,3,,0
15172,21980,76567,Coby Dietrick,CHI,Chicago Bulls,0028000408,1980-12-23,CHI vs. NYK,W,0,1,,,0.0,,,1,2,0.5,,,,,,,,,3,,0
15173,21980,76121,Billyray Bates,POR,Portland Trail Blazers,0028000415,1980-12-23,POR vs. LAL,W,0,1,,,1.0,,,0,0,,,,,,,,,,3,,0
15174,21980,77910,Wally Rank,SDC,San Diego Clippers,0028000404,1980-12-21,SDC vs. DET,W,0,1,,,0.0,,,1,3,0.333,,,,,,,,,3,,0
15175,21980,76947,Alan Hardy,LAL,Los Angeles Lakers,0028000402,1980-12-21,LAL vs. SAN,W,0,1,,,0.0,,,1,2,0.5,,,,,,,,,3,,0
15176,21980,76336,Mack Calvin,CLE,Cleveland Cavaliers,0028000400,1980-12-20,CLE vs. BOS,L,0,1,,,0.0,,,1,1,1.0,,,,,,,,,3,,0
15177,21980,78618,Sam Worthen,CHI,Chicago Bulls,0028000395,1980-12-20,CHI vs. HOU,W,0,1,,,0.0,,,1,2,0.5,,,,,,,,,3,,0
15178,21980,77353,Allen Leavell,HOU,Houston Rockets,0028000395,1980-12-20,HOU @ CHI,L,0,1,,,0.0,,,1,1,1.0,,,,,,,,,3,,0
15179,21980,76881,David Greenwood,CHI,Chicago Bulls,0028000393,1980-12-19,CHI vs. MIL,W,0,1,,,0.0,,,1,2,0.5,,,,,,,,,3,,0
15180,21980,77770,Louis Orr,IND,Indiana Pacers,0028000390,1980-12-19,IND @ DET,L,0,1,,,0.0,,,1,2,0.5,,,,,,,,,3,,0
15181,21980,76436,Jeff Cook,PHX,Phoenix Suns,0028000386,1980-12-19,PHX vs. UTH,W,0,1,,,0.0,,,1,2,0.5,,,,,,,,,3,,0
15182,21980,77328,Tom LaGarde,DAL,Dallas Mavericks,0028000385,1980-12-18,DAL @ SDC,L,0,1,,,0.0,,,1,1,1.0,,,,,,,,,3,,0
15183,21980,78396,Ron Valentine,DEN,Denver Nuggets,0028000383,1980-12-18,DEN @ CLE,L,0,1,,,0.0,,,1,2,0.5,,,,,,,,,3,,0
15184,21980,77715,Carl Nicks,DEN,Denver Nuggets,0028000383,1980-12-18,DEN @ CLE,L,0,1,,,0.0,,,1,2,0.5,,,,,,,,,3,,0
15185,21980,77024,Armond Hill,SEA,Seattle SuperSonics,0028000381,1980-12-17,SEA vs. KCK,W,0,1,,,0.0,,,1,1,1.0,,,,,,,,,3,,0
15186,21980,77419,John Lucas,GOS,Golden State Warriors,0028000375,1980-12-17,GOS vs. POR,L,0,1,,,0.0,,,1,1,1.0,,,,,,,,,3,,0
15187,21980,77848,Roger Phegley,CLE,Cleveland Cavaliers,0028000378,1980-12-17,CLE @ PHL,L,0,1,,,1.0,,,0,0,,,,,,,,,,3,,0
15188,21980,76618,T.R. Dunn,DEN,Denver Nuggets,0028000368,1980-12-16,DEN vs. KCK,L,0,0,,,0.0,,,3,7,0.429,,,,,,,,,3,,0
15189,21980,76895,Bob Gross,POR,Portland Trail Blazers,0028000363,1980-12-14,POR @ PHX,W,0,1,,,0.0,,,1,2,0.5,,,,,,,,,3,,0
15190,21980,77021,Kenny Higgs,DEN,Denver Nuggets,0028000360,1980-12-13,DEN @ SAN,L,0,1,,,0.0,,,1,2,0.5,,,,,,,,,3,,0
15191,21980,77126,Abdul Jeelani,DAL,Dallas Mavericks,0028000358,1980-12-13,DAL @ KCK,L,0,1,,,0.0,,,1,2,0.5,,,,,,,,,3,,0
15192,21980,78614,Mike Woodson,NYK,New York Knicks,0028000356,1980-12-13,NYK vs. DET,W,0,1,,,0.0,,,1,1,1.0,,,,,,,,,3,,0
15193,21980,76567,Coby Dietrick,CHI,Chicago Bulls,0028000354,1980-12-13,CHI vs. BOS,L,0,1,,,0.0,,,1,2,0.5,,,,,,,,,3,,0
15194,21980,76733,Chris Ford,BOS,Boston Celtics,0028000354,1980-12-13,BOS @ CHI,W,0,1,,,1.0,,,0,0,,,,,,,,,,3,,0
15195,21980,76248,Jim Brewer,LAL,Los Angeles Lakers,0028000352,1980-12-12,LAL @ SEA,W,0,1,,,0.0,,,1,2,0.5,,,,,,,,,3,,0
15196,21980,77215,Jeff Judkins,UTH,Utah Jazz,0028000351,1980-12-12,UTH @ CHI,L,0,1,,,0.0,,,1,2,0.5,,,,,,,,,3,,0
15197,21980,78307,Carlos Terry,WAS,Washington Bullets,0028000350,1980-12-12,WAS @ PHL,L,0,1,,,0.0,,,1,3,0.333,,,,,,,,,3,,0
15198,21980,76317,Don Buse,IND,Indiana Pacers,0028000344,1980-12-11,IND @ CLE,W,0,1,,,0.0,,,1,3,0.333,,,,,,,,,3,,0
15199,21980,77438,Kyle Macy,PHX,Phoenix Suns,0028000343,1980-12-10,PHX @ IND,L,0,1,,,0.0,,,1,2,0.5,,,,,,,,,3,,0
15200,21980,76516,Brad Davis,DAL,Dallas Mavericks,0028000341,1980-12-10,DAL @ DEN,L,0,1,,,0.0,,,1,2,0.5,,,,,,,,,3,,0
15201,21980,77623,Paul Mokeski,DET,Detroit Pistons,0028000339,1980-12-10,DET vs. ATL,L,0,1,,,0.0,,,1,2,0.5,,,,,,,,,3,,0
15202,21980,76771,Mike Gale,SAN,San Antonio Spurs,0028000326,1980-12-08,SAN @ SEA,L,0,1,,,0.0,,,1,2,0.5,,,,,,,,,3,,0
15203,21980,76583,James Donaldson,SEA,Seattle SuperSonics,0028000326,1980-12-08,SEA vs. SAN,W,0,1,,,0.0,,,1,3,0.333,,,,,,,,,3,,0
15204,21980,77334,Mark Landsberger,LAL,Los Angeles Lakers,0028000321,1980-12-07,LAL vs. UTH,W,0,1,,,0.0,,,1,1,1.0,,,,,,,,,3,,0
15205,21980,77040,Brad Holland,LAL,Los Angeles Lakers,0028000321,1980-12-07,LAL vs. UTH,W,0,0,,,0.0,,,3,5,0.6,,,,,,,,,3,,0
15206,21980,76162,Henry Bibby,SDC,San Diego Clippers,0028000324,1980-12-07,SDC vs. NJN,W,0,1,,,1.0,,,0,0,,,,,,,,,,3,,0
15207,21980,77334,Mark Landsberger,LAL,Los Angeles Lakers,0028000320,1980-12-06,LAL @ GOS,L,0,1,,,0.0,,,1,2,0.5,,,,,,,,,3,,0
15208,21980,76996,Tom Henderson,HOU,Houston Rockets,0028000315,1980-12-06,HOU vs. DEN,W,0,1,,,0.0,,,1,1,1.0,,,,,,,,,3,,0
15209,21980,76483,Pat Cummings,MIL,Milwaukee Bucks,0028000313,1980-12-05,MIL vs. IND,W,0,1,,,0.0,,,1,2,0.5,,,,,,,,,3,,0
15210,21980,76534,Ron Davis,SDC,San Diego Clippers,0028000296,1980-12-03,SDC @ LAL,W,0,1,,,0.0,,,1,2,0.5,,,,,,,,,3,,0
15211,21980,76889,Paul Griffin,SAN,San Antonio Spurs,0028000294,1980-12-02,SAN vs. PHX,L,0,1,,,0.0,,,1,2,0.5,,,,,,,,,3,,0
15212,21980,77175,Caldwell Jones,PHL,Philadelphia 76ers,0028000288,1980-12-02,PHL @ ATL,L,0,1,,,0.0,,,1,1,1.0,,,,,,,,,3,,0
15213,21980,78468,Richard Washington,CLE,Cleveland Cavaliers,0028000287,1980-12-02,CLE @ DAL,W,0,1,,,0.0,,,1,2,0.5,,,,,,,,,3,,0
15214,21980,76567,Coby Dietrick,CHI,Chicago Bulls,0028000284,1980-11-30,CHI @ LAL,W,0,1,,,0.0,,,1,4,0.25,,,,,,,,,3,,0
15215,21980,76353,Joe Barry Carroll,GOS,Golden State Warriors,0028000281,1980-11-30,GOS @ SDC,L,0,1,,,0.0,,,1,2,0.5,,,,,,,,,3,,0
15216,21980,78014,Tree Rollins,ATL,Atlanta Hawks,0028000280,1980-11-29,ATL vs. DET,L,0,0,,,0.0,,,3,4,0.75,,,,,,,,,3,,0
15217,21980,77829,Sam Pellom,ATL,Atlanta Hawks,0028000280,1980-11-29,ATL vs. DET,L,0,1,,,0.0,,,1,2,0.5,,,,,,,,,3,,0
15218,21980,77364,Ron Lee,DET,Detroit Pistons,0028000280,1980-11-29,DET @ ATL,W,0,0,,,0.0,,,3,4,0.75,,,,,,,,,3,,0
15219,21980,76899,Ernie Grunfeld,KCK,Kansas City Kings,0028000279,1980-11-29,KCK vs. SAN,L,0,1,,,0.0,,,1,1,1.0,,,,,,,,,3,,0
15220,21980,76771,Mike Gale,SAN,San Antonio Spurs,0028000279,1980-11-29,SAN @ KCK,W,0,1,,,0.0,,,1,2,0.5,,,,,,,,,3,,0
15221,21980,77917,Clifford Ray,GOS,Golden State Warriors,0028000275,1980-11-29,GOS vs. PHX,L,0,1,,,0.0,,,1,2,0.5,,,,,,,,,3,,0
15222,21980,76553,Larry Demic,NYK,New York Knicks,0028000274,1980-11-29,NYK vs. POR,W,0,1,,,0.0,,,1,1,1.0,,,,,,,,,3,,0
15223,21980,77873,Ben Poquette,UTH,Utah Jazz,0028000273,1980-11-29,UTH @ PHL,L,0,1,,,0.0,,,1,2,0.5,,,,,,,,6.0,3,,0
15224,21980,940,Earl Cureton,PHL,Philadelphia 76ers,0028000269,1980-11-28,PHL vs. POR,W,0,1,,,0.0,,,1,3,0.333,,,,,,,,,3,,0
15225,21980,77996,Wayne Robinson,DET,Detroit Pistons,0028000263,1980-11-28,DET vs. KCK,W,0,1,,,0.0,,,1,1,1.0,,,,,,,,,3,,0
15226,21980,77800,Sonny Parker,GOS,Golden State Warriors,0028000261,1980-11-27,GOS vs. LAL,L,0,1,,,0.0,,,1,2,0.5,,,,,,,,,3,,0
15227,21980,76889,Paul Griffin,SAN,San Antonio Spurs,0028000259,1980-11-26,SAN vs. CHI,W,0,0,,,0.0,,,3,6,0.5,,,,,,,,,3,,0
15228,21980,78400,Jan Van Breda Kolff,NJN,New Jersey Nets,0028000255,1980-11-26,NJN @ KCK,L,0,1,,,0.0,,,1,2,0.5,,,,,,,,,3,,0
15229,21980,76802,Gus Gerard,KCK,Kansas City Kings,0028000255,1980-11-26,KCK vs. NJN,W,0,1,,,0.0,,,1,2,0.5,,,,,,,,,3,,0
15230,21980,77312,Wayne Kreklow,BOS,Boston Celtics,0028000251,1980-11-26,BOS vs. POR,W,0,0,,,0.0,,,3,4,0.75,,,,,,,,,3,,0
15231,21980,76895,Bob Gross,POR,Portland Trail Blazers,0028000251,1980-11-26,POR @ BOS,L,0,1,,,0.0,,,1,2,0.5,,,,,,,,,3,,0
15232,21980,78000,John Roche,DEN,Denver Nuggets,0028000247,1980-11-25,DEN @ SDC,L,0,1,,,0.0,,,1,2,0.5,,,,,,,,,3,,0
15233,21980,77920,Jamesearl Ray,DEN,Denver Nuggets,0028000244,1980-11-23,DEN @ PHX,L,0,1,,,0.0,,,1,2,0.5,,,,,,,,,3,,0
15234,21980,77715,Carl Nicks,DEN,Denver Nuggets,0028000244,1980-11-23,DEN @ PHX,L,0,1,,,0.0,,,1,6,0.167,,,,,,,,,3,,0
15235,21980,77829,Sam Pellom,ATL,Atlanta Hawks,0028000241,1980-11-22,ATL vs. UTH,W,0,1,,,0.0,,,1,2,0.5,,,,,,,,,3,,0
15236,21980,76471,Charlie Criss,ATL,Atlanta Hawks,0028000241,1980-11-22,ATL vs. UTH,W,0,0,,,0.0,,,3,4,0.75,,,,,,,,,3,,0
15237,21980,76204,Ron Boone,UTH,Utah Jazz,0028000241,1980-11-22,UTH @ ATL,L,0,1,,,0.0,,,1,2,0.5,,,,,,,,,3,,0
15238,21980,76360,Reggie Carter,NYK,New York Knicks,0028000240,1980-11-22,NYK vs. GOS,L,0,0,,,0.0,,,3,5,0.6,,,,,,,,,3,,0
15239,21980,77952,Micheal Ray Richardson,NYK,New York Knicks,0028000228,1980-11-21,NYK @ CHI,L,0,1,,,0.0,,,1,2,0.5,,,,,,,,,3,,0
15240,21980,76162,Henry Bibby,SDC,San Diego Clippers,0028000235,1980-11-21,SDC @ WAS,L,0,1,,,1.0,,,0,0,,,,,,,,,,3,,0
15241,21980,76786,Calvin Garrett,HOU,Houston Rockets,0028000227,1980-11-20,HOU @ CLE,W,0,1,,,0.0,,,1,1,1.0,,,,,,,,,3,,0
15242,21980,78623,Larry Wright,DET,Detroit Pistons,0028000224,1980-11-20,DET vs. SDC,W,0,0,,,0.0,,,3,4,0.75,,,,,,,,,3,,0
15243,21980,76599,Larry Drew,DET,Detroit Pistons,0028000224,1980-11-20,DET vs. SDC,W,0,1,,,0.0,,,1,1,1.0,,,,,,,,,3,,0
15244,21980,78143,John Shumate,SAN,San Antonio Spurs,0028000220,1980-11-18,SAN @ ATL,L,0,1,,,0.0,,,1,3,0.333,,,,,,,,,3,,0
15245,21980,76771,Mike Gale,SAN,San Antonio Spurs,0028000220,1980-11-18,SAN @ ATL,L,0,1,,,0.0,,,1,2,0.5,,,,,,,,,3,,0
15246,21980,76707,Eric Fernsten,BOS,Boston Celtics,0028000217,1980-11-18,BOS @ CHI,W,0,1,,,0.0,,,1,2,0.5,,,,,,,,,3,,0
15247,21980,76618,T.R. Dunn,DEN,Denver Nuggets,0028000210,1980-11-18,DEN @ POR,L,0,1,,,0.0,,,1,2,0.5,,,,,,,,,3,,0
15248,21980,76567,Coby Dietrick,CHI,Chicago Bulls,0028000208,1980-11-16,CHI @ MIL,W,0,1,,,0.0,,,1,2,0.5,,,,,,,,,3,,0
15249,21980,77808,Myles Patrick,LAL,Los Angeles Lakers,0028000207,1980-11-16,LAL vs. DAL,W,0,1,,,0.0,,,1,2,0.5,,,,,,,,,3,,0
15250,21980,76553,Larry Demic,NYK,New York Knicks,0028000204,1980-11-15,NYK vs. CLE,W,0,0,,,0.0,,,3,5,0.6,,,,,,,,,3,,0
15251,21980,76616,Mike Dunleavy,HOU,Houston Rockets,0028000200,1980-11-15,HOU @ SEA,L,0,1,,,0.0,,,1,1,1.0,,,,,,,,,3,,0
15252,21980,76441,Wayne Cooper,UTH,Utah Jazz,0028000196,1980-11-14,UTH vs. HOU,W,0,1,,,0.0,,,1,1,1.0,,,,,,,,,3,,0
15253,21980,77136,Clemon Johnson,IND,Indiana Pacers,0028000194,1980-11-14,IND vs. WAS,W,0,1,,,0.0,,,1,2,0.5,,,,,,,,,3,,0
15254,21980,76954,Mike Harper,POR,Portland Trail Blazers,0028000193,1980-11-14,POR @ DAL,L,0,1,,,0.0,,,1,2,0.5,,,,,,,,,3,,0
15255,21980,76802,Gus Gerard,KCK,Kansas City Kings,0028000191,1980-11-14,KCK @ SEA,L,0,1,,,0.0,,,1,2,0.5,,,,,,,,,3,,0
15256,21980,77205,Eddie Jordan,NJN,New Jersey Nets,0028000181,1980-11-12,NJN vs. DEN,W,0,0,,,0.0,,,3,4,0.75,,,,,,,,,3,,0
15257,21980,77996,Wayne Robinson,DET,Detroit Pistons,0028000180,1980-11-12,DET vs. MIL,L,0,0,,,0.0,,,3,4,0.75,,,,,,,,,3,,0
15258,21980,77182,Dwight Jones,CHI,Chicago Bulls,0028000177,1980-11-11,CHI vs. PHL,L,0,0,,,0.0,,,3,4,0.75,,,,,,,,,3,,0
15259,21980,76348,Austin Carr,WAS,Washington Bullets,0028000175,1980-11-11,WAS vs. DEN,W,0,1,,,0.0,,,1,4,0.25,,,,,,,,,3,,0
15260,21980,76590,Leon Douglas,KCK,Kansas City Kings,0028000173,1980-11-11,KCK @ POR,W,0,1,,,0.0,,,1,1,1.0,,,,,,,,,3,,0
15261,21980,76365,Harvey Catchings,MIL,Milwaukee Bucks,0028000172,1980-11-11,MIL @ CLE,W,0,1,,,0.0,,,1,2,0.5,,,,,,,,,3,,0
15262,21980,77692,Kenny Natt,IND,Indiana Pacers,0028000171,1980-11-11,IND @ SAN,W,0,1,,,0.0,,,1,3,0.333,,,,,,,,,3,,0
15263,21980,78146,Jerry Sichting,IND,Indiana Pacers,0028000169,1980-11-10,IND @ UTH,L,0,1,,,0.0,,,1,1,1.0,,,,,,,,,3,,0
15264,21980,76204,Ron Boone,UTH,Utah Jazz,0028000169,1980-11-10,UTH vs. IND,W,0,1,,,0.0,,,1,2,0.5,,,,,,,,,3,,0
15265,21980,78519,Charles Whitney,KCK,Kansas City Kings,0028000163,1980-11-08,KCK vs. CLE,W,0,1,,,0.0,,,1,2,0.5,,,,,,,,,3,,0
15266,21980,78000,John Roche,DEN,Denver Nuggets,0028000152,1980-11-07,DEN vs. NYK,L,0,1,,,1.0,,,0,0,,,,,,,,,,3,,0
15267,21980,76204,Ron Boone,UTH,Utah Jazz,0028000149,1980-11-06,UTH vs. CLE,W,0,1,,,1.0,,,0,0,,,,,,,,,,3,,0
15268,21980,77235,Rich Kelley,PHX,Phoenix Suns,0028000143,1980-11-05,PHX @ SAN,L,0,1,,,0.0,,,1,2,0.5,,,,,,,,,3,,0
15269,21980,77163,Reggie Johnson,SAN,San Antonio Spurs,0028000143,1980-11-05,SAN vs. PHX,W,0,0,,,0.0,,,3,5,0.6,,,,,,,,,3,,0
15270,21980,78614,Mike Woodson,NYK,New York Knicks,0028000142,1980-11-05,NYK @ KCK,L,0,1,,,0.0,,,1,2,0.5,,,,,,,,,3,,0
15271,21980,76553,Larry Demic,NYK,New York Knicks,0028000142,1980-11-05,NYK @ KCK,L,0,1,,,0.0,,,1,2,0.5,,,,,,,,,3,,0
15272,21980,77364,Ron Lee,DET,Detroit Pistons,0028000139,1980-11-04,DET @ MIL,W,0,1,,,0.0,,,1,2,0.5,,,,,,,,,3,,0
15273,21980,77148,George Johnson,IND,Indiana Pacers,0028000132,1980-11-02,IND @ MIL,L,0,1,,,0.0,,,1,2,0.5,,,,,,,,,3,,0
15274,21980,78000,John Roche,DEN,Denver Nuggets,0028000131,1980-11-02,DEN @ LAL,W,0,1,,,0.0,,,1,2,0.5,,,,,,,,,3,,0
15275,21980,77715,Carl Nicks,DEN,Denver Nuggets,0028000131,1980-11-02,DEN @ LAL,W,0,1,,,0.0,,,1,1,1.0,,,,,,,,,3,,0
15276,21980,76436,Jeff Cook,PHX,Phoenix Suns,0028000129,1980-11-01,PHX @ KCK,W,0,1,,,0.0,,,1,2,0.5,,,,,,,,,3,,0
15277,21980,76257,Allan Bristow,UTH,Utah Jazz,0028000128,1980-11-01,UTH @ POR,W,0,1,,,0.0,,,1,2,0.5,,,,,,,,,3,,0
15278,21980,76707,Eric Fernsten,BOS,Boston Celtics,0028000127,1980-11-01,BOS @ PHL,L,0,1,,,0.0,,,1,2,0.5,,,,,,,,,3,,0
15279,21980,77024,Armond Hill,ATL,Atlanta Hawks,0028000126,1980-11-01,ATL vs. MIL,L,0,1,,,0.0,,,1,2,0.5,,,,,,,,,3,,0
15280,21980,78068,Dewayne Scales,NYK,New York Knicks,0028000123,1980-11-01,NYK vs. WAS,W,0,0,,,0.0,,,3,5,0.6,,,,,,,,,3,,0
15281,21980,76889,Paul Griffin,SAN,San Antonio Spurs,0028000122,1980-11-01,SAN @ GOS,L,0,1,,,0.0,,,1,2,0.5,,,,,,,,,3,,0
15282,21980,77312,Wayne Kreklow,BOS,Boston Celtics,0028000127,1980-11-01,BOS @ PHL,L,0,1,,,1.0,,,0,0,,,,,,,,,,3,,0
15283,21980,77873,Ben Poquette,UTH,Utah Jazz,0028000119,1980-10-31,UTH vs. DAL,W,0,1,,,0.0,,,1,2,0.5,,,,,,,,,3,,0
15284,21980,77235,Rich Kelley,PHX,Phoenix Suns,0028000113,1980-10-31,PHX @ DET,W,0,1,,,0.0,,,1,2,0.5,,,,,,,,,3,,0
15285,21980,77010,Keith Herron,DET,Detroit Pistons,0028000113,1980-10-31,DET vs. PHX,L,0,0,,,0.0,,,3,4,0.75,,,,,,,,,3,,0
15286,21980,78014,Tree Rollins,ATL,Atlanta Hawks,0028000111,1980-10-30,ATL @ NYK,L,0,1,,,0.0,,,1,3,0.333,,,,,,,,,3,,0
15287,21980,76822,Mike Glenn,NYK,New York Knicks,0028000111,1980-10-30,NYK vs. ATL,W,0,1,,,0.0,,,1,1,1.0,,,,,,,,,3,,0
15288,21980,77326,Sam Lacey,KCK,Kansas City Kings,0028000110,1980-10-29,KCK vs. POR,W,0,1,,,0.0,,,1,2,0.5,,,,,,,,,3,,0
15289,21980,76954,Mike Harper,POR,Portland Trail Blazers,0028000110,1980-10-29,POR @ KCK,L,0,1,,,0.0,,,1,2,0.5,,,,,,,,,3,,0
15290,21980,600010,Len Elmore,MIL,Milwaukee Bucks,0028000108,1980-10-29,MIL @ NJN,W,0,1,,,0.0,,,1,2,0.5,,,,,,,,,3,,0
15291,21980,77438,Kyle Macy,PHX,Phoenix Suns,0028000107,1980-10-29,PHX vs. SDC,W,0,1,,,0.0,,,1,1,1.0,,,,,,,,,3,,0
15292,21980,76162,Henry Bibby,SDC,San Diego Clippers,0028000107,1980-10-29,SDC @ PHX,L,0,1,,,0.0,,,1,2,0.5,,,,,,,,,3,,0
15293,21980,77182,Dwight Jones,CHI,Chicago Bulls,0028000104,1980-10-29,CHI @ PHL,L,0,1,,,0.0,,,1,2,0.5,,,,,,,,,3,,0
15294,21980,77937,Billy Reid,GOS,Golden State Warriors,0028000103,1980-10-29,GOS vs. DEN,W,0,1,,,0.0,,,1,1,1.0,,,,,,,,,3,,0
15295,21980,76553,Larry Demic,NYK,New York Knicks,0028000102,1980-10-29,NYK @ IND,L,0,1,,,0.0,,,1,3,0.333,,,,,,,,,3,,0
15296,21980,76944,Bill Hanzlik,SEA,Seattle SuperSonics,0028000101,1980-10-28,SEA vs. GOS,W,0,1,,,0.0,,,1,4,0.25,,,,,,,,,3,,0
15297,21980,77373,Ronnie Lester,CHI,Chicago Bulls,0028000099,1980-10-28,CHI vs. MIL,L,0,0,,,0.0,,,3,4,0.75,,,,,,,,,3,,0
15298,21980,76453,Dave Corzine,SAN,San Antonio Spurs,0028000096,1980-10-28,SAN vs. POR,W,0,1,,,0.0,,,1,1,1.0,,,,,,,,,3,,0
15299,21980,78510,Jojo White,KCK,Kansas City Kings,0028000095,1980-10-28,KCK @ ATL,L,0,1,,,0.0,,,1,2,0.5,,,,,,,,,3,,0
15300,21980,77334,Mark Landsberger,LAL,Los Angeles Lakers,0028000093,1980-10-26,LAL vs. SAN,L,0,1,,,0.0,,,1,2,0.5,,,,,,,,,3,,0
15301,21980,77876,Kevin Porter,WAS,Washington Bullets,0028000092,1980-10-26,WAS @ MIL,L,0,1,,,0.0,,,1,1,1.0,,,,,,,,,3,,0
15302,21980,77997,Bill Robinzine,CLE,Cleveland Cavaliers,0028000083,1980-10-25,CLE vs. IND,W,0,1,,,0.0,,,1,2,0.5,,,,,,,,,3,,0
15303,21980,78000,John Roche,DEN,Denver Nuggets,0028000080,1980-10-24,DEN vs. PHX,L,0,1,,,0.0,,,1,1,1.0,,,,,,,,,3,,0
15304,21980,77235,Rich Kelley,PHX,Phoenix Suns,0028000080,1980-10-24,PHX @ DEN,W,0,1,,,0.0,,,1,2,0.5,,,,,,,,,3,,0
15305,21980,78618,Sam Worthen,CHI,Chicago Bulls,0028000078,1980-10-24,CHI vs. WAS,W,0,1,,,0.0,,,1,2,0.5,,,,,,,,,3,,0
15306,21980,77532,George McGinnis,IND,Indiana Pacers,0028000074,1980-10-24,IND vs. ATL,W,0,0,,,0.0,,,3,5,0.6,,,,,,,,,3,,0
15307,21980,77024,Armond Hill,ATL,Atlanta Hawks,0028000074,1980-10-24,ATL @ IND,L,0,1,,,0.0,,,1,1,1.0,,,,,,,,,3,,0
15308,21980,78575,John Williamson,WAS,Washington Bullets,0028000078,1980-10-24,WAS @ CHI,L,0,1,,,1.0,,,0,0,,,,,,,,,,3,,0
15309,21980,76996,Tom Henderson,HOU,Houston Rockets,0028000072,1980-10-23,HOU vs. KCK,L,0,1,,,0.0,,,1,2,0.5,,,,,,,,,3,,0
15310,21980,76802,Gus Gerard,KCK,Kansas City Kings,0028000072,1980-10-23,KCK @ HOU,W,0,1,,,0.0,,,1,2,0.5,,,,,,,,,3,,0
15311,21980,76283,Rickey Brown,GOS,Golden State Warriors,0028000071,1980-10-23,GOS @ SAN,L,0,1,,,0.0,,,1,1,1.0,,,,,,,,6.0,3,,0
15312,21980,77175,Caldwell Jones,PHL,Philadelphia 76ers,0028000069,1980-10-22,PHL @ DET,W,0,1,,,0.0,,,1,2,0.5,,,,,,,,,3,,0
15313,21980,77262,Chad Kinch,CLE,Cleveland Cavaliers,0028000065,1980-10-21,CLE @ MIL,L,0,1,,,0.0,,,1,1,1.0,,,,,,,,,3,,0
15314,21980,77209,Walter Jordan,CLE,Cleveland Cavaliers,0028000065,1980-10-21,CLE @ MIL,L,0,1,,,0.0,,,1,2,0.5,,,,,,,,,3,,0
15315,21980,76348,Austin Carr,DAL,Dallas Mavericks,0028000059,1980-10-21,DAL @ PHX,L,0,1,,,0.0,,,1,2,0.5,,,,,,,,,3,,0
15316,21980,76736,Phil Ford,KCK,Kansas City Kings,0028000062,1980-10-21,KCK vs. GOS,L,0,1,,,1.0,,,0,0,,,,,,,,,,3,,0
15317,21980,76078,Dennis Awtrey,SEA,Seattle SuperSonics,0028000057,1980-10-20,SEA @ UTH,W,0,0,,,0.0,,,3,4,0.75,,,,,,,,,3,,0
15318,21980,77235,Rich Kelley,PHX,Phoenix Suns,0028000056,1980-10-19,PHX @ SDC,W,0,0,,,0.0,,,3,4,0.75,,,,,,,,,3,,0
15319,21980,77324,Mitch Kupchak,WAS,Washington Bullets,0028000050,1980-10-18,WAS @ PHL,L,0,1,,,0.0,,,1,2,0.5,,,,,,,,,3,,0
15320,21980,77323,Kevin Kunnert,POR,Portland Trail Blazers,0028000028,1980-10-15,POR @ GOS,L,0,1,,,0.0,,,1,2,0.5,,,,,,,,,3,,0
15321,21980,77136,Clemon Johnson,IND,Indiana Pacers,0028000034,1980-10-15,IND vs. CHI,L,0,1,,,0.0,,,1,3,0.333,,,,,,,,,3,,0
15322,21980,77078,Kim Hughes,DEN,Denver Nuggets,0028000029,1980-10-15,DEN vs. DAL,W,0,1,,,0.0,,,1,2,0.5,,,,,,,,,3,,0
15323,21980,76604,Ralph Drollinger,DAL,Dallas Mavericks,0028000029,1980-10-15,DAL @ DEN,L,0,1,,,0.0,,,1,4,0.25,,,,,,,,,3,,0
15324,21980,77623,Paul Mokeski,DET,Detroit Pistons,0028000023,1980-10-14,DET @ CLE,L,0,1,,,0.0,,,1,2,0.5,,,,,,,,,3,,0
15325,21980,76471,Charlie Criss,ATL,Atlanta Hawks,0028000025,1980-10-14,ATL vs. BOS,W,0,0,,,0.0,,,3,4,0.75,,,,,,,,,3,,0
15326,21980,76826,Mike Gminski,NJN,New Jersey Nets,0028000022,1980-10-13,NJN vs. DET,W,0,1,,,0.0,,,1,1,1.0,,,,,,,,,3,,0
15327,21980,76583,James Donaldson,SEA,Seattle SuperSonics,0028000021,1980-10-12,SEA @ POR,L,0,1,,,0.0,,,1,5,0.2,,,,,,,,,3,,0
15328,21980,77308,Joel Kramer,PHX,Phoenix Suns,0028000020,1980-10-12,PHX vs. KCK,W,0,1,,,0.0,,,1,3,0.333,,,,,,,,,3,,0
15329,21980,76453,Dave Corzine,SAN,San Antonio Spurs,0028000010,1980-10-11,SAN @ DAL,L,0,1,,,0.0,,,1,1,1.0,,,,,,,,,3,,0
15330,21980,77326,Sam Lacey,KCK,Kansas City Kings,0028000017,1980-10-11,KCK vs. UTH,W,0,0,,,0.0,,,3,4,0.75,,,,,,,,,3,,0
15331,21980,77582,Joe Meriweather,KCK,Kansas City Kings,0028000017,1980-10-11,KCK vs. UTH,W,0,0,,,0.0,,,3,4,0.75,,,,,,,,,3,,0
15332,21980,76365,Harvey Catchings,MIL,Milwaukee Bucks,0028000016,1980-10-11,MIL @ NYK,L,0,1,,,0.0,,,1,1,1.0,,,,,,,,,3,,0
15333,21980,77364,Ron Lee,DET,Detroit Pistons,0028000011,1980-10-11,DET @ IND,L,0,1,,,0.0,,,1,2,0.5,,,,,,,,,3,,0
15334,21980,76928,Roylee Hamilton,POR,Portland Trail Blazers,0028000008,1980-10-10,POR @ UTH,L,0,1,,,0.0,,,1,2,0.5,,,,,,,,,3,,0
15335,21980,76204,Ron Boone,UTH,Utah Jazz,0028000008,1980-10-10,UTH vs. POR,W,0,1,,,0.0,,,1,2,0.5,,,,,,,,,3,,0
15336,21980,77364,Ron Lee,DET,Detroit Pistons,0028000005,1980-10-10,DET vs. WAS,L,0,1,,,0.0,,,1,4,0.25,,,,,,,,,3,,0
15337,21980,78015,Lorenzo Romar,GOS,Golden State Warriors,0028000001,1980-10-10,GOS @ PHX,L,0,1,,,0.0,,,1,2,0.5,,,,,,,,,3,,0
15338,21980,78000,John Roche,DEN,Denver Nuggets,0028000002,1980-10-10,DEN vs. SAN,L,0,1,,,1.0,,,0,0,,,,,,,,,,3,,0
15339,21980,78392,Wes Unseld,WAS,Washington Bullets,0028000943,1981-03-29,WAS vs. CLE,W,0,1,,,0.0,,,0,0,,,,,,,,,,2,,0
15340,21980,77373,Ronnie Lester,CHI,Chicago Bulls,0028000942,1981-03-29,CHI @ IND,W,0,1,,,0.0,,,0,0,,,,,,,,,,2,,0
15341,21980,77136,Clemon Johnson,IND,Indiana Pacers,0028000942,1981-03-29,IND vs. CHI,L,0,1,,,0.0,,,0,0,,,,,,,,,,2,,0
15342,21980,76567,Coby Dietrick,CHI,Chicago Bulls,0028000942,1981-03-29,CHI @ IND,W,0,1,,,0.0,,,0,0,,,,,,,,,,2,,0
15343,21980,77937,Billy Reid,GOS,Golden State Warriors,0028000939,1981-03-29,GOS @ SEA,L,0,1,,,0.0,,,0,0,,,,,,,,,,2,,0
15344,21980,76944,Bill Hanzlik,SEA,Seattle SuperSonics,0028000939,1981-03-29,SEA vs. GOS,W,0,1,,,0.0,,,0,0,,,,,,,,,,2,,0
15345,21980,76786,Calvin Garrett,HOU,Houston Rockets,0028000935,1981-03-29,HOU @ SAN,L,0,1,,,0.0,,,0,0,,,,,,,,,,2,,0
15346,21980,78132,Craig Shelton,ATL,Atlanta Hawks,0028000934,1981-03-29,ATL vs. MIL,L,0,1,,,0.0,,,0,2,0.0,,,,,,,,,2,,0
15347,21980,76365,Harvey Catchings,MIL,Milwaukee Bucks,0028000934,1981-03-29,MIL @ ATL,W,0,1,,,0.0,,,0,0,,,,,,,,,,2,,0
15348,21980,76830,Glen Gondrezick,DEN,Denver Nuggets,0028000933,1981-03-29,DEN @ LAL,W,0,1,,,0.0,,,0,0,,,,,,,,,,2,,0
15349,21980,77950,Clint Richardson,PHL,Philadelphia 76ers,0028000937,1981-03-29,PHL @ BOS,L,0,1,,,0.0,,,0,0,,,,,,,,,,2,,0
15350,21980,77718,Mike Niles,PHX,Phoenix Suns,0028000936,1981-03-29,PHX vs. UTH,W,0,1,,,0.0,,,0,0,,,,,,,,,,2,,0
15351,21980,77215,Jeff Judkins,UTH,Utah Jazz,0028000936,1981-03-29,UTH @ PHX,L,0,1,,,0.0,,,0,0,,,,,,,,,,2,,0
15352,21980,78015,Lorenzo Romar,GOS,Golden State Warriors,0028000932,1981-03-28,GOS vs. DEN,L,0,1,,,0.0,,,0,0,,,,,,,,,,2,,0
15353,21980,76618,T.R. Dunn,DEN,Denver Nuggets,0028000932,1981-03-28,DEN @ GOS,W,0,1,,,0.0,,,0,0,,,,,,,,,,2,,0
15354,21980,76355,Butch Carter,LAL,Los Angeles Lakers,0028000930,1981-03-28,LAL @ UTH,L,0,0,,,0.0,,,2,2,1.0,,,,,,,,,2,,0
15355,21980,76248,Jim Brewer,LAL,Los Angeles Lakers,0028000930,1981-03-28,LAL @ UTH,L,0,1,,,0.0,,,0,0,,,,,,,,,,2,,0
15356,21980,76151,Mel Bennett,UTH,Utah Jazz,0028000930,1981-03-28,UTH vs. LAL,W,0,1,,,0.0,,,0,1,0.0,,,,,,,,,2,,0
15357,21980,77623,Paul Mokeski,DET,Detroit Pistons,0028000928,1981-03-27,DET @ BOS,W,0,0,,,0.0,,,2,2,1.0,,,,,,,,,2,,0
15358,21980,77167,Vinnie Johnson,SEA,Seattle SuperSonics,0028000927,1981-03-27,SEA vs. LAL,L,0,1,,,0.0,,,0,0,,,,,,,,,,2,,0
15359,21980,77209,Walter Jordan,CLE,Cleveland Cavaliers,0028000925,1981-03-27,CLE vs. PHL,L,0,1,,,0.0,,,0,0,,,,,,,,,,2,,0
15360,21980,77087,Geoff Huston,CLE,Cleveland Cavaliers,0028000925,1981-03-27,CLE vs. PHL,L,0,1,,,0.0,,,0,0,,,,,,,,,,2,,0
15361,21980,77718,Mike Niles,PHX,Phoenix Suns,0028000924,1981-03-27,PHX vs. SDC,W,0,1,,,0.0,,,0,0,,,,,,,,,,2,,0
15362,21980,76162,Henry Bibby,SDC,San Diego Clippers,0028000924,1981-03-27,SDC @ PHX,L,0,1,,,0.0,,,0,2,0.0,,,,,,,,,2,,0
15363,21980,77331,John Lambert,KCK,Kansas City Kings,0028000923,1981-03-27,KCK @ HOU,L,0,1,,,0.0,,,0,0,,,,,,,,,,2,,0
15364,21980,78146,Jerry Sichting,IND,Indiana Pacers,0028000922,1981-03-27,IND vs. WAS,W,0,1,,,0.0,,,0,0,,,,,,,,,,2,,0
15365,21980,77504,Andre McCarter,WAS,Washington Bullets,0028000922,1981-03-27,WAS @ IND,L,0,1,,,0.0,,,0,0,,,,,,,,,,2,,0
15366,21980,78132,Craig Shelton,ATL,Atlanta Hawks,0028000921,1981-03-27,ATL @ CHI,L,0,1,,,0.0,,,0,0,,,,,,,,,,2,,0
15367,21980,77528,Jim McElroy,ATL,Atlanta Hawks,0028000921,1981-03-27,ATL @ CHI,L,0,1,,,0.0,,,0,0,,,,,,,,,,2,,0
15368,21980,76317,Don Buse,IND,Indiana Pacers,0028000919,1981-03-26,IND @ ATL,W,0,1,,,0.0,,,0,0,,,,,,,,,,2,,0
15369,21980,78200,Randy Smith,CLE,Cleveland Cavaliers,0028000918,1981-03-26,CLE @ MIL,L,0,1,,,0.0,,,0,0,,,,,,,,,,2,,0
15370,21980,76483,Pat Cummings,MIL,Milwaukee Bucks,0028000918,1981-03-26,MIL vs. CLE,W,0,1,,,0.0,,,0,0,,,,,,,,,,2,,0
15371,21980,78400,Jan Van Breda Kolff,NJN,New Jersey Nets,0028000916,1981-03-25,NJN vs. BOS,L,0,1,,,0.0,,,0,0,,,,,,,,,,2,,0
15372,21980,76534,Ron Davis,SDC,San Diego Clippers,0028000915,1981-03-25,SDC @ GOS,L,0,1,,,0.0,,,0,0,,,,,,,,,,2,,0
15373,21980,76162,Henry Bibby,SDC,San Diego Clippers,0028000915,1981-03-25,SDC @ GOS,L,0,1,,,0.0,,,0,0,,,,,,,,,,2,,0
15374,21980,77920,Jamesearl Ray,DEN,Denver Nuggets,0028000914,1981-03-25,DEN vs. DAL,L,0,1,,,0.0,,,0,0,,,,,,,,,,2,,0
15375,21980,77438,Kyle Macy,PHX,Phoenix Suns,0028000913,1981-03-25,PHX vs. KCK,L,0,1,,,0.0,,,0,0,,,,,,,,,,2,,0
15376,21980,76453,Dave Corzine,SAN,San Antonio Spurs,0028000912,1981-03-25,SAN @ HOU,L,0,1,,,0.0,,,0,0,,,,,,,,,,2,,0
15377,21980,77786,Tom Owens,POR,Portland Trail Blazers,0028000911,1981-03-25,POR @ SEA,W,0,1,,,0.0,,,0,0,,,,,,,,,,2,,0
15378,21980,78481,Marvin Webster,NYK,New York Knicks,0028000910,1981-03-25,NYK @ WAS,L,0,1,,,0.0,,,0,0,,,,,,,,,,2,,0
15379,21980,77504,Andre McCarter,WAS,Washington Bullets,0028000910,1981-03-25,WAS vs. NYK,W,0,1,,,0.0,,,0,0,,,,,,,,,,2,,0
15380,21980,77633,Johnny Moore,SAN,San Antonio Spurs,0028000909,1981-03-24,SAN vs. DEN,L,0,1,,,0.0,,,0,0,,,,,,,,,,2,,0
15381,21980,76830,Glen Gondrezick,DEN,Denver Nuggets,0028000909,1981-03-24,DEN @ SAN,W,0,1,,,0.0,,,0,0,,,,,,,,,,2,,0
15382,21980,76453,Dave Corzine,SAN,San Antonio Spurs,0028000909,1981-03-24,SAN vs. DEN,L,0,1,,,0.0,,,0,0,,,,,,,,,,2,,0
15383,21980,76305,Tom Burleson,ATL,Atlanta Hawks,0028000908,1981-03-24,ATL vs. DET,W,0,1,,,0.0,,,0,0,,,,,,,,,,2,,0
15384,21980,77215,Jeff Judkins,UTH,Utah Jazz,0028000907,1981-03-24,UTH vs. KCK,L,0,1,,,0.0,,,0,0,,,,,,,,,,2,,0
15385,21980,76619,John Duren,UTH,Utah Jazz,0028000907,1981-03-24,UTH vs. KCK,L,0,1,,,0.0,,,0,0,,,,,,,,,,2,,0
15386,21980,76590,Leon Douglas,KCK,Kansas City Kings,0028000907,1981-03-24,KCK @ UTH,W,0,0,,,0.0,,,2,2,1.0,,,,,,,,,2,,0
15387,21980,77817,Billy Paultz,HOU,Houston Rockets,0028000906,1981-03-24,HOU @ DAL,W,0,1,,,0.0,,,0,0,,,,,,,,,,2,,0
15388,21980,78516,Jerome Whitehead,SDC,San Diego Clippers,0028000904,1981-03-24,SDC vs. SEA,W,0,1,,,0.0,,,0,0,,,,,,,,,,2,,0
15389,21980,78442,Wally Walker,SEA,Seattle SuperSonics,0028000904,1981-03-24,SEA @ SDC,L,0,1,,,0.0,,,0,0,,,,,,,,,,2,,0
15390,21980,76944,Bill Hanzlik,SEA,Seattle SuperSonics,0028000904,1981-03-24,SEA @ SDC,L,0,1,,,0.0,,,0,0,,,,,,,,,,2,,0
15391,21980,76587,Jacky Dorsey,SEA,Seattle SuperSonics,0028000904,1981-03-24,SEA @ SDC,L,0,1,,,0.0,,,0,0,,,,,,,,,,2,,0
15392,21980,78436,Foots Walker,NJN,New Jersey Nets,0028000903,1981-03-24,NJN @ MIL,L,0,1,,,0.0,,,0,0,,,,,,,,,,2,,0
15393,21980,78095,Alvin Scott,PHX,Phoenix Suns,0028000902,1981-03-24,PHX @ POR,L,0,1,,,0.0,,,0,0,,,,,,,,,,2,,0
15394,21980,77308,Joel Kramer,PHX,Phoenix Suns,0028000902,1981-03-24,PHX @ POR,L,0,1,,,0.0,,,0,0,,,,,,,,,,2,,0
15395,21980,77800,Sonny Parker,GOS,Golden State Warriors,0028000901,1981-03-24,GOS @ LAL,L,0,1,,,0.0,,,0,0,,,,,,,,,,2,,0
15396,21980,76248,Jim Brewer,LAL,Los Angeles Lakers,0028000901,1981-03-24,LAL vs. GOS,W,0,1,,,0.0,,,0,0,,,,,,,,,,2,,0
15397,21980,78481,Marvin Webster,NYK,New York Knicks,0028000900,1981-03-24,NYK vs. BOS,L,0,1,,,0.0,,,0,0,,,,,,,,,6.0,2,,0
15398,21980,76733,Chris Ford,BOS,Boston Celtics,0028000900,1981-03-24,BOS @ NYK,W,0,1,,,0.0,,,0,0,,,,,,,,,,2,,0
15399,21980,78442,Wally Walker,SEA,Seattle SuperSonics,0028000899,1981-03-22,SEA @ PHX,L,0,0,,,0.0,,,2,4,0.5,,,,,,,,,2,,0
15400,21980,77024,Armond Hill,SEA,Seattle SuperSonics,0028000899,1981-03-22,SEA @ PHX,L,0,1,,,0.0,,,0,0,,,,,,,,,6.0,2,,0
15401,21980,76656,Bob Elliott,NJN,New Jersey Nets,0028000898,1981-03-22,NJN vs. MIL,L,0,1,,,0.0,,,0,0,,,,,,,,,,2,,0
15402,21980,78200,Randy Smith,CLE,Cleveland Cavaliers,0028000897,1981-03-22,CLE @ IND,L,0,1,,,0.0,,,0,0,,,,,,,,,,2,,0
15403,21980,78057,Frankie Sanders,KCK,Kansas City Kings,0028000894,1981-03-22,KCK vs. HOU,L,0,1,,,0.0,,,0,0,,,,,,,,,,2,,0
15404,21980,77189,Major Jones,HOU,Houston Rockets,0028000894,1981-03-22,HOU @ KCK,W,0,1,,,0.0,,,0,0,,,,,,,,,,2,,0
15405,21980,76786,Calvin Garrett,HOU,Houston Rockets,0028000894,1981-03-22,HOU @ KCK,W,0,0,,,0.0,,,2,2,1.0,,,,,,,,,2,,0
15406,21980,76993,Gerald Henderson,BOS,Boston Celtics,0028000892,1981-03-22,BOS @ PHL,L,0,1,,,0.0,,,0,2,0.0,,,,,,,,,2,,0
15407,21980,76707,Eric Fernsten,BOS,Boston Celtics,0028000892,1981-03-22,BOS @ PHL,L,0,1,,,0.0,,,0,0,,,,,,,,,,2,,0
15408,21980,78618,Sam Worthen,CHI,Chicago Bulls,0028000890,1981-03-22,CHI @ DET,W,0,1,,,0.0,,,0,0,,,,,,,,,,2,,0
15409,21980,77246,Larry Kenon,CHI,Chicago Bulls,0028000890,1981-03-22,CHI @ DET,W,0,0,,,0.0,,,2,2,1.0,,,,,,,,,2,,0
15410,21980,77917,Clifford Ray,GOS,Golden State Warriors,0028000888,1981-03-21,GOS vs. PHX,W,0,1,,,0.0,,,0,0,,,,,,,,,,2,,0
15411,21980,77308,Joel Kramer,PHX,Phoenix Suns,0028000888,1981-03-21,PHX @ GOS,L,0,1,,,0.0,,,0,0,,,,,,,,,,2,,0
15412,21980,78537,Jeff Wilkins,UTH,Utah Jazz,0028000887,1981-03-21,UTH @ DAL,L,0,1,,,0.0,,,0,0,,,,,,,,,,2,,0
15413,21980,77715,Carl Nicks,UTH,Utah Jazz,0028000887,1981-03-21,UTH @ DAL,L,0,1,,,0.0,,,0,0,,,,,,,,,,2,,0
15414,21980,76441,Wayne Cooper,UTH,Utah Jazz,0028000887,1981-03-21,UTH @ DAL,L,0,1,,,0.0,,,0,0,,,,,,,,,,2,,0
15415,21980,78200,Randy Smith,CLE,Cleveland Cavaliers,0028000886,1981-03-21,CLE @ NYK,L,0,1,,,0.0,,,0,0,,,,,,,,,,2,,0
15416,21980,77623,Paul Mokeski,DET,Detroit Pistons,0028000885,1981-03-20,DET vs. MIL,L,0,0,,,0.0,,,2,2,1.0,,,,,,,,,2,,0
15417,21980,76608,Terry Duerod,BOS,Boston Celtics,0028000884,1981-03-20,BOS vs. WAS,W,0,1,,,0.0,,,0,0,,,,,,,,,,2,,0
15418,21980,76317,Don Buse,IND,Indiana Pacers,0028000883,1981-03-20,IND vs. NYK,L,0,1,,,0.0,,,0,0,,,,,,,,,,2,,0
15419,21980,77829,Sam Pellom,ATL,Atlanta Hawks,0028000882,1981-03-20,ATL @ NJN,L,0,1,,,0.0,,,0,0,,,,,,,,,,2,,0
15420,21980,77582,Joe Meriweather,KCK,Kansas City Kings,0028000880,1981-03-20,KCK vs. SAN,L,0,1,,,0.0,,,0,0,,,,,,,,,,2,,0
15421,21980,77162,Ollie Johnson,PHL,Philadelphia 76ers,0028000878,1981-03-20,PHL @ CHI,L,0,1,,,0.0,,,0,0,,,,,,,,,,2,,0
15422,21980,76567,Coby Dietrick,CHI,Chicago Bulls,0028000878,1981-03-20,CHI vs. PHL,W,0,1,,,0.0,,,0,0,,,,,,,,,,2,,0
15423,21980,76830,Glen Gondrezick,DEN,Denver Nuggets,0028000877,1981-03-20,DEN @ DAL,L,0,1,,,0.0,,,0,0,,,,,,,,,,2,,0
15424,21980,77937,Billy Reid,GOS,Golden State Warriors,0028000876,1981-03-19,GOS @ SDC,L,0,1,,,0.0,,,0,0,,,,,,,,,,2,,0
15425,21980,77917,Clifford Ray,GOS,Golden State Warriors,0028000876,1981-03-19,GOS @ SDC,L,0,1,,,0.0,,,0,0,,,,,,,,,,2,,0
15426,21980,77910,Wally Rank,SDC,San Diego Clippers,0028000876,1981-03-19,SDC vs. GOS,W,0,1,,,0.0,,,0,0,,,,,,,,,,2,,0
15427,21980,77087,Geoff Huston,CLE,Cleveland Cavaliers,0028000874,1981-03-19,CLE vs. CHI,L,0,1,,,0.0,,,0,0,,,,,,,,,,2,,0
15428,21980,77817,Billy Paultz,HOU,Houston Rockets,0028000873,1981-03-18,HOU @ GOS,L,0,1,,,0.0,,,0,0,,,,,,,,,,2,,0
15429,21980,77950,Clint Richardson,PHL,Philadelphia 76ers,0028000872,1981-03-18,PHL vs. IND,W,0,1,,,0.0,,,0,0,,,,,,,,,,2,,0
15430,21980,78537,Jeff Wilkins,UTH,Utah Jazz,0028000871,1981-03-18,UTH vs. DAL,W,0,1,,,0.0,,,0,0,,,,,,,,,,2,,0
15431,21980,77438,Kyle Macy,PHX,Phoenix Suns,0028000869,1981-03-18,PHX vs. LAL,W,0,1,,,0.0,,,0,0,,,,,,,,,,2,,0
15432,21980,76355,Butch Carter,LAL,Los Angeles Lakers,0028000869,1981-03-18,LAL @ PHX,L,0,0,,,0.0,,,2,2,1.0,,,,,,,,,2,,0
15433,21980,76248,Jim Brewer,LAL,Los Angeles Lakers,0028000869,1981-03-18,LAL @ PHX,L,0,1,,,0.0,,,0,0,,,,,,,,,,2,,0
15434,21980,600010,Len Elmore,MIL,Milwaukee Bucks,0028000868,1981-03-18,MIL vs. NYK,L,0,1,,,0.0,,,0,2,0.0,,,,,,,,,2,,0
15435,21980,77528,Jim McElroy,ATL,Atlanta Hawks,0028000867,1981-03-18,ATL @ BOS,W,0,1,,,0.0,,,0,0,,,,,,,,,,2,,0
15436,21980,76993,Gerald Henderson,BOS,Boston Celtics,0028000867,1981-03-18,BOS vs. ATL,L,0,1,,,0.0,,,0,0,,,,,,,,,,2,,0
15437,21980,78392,Wes Unseld,WAS,Washington Bullets,0028000865,1981-03-17,WAS vs. BOS,L,0,1,,,0.0,,,0,0,,,,,,,,,,2,,0
15438,21980,77975,Anthony Roberts,WAS,Washington Bullets,0028000865,1981-03-17,WAS vs. BOS,L,0,1,,,0.0,,,0,0,,,,,,,,,,2,,0
15439,21980,76993,Gerald Henderson,BOS,Boston Celtics,0028000865,1981-03-17,BOS @ WAS,W,0,0,,,0.0,,,2,2,1.0,,,,,,,,,2,,0
15440,21980,328,Rick Mahorn,WAS,Washington Bullets,0028000865,1981-03-17,WAS vs. BOS,L,0,1,,,0.0,,,0,0,,,,,,,,,,2,,0
15441,21980,77323,Kevin Kunnert,POR,Portland Trail Blazers,0028000864,1981-03-17,POR vs. SDC,W,0,1,,,0.0,,,0,0,,,,,,,,,,2,,0
15442,21980,76771,Mike Gale,POR,Portland Trail Blazers,0028000864,1981-03-17,POR vs. SDC,W,0,1,,,0.0,,,0,0,,,,,,,,,,2,,0
15443,21980,77633,Johnny Moore,SAN,San Antonio Spurs,0028000862,1981-03-17,SAN vs. UTH,W,0,1,,,0.0,,,0,0,,,,,,,,,,2,,0
15444,21980,76453,Dave Corzine,SAN,San Antonio Spurs,0028000862,1981-03-17,SAN vs. UTH,W,0,1,,,0.0,,,0,0,,,,,,,,,,2,,0
15445,21980,76151,Mel Bennett,UTH,Utah Jazz,0028000862,1981-03-17,UTH @ SAN,L,0,0,,,0.0,,,2,2,1.0,,,,,,,,,2,,0
15446,21980,76587,Jacky Dorsey,SEA,Seattle SuperSonics,0028000861,1981-03-17,SEA @ DEN,L,0,1,,,0.0,,,0,0,,,,,,,,,,2,,0
15447,21980,76583,James Donaldson,SEA,Seattle SuperSonics,0028000861,1981-03-17,SEA @ DEN,L,0,1,,,0.0,,,0,0,,,,,,,,,,2,,0
15448,21980,77078,Kim Hughes,CLE,Cleveland Cavaliers,0028000860,1981-03-17,CLE vs. ATL,W,0,1,,,0.0,,,0,0,,,,,,,,,,2,,0
15449,21980,78146,Jerry Sichting,IND,Indiana Pacers,0028000859,1981-03-17,IND @ NYK,L,0,1,,,0.0,,,0,0,,,,,,,,,,2,,0
15450,21980,76822,Mike Glenn,NYK,New York Knicks,0028000859,1981-03-17,NYK vs. IND,W,0,1,,,0.0,,,0,0,,,,,,,,,,2,,0
15451,21980,76553,Larry Demic,NYK,New York Knicks,0028000859,1981-03-17,NYK vs. IND,W,0,1,,,0.0,,,0,0,,,,,,,,,,2,,0
15452,21980,77205,Eddie Jordan,LAL,Los Angeles Lakers,0028000858,1981-03-17,LAL @ DAL,W,0,0,,,0.0,,,2,2,1.0,,,,,,,,,2,,0
15453,21980,78400,Jan Van Breda Kolff,NJN,New Jersey Nets,0028000857,1981-03-17,NJN vs. PHL,W,0,0,,,0.0,,,2,2,1.0,,,,,,,,,2,,0
15454,21980,77858,Stan Pietkiewicz,DAL,Dallas Mavericks,0028000855,1981-03-15,DAL @ POR,L,0,1,,,0.0,,,0,0,,,,,,,,,,2,,0
15455,21980,77323,Kevin Kunnert,POR,Portland Trail Blazers,0028000855,1981-03-15,POR vs. DAL,W,0,1,,,0.0,,,0,0,,,,,,,,,,2,,0
15456,21980,77229,Clarence Kea,DAL,Dallas Mavericks,0028000855,1981-03-15,DAL @ POR,L,0,1,,,0.0,,,0,2,0.0,,,,,,,,,2,,0
15457,21980,76321,Marty Byrnes,DAL,Dallas Mavericks,0028000855,1981-03-15,DAL @ POR,L,0,0,,,0.0,,,2,2,1.0,,,,,,,,,2,,0
15458,21980,78200,Randy Smith,CLE,Cleveland Cavaliers,0028000853,1981-03-15,CLE @ WAS,W,0,1,,,0.0,,,0,0,,,,,,,,,,2,,0
15459,21980,76500,Bob Dandridge,WAS,Washington Bullets,0028000853,1981-03-15,WAS vs. CLE,L,0,1,,,0.0,,,0,0,,,,,,,,,,2,,0
15460,21980,77950,Clint Richardson,PHL,Philadelphia 76ers,0028000851,1981-03-15,PHL @ NYK,L,0,1,,,0.0,,,0,0,,,,,,,,,,2,,0
15461,21980,940,Earl Cureton,PHL,Philadelphia 76ers,0028000851,1981-03-15,PHL @ NYK,L,0,1,,,0.0,,,0,2,0.0,,,,,,,,,2,,0
15462,21980,76993,Gerald Henderson,BOS,Boston Celtics,0028000850,1981-03-15,BOS vs. NJN,W,0,1,,,0.0,,,0,0,,,,,,,,,,2,,0
15463,21980,76365,Harvey Catchings,MIL,Milwaukee Bucks,0028000849,1981-03-15,MIL vs. SEA,W,0,1,,,0.0,,,0,2,0.0,,,,,,,,,2,,0
15464,21980,78015,Lorenzo Romar,GOS,Golden State Warriors,0028000848,1981-03-15,GOS vs. SAN,L,0,1,,,0.0,,,0,0,,,,,,,,,,2,,0
15465,21980,77944,Kevin Restani,SAN,San Antonio Spurs,0028000848,1981-03-15,SAN @ GOS,W,0,1,,,0.0,,,0,0,,,,,,,,,,2,,0
15466,21980,76418,Don Collins,ATL,Atlanta Hawks,0028000845,1981-03-14,ATL vs. CLE,L,0,0,,,,,,2,3,0.667,,,,,,,,,2,,0
15467,21980,77364,Ron Lee,DET,Detroit Pistons,0028000847,1981-03-14,DET @ IND,W,0,1,,,0.0,,,0,0,,,,,,,,,,2,,0
15468,21980,78527,Michael Wiley,SAN,San Antonio Spurs,0028000846,1981-03-14,SAN @ SDC,L,0,1,,,0.0,,,0,1,0.0,,,,,,,,,2,,0
15469,21980,78516,Jerome Whitehead,SDC,San Diego Clippers,0028000846,1981-03-14,SDC vs. SAN,W,0,1,,,0.0,,,0,0,,,,,,,,,,2,,0
15470,21980,77944,Kevin Restani,SAN,San Antonio Spurs,0028000846,1981-03-14,SAN @ SDC,L,0,1,,,0.0,,,0,0,,,,,,,,,,2,,0
15471,21980,77163,Reggie Johnson,SAN,San Antonio Spurs,0028000846,1981-03-14,SAN @ SDC,L,0,1,,,0.0,,,0,0,,,,,,,,,,2,,0
15472,21980,76786,Calvin Garrett,HOU,Houston Rockets,0028000844,1981-03-14,HOU vs. UTH,W,0,1,,,0.0,,,0,0,,,,,,,,,,2,,0
15473,21980,77024,Armond Hill,SEA,Seattle SuperSonics,0028000843,1981-03-13,SEA @ DET,W,0,0,,,0.0,,,2,2,1.0,,,,,,,,,2,,0
15474,21980,77010,Keith Herron,DET,Detroit Pistons,0028000843,1981-03-13,DET vs. SEA,L,0,1,,,0.0,,,0,0,,,,,,,,,,2,,0
15475,21980,76944,Bill Hanzlik,SEA,Seattle SuperSonics,0028000843,1981-03-13,SEA @ DET,W,0,1,,,0.0,,,0,0,,,,,,,,,,2,,0
15476,21980,76954,Mike Harper,POR,Portland Trail Blazers,0028000842,1981-03-13,POR @ HOU,L,0,1,,,0.0,,,0,4,0.0,,,,,,,,,2,,0
15477,21980,76005,Tom Abernethy,IND,Indiana Pacers,0028000841,1981-03-13,IND @ BOS,W,0,1,,,0.0,,,0,0,,,,,,,,,,2,,0
15478,21980,77040,Brad Holland,LAL,Los Angeles Lakers,0028000840,1981-03-13,LAL vs. KCK,W,0,0,,,0.0,,,2,2,1.0,,,,,,,,,2,,0
15479,21980,76590,Leon Douglas,KCK,Kansas City Kings,0028000840,1981-03-13,KCK @ LAL,L,0,0,,,0.0,,,2,5,0.4,,,,,,,,,2,,0
15480,21980,76248,Jim Brewer,LAL,Los Angeles Lakers,0028000840,1981-03-13,LAL vs. KCK,W,0,1,,,0.0,,,0,0,,,,,,,,,,2,,0
15481,21980,77056,Cedrick Hordges,DEN,Denver Nuggets,0028000839,1981-03-13,DEN @ ATL,L,0,1,,,0.0,,,0,0,,,,,,,,,,2,,0
15482,21980,78436,Foots Walker,NJN,New Jersey Nets,0028000838,1981-03-13,NJN @ CLE,W,0,1,,,0.0,,,0,0,,,,,,,,,,2,,0
15483,21980,77635,Lowes Moore,NJN,New Jersey Nets,0028000838,1981-03-13,NJN @ CLE,W,0,1,,,0.0,,,0,0,,,,,,,,,,2,,0
15484,21980,77087,Geoff Huston,CLE,Cleveland Cavaliers,0028000838,1981-03-13,CLE vs. NJN,L,0,1,,,0.0,,,0,0,,,,,,,,,,2,,0
15485,21980,77175,Caldwell Jones,PHL,Philadelphia 76ers,0028000836,1981-03-13,PHL @ MIL,L,0,1,,,0.0,,,0,0,,,,,,,,,,2,,0
15486,21980,76385,Maurice Cheeks,PHL,Philadelphia 76ers,0028000836,1981-03-13,PHL @ MIL,L,0,1,,,0.0,,,0,0,,,,,,,,,,2,,0
15487,21980,77998,Dave Robisch,DEN,Denver Nuggets,0028000835,1981-03-12,DEN @ MIL,L,0,1,,,0.0,,,0,0,,,,,,,,,,2,,0
15488,21980,76231,Dudley Bradley,IND,Indiana Pacers,0028000834,1981-03-12,IND @ WAS,W,0,1,,,0.0,,,0,0,,,,,,,,,,2,,0
15489,21980,77495,Bill Mayfield,GOS,Golden State Warriors,0028000833,1981-03-12,GOS @ DAL,L,0,1,,,0.0,,,0,0,,,,,,,,,,2,,0
15490,21980,76944,Bill Hanzlik,SEA,Seattle SuperSonics,0028000831,1981-03-11,SEA @ CLE,W,0,1,,,0.0,,,0,0,,,,,,,,,,2,,0
15491,21980,77635,Lowes Moore,NJN,New Jersey Nets,0028000830,1981-03-11,NJN vs. WAS,W,0,1,,,0.0,,,0,0,,,,,,,,,,2,,0
15492,21980,78132,Craig Shelton,ATL,Atlanta Hawks,0028000829,1981-03-11,ATL @ DET,L,0,1,,,0.0,,,0,0,,,,,,,,,,2,,0
15493,21980,77829,Sam Pellom,ATL,Atlanta Hawks,0028000829,1981-03-11,ATL @ DET,L,0,1,,,0.0,,,0,0,,,,,,,,,,2,,0
15494,21980,77937,Billy Reid,GOS,Golden State Warriors,0028000828,1981-03-11,GOS @ HOU,L,0,1,,,0.0,,,0,0,,,,,,,,,,2,,0
15495,21980,77353,Allen Leavell,HOU,Houston Rockets,0028000828,1981-03-11,HOU vs. GOS,W,0,1,,,0.0,,,0,0,,,,,,,,,,2,,0
15496,21980,77264,Bernard King,GOS,Golden State Warriors,0028000828,1981-03-11,GOS @ HOU,L,0,1,,,0.0,,,0,0,,,,,,,,,,2,,0
15497,21980,76996,Tom Henderson,HOU,Houston Rockets,0028000828,1981-03-11,HOU vs. GOS,W,0,1,,,0.0,,,0,0,,,,,,,,,,2,,0
15498,21980,78614,Mike Woodson,NYK,New York Knicks,0028000827,1981-03-11,NYK @ PHL,L,0,1,,,0.0,,,0,0,,,,,,,,,,2,,0
15499,21980,76553,Larry Demic,NYK,New York Knicks,0028000827,1981-03-11,NYK @ PHL,L,0,1,,,0.0,,,0,0,,,,,,,,,,2,,0
15500,21980,76707,Eric Fernsten,BOS,Boston Celtics,0028000826,1981-03-11,BOS vs. MIL,W,0,1,,,0.0,,,0,0,,,,,,,,,,2,,0
15501,21980,76608,Terry Duerod,BOS,Boston Celtics,0028000826,1981-03-11,BOS vs. MIL,W,0,1,,,0.0,,,0,0,,,,,,,,,,2,,0
15502,21980,76418,Don Collins,ATL,Atlanta Hawks,0028000829,1981-03-11,ATL @ DET,L,0,1,,,,,,0,0,,,,,,,,,,2,,0
15503,21980,76231,Dudley Bradley,IND,Indiana Pacers,0028000825,1981-03-10,IND vs. PHL,L,0,1,,,0.0,,,0,0,,,,,,,,,,2,,0
15504,21980,77229,Clarence Kea,DAL,Dallas Mavericks,0028000824,1981-03-10,DAL vs. PHX,W,0,0,,,0.0,,,2,2,1.0,,,,,,,,,2,,0
15505,21980,78516,Jerome Whitehead,SDC,San Diego Clippers,0028000823,1981-03-10,SDC vs. KCK,L,0,1,,,0.0,,,0,0,,,,,,,,,,2,,0
15506,21980,78449,Lloyd Walton,KCK,Kansas City Kings,0028000823,1981-03-10,KCK @ SDC,W,0,0,,,0.0,,,2,2,1.0,,,,,,,,,2,,0
15507,21980,76985,Garfield Heard,SDC,San Diego Clippers,0028000823,1981-03-10,SDC vs. KCK,L,0,1,,,0.0,,,0,0,,,,,,,,,,2,,0
15508,21980,76954,Mike Harper,POR,Portland Trail Blazers,0028000822,1981-03-10,POR @ DEN,W,0,1,,,0.0,,,0,0,,,,,,,,,,2,,0
15509,21980,76618,T.R. Dunn,DEN,Denver Nuggets,0028000822,1981-03-10,DEN vs. POR,L,0,0,,,0.0,,,2,4,0.5,,,,,,,,,2,,0
15510,21980,77633,Johnny Moore,SAN,San Antonio Spurs,0028000820,1981-03-10,SAN @ LAL,L,0,1,,,0.0,,,0,0,,,,,,,,,,2,,0
15511,21980,76248,Jim Brewer,LAL,Los Angeles Lakers,0028000820,1981-03-10,LAL vs. SAN,W,0,1,,,0.0,,,0,0,,,,,,,,,,2,,0
15512,21980,76418,Don Collins,ATL,Atlanta Hawks,0028000821,1981-03-10,ATL vs. CHI,L,0,1,,,,,,0,0,,,,,,,,,,2,,0
15513,21980,77997,Bill Robinzine,DAL,Dallas Mavericks,0028000818,1981-03-08,DAL @ SAN,L,0,1,,,0.0,,,0,0,,,,,,,,,,2,,0
15514,21980,77182,Dwight Jones,CHI,Chicago Bulls,0028000817,1981-03-08,CHI @ WAS,L,0,1,,,0.0,,,0,0,,,,,,,,,,2,,0
15515,21980,76567,Coby Dietrick,CHI,Chicago Bulls,0028000817,1981-03-08,CHI @ WAS,L,0,1,,,0.0,,,0,0,,,,,,,,,,2,,0
15516,21980,76822,Mike Glenn,NYK,New York Knicks,0028000816,1981-03-08,NYK @ BOS,L,0,1,,,0.0,,,0,0,,,,,,,,,,2,,0
15517,21980,76351,M.L. Carr,BOS,Boston Celtics,0028000816,1981-03-08,BOS vs. NYK,W,0,1,,,0.0,,,0,0,,,,,,,,,,2,,0
15518,21980,78449,Lloyd Walton,KCK,Kansas City Kings,0028000815,1981-03-08,KCK vs. PHX,W,0,1,,,0.0,,,0,0,,,,,,,,,,2,,0
15519,21980,78095,Alvin Scott,PHX,Phoenix Suns,0028000815,1981-03-08,PHX @ KCK,L,0,1,,,0.0,,,0,0,,,,,,,,,,2,,0
15520,21980,77438,Kyle Macy,PHX,Phoenix Suns,0028000815,1981-03-08,PHX @ KCK,L,0,1,,,0.0,,,0,0,,,,,,,,,,2,,0
15521,21980,77235,Rich Kelley,PHX,Phoenix Suns,0028000815,1981-03-08,PHX @ KCK,L,0,1,,,0.0,,,0,0,,,,,,,,,,2,,0
15522,21980,77022,Johnny High,PHX,Phoenix Suns,0028000815,1981-03-08,PHX @ KCK,L,0,1,,,0.0,,,0,0,,,,,,,,,,2,,0
15523,21980,76985,Garfield Heard,SDC,San Diego Clippers,0028000814,1981-03-08,SDC @ SEA,W,0,1,,,0.0,,,0,0,,,,,,,,,,2,,0
15524,21980,76534,Ron Davis,SDC,San Diego Clippers,0028000814,1981-03-08,SDC @ SEA,W,0,1,,,0.0,,,0,0,,,,,,,,,,2,,0
15525,21980,76078,Dennis Awtrey,SEA,Seattle SuperSonics,0028000814,1981-03-08,SEA vs. SDC,L,0,1,,,0.0,,,0,0,,,,,,,,,,2,,0
15526,21980,77998,Dave Robisch,DEN,Denver Nuggets,0028000813,1981-03-08,DEN @ IND,L,0,1,,,0.0,,,0,0,,,,,,,,,,2,,0
15527,21980,77547,Billy McKinney,DEN,Denver Nuggets,0028000813,1981-03-08,DEN @ IND,L,0,1,,,0.0,,,0,0,,,,,,,,,,2,,0
15528,21980,76618,T.R. Dunn,DEN,Denver Nuggets,0028000813,1981-03-08,DEN @ IND,L,0,1,,,0.0,,,0,0,,,,,,,,,,2,,0
15529,21980,77495,Bill Mayfield,GOS,Golden State Warriors,0028000812,1981-03-08,GOS @ POR,L,0,1,,,0.0,,,0,0,,,,,,,,,,2,,0
15530,21980,76895,Bob Gross,POR,Portland Trail Blazers,0028000812,1981-03-08,POR vs. GOS,W,0,1,,,0.0,,,0,0,,,,,,,,,,2,,0
15531,21980,600010,Len Elmore,MIL,Milwaukee Bucks,0028000811,1981-03-08,MIL @ PHL,L,0,1,,,0.0,,,0,0,,,,,,,,,,2,,0
15532,21980,600005,Bob Lanier,MIL,Milwaukee Bucks,0028000811,1981-03-08,MIL @ PHL,L,0,1,,,0.0,,,0,0,,,,,,,,,,2,,0
15533,21980,77162,Ollie Johnson,PHL,Philadelphia 76ers,0028000811,1981-03-08,PHL vs. MIL,W,0,1,,,0.0,,,0,0,,,,,,,,,,2,,0
15534,21980,76385,Maurice Cheeks,PHL,Philadelphia 76ers,0028000811,1981-03-08,PHL vs. MIL,W,0,1,,,0.0,,,0,0,,,,,,,,,,2,,0
15535,21980,940,Earl Cureton,PHL,Philadelphia 76ers,0028000811,1981-03-08,PHL vs. MIL,W,0,1,,,0.0,,,0,0,,,,,,,,,,2,,0
15536,21980,77056,Cedrick Hordges,DEN,Denver Nuggets,0028000810,1981-03-07,DEN @ DET,W,0,0,,,0.0,,,2,3,0.667,,,,,,,,,2,,0
15537,21980,76599,Larry Drew,DET,Detroit Pistons,0028000810,1981-03-07,DET vs. DEN,L,0,1,,,0.0,,,0,0,,,,,,,,,,2,,0
15538,21980,77528,Jim McElroy,ATL,Atlanta Hawks,0028000809,1981-03-07,ATL vs. HOU,W,0,1,,,0.0,,,0,0,,,,,,,,,,2,,0
15539,21980,76786,Calvin Garrett,HOU,Houston Rockets,0028000809,1981-03-07,HOU @ ATL,L,0,1,,,0.0,,,0,0,,,,,,,,,,2,,0
15540,21980,77715,Carl Nicks,UTH,Utah Jazz,0028000808,1981-03-07,UTH vs. SDC,W,0,0,,,0.0,,,2,2,1.0,,,,,,,,,2,,0
15541,21980,76534,Ron Davis,SDC,San Diego Clippers,0028000808,1981-03-07,SDC @ UTH,L,0,1,,,0.0,,,0,0,,,,,,,,,,2,,0
15542,21980,76966,Joey Hassett,GOS,Golden State Warriors,0028000807,1981-03-07,GOS vs. SEA,W,0,1,,,0.0,,,0,0,,,,,,,,,,2,,0
15543,21980,77323,Kevin Kunnert,POR,Portland Trail Blazers,0028000806,1981-03-06,POR @ PHX,L,0,0,,,0.0,,,2,2,1.0,,,,,,,,,2,,0
15544,21980,77308,Joel Kramer,PHX,Phoenix Suns,0028000806,1981-03-06,PHX vs. POR,W,0,1,,,0.0,,,0,0,,,,,,,,,,2,,0
15545,21980,76771,Mike Gale,POR,Portland Trail Blazers,0028000806,1981-03-06,POR @ PHX,L,0,1,,,0.0,,,0,0,,,,,,,,,,2,,0
15546,21980,77152,John Johnson,SEA,Seattle SuperSonics,0028000804,1981-03-06,SEA vs. SAN,W,0,1,,,0.0,,,0,0,,,,,,,,,,2,,0
15547,21980,76944,Bill Hanzlik,SEA,Seattle SuperSonics,0028000804,1981-03-06,SEA vs. SAN,W,0,1,,,0.0,,,0,0,,,,,,,,,,2,,0
15548,21980,76587,Jacky Dorsey,SEA,Seattle SuperSonics,0028000804,1981-03-06,SEA vs. SAN,W,0,1,,,0.0,,,0,0,,,,,,,,,,2,,0
15549,21980,76453,Dave Corzine,SAN,San Antonio Spurs,0028000804,1981-03-06,SAN @ SEA,L,0,1,,,0.0,,,0,0,,,,,,,,,,2,,0
15550,21980,78015,Lorenzo Romar,GOS,Golden State Warriors,0028000803,1981-03-06,GOS vs. DAL,W,0,1,,,0.0,,,0,0,,,,,,,,,,2,,0
15551,21980,77917,Clifford Ray,GOS,Golden State Warriors,0028000803,1981-03-06,GOS vs. DAL,W,0,1,,,0.0,,,0,0,,,,,,,,,,2,,0
15552,21980,76966,Joey Hassett,GOS,Golden State Warriors,0028000803,1981-03-06,GOS vs. DAL,W,0,1,,,0.0,,,0,0,,,,,,,,,,2,,0
15553,21980,78350,Rudy Tomjanovich,HOU,Houston Rockets,0028000802,1981-03-06,HOU vs. WAS,L,0,1,,,0.0,,,0,0,,,,,,,,,,2,,0
15554,21980,76996,Tom Henderson,HOU,Houston Rockets,0028000802,1981-03-06,HOU vs. WAS,L,0,1,,,0.0,,,0,0,,,,,,,,,,2,,0
15555,21980,77635,Lowes Moore,NJN,New Jersey Nets,0028000801,1981-03-06,NJN @ ATL,L,0,1,,,0.0,,,0,0,,,,,,,,,,2,,0
15556,21980,77984,Rick Robey,BOS,Boston Celtics,0028000800,1981-03-06,BOS @ IND,L,0,1,,,0.0,,,0,0,,,,,,,,,,2,,0
15557,21980,77532,George McGinnis,IND,Indiana Pacers,0028000800,1981-03-06,IND vs. BOS,W,0,1,,,0.0,,,0,0,,,,,,,,,,2,,0
15558,21980,76993,Gerald Henderson,BOS,Boston Celtics,0028000800,1981-03-06,BOS @ IND,L,0,1,,,0.0,,,0,0,,,,,,,,,,2,,0
15559,21980,76317,Don Buse,IND,Indiana Pacers,0028000800,1981-03-06,IND vs. BOS,W,0,1,,,0.0,,,0,0,,,,,,,,,,2,,0
15560,21980,76618,T.R. Dunn,DEN,Denver Nuggets,0028000798,1981-03-06,DEN @ PHL,L,0,1,,,0.0,,,0,1,0.0,,,,,,,,,2,,0
15561,21980,76686,Mike Evans,MIL,Milwaukee Bucks,0028000797,1981-03-05,MIL vs. ATL,W,0,1,,,0.0,,,0,0,,,,,,,,,,2,,0
15562,21980,77331,John Lambert,KCK,Kansas City Kings,0028000796,1981-03-05,KCK vs. POR,W,0,1,,,0.0,,,0,0,,,,,,,,,,2,,0
15563,21980,77323,Kevin Kunnert,POR,Portland Trail Blazers,0028000796,1981-03-05,POR @ KCK,L,0,1,,,0.0,,,0,0,,,,,,,,,,2,,0
15564,21980,78614,Mike Woodson,NYK,New York Knicks,0028000795,1981-03-05,NYK @ DET,W,0,1,,,0.0,,,0,0,,,,,,,,,,2,,0
15565,21980,76874,Rickey Green,UTH,Utah Jazz,0028000794,1981-03-05,UTH vs. PHX,L,0,1,,,0.0,,,0,0,,,,,,,,,,2,,0
15566,21980,77331,John Lambert,KCK,Kansas City Kings,0028000793,1981-03-04,KCK @ SAN,W,0,1,,,0.0,,,0,0,,,,,,,,,,2,,0
15567,21980,77246,Larry Kenon,CHI,Chicago Bulls,0028000792,1981-03-04,CHI @ PHL,W,0,1,,,0.0,,,0,0,,,,,,,,,,2,,0
15568,21980,78200,Randy Smith,CLE,Cleveland Cavaliers,0028000791,1981-03-04,CLE @ PHX,L,0,1,,,0.0,,,0,0,,,,,,,,,,2,,0
15569,21980,78350,Rudy Tomjanovich,HOU,Houston Rockets,0028000789,1981-03-04,HOU vs. BOS,L,0,1,,,0.0,,,0,0,,,,,,,,,,2,,0
15570,21980,76985,Garfield Heard,SDC,San Diego Clippers,0028000787,1981-03-04,SDC vs. WAS,L,0,1,,,0.0,,,0,0,,,,,,,,,,2,,0
15571,21980,76830,Glen Gondrezick,DEN,Denver Nuggets,0028000786,1981-03-04,DEN vs. LAL,W,0,1,,,0.0,,,0,0,,,,,,,,,,2,,0
15572,21980,600009,Rory Sparrow,NJN,New Jersey Nets,0028000785,1981-03-03,NJN @ CHI,L,0,1,,,0.0,,,0,0,,,,,,,,,,2,,0
15573,21980,78618,Sam Worthen,CHI,Chicago Bulls,0028000785,1981-03-03,CHI vs. NJN,W,0,1,,,0.0,,,0,0,,,,,,,,,,2,,0
15574,21980,77205,Eddie Jordan,LAL,Los Angeles Lakers,0028000784,1981-03-03,LAL @ KCK,W,0,1,,,0.0,,,0,0,,,,,,,,,,2,,0
15575,21980,77997,Bill Robinzine,DAL,Dallas Mavericks,0028000783,1981-03-03,DAL vs. BOS,L,0,1,,,0.0,,,0,0,,,,,,,,,,2,,0
15576,21980,76360,Reggie Carter,NYK,New York Knicks,0028000782,1981-03-03,NYK vs. ATL,L,0,0,,,0.0,,,2,5,0.4,,,,,,,,,2,,0
15577,21980,76305,Tom Burleson,ATL,Atlanta Hawks,0028000782,1981-03-03,ATL @ NYK,W,0,1,,,0.0,,,0,0,,,,,,,,,,2,,0
15578,21980,76365,Harvey Catchings,MIL,Milwaukee Bucks,0028000781,1981-03-03,MIL vs. DET,W,0,1,,,0.0,,,0,2,0.0,,,,,,,,,2,,0
15579,21980,77215,Jeff Judkins,UTH,Utah Jazz,0028000780,1981-03-03,UTH vs. WAS,L,0,1,,,0.0,,,0,0,,,,,,,,,,2,,0
15580,21980,76231,Dudley Bradley,IND,Indiana Pacers,0028000779,1981-03-03,IND @ POR,L,0,1,,,0.0,,,0,0,,,,,,,,,,2,,0
15581,21980,78095,Alvin Scott,PHX,Phoenix Suns,0028000778,1981-03-01,PHX @ LAL,W,0,1,,,0.0,,,0,0,,,,,,,,,,2,,0
15582,21980,77205,Eddie Jordan,LAL,Los Angeles Lakers,0028000778,1981-03-01,LAL vs. PHX,L,0,1,,,0.0,,,0,0,,,,,,,,,,2,,0
15583,21980,76248,Jim Brewer,LAL,Los Angeles Lakers,0028000778,1981-03-01,LAL vs. PHX,L,0,1,,,0.0,,,0,0,,,,,,,,,,2,,0
15584,21980,78623,Larry Wright,DET,Detroit Pistons,0028000777,1981-03-01,DET @ NJN,W,0,1,,,0.0,,,0,0,,,,,,,,,,2,,0
15585,21980,76993,Gerald Henderson,BOS,Boston Celtics,0028000776,1981-03-01,BOS vs. PHL,W,0,0,,,0.0,,,2,2,1.0,,,,,,,,,2,,0
15586,21980,77189,Major Jones,HOU,Houston Rockets,0028000775,1981-03-01,HOU @ SAN,L,0,1,,,0.0,,,0,0,,,,,,,,,,2,,0
15587,21980,76996,Tom Henderson,HOU,Houston Rockets,0028000775,1981-03-01,HOU @ SAN,L,0,1,,,0.0,,,0,0,,,,,,,,,,2,,0
15588,21980,76802,Gus Gerard,SAN,San Antonio Spurs,0028000775,1981-03-01,SAN vs. HOU,W,0,1,,,0.0,,,0,0,,,,,,,,,,2,,0
15589,21980,77975,Anthony Roberts,WAS,Washington Bullets,0028000774,1981-03-01,WAS @ MIL,L,0,1,,,0.0,,,0,0,,,,,,,,,,2,,0
15590,21980,77876,Kevin Porter,WAS,Washington Bullets,0028000774,1981-03-01,WAS @ MIL,L,0,0,,,0.0,,,2,2,1.0,,,,,,,,,2,,0
15591,21980,77021,Kenny Higgs,DEN,Denver Nuggets,0028000773,1981-03-01,DEN vs. CLE,W,0,1,,,0.0,,,0,0,,,,,,,,,,2,,0
15592,21980,76830,Glen Gondrezick,DEN,Denver Nuggets,0028000773,1981-03-01,DEN vs. CLE,W,0,1,,,0.0,,,0,0,,,,,,,,,,2,,0
15593,21980,76618,T.R. Dunn,DEN,Denver Nuggets,0028000773,1981-03-01,DEN vs. CLE,W,0,1,,,0.0,,,0,0,,,,,,,,,,2,,0
15594,21980,78516,Jerome Whitehead,SDC,San Diego Clippers,0028000772,1981-03-01,SDC @ DAL,L,0,0,,,0.0,,,2,2,1.0,,,,,,,,,2,,0
15595,21980,76162,Henry Bibby,SDC,San Diego Clippers,0028000772,1981-03-01,SDC @ DAL,L,0,0,,,0.0,,,2,2,1.0,,,,,,,,,2,,0
15596,21980,78132,Craig Shelton,ATL,Atlanta Hawks,0028000771,1981-03-01,ATL vs. SEA,W,0,1,,,0.0,,,0,0,,,,,,,,,,2,,0
15597,21980,77829,Sam Pellom,ATL,Atlanta Hawks,0028000771,1981-03-01,ATL vs. SEA,W,0,1,,,0.0,,,0,0,,,,,,,,,,2,,0
15598,21980,77024,Armond Hill,SEA,Seattle SuperSonics,0028000771,1981-03-01,SEA @ ATL,L,0,1,,,0.0,,,0,0,,,,,,,,,,2,,0
15599,21980,76416,Art Collins,ATL,Atlanta Hawks,0028000771,1981-03-01,ATL vs. SEA,W,0,1,,,0.0,,,0,0,,,,,,,,,,2,,0
15600,21980,76996,Tom Henderson,HOU,Houston Rockets,0028000767,1981-02-28,HOU vs. SDC,L,0,0,,,0.0,,,2,2,1.0,,,,,,,,,2,,0
15601,21980,76266,Michael Brooks,SDC,San Diego Clippers,0028000767,1981-02-28,SDC @ HOU,W,0,1,,,0.0,,,0,0,,,,,,,,,,2,,0
15602,21980,78025,Dan Roundfield,ATL,Atlanta Hawks,0028000766,1981-02-27,ATL vs. BOS,L,0,1,,,0.0,,,0,0,,,,,,,,,6.0,2,,0
15603,21980,76707,Eric Fernsten,BOS,Boston Celtics,0028000766,1981-02-27,BOS @ ATL,W,0,1,,,0.0,,,0,0,,,,,,,,,,2,,0
15604,21980,76608,Terry Duerod,BOS,Boston Celtics,0028000766,1981-02-27,BOS @ ATL,W,0,0,,,0.0,,,2,2,1.0,,,,,,,,,2,,0
15605,21980,77997,Bill Robinzine,DAL,Dallas Mavericks,0028000765,1981-02-27,DAL vs. IND,L,0,1,,,0.0,,,0,0,,,,,,,,,,2,,0
15606,21980,76317,Don Buse,IND,Indiana Pacers,0028000765,1981-02-27,IND @ DAL,W,0,1,,,0.0,,,0,0,,,,,,,,,,2,,0
15607,21980,77189,Major Jones,HOU,Houston Rockets,0028000763,1981-02-27,HOU vs. SEA,W,0,1,,,0.0,,,0,0,,,,,,,,,,2,,0
15608,21980,77024,Armond Hill,SEA,Seattle SuperSonics,0028000763,1981-02-27,SEA @ HOU,L,0,0,,,0.0,,,2,4,0.5,,,,,,,,,2,,0
15609,21980,77950,Clint Richardson,PHL,Philadelphia 76ers,0028000762,1981-02-27,PHL @ UTH,W,0,1,,,0.0,,,0,0,,,,,,,,,,2,,0
15610,21980,77175,Caldwell Jones,PHL,Philadelphia 76ers,0028000762,1981-02-27,PHL @ UTH,W,0,1,,,0.0,,,0,0,,,,,,,,,,2,,0
15611,21980,78200,Randy Smith,CLE,Cleveland Cavaliers,0028000761,1981-02-27,CLE @ DET,L,0,1,,,0.0,,,0,0,,,,,,,,,,2,,0
15612,21980,77364,Ron Lee,DET,Detroit Pistons,0028000761,1981-02-27,DET vs. CLE,W,0,1,,,0.0,,,0,0,,,,,,,,,,2,,0
15613,21980,77235,Rich Kelley,PHX,Phoenix Suns,0028000760,1981-02-27,PHX @ POR,L,0,0,,,0.0,,,2,2,1.0,,,,,,,,,2,,0
15614,21980,78392,Wes Unseld,WAS,Washington Bullets,0028000759,1981-02-27,WAS @ CHI,L,0,1,,,0.0,,,0,0,,,,,,,,,,2,,0
15615,21980,77975,Anthony Roberts,WAS,Washington Bullets,0028000759,1981-02-27,WAS @ CHI,L,0,1,,,0.0,,,0,0,,,,,,,,,,2,,0
15616,21980,78404,Kiki Vandeweghe,DEN,Denver Nuggets,0028000758,1981-02-27,DEN vs. GOS,W,0,1,,,0.0,,,0,0,,,,,,,,,,2,,0
15617,21980,77024,Armond Hill,SEA,Seattle SuperSonics,0028000757,1981-02-26,SEA @ SAN,L,0,0,,,0.0,,,2,3,0.667,,,,,,,,6.0,2,,0
15618,21980,76899,Ernie Grunfeld,KCK,Kansas City Kings,0028000756,1981-02-26,KCK vs. DAL,W,0,1,,,0.0,,,0,0,,,,,,,,,,2,,0
15619,21980,77136,Clemon Johnson,IND,Indiana Pacers,0028000755,1981-02-25,IND @ HOU,L,0,0,,,0.0,,,2,2,1.0,,,,,,,,,2,,0
15620,21980,76231,Dudley Bradley,IND,Indiana Pacers,0028000755,1981-02-25,IND @ HOU,L,0,1,,,0.0,,,0,2,0.0,,,,,,,,,2,,0
15621,21980,600010,Len Elmore,MIL,Milwaukee Bucks,0028000753,1981-02-25,MIL vs. LAL,W,0,0,,,0.0,,,2,2,1.0,,,,,,,,,2,,0
15622,21980,77205,Eddie Jordan,LAL,Los Angeles Lakers,0028000753,1981-02-25,LAL @ MIL,L,0,1,,,0.0,,,0,0,,,,,,,,,,2,,0
15623,21980,76619,John Duren,UTH,Utah Jazz,0028000752,1981-02-25,UTH vs. NJN,W,0,1,,,0.0,,,0,0,,,,,,,,,,2,,0
15624,21980,77078,Kim Hughes,CLE,Cleveland Cavaliers,0028000751,1981-02-25,CLE @ BOS,L,0,1,,,0.0,,,0,0,,,,,,,,,,2,,0
15625,21980,76707,Eric Fernsten,BOS,Boston Celtics,0028000751,1981-02-25,BOS vs. CLE,W,0,1,,,0.0,,,0,0,,,,,,,,,,2,,0
15626,21980,76608,Terry Duerod,BOS,Boston Celtics,0028000751,1981-02-25,BOS vs. CLE,W,0,0,,,0.0,,,2,2,1.0,,,,,,,,,2,,0
15627,21980,76985,Garfield Heard,SDC,San Diego Clippers,0028000750,1981-02-25,SDC vs. PHL,L,0,1,,,0.0,,,0,0,,,,,,,,,,2,,0
15628,21980,78132,Craig Shelton,ATL,Atlanta Hawks,0028000749,1981-02-24,ATL vs. NYK,L,0,1,,,0.0,,,0,0,,,,,,,,,,2,,0
15629,21980,76553,Larry Demic,NYK,New York Knicks,0028000749,1981-02-24,NYK @ ATL,W,0,0,,,0.0,,,2,2,1.0,,,,,,,,,2,,0
15630,21980,78015,Lorenzo Romar,GOS,Golden State Warriors,0028000747,1981-02-24,GOS @ SAN,L,0,1,,,0.0,,,0,0,,,,,,,,,,2,,0
15631,21980,76954,Mike Harper,POR,Portland Trail Blazers,0028000746,1981-02-24,POR vs. SDC,L,0,0,,,0.0,,,2,2,1.0,,,,,,,,,2,,0
15632,21980,76078,Dennis Awtrey,SEA,Seattle SuperSonics,0028000745,1981-02-24,SEA @ DAL,W,0,1,,,0.0,,,0,0,,,,,,,,,,2,,0
15633,21980,77420,Maurice Lucas,NJN,New Jersey Nets,0028000744,1981-02-24,NJN @ DEN,L,0,1,,,0.0,,,0,0,,,,,,,,,,2,,0
15634,21980,77215,Jeff Judkins,UTH,Utah Jazz,0028000743,1981-02-23,UTH vs. HOU,L,0,1,,,0.0,,,0,0,,,,,,,,,,2,,0
15635,21980,76786,Calvin Garrett,HOU,Houston Rockets,0028000743,1981-02-23,HOU @ UTH,W,0,1,,,0.0,,,0,0,,,,,,,,,,2,,0
15636,21980,77136,Clemon Johnson,IND,Indiana Pacers,0028000742,1981-02-22,IND vs. POR,L,0,1,,,0.0,,,0,0,,,,,,,,,,2,,0
15637,21980,77152,John Johnson,SEA,Seattle SuperSonics,0028000740,1981-02-22,SEA vs. HOU,L,0,1,,,0.0,,,0,0,,,,,,,,,,2,,0
15638,21980,76786,Calvin Garrett,HOU,Houston Rockets,0028000740,1981-02-22,HOU @ SEA,W,0,1,,,0.0,,,0,0,,,,,,,,,,2,,0
15639,21980,76587,Jacky Dorsey,SEA,Seattle SuperSonics,0028000740,1981-02-22,SEA vs. HOU,L,0,1,,,0.0,,,0,0,,,,,,,,,,2,,0
15640,21980,78614,Mike Woodson,NYK,New York Knicks,0028000739,1981-02-22,NYK vs. LAL,L,0,1,,,0.0,,,0,0,,,,,,,,,,2,,0
15641,21980,77205,Eddie Jordan,LAL,Los Angeles Lakers,0028000739,1981-02-22,LAL @ NYK,W,0,1,,,0.0,,,0,2,0.0,,,,,,,,,2,,0
15642,21980,78516,Jerome Whitehead,SDC,San Diego Clippers,0028000738,1981-02-22,SDC vs. UTH,W,0,1,,,0.0,,,0,0,,,,,,,,,,2,,0
15643,21980,77715,Carl Nicks,UTH,Utah Jazz,0028000738,1981-02-22,UTH @ SDC,L,0,1,,,0.0,,,0,0,,,,,,,,,,2,,0
15644,21980,77215,Jeff Judkins,UTH,Utah Jazz,0028000738,1981-02-22,UTH @ SDC,L,0,0,,,0.0,,,2,2,1.0,,,,,,,,,2,,0
15645,21980,76534,Ron Davis,SDC,San Diego Clippers,0028000738,1981-02-22,SDC vs. UTH,W,0,1,,,0.0,,,0,0,,,,,,,,,,2,,0
15646,21980,76830,Glen Gondrezick,DEN,Denver Nuggets,0028000737,1981-02-22,DEN @ SAN,L,0,0,,,0.0,,,2,2,1.0,,,,,,,,,2,,0
15647,21980,77917,Clifford Ray,GOS,Golden State Warriors,0028000736,1981-02-22,GOS vs. KCK,W,0,0,,,0.0,,,2,3,0.667,,,,,,,,,2,,0
15648,21980,76736,Phil Ford,KCK,Kansas City Kings,0028000736,1981-02-22,KCK @ GOS,L,0,1,,,0.0,,,0,0,,,,,,,,,,2,,0
15649,21980,77490,Scott May,CHI,Chicago Bulls,0028000735,1981-02-22,CHI vs. ATL,L,0,0,,,0.0,,,2,2,1.0,,,,,,,,,2,,0
15650,21980,76567,Coby Dietrick,CHI,Chicago Bulls,0028000735,1981-02-22,CHI vs. ATL,L,0,1,,,0.0,,,0,0,,,,,,,,,,2,,0
15651,21980,76471,Charlie Criss,ATL,Atlanta Hawks,0028000735,1981-02-22,ATL @ CHI,W,0,1,,,0.0,,,0,0,,,,,,,,,,2,,0
15652,21980,328,Rick Mahorn,WAS,Washington Bullets,0028000734,1981-02-22,WAS vs. MIL,L,0,1,,,0.0,,,0,0,,,,,,,,,,2,,0
15653,21980,78400,Jan Van Breda Kolff,NJN,New Jersey Nets,0028000733,1981-02-22,NJN vs. DAL,L,0,1,,,0.0,,,0,0,,,,,,,,,,2,,0
15654,21980,77858,Stan Pietkiewicz,DAL,Dallas Mavericks,0028000733,1981-02-22,DAL @ NJN,W,0,0,,,0.0,,,2,3,0.667,,,,,,,,,2,,0
15655,21980,78396,Ron Valentine,DEN,Denver Nuggets,0028000732,1981-02-21,DEN vs. KCK,W,0,1,,,0.0,,,0,0,,,,,,,,,,2,,0
15656,21980,78200,Randy Smith,CLE,Cleveland Cavaliers,0028000730,1981-02-21,CLE vs. ATL,L,0,1,,,0.0,,,0,0,,,,,,,,,,2,,0
15657,21980,76966,Joey Hassett,GOS,Golden State Warriors,0028000729,1981-02-20,GOS vs. SDC,L,0,1,,,0.0,,,0,0,,,,,,,,,,2,,0
15658,21980,76162,Henry Bibby,SDC,San Diego Clippers,0028000729,1981-02-20,SDC @ GOS,W,0,1,,,0.0,,,0,0,,,,,,,,,,2,,0
15659,21980,76483,Pat Cummings,MIL,Milwaukee Bucks,0028000728,1981-02-20,MIL @ KCK,L,0,1,,,0.0,,,0,0,,,,,,,,,,2,,0
15660,21980,78400,Jan Van Breda Kolff,NJN,New Jersey Nets,0028000727,1981-02-20,NJN vs. POR,W,0,1,,,0.0,,,0,0,,,,,,,,,,2,,0
15661,21980,76954,Mike Harper,POR,Portland Trail Blazers,0028000727,1981-02-20,POR @ NJN,L,0,1,,,0.0,,,0,0,,,,,,,,,,2,,0
15662,21980,76771,Mike Gale,POR,Portland Trail Blazers,0028000727,1981-02-20,POR @ NJN,L,0,1,,,0.0,,,0,0,,,,,,,,,,2,,0
15663,21980,76656,Bob Elliott,NJN,New Jersey Nets,0028000727,1981-02-20,NJN vs. POR,W,0,1,,,0.0,,,0,0,,,,,,,,,,2,,0
15664,21980,78095,Alvin Scott,PHX,Phoenix Suns,0028000726,1981-02-20,PHX @ SEA,L,0,1,,,0.0,,,0,0,,,,,,,,,,2,,0
15665,21980,77308,Joel Kramer,PHX,Phoenix Suns,0028000726,1981-02-20,PHX @ SEA,L,0,1,,,0.0,,,0,0,,,,,,,,,,2,,0
15666,21980,76944,Bill Hanzlik,SEA,Seattle SuperSonics,0028000726,1981-02-20,SEA vs. PHX,W,0,1,,,0.0,,,0,0,,,,,,,,,,2,,0
15667,21980,77490,Scott May,CHI,Chicago Bulls,0028000724,1981-02-20,CHI @ UTH,W,0,1,,,0.0,,,0,0,,,,,,,,,,2,,0
15668,21980,76786,Calvin Garrett,HOU,Houston Rockets,0028000723,1981-02-20,HOU @ LAL,W,0,0,,,0.0,,,2,2,1.0,,,,,,,,,2,,0
15669,21980,76248,Jim Brewer,LAL,Los Angeles Lakers,0028000723,1981-02-20,LAL vs. HOU,L,0,1,,,0.0,,,0,0,,,,,,,,,,2,,0
15670,21980,78392,Wes Unseld,WAS,Washington Bullets,0028000721,1981-02-20,WAS @ NYK,L,0,1,,,0.0,,,0,0,,,,,,,,,,2,,0
15671,21980,77504,Andre McCarter,WAS,Washington Bullets,0028000721,1981-02-20,WAS @ NYK,L,0,1,,,0.0,,,0,0,,,,,,,,,,2,,0
15672,21980,76348,Austin Carr,WAS,Washington Bullets,0028000721,1981-02-20,WAS @ NYK,L,0,1,,,0.0,,,0,0,,,,,,,,,,2,,0
15673,21980,76830,Glen Gondrezick,DEN,Denver Nuggets,0028000875,1981-02-19,DEN vs. PHX,W,0,1,,,0.0,,,0,0,,,,,,,,,,2,,0
15674,21980,77149,George Johnson,SAN,San Antonio Spurs,0028000720,1981-02-19,SAN @ CLE,L,0,1,,,0.0,,,0,0,,,,,,,,,,2,,0
15675,21980,76802,Gus Gerard,SAN,San Antonio Spurs,0028000720,1981-02-19,SAN @ CLE,L,0,1,,,0.0,,,0,0,,,,,,,,,,2,,0
15676,21980,76453,Dave Corzine,SAN,San Antonio Spurs,0028000720,1981-02-19,SAN @ CLE,L,0,1,,,0.0,,,0,0,,,,,,,,,,2,,0
15677,21980,76242,Mike Bratz,CLE,Cleveland Cavaliers,0028000720,1981-02-19,CLE vs. SAN,W,0,1,,,0.0,,,0,0,,,,,,,,,,2,,0
15678,21980,76348,Austin Carr,WAS,Washington Bullets,0028000719,1981-02-19,WAS vs. PHL,W,0,1,,,0.0,,,0,0,,,,,,,,,,2,,0
15679,21980,76786,Calvin Garrett,HOU,Houston Rockets,0028000717,1981-02-19,HOU @ SDC,L,0,1,,,0.0,,,0,0,,,,,,,,,,2,,0
15680,21980,77917,Clifford Ray,GOS,Golden State Warriors,0028000714,1981-02-18,GOS vs. CHI,W,0,1,,,0.0,,,0,0,,,,,,,,,,2,,0
15681,21980,77419,John Lucas,GOS,Golden State Warriors,0028000714,1981-02-18,GOS vs. CHI,W,0,1,,,0.0,,,0,0,,,,,,,,,,2,,0
15682,21980,78068,Dewayne Scales,NYK,New York Knicks,0028000713,1981-02-18,NYK @ SEA,W,0,1,,,0.0,,,0,0,,,,,,,,,,2,,0
15683,21980,76553,Larry Demic,NYK,New York Knicks,0028000713,1981-02-18,NYK @ SEA,W,0,0,,,0.0,,,2,3,0.667,,,,,,,,,2,,0
15684,21980,76360,Reggie Carter,NYK,New York Knicks,0028000713,1981-02-18,NYK @ SEA,W,0,0,,,0.0,,,2,2,1.0,,,,,,,,,2,,0
15685,21980,78449,Lloyd Walton,KCK,Kansas City Kings,0028000712,1981-02-18,KCK vs. BOS,W,0,1,,,0.0,,,0,0,,,,,,,,,,2,,0
15686,21980,76005,Tom Abernethy,IND,Indiana Pacers,0028000711,1981-02-18,IND vs. ATL,L,0,1,,,0.0,,,0,0,,,,,,,,,,2,,0
15687,21980,76822,Mike Glenn,NYK,New York Knicks,0028000710,1981-02-17,NYK @ LAL,L,0,1,,,0.0,,,0,0,,,,,,,,,,2,,0
15688,21980,76553,Larry Demic,NYK,New York Knicks,0028000710,1981-02-17,NYK @ LAL,L,0,1,,,0.0,,,0,0,,,,,,,,,,2,,0
15689,21980,78015,Lorenzo Romar,GOS,Golden State Warriors,0028000706,1981-02-17,GOS @ PHX,L,0,1,,,0.0,,,0,0,,,,,,,,,,2,,0
15690,21980,77937,Billy Reid,GOS,Golden State Warriors,0028000706,1981-02-17,GOS @ PHX,L,0,1,,,0.0,,,0,0,,,,,,,,,,2,,0
15691,21980,77917,Clifford Ray,GOS,Golden State Warriors,0028000706,1981-02-17,GOS @ PHX,L,0,1,,,0.0,,,0,0,,,,,,,,,,2,,0
15692,21980,77022,Johnny High,PHX,Phoenix Suns,0028000706,1981-02-17,PHX vs. GOS,W,0,1,,,0.0,,,0,0,,,,,,,,,,2,,0
15693,21980,600010,Len Elmore,MIL,Milwaukee Bucks,0028000705,1981-02-17,MIL @ DAL,W,0,1,,,0.0,,,0,0,,,,,,,,,,2,,0
15694,21980,77997,Bill Robinzine,DAL,Dallas Mavericks,0028000705,1981-02-17,DAL vs. MIL,L,0,0,,,0.0,,,2,2,1.0,,,,,,,,,2,,0
15695,21980,77858,Stan Pietkiewicz,DAL,Dallas Mavericks,0028000705,1981-02-17,DAL vs. MIL,L,0,1,,,0.0,,,0,0,,,,,,,,,,2,,0
15696,21980,77262,Chad Kinch,DAL,Dallas Mavericks,0028000705,1981-02-17,DAL vs. MIL,L,0,1,,,0.0,,,0,0,,,,,,,,,,2,,0
15697,21980,76802,Gus Gerard,SAN,San Antonio Spurs,0028000704,1981-02-17,SAN vs. BOS,L,0,1,,,0.0,,,0,0,,,,,,,,,,2,,0
15698,21980,76351,M.L. Carr,BOS,Boston Celtics,0028000704,1981-02-17,BOS @ SAN,W,0,1,,,0.0,,,0,0,,,,,,,,,,2,,0
15699,21980,76249,Ron Brewer,SAN,San Antonio Spurs,0028000704,1981-02-17,SAN vs. BOS,L,0,1,,,0.0,,,0,0,,,,,,,,,,2,,0
15700,21980,78400,Jan Van Breda Kolff,NJN,New Jersey Nets,0028000702,1981-02-15,NJN vs. GOS,W,0,1,,,0.0,,,0,0,,,,,,,,,,2,,0
15701,21980,78015,Lorenzo Romar,GOS,Golden State Warriors,0028000702,1981-02-15,GOS @ NJN,L,0,0,,,0.0,,,2,2,1.0,,,,,,,,,2,,0
15702,21980,77754,Mike O'Koren,NJN,New Jersey Nets,0028000702,1981-02-15,NJN vs. GOS,W,0,0,,,0.0,,,2,2,1.0,,,,,,,,,2,,0
15703,21980,77635,Lowes Moore,NJN,New Jersey Nets,0028000702,1981-02-15,NJN vs. GOS,W,0,1,,,0.0,,,0,0,,,,,,,,,,2,,0
15704,21980,77040,Brad Holland,LAL,Los Angeles Lakers,0028000701,1981-02-15,LAL vs. DAL,W,0,0,,,0.0,,,2,2,1.0,,,,,,,,,2,,0
15705,21980,78449,Lloyd Walton,KCK,Kansas City Kings,0028000700,1981-02-15,KCK vs. SEA,W,0,1,,,0.0,,,0,0,,,,,,,,,,2,,0
15706,21980,76874,Rickey Green,UTH,Utah Jazz,0028000699,1981-02-15,UTH @ POR,L,0,1,,,0.0,,,0,0,,,,,,,,,,2,,0
15707,21980,76619,John Duren,UTH,Utah Jazz,0028000699,1981-02-15,UTH @ POR,L,0,1,,,0.0,,,0,0,,,,,,,,,,2,,0
15708,21980,76474,Jeffrey Crompton,POR,Portland Trail Blazers,0028000699,1981-02-15,POR vs. UTH,W,0,1,,,0.0,,,0,2,0.0,,,,,,,,,2,,0
15709,21980,76889,Paul Griffin,SAN,San Antonio Spurs,0028000698,1981-02-15,SAN vs. MIL,W,0,1,,,0.0,,,0,0,,,,,,,,,6.0,2,,0
15710,21980,76830,Glen Gondrezick,DEN,Denver Nuggets,0028000696,1981-02-15,DEN vs. BOS,L,0,1,,,0.0,,,0,0,,,,,,,,,,2,,0
15711,21980,78095,Alvin Scott,PHX,Phoenix Suns,0028000695,1981-02-15,PHX vs. NYK,L,0,1,,,0.0,,,0,0,,,,,,,,,,2,,0
15712,21980,77235,Rich Kelley,PHX,Phoenix Suns,0028000695,1981-02-15,PHX vs. NYK,L,0,1,,,0.0,,,0,0,,,,,,,,,,2,,0
15713,21980,76436,Jeff Cook,PHX,Phoenix Suns,0028000695,1981-02-15,PHX vs. NYK,L,0,1,,,0.0,,,0,0,,,,,,,,,,2,,0
15714,21980,77043,Lionel Hollins,PHL,Philadelphia 76ers,0028000694,1981-02-15,PHL vs. ATL,W,0,1,,,0.0,,,0,0,,,,,,,,,,2,,0
15715,21980,78618,Sam Worthen,CHI,Chicago Bulls,0028000693,1981-02-14,CHI vs. SEA,W,0,0,,,0.0,,,2,2,1.0,,,,,,,,,2,,0
15716,21980,78533,James Wilkes,CHI,Chicago Bulls,0028000693,1981-02-14,CHI vs. SEA,W,0,1,,,0.0,,,0,0,,,,,,,,,,2,,0
15717,21980,76587,Jacky Dorsey,SEA,Seattle SuperSonics,0028000693,1981-02-14,SEA @ CHI,L,0,1,,,0.0,,,0,0,,,,,,,,,,2,,0
15718,21980,77262,Chad Kinch,DAL,Dallas Mavericks,0028000692,1981-02-14,DAL vs. SAN,L,0,1,,,0.0,,,0,0,,,,,,,,,,2,,0
15719,21980,77149,George Johnson,SAN,San Antonio Spurs,0028000692,1981-02-14,SAN @ DAL,W,0,1,,,0.0,,,0,0,,,,,,,,,,2,,0
15720,21980,76889,Paul Griffin,SAN,San Antonio Spurs,0028000692,1981-02-14,SAN @ DAL,W,0,1,,,0.0,,,0,0,,,,,,,,,,2,,0
15721,21980,76249,Ron Brewer,SAN,San Antonio Spurs,0028000692,1981-02-14,SAN @ DAL,W,0,1,,,0.0,,,0,0,,,,,,,,,,2,,0
15722,21980,78195,Larry Smith,GOS,Golden State Warriors,0028000690,1981-02-14,GOS @ CLE,L,0,0,,,0.0,,,2,2,1.0,,,,,,,,,2,,0
15723,21980,78577,Bill Willoughby,HOU,Houston Rockets,0028000689,1981-02-14,HOU vs. MIL,L,0,1,,,0.0,,,0,0,,,,,,,,,,2,,0
15724,21980,76895,Bob Gross,POR,Portland Trail Blazers,0028000688,1981-02-13,POR @ DEN,L,0,1,,,0.0,,,0,0,,,,,,,,,,2,,0
15725,21980,76985,Garfield Heard,SDC,San Diego Clippers,0028000687,1981-02-13,SDC @ PHX,L,0,1,,,0.0,,,0,0,,,,,,,,,,2,,0
15726,21980,600010,Len Elmore,MIL,Milwaukee Bucks,0028000686,1981-02-13,MIL vs. GOS,L,0,1,,,0.0,,,0,0,,,,,,,,,,2,,0
15727,21980,76248,Jim Brewer,LAL,Los Angeles Lakers,0028000685,1981-02-13,LAL @ HOU,W,0,1,,,0.0,,,0,0,,,,,,,,,,2,,0
15728,21980,78537,Jeff Wilkins,UTH,Utah Jazz,0028000684,1981-02-13,UTH vs. BOS,W,0,1,,,0.0,,,0,0,,,,,,,,,,2,,0
15729,21980,77215,Jeff Judkins,UTH,Utah Jazz,0028000684,1981-02-13,UTH vs. BOS,W,0,1,,,0.0,,,0,0,,,,,,,,,,2,,0
15730,21980,76733,Chris Ford,BOS,Boston Celtics,0028000684,1981-02-13,BOS @ UTH,L,0,1,,,0.0,,,0,0,,,,,,,,,,2,,0
15731,21980,76351,M.L. Carr,BOS,Boston Celtics,0028000684,1981-02-13,BOS @ UTH,L,0,1,,,0.0,,,0,0,,,,,,,,,,2,,0
15732,21980,76151,Mel Bennett,UTH,Utah Jazz,0028000684,1981-02-13,UTH vs. BOS,W,0,1,,,0.0,,,0,0,,,,,,,,,,2,,0
15733,21980,1450,Kevin McHale,BOS,Boston Celtics,0028000684,1981-02-13,BOS @ UTH,L,0,1,,,0.0,,,0,0,,,,,,,,,,2,,0
15734,21980,78400,Jan Van Breda Kolff,NJN,New Jersey Nets,0028000683,1981-02-13,NJN vs. IND,W,0,1,,,0.0,,,0,0,,,,,,,,,,2,,0
15735,21980,76005,Tom Abernethy,IND,Indiana Pacers,0028000683,1981-02-13,IND @ NJN,L,0,1,,,0.0,,,0,0,,,,,,,,,,2,,0
15736,21980,76899,Ernie Grunfeld,KCK,Kansas City Kings,0028000682,1981-02-13,KCK vs. ATL,W,0,1,,,0.0,,,0,0,,,,,,,,,,2,,0
15737,21980,78068,Dewayne Scales,NYK,New York Knicks,0028000681,1981-02-13,NYK vs. DET,W,0,1,,,0.0,,,0,0,,,,,,,,,,2,,0
15738,21980,76360,Reggie Carter,NYK,New York Knicks,0028000681,1981-02-13,NYK vs. DET,W,0,1,,,0.0,,,0,0,,,,,,,,,,2,,0
15739,21980,77504,Andre McCarter,WAS,Washington Bullets,0028000680,1981-02-13,WAS @ PHL,W,0,1,,,0.0,,,0,0,,,,,,,,,,2,,0
15740,21980,77175,Caldwell Jones,PHL,Philadelphia 76ers,0028000680,1981-02-13,PHL vs. WAS,L,0,1,,,0.0,,,0,0,,,,,,,,,,2,,0
15741,21980,76348,Austin Carr,WAS,Washington Bullets,0028000680,1981-02-13,WAS @ PHL,W,0,1,,,0.0,,,0,0,,,,,,,,,,2,,0
15742,21980,78132,Craig Shelton,ATL,Atlanta Hawks,0028000679,1981-02-12,ATL @ SAN,L,0,1,,,0.0,,,0,0,,,,,,,,,,2,,0
15743,21980,76895,Bob Gross,POR,Portland Trail Blazers,0028000678,1981-02-12,POR vs. SEA,L,0,1,,,0.0,,,0,0,,,,,,,,,,2,,0
15744,21980,100263,Bill Laimbeer,CLE,Cleveland Cavaliers,0028000677,1981-02-12,CLE vs. NYK,L,0,1,,,0.0,,,0,0,,,,,,,,,,2,,0
15745,21980,78614,Mike Woodson,NYK,New York Knicks,0028000677,1981-02-12,NYK @ CLE,W,0,1,,,0.0,,,0,0,,,,,,,,,,2,,0
15746,21980,78200,Randy Smith,CLE,Cleveland Cavaliers,0028000677,1981-02-12,CLE vs. NYK,L,0,1,,,0.0,,,0,0,,,,,,,,,,2,,0
15747,21980,77718,Mike Niles,PHX,Phoenix Suns,0028000675,1981-02-11,PHX vs. DAL,W,0,1,,,0.0,,,0,2,0.0,,,,,,,,,2,,0
15748,21980,76225,Winford Boynes,DAL,Dallas Mavericks,0028000675,1981-02-11,DAL @ PHX,L,0,1,,,0.0,,,0,0,,,,,,,,,,2,,0
15749,21980,76011,Alvan Adams,PHX,Phoenix Suns,0028000675,1981-02-11,PHX vs. DAL,W,0,1,,,0.0,,,0,1,0.0,,,,,,,,,2,,0
15750,21980,77635,Lowes Moore,NJN,New Jersey Nets,0028000674,1981-02-11,NJN vs. CHI,W,0,1,,,0.0,,,0,0,,,,,,,,,,2,,0
15751,21980,77490,Scott May,CHI,Chicago Bulls,0028000674,1981-02-11,CHI @ NJN,L,0,0,,,0.0,,,2,2,1.0,,,,,,,,,2,,0
15752,21980,77633,Johnny Moore,SAN,San Antonio Spurs,0028000673,1981-02-11,SAN @ HOU,L,0,1,,,0.0,,,0,0,,,,,,,,,,2,,0
15753,21980,77163,Reggie Johnson,SAN,San Antonio Spurs,0028000673,1981-02-11,SAN @ HOU,L,0,1,,,0.0,,,0,0,,,,,,,,,,2,,0
15754,21980,77149,George Johnson,SAN,San Antonio Spurs,0028000673,1981-02-11,SAN @ HOU,L,0,1,,,0.0,,,0,0,,,,,,,,,,2,,0
15755,21980,76889,Paul Griffin,SAN,San Antonio Spurs,0028000673,1981-02-11,SAN @ HOU,L,0,1,,,0.0,,,0,0,,,,,,,,,,2,,0
15756,21980,77326,Sam Lacey,KCK,Kansas City Kings,0028000672,1981-02-11,KCK vs. UTH,W,0,1,,,0.0,,,0,0,,,,,,,,,,2,,0
15757,21980,76441,Wayne Cooper,UTH,Utah Jazz,0028000672,1981-02-11,UTH @ KCK,L,0,1,,,0.0,,,0,0,,,,,,,,,,2,,0
15758,21980,76686,Mike Evans,MIL,Milwaukee Bucks,0028000671,1981-02-11,MIL @ IND,W,0,1,,,0.0,,,0,0,,,,,,,,,,2,,0
15759,21980,76483,Pat Cummings,MIL,Milwaukee Bucks,0028000671,1981-02-11,MIL @ IND,W,0,1,,,0.0,,,0,0,,,,,,,,,,2,,0
15760,21980,76365,Harvey Catchings,MIL,Milwaukee Bucks,0028000671,1981-02-11,MIL @ IND,W,0,1,,,0.0,,,0,3,0.0,,,,,,,,,2,,0
15761,21980,76392,Jim Chones,LAL,Los Angeles Lakers,0028000670,1981-02-11,LAL vs. BOS,L,0,1,,,0.0,,,0,0,,,,,,,,,,2,,0
15762,21980,76351,M.L. Carr,BOS,Boston Celtics,0028000670,1981-02-11,BOS @ LAL,W,0,1,,,0.0,,,0,0,,,,,,,,,,2,,0
15763,21980,1450,Kevin McHale,BOS,Boston Celtics,0028000670,1981-02-11,BOS @ LAL,W,0,0,,,0.0,,,2,2,1.0,,,,,,,,,2,,0
15764,21980,78533,James Wilkes,CHI,Chicago Bulls,0028000669,1981-02-10,CHI vs. KCK,W,0,1,,,0.0,,,0,0,,,,,,,,,,2,,0
15765,21980,78057,Frankie Sanders,KCK,Kansas City Kings,0028000669,1981-02-10,KCK @ CHI,L,0,0,,,0.0,,,2,2,1.0,,,,,,,,,2,,0
15766,21980,76590,Leon Douglas,KCK,Kansas City Kings,0028000669,1981-02-10,KCK @ CHI,L,0,1,,,0.0,,,0,0,,,,,,,,,,2,,0
15767,21980,77438,Kyle Macy,PHX,Phoenix Suns,0028000668,1981-02-10,PHX @ SDC,W,0,1,,,0.0,,,0,0,,,,,,,,,,2,,0
15768,21980,77235,Rich Kelley,PHX,Phoenix Suns,0028000668,1981-02-10,PHX @ SDC,W,0,1,,,0.0,,,0,0,,,,,,,,,,2,,0
15769,21980,76985,Garfield Heard,SDC,San Diego Clippers,0028000668,1981-02-10,SDC vs. PHX,L,0,0,,,0.0,,,2,2,1.0,,,,,,,,,2,,0
15770,21980,76162,Henry Bibby,SDC,San Diego Clippers,0028000668,1981-02-10,SDC vs. PHX,L,0,1,,,0.0,,,0,0,,,,,,,,,,2,,0
15771,21980,77364,Ron Lee,DET,Detroit Pistons,0028000667,1981-02-10,DET @ DAL,W,0,0,,,0.0,,,2,2,1.0,,,,,,,,,2,,0
15772,21980,78392,Wes Unseld,WAS,Washington Bullets,0028000666,1981-02-10,WAS @ DEN,W,0,1,,,0.0,,,0,0,,,,,,,,,,2,,0
15773,21980,78014,Tree Rollins,ATL,Atlanta Hawks,0028000664,1981-02-10,ATL vs. GOS,W,0,1,,,0.0,,,0,0,,,,,,,,,6.0,2,,0
15774,21980,77917,Clifford Ray,GOS,Golden State Warriors,0028000664,1981-02-10,GOS @ ATL,L,0,1,,,0.0,,,0,0,,,,,,,,,,2,,0
15775,21980,76418,Don Collins,ATL,Atlanta Hawks,0028000664,1981-02-10,ATL vs. GOS,W,0,1,,,,,,0,0,,,,,,,,,,2,,0
15776,21980,78623,Larry Wright,DET,Detroit Pistons,0028000663,1981-02-08,DET vs. IND,L,0,0,,,0.0,,,2,2,1.0,,,,,,,,,2,,0
15777,21980,77910,Wally Rank,SDC,San Diego Clippers,0028000662,1981-02-08,SDC @ BOS,L,0,1,,,0.0,,,0,0,,,,,,,,,,2,,0
15778,21980,76707,Eric Fernsten,BOS,Boston Celtics,0028000662,1981-02-08,BOS vs. SDC,W,0,1,,,0.0,,,0,0,,,,,,,,,,2,,0
15779,21980,78537,Jeff Wilkins,UTH,Utah Jazz,0028000661,1981-02-08,UTH @ GOS,L,0,1,,,0.0,,,0,0,,,,,,,,,,2,,0
15780,21980,77937,Billy Reid,GOS,Golden State Warriors,0028000661,1981-02-08,GOS vs. UTH,W,0,1,,,0.0,,,0,0,,,,,,,,,,2,,0
15781,21980,77917,Clifford Ray,GOS,Golden State Warriors,0028000661,1981-02-08,GOS vs. UTH,W,0,1,,,0.0,,,0,0,,,,,,,,,,2,,0
15782,21980,77215,Jeff Judkins,UTH,Utah Jazz,0028000661,1981-02-08,UTH @ GOS,L,0,1,,,0.0,,,0,0,,,,,,,,,,2,,0
15783,21980,76619,John Duren,UTH,Utah Jazz,0028000661,1981-02-08,UTH @ GOS,L,0,1,,,0.0,,,0,0,,,,,,,,,,2,,0
15784,21980,600010,Len Elmore,MIL,Milwaukee Bucks,0028000660,1981-02-08,MIL vs. CHI,W,0,1,,,0.0,,,0,0,,,,,,,,,,2,,0
15785,21980,77490,Scott May,CHI,Chicago Bulls,0028000660,1981-02-08,CHI @ MIL,L,0,0,,,0.0,,,2,2,1.0,,,,,,,,,2,,0
15786,21980,77056,Cedrick Hordges,DEN,Denver Nuggets,0028000659,1981-02-08,DEN @ SEA,L,0,1,,,0.0,,,0,0,,,,,,,,,,2,,0
15787,21980,77021,Kenny Higgs,DEN,Denver Nuggets,0028000659,1981-02-08,DEN @ SEA,L,0,1,,,0.0,,,0,0,,,,,,,,,,2,,0
15788,21980,76830,Glen Gondrezick,DEN,Denver Nuggets,0028000659,1981-02-08,DEN @ SEA,L,0,1,,,0.0,,,0,0,,,,,,,,,,2,,0
15789,21980,77582,Joe Meriweather,KCK,Kansas City Kings,0028000658,1981-02-08,KCK @ POR,L,0,1,,,0.0,,,0,0,,,,,,,,,,2,,0
15790,21980,76899,Ernie Grunfeld,KCK,Kansas City Kings,0028000658,1981-02-08,KCK @ POR,L,0,1,,,0.0,,,0,0,,,,,,,,,,2,,0
15791,21980,76771,Mike Gale,POR,Portland Trail Blazers,0028000658,1981-02-08,POR vs. KCK,W,0,1,,,0.0,,,0,0,,,,,,,,,,2,,0
15792,21980,78068,Dewayne Scales,NYK,New York Knicks,0028000657,1981-02-08,NYK @ NJN,W,0,1,,,0.0,,,0,0,,,,,,,,,,2,,0
15793,21980,76822,Mike Glenn,NYK,New York Knicks,0028000657,1981-02-08,NYK @ NJN,W,0,1,,,0.0,,,0,0,,,,,,,,,,2,,0
15794,21980,76360,Reggie Carter,NYK,New York Knicks,0028000657,1981-02-08,NYK @ NJN,W,0,1,,,0.0,,,0,0,,,,,,,,,,2,,0
15795,21980,76453,Dave Corzine,SAN,San Antonio Spurs,0028000656,1981-02-08,SAN vs. DAL,W,0,1,,,0.0,,,0,3,0.0,,,,,,,,,2,,0
15796,21980,77162,Ollie Johnson,PHL,Philadelphia 76ers,0028000655,1981-02-08,PHL vs. LAL,W,0,1,,,0.0,,,0,0,,,,,,,,,,2,,0
15797,21980,76436,Jeff Cook,PHX,Phoenix Suns,0028000654,1981-02-08,PHX vs. WAS,W,0,1,,,0.0,,,0,0,,,,,,,,,,2,,0
15798,21980,76348,Austin Carr,WAS,Washington Bullets,0028000654,1981-02-08,WAS @ PHX,L,0,1,,,0.0,,,0,0,,,,,,,,,,2,,0
15799,21980,77215,Jeff Judkins,UTH,Utah Jazz,0028000653,1981-02-07,UTH @ SEA,L,0,1,,,0.0,,,0,0,,,,,,,,,,2,,0
15800,21980,76874,Rickey Green,UTH,Utah Jazz,0028000653,1981-02-07,UTH @ SEA,L,0,1,,,0.0,,,0,0,,,,,,,,,,2,,0
15801,21980,76005,Tom Abernethy,IND,Indiana Pacers,0028000652,1981-02-07,IND vs. CLE,W,0,1,,,0.0,,,0,0,,,,,,,,,,2,,0
15802,21980,78132,Craig Shelton,ATL,Atlanta Hawks,0028000651,1981-02-07,ATL @ HOU,L,0,1,,,0.0,,,0,0,,,,,,,,,,2,,0
15803,21980,77817,Billy Paultz,HOU,Houston Rockets,0028000651,1981-02-07,HOU vs. ATL,W,0,1,,,0.0,,,0,0,,,,,,,,,,2,,0
15804,21980,76996,Tom Henderson,HOU,Houston Rockets,0028000651,1981-02-07,HOU vs. ATL,W,0,1,,,0.0,,,0,0,,,,,,,,,,2,,0
15805,21980,78614,Mike Woodson,NYK,New York Knicks,0028000650,1981-02-07,NYK vs. NJN,W,0,1,,,0.0,,,0,0,,,,,,,,,,2,,0
15806,21980,78400,Jan Van Breda Kolff,NJN,New Jersey Nets,0028000650,1981-02-07,NJN @ NYK,L,0,0,,,0.0,,,2,2,1.0,,,,,,,,,2,,0
15807,21980,78068,Dewayne Scales,NYK,New York Knicks,0028000650,1981-02-07,NYK vs. NJN,W,0,0,,,0.0,,,2,5,0.4,,,,,,,,,2,,0
15808,21980,78396,Ron Valentine,DEN,Denver Nuggets,0028000649,1981-02-07,DEN vs. GOS,W,0,1,,,0.0,,,0,1,0.0,,,,,,,,,2,,0
15809,21980,76618,T.R. Dunn,DEN,Denver Nuggets,0028000649,1981-02-07,DEN vs. GOS,W,0,1,,,0.0,,,0,0,,,,,,,,,,2,,0
15810,21980,78623,Larry Wright,DET,Detroit Pistons,0028000648,1981-02-07,DET @ CHI,L,0,1,,,0.0,,,0,0,,,,,,,,,,2,,0
15811,21980,77490,Scott May,CHI,Chicago Bulls,0028000648,1981-02-07,CHI vs. DET,W,0,0,,,0.0,,,2,2,1.0,,,,,,,,,2,,0
15812,21980,77182,Dwight Jones,CHI,Chicago Bulls,0028000648,1981-02-07,CHI vs. DET,W,0,1,,,0.0,,,0,0,,,,,,,,,,2,,0
15813,21980,76441,Wayne Cooper,UTH,Utah Jazz,0028000647,1981-02-06,UTH vs. DEN,L,0,1,,,0.0,,,0,0,,,,,,,,,6.0,2,,0
15814,21980,78533,James Wilkes,CHI,Chicago Bulls,0028000645,1981-02-06,CHI vs. NYK,L,0,1,,,0.0,,,0,0,,,,,,,,,,2,,0
15815,21980,78481,Marvin Webster,NYK,New York Knicks,0028000645,1981-02-06,NYK @ CHI,W,0,0,,,0.0,,,2,2,1.0,,,,,,,,,2,,0
15816,21980,77490,Scott May,CHI,Chicago Bulls,0028000645,1981-02-06,CHI vs. NYK,L,0,0,,,0.0,,,2,2,1.0,,,,,,,,,2,,0
15817,21980,76954,Mike Harper,POR,Portland Trail Blazers,0028000644,1981-02-06,POR @ SAN,L,0,1,,,0.0,,,0,0,,,,,,,,,,2,,0
15818,21980,77040,Brad Holland,LAL,Los Angeles Lakers,0028000643,1981-02-06,LAL @ DET,W,0,1,,,0.0,,,0,0,,,,,,,,,,2,,0
15819,21980,76947,Alan Hardy,LAL,Los Angeles Lakers,0028000643,1981-02-06,LAL @ DET,W,0,1,,,0.0,,,0,0,,,,,,,,,,2,,0
15820,21980,76599,Larry Drew,DET,Detroit Pistons,0028000643,1981-02-06,DET vs. LAL,L,0,1,,,0.0,,,0,0,,,,,,,,,,2,,0
15821,21980,77189,Major Jones,HOU,Houston Rockets,0028000642,1981-02-06,HOU @ PHX,L,0,0,,,0.0,,,2,2,1.0,,,,,,,,,2,,0
15822,21980,76996,Tom Henderson,HOU,Houston Rockets,0028000642,1981-02-06,HOU @ PHX,L,0,1,,,0.0,,,0,0,,,,,,,,,,2,,0
15823,21980,77829,Sam Pellom,ATL,Atlanta Hawks,0028000641,1981-02-06,ATL @ DAL,W,0,1,,,0.0,,,0,0,,,,,,,,,,2,,0
15824,21980,76416,Art Collins,ATL,Atlanta Hawks,0028000641,1981-02-06,ATL @ DAL,W,0,0,,,0.0,,,2,2,1.0,,,,,,,,,2,,0
15825,21980,76608,Terry Duerod,BOS,Boston Celtics,0028000640,1981-02-06,BOS vs. IND,W,0,1,,,0.0,,,0,0,,,,,,,,,,2,,0
15826,21980,76231,Dudley Bradley,IND,Indiana Pacers,0028000640,1981-02-06,IND @ BOS,L,0,1,,,0.0,,,0,0,,,,,,,,,,2,,0
15827,21980,77937,Billy Reid,GOS,Golden State Warriors,0028000639,1981-02-06,GOS vs. WAS,L,0,0,,,0.0,,,2,2,1.0,,,,,,,,,2,,0
15828,21980,328,Rick Mahorn,WAS,Washington Bullets,0028000639,1981-02-06,WAS @ GOS,W,0,1,,,0.0,,,0,0,,,,,,,,,,2,,0
15829,21980,78449,Lloyd Walton,KCK,Kansas City Kings,0028000638,1981-02-06,KCK @ SEA,W,0,1,,,0.0,,,0,0,,,,,,,,,,2,,0
15830,21980,76734,Don Ford,CLE,Cleveland Cavaliers,0028000637,1981-02-06,CLE vs. MIL,L,0,0,,,0.0,,,2,2,1.0,,,,,,,,,2,,0
15831,21980,76365,Harvey Catchings,MIL,Milwaukee Bucks,0028000637,1981-02-06,MIL @ CLE,W,0,1,,,0.0,,,0,0,,,,,,,,,,2,,0
15832,21980,76993,Gerald Henderson,BOS,Boston Celtics,0028000636,1981-02-05,BOS @ MIL,L,0,1,,,0.0,,,0,2,0.0,,,,,,,,,2,,0
15833,21980,76365,Harvey Catchings,MIL,Milwaukee Bucks,0028000636,1981-02-05,MIL vs. BOS,W,0,1,,,0.0,,,0,0,,,,,,,,,6.0,2,,0
15834,21980,76771,Mike Gale,POR,Portland Trail Blazers,0028000635,1981-02-04,POR @ GOS,L,0,0,,,0.0,,,2,2,1.0,,,,,,,,,2,,0
15835,21980,76355,Butch Carter,LAL,Los Angeles Lakers,0028000634,1981-02-04,LAL @ IND,W,0,1,,,0.0,,,0,0,,,,,,,,,,2,,0
15836,21980,77582,Joe Meriweather,KCK,Kansas City Kings,0028000633,1981-02-04,KCK vs. DET,W,0,1,,,0.0,,,0,0,,,,,,,,,,2,,0
15837,21980,76590,Leon Douglas,KCK,Kansas City Kings,0028000633,1981-02-04,KCK vs. DET,W,0,1,,,0.0,,,0,2,0.0,,,,,,,,,2,,0
15838,21980,78400,Jan Van Breda Kolff,NJN,New Jersey Nets,0028000631,1981-02-04,NJN vs. SDC,L,0,0,,,0.0,,,2,2,1.0,,,,,,,,,2,,0
15839,21980,77754,Mike O'Koren,NJN,New Jersey Nets,0028000631,1981-02-04,NJN vs. SDC,L,0,1,,,0.0,,,0,3,0.0,,,,,,,,,2,,0
15840,21980,76619,John Duren,UTH,Utah Jazz,0028000630,1981-02-04,UTH @ PHX,L,0,1,,,0.0,,,0,0,,,,,,,,,,2,,0
15841,21980,77193,Bobby Jones,PHL,Philadelphia 76ers,0028000629,1981-02-04,PHL vs. BOS,W,0,0,,,0.0,,,2,3,0.667,,,,,,,,6.0,2,,0
15842,21980,77975,Anthony Roberts,WAS,Washington Bullets,0028000628,1981-02-04,WAS @ SEA,L,0,1,,,0.0,,,0,0,,,,,,,,,,2,,0
15843,21980,77504,Andre McCarter,WAS,Washington Bullets,0028000628,1981-02-04,WAS @ SEA,L,0,1,,,0.0,,,0,0,,,,,,,,,,2,,0
15844,21980,328,Rick Mahorn,WAS,Washington Bullets,0028000628,1981-02-04,WAS @ SEA,L,0,1,,,0.0,,,0,0,,,,,,,,,,2,,0
15845,21980,76734,Don Ford,CLE,Cleveland Cavaliers,0028000627,1981-02-04,CLE vs. CHI,L,0,1,,,0.0,,,0,0,,,,,,,,,,2,,0
15846,21980,78527,Michael Wiley,SAN,San Antonio Spurs,0028000625,1981-02-03,SAN vs. DET,W,0,1,,,0.0,,,0,0,,,,,,,,,,2,,0
15847,21980,77149,George Johnson,SAN,San Antonio Spurs,0028000625,1981-02-03,SAN vs. DET,W,0,1,,,0.0,,,0,0,,,,,,,,,,2,,0
15848,21980,78392,Wes Unseld,WAS,Washington Bullets,0028000624,1981-02-03,WAS @ POR,L,0,1,,,0.0,,,0,0,,,,,,,,,,2,,0
15849,21980,77504,Andre McCarter,WAS,Washington Bullets,0028000624,1981-02-03,WAS @ POR,L,0,1,,,0.0,,,0,0,,,,,,,,,,2,,0
15850,21980,600010,Len Elmore,MIL,Milwaukee Bucks,0028000623,1981-02-03,MIL vs. IND,L,0,1,,,0.0,,,0,0,,,,,,,,,,2,,0
15851,21980,78449,Lloyd Walton,KCK,Kansas City Kings,0028000621,1981-02-03,KCK @ DAL,W,0,1,,,0.0,,,0,0,,,,,,,,,,2,,0
15852,21980,78057,Frankie Sanders,KCK,Kansas City Kings,0028000621,1981-02-03,KCK @ DAL,W,0,1,,,0.0,,,0,0,,,,,,,,,,2,,0
15853,21980,77950,Clint Richardson,PHL,Philadelphia 76ers,0028000620,1981-02-03,PHL @ ATL,W,0,1,,,0.0,,,0,0,,,,,,,,,,2,,0
15854,21980,77829,Sam Pellom,ATL,Atlanta Hawks,0028000620,1981-02-03,ATL vs. PHL,L,0,1,,,0.0,,,0,0,,,,,,,,,,2,,0
15855,21980,77162,Ollie Johnson,PHL,Philadelphia 76ers,0028000620,1981-02-03,PHL @ ATL,W,0,1,,,0.0,,,0,0,,,,,,,,,,2,,0
15856,21980,76416,Art Collins,ATL,Atlanta Hawks,0028000620,1981-02-03,ATL vs. PHL,L,0,1,,,0.0,,,0,0,,,,,,,,,,2,,0
15857,21980,76553,Larry Demic,NYK,New York Knicks,0028000619,1981-02-03,NYK vs. SDC,W,0,1,,,0.0,,,0,0,,,,,,,,,,2,,0
15858,21980,78200,Randy Smith,CLE,Cleveland Cavaliers,0028000618,1981-01-29,CLE vs. PHX,W,0,1,,,0.0,,,0,0,,,,,,,,,,2,,0
15859,21980,77308,Joel Kramer,PHX,Phoenix Suns,0028000618,1981-01-29,PHX @ CLE,L,0,1,,,0.0,,,0,0,,,,,,,,,,2,,0
15860,21980,76734,Don Ford,CLE,Cleveland Cavaliers,0028000618,1981-01-29,CLE vs. PHX,W,0,0,,,0.0,,,2,2,1.0,,,,,,,,,2,,0
15861,21980,78516,Jerome Whitehead,SDC,San Diego Clippers,0028000617,1981-01-29,SDC vs. POR,L,0,1,,,0.0,,,0,0,,,,,,,,,,2,,0
15862,21980,76162,Henry Bibby,SDC,San Diego Clippers,0028000617,1981-01-29,SDC vs. POR,L,0,0,,,0.0,,,2,2,1.0,,,,,,,,,2,,0
15863,21980,78139,Purvis Short,GOS,Golden State Warriors,0028000615,1981-01-29,GOS @ DET,W,0,1,,,0.0,,,0,0,,,,,,,,,,2,,0
15864,21980,77917,Clifford Ray,GOS,Golden State Warriors,0028000615,1981-01-29,GOS @ DET,W,0,1,,,0.0,,,0,2,0.0,,,,,,,,,2,,0
15865,21980,77800,Sonny Parker,GOS,Golden State Warriors,0028000615,1981-01-29,GOS @ DET,W,0,1,,,0.0,,,0,0,,,,,,,,,,2,,0
15866,21980,76599,Larry Drew,DET,Detroit Pistons,0028000615,1981-01-29,DET vs. GOS,L,0,1,,,0.0,,,0,0,,,,,,,,,,2,,0
15867,21980,76618,T.R. Dunn,DEN,Denver Nuggets,0028000614,1981-01-29,DEN vs. MIL,W,0,0,,,0.0,,,2,2,1.0,,,,,,,,,2,,0
15868,21980,76365,Harvey Catchings,MIL,Milwaukee Bucks,0028000614,1981-01-29,MIL @ DEN,L,0,1,,,0.0,,,0,0,,,,,,,,,,2,,0
15869,21980,77635,Lowes Moore,NJN,New Jersey Nets,0028000612,1981-01-29,NJN @ SAN,L,0,0,,,0.0,,,2,2,1.0,,,,,,,,,2,,0
15870,21980,78614,Mike Woodson,NYK,New York Knicks,0028000611,1981-01-29,NYK @ ATL,W,0,1,,,0.0,,,0,0,,,,,,,,,,2,,0
15871,21980,77553,Tom McMillen,ATL,Atlanta Hawks,0028000611,1981-01-29,ATL vs. NYK,L,0,0,,,0.0,,,2,2,1.0,,,,,,,,,2,,0
15872,21980,76360,Reggie Carter,NYK,New York Knicks,0028000611,1981-01-29,NYK @ ATL,W,0,1,,,0.0,,,0,0,,,,,,,,,,2,,0
15873,21980,78537,Jeff Wilkins,UTH,Utah Jazz,0028000610,1981-01-29,UTH vs. HOU,W,0,1,,,0.0,,,0,0,,,,,,,,,,2,,0
15874,21980,78350,Rudy Tomjanovich,HOU,Houston Rockets,0028000610,1981-01-29,HOU @ UTH,L,0,1,,,0.0,,,0,0,,,,,,,,,,2,,0
15875,21980,77817,Billy Paultz,HOU,Houston Rockets,0028000610,1981-01-29,HOU @ UTH,L,0,0,,,0.0,,,2,2,1.0,,,,,,,,,2,,0
15876,21980,77215,Jeff Judkins,UTH,Utah Jazz,0028000610,1981-01-29,UTH vs. HOU,W,0,0,,,0.0,,,2,2,1.0,,,,,,,,,2,,0
15877,21980,76686,Mike Evans,MIL,Milwaukee Bucks,0028000609,1981-01-28,MIL @ SEA,W,0,1,,,0.0,,,0,0,,,,,,,,,,2,,0
15878,21980,76587,Jacky Dorsey,SEA,Seattle SuperSonics,0028000609,1981-01-28,SEA vs. MIL,L,0,0,,,0.0,,,2,5,0.4,,,,,,,,,2,,0
15879,21980,77504,Andre McCarter,WAS,Washington Bullets,0028000608,1981-01-28,WAS vs. PHX,W,0,1,,,0.0,,,0,0,,,,,,,,,,2,,0
15880,21980,76993,Gerald Henderson,BOS,Boston Celtics,0028000606,1981-01-28,BOS vs. PHL,W,0,1,,,0.0,,,0,0,,,,,,,,,,2,,0
15881,21980,76385,Maurice Cheeks,PHL,Philadelphia 76ers,0028000606,1981-01-28,PHL @ BOS,L,0,1,,,0.0,,,0,0,,,,,,,,,,2,,0
15882,21980,77136,Clemon Johnson,IND,Indiana Pacers,0028000605,1981-01-28,IND vs. GOS,W,0,1,,,0.0,,,0,3,0.0,,,,,,,,,2,,0
15883,21980,76005,Tom Abernethy,IND,Indiana Pacers,0028000605,1981-01-28,IND vs. GOS,W,0,1,,,0.0,,,0,0,,,,,,,,,,2,,0
15884,21980,78618,Sam Worthen,CHI,Chicago Bulls,0028000604,1981-01-27,CHI vs. GOS,W,0,0,,,0.0,,,2,2,1.0,,,,,,,,,2,,0
15885,21980,78057,Frankie Sanders,KCK,Kansas City Kings,0028000602,1981-01-27,KCK @ SDC,L,0,1,,,0.0,,,0,0,,,,,,,,,,2,,0
15886,21980,78392,Wes Unseld,WAS,Washington Bullets,0028000601,1981-01-27,WAS @ ATL,W,0,1,,,0.0,,,0,0,,,,,,,,,,2,,0
15887,21980,77975,Anthony Roberts,WAS,Washington Bullets,0028000601,1981-01-27,WAS @ ATL,W,0,1,,,0.0,,,0,0,,,,,,,,,,2,,0
15888,21980,76734,Don Ford,CLE,Cleveland Cavaliers,0028000600,1981-01-27,CLE vs. IND,W,0,1,,,0.0,,,0,0,,,,,,,,,,2,,0
15889,21980,76231,Dudley Bradley,IND,Indiana Pacers,0028000600,1981-01-27,IND @ CLE,L,0,1,,,0.0,,,0,0,,,,,,,,,,2,,0
15890,21980,77021,Kenny Higgs,DEN,Denver Nuggets,0028000599,1981-01-27,DEN vs. DET,W,0,1,,,0.0,,,0,0,,,,,,,,,,2,,0
15891,21980,76257,Allan Bristow,UTH,Utah Jazz,0028000598,1981-01-27,UTH @ LAL,L,0,1,,,0.0,,,0,0,,,,,,,,,,2,,0
15892,21980,77754,Mike O'Koren,NJN,New Jersey Nets,0028000597,1981-01-27,NJN @ DAL,W,0,1,,,0.0,,,0,0,,,,,,,,,,2,,0
15893,21980,77040,Brad Holland,LAL,Los Angeles Lakers,0028000596,1981-01-26,LAL vs. POR,W,0,0,,,0.0,,,2,3,0.667,,,,,,,,,2,,0
15894,21980,76895,Bob Gross,POR,Portland Trail Blazers,0028000596,1981-01-26,POR @ LAL,L,0,1,,,0.0,,,0,0,,,,,,,,,,2,,0
15895,21980,78614,Mike Woodson,NYK,New York Knicks,0028000595,1981-01-26,NYK vs. PHX,L,0,1,,,0.0,,,0,0,,,,,,,,,,2,,0
15896,21980,77715,Carl Nicks,UTH,Utah Jazz,0028000594,1981-01-26,UTH vs. DET,W,0,1,,,0.0,,,0,0,,,,,,,,,,2,,0
15897,21980,76351,M.L. Carr,BOS,Boston Celtics,0028000593,1981-01-25,BOS vs. SEA,W,0,0,,,0.0,,,2,2,1.0,,,,,,,,,2,,0
15898,21980,77944,Kevin Restani,SAN,San Antonio Spurs,0028000592,1981-01-25,SAN @ POR,L,0,0,,,0.0,,,2,2,1.0,,,,,,,,,2,,0
15899,21980,76954,Mike Harper,POR,Portland Trail Blazers,0028000592,1981-01-25,POR vs. SAN,W,0,0,,,0.0,,,2,3,0.667,,,,,,,,,2,,0
15900,21980,77504,Andre McCarter,WAS,Washington Bullets,0028000591,1981-01-25,WAS @ NJN,W,0,1,,,0.0,,,0,0,,,,,,,,,,2,,0
15901,21980,78623,Larry Wright,DET,Detroit Pistons,0028000587,1981-01-24,DET vs. CLE,W,0,1,,,0.0,,,0,0,,,,,,,,,,2,,0
15902,21980,78468,Richard Washington,CLE,Cleveland Cavaliers,0028000587,1981-01-24,CLE @ DET,L,0,1,,,0.0,,,0,0,,,,,,,,,,2,,0
15903,21980,78146,Jerry Sichting,IND,Indiana Pacers,0028000586,1981-01-24,IND vs. DAL,W,0,1,,,0.0,,,0,0,,,,,,,,,,2,,0
15904,21980,77858,Stan Pietkiewicz,DAL,Dallas Mavericks,0028000586,1981-01-24,DAL @ IND,L,0,1,,,0.0,,,0,0,,,,,,,,,,2,,0
15905,21980,77937,Billy Reid,GOS,Golden State Warriors,0028000585,1981-01-24,GOS vs. NYK,W,0,1,,,0.0,,,0,0,,,,,,,,,,2,,0
15906,21980,78533,James Wilkes,CHI,Chicago Bulls,0028000584,1981-01-24,CHI @ ATL,W,0,0,,,0.0,,,2,3,0.667,,,,,,,,,2,,0
15907,21980,78531,Bob Wilkerson,CHI,Chicago Bulls,0028000584,1981-01-24,CHI @ ATL,W,0,0,,,0.0,,,2,2,1.0,,,,,,,,,2,,0
15908,21980,76321,Marty Byrnes,DAL,Dallas Mavericks,0028000582,1981-01-23,DAL @ CHI,L,0,1,,,0.0,,,0,0,,,,,,,,,,2,,0
15909,21980,77547,Billy McKinney,DEN,Denver Nuggets,0028000579,1981-01-23,DEN @ LAL,L,0,1,,,0.0,,,0,0,,,,,,,,,,2,,0
15910,21980,77205,Eddie Jordan,LAL,Los Angeles Lakers,0028000579,1981-01-23,LAL vs. DEN,W,0,0,,,0.0,,,2,2,1.0,,,,,,,,,2,,0
15911,21980,77800,Sonny Parker,GOS,Golden State Warriors,0028000578,1981-01-23,GOS @ UTH,W,0,1,,,0.0,,,0,0,,,,,,,,,,2,,0
15912,21980,76151,Mel Bennett,UTH,Utah Jazz,0028000578,1981-01-23,UTH vs. GOS,L,0,0,,,0.0,,,2,5,0.4,,,,,,,,,2,,0
15913,21980,77189,Major Jones,HOU,Houston Rockets,0028000576,1981-01-23,HOU @ KCK,L,0,1,,,0.0,,,0,0,,,,,,,,,,2,,0
15914,21980,76590,Leon Douglas,KCK,Kansas City Kings,0028000576,1981-01-23,KCK vs. HOU,W,0,1,,,0.0,,,0,0,,,,,,,,,,2,,0
15915,21980,78614,Mike Woodson,NYK,New York Knicks,0028000574,1981-01-23,NYK @ POR,L,0,1,,,0.0,,,0,0,,,,,,,,,,2,,0
15916,21980,77770,Louis Orr,IND,Indiana Pacers,0028000575,1981-01-23,IND @ BOS,L,0,1,,,0.0,,,0,2,0.0,,,,,,,,,2,,0
15917,21980,76005,Tom Abernethy,IND,Indiana Pacers,0028000575,1981-01-23,IND @ BOS,L,0,1,,,0.0,,,0,0,,,,,,,,,,2,,0
15918,21980,76351,M.L. Carr,BOS,Boston Celtics,0028000575,1981-01-23,BOS vs. IND,W,0,1,,,0.0,,,0,0,,,,,,,,,,2,,0
15919,21980,77308,Joel Kramer,PHX,Phoenix Suns,0028000581,1981-01-23,PHX vs. MIL,W,0,1,,,0.0,,,0,0,,,,,,,,,,2,,0
15920,21980,78442,Wally Walker,SEA,Seattle SuperSonics,0028000577,1981-01-23,SEA @ WAS,L,0,1,,,0.0,,,0,0,,,,,,,,,,2,,0
15921,21980,76656,Bob Elliott,NJN,New Jersey Nets,0028000571,1981-01-22,NJN @ CLE,L,0,1,,,0.0,,,0,0,,,,,,,,,,2,,0
15922,21980,78623,Larry Wright,DET,Detroit Pistons,0028000570,1981-01-22,DET vs. CHI,L,0,1,,,0.0,,,0,0,,,,,,,,,,2,,0
15923,21980,78618,Sam Worthen,CHI,Chicago Bulls,0028000570,1981-01-22,CHI @ DET,W,0,1,,,0.0,,,0,0,,,,,,,,,,2,,0
15924,21980,76985,Garfield Heard,SDC,San Diego Clippers,0028000572,1981-01-22,SDC vs. NYK,L,0,1,,,0.0,,,0,0,,,,,,,,,,2,,0
15925,21980,77163,Reggie Johnson,SAN,San Antonio Spurs,0028000569,1981-01-21,SAN @ KCK,L,0,1,,,0.0,,,0,0,,,,,,,,,,2,,0
15926,21980,77149,George Johnson,SAN,San Antonio Spurs,0028000569,1981-01-21,SAN @ KCK,L,0,1,,,0.0,,,0,0,,,,,,,,,,2,,0
15927,21980,76471,Charlie Criss,ATL,Atlanta Hawks,0028000566,1981-01-21,ATL @ LAL,L,0,1,,,0.0,,,0,0,,,,,,,,,,2,,0
15928,21980,76355,Butch Carter,LAL,Los Angeles Lakers,0028000566,1981-01-21,LAL vs. ATL,W,0,1,,,0.0,,,0,0,,,,,,,,,,2,,0
15929,21980,76305,Tom Burleson,ATL,Atlanta Hawks,0028000566,1981-01-21,ATL @ LAL,L,0,1,,,0.0,,,0,0,,,,,,,,,,2,,0
15930,21980,78537,Jeff Wilkins,UTH,Utah Jazz,0028000565,1981-01-21,UTH @ BOS,L,0,1,,,0.0,,,0,0,,,,,,,,,,2,,0
15931,21980,76890,Darrell Griffith,UTH,Utah Jazz,0028000565,1981-01-21,UTH @ BOS,L,0,1,,,0.0,,,0,0,,,,,,,,,,2,,0
15932,21980,77189,Major Jones,HOU,Houston Rockets,0028000564,1981-01-21,HOU vs. PHX,W,0,0,,,0.0,,,2,2,1.0,,,,,,,,,2,,0
15933,21980,600010,Len Elmore,MIL,Milwaukee Bucks,0028000563,1981-01-21,MIL @ GOS,W,0,1,,,0.0,,,0,0,,,,,,,,,,2,,0
15934,21980,76283,Rickey Brown,GOS,Golden State Warriors,0028000563,1981-01-21,GOS vs. MIL,L,0,1,,,0.0,,,0,0,,,,,,,,,,2,,0
15935,21980,78400,Jan Van Breda Kolff,NJN,New Jersey Nets,0028000562,1981-01-21,NJN vs. SEA,W,0,1,,,0.0,,,0,0,,,,,,,,,,2,,0
15936,21980,76944,Bill Hanzlik,SEA,Seattle SuperSonics,0028000562,1981-01-21,SEA @ NJN,L,0,1,,,0.0,,,0,0,,,,,,,,,,2,,0
15937,21980,76656,Bob Elliott,NJN,New Jersey Nets,0028000562,1981-01-21,NJN vs. SEA,W,0,0,,,0.0,,,2,2,1.0,,,,,,,,,2,,0
15938,21980,76587,Jacky Dorsey,SEA,Seattle SuperSonics,0028000562,1981-01-21,SEA @ NJN,L,0,1,,,0.0,,,0,1,0.0,,,,,,,,,2,,0
15939,21980,76618,T.R. Dunn,DEN,Denver Nuggets,0028000567,1981-01-21,DEN vs. SDC,L,0,1,,,0.0,,,0,2,0.0,,,,,,,,,2,,0
15940,21980,76534,Ron Davis,SDC,San Diego Clippers,0028000567,1981-01-21,SDC @ DEN,W,0,1,,,0.0,,,0,0,,,,,,,,,,2,,0
15941,21980,77308,Joel Kramer,PHX,Phoenix Suns,0028000564,1981-01-21,PHX @ HOU,L,0,1,,,0.0,,,0,0,,,,,,,,,,2,,0
15942,21980,77246,Larry Kenon,CHI,Chicago Bulls,0028000561,1981-01-20,CHI vs. IND,W,0,1,,,0.0,,,0,0,,,,,,,,,,2,,0
15943,21980,77136,Clemon Johnson,IND,Indiana Pacers,0028000561,1981-01-20,IND @ CHI,L,0,1,,,0.0,,,0,0,,,,,,,,,,2,,0
15944,21980,940,Earl Cureton,PHL,Philadelphia 76ers,0028000560,1981-01-20,PHL @ DET,L,0,1,,,0.0,,,0,0,,,,,,,,,,2,,0
15945,21980,76734,Don Ford,CLE,Cleveland Cavaliers,0028000559,1981-01-20,CLE vs. POR,W,0,1,,,0.0,,,0,0,,,,,,,,,,2,,0
15946,21980,78095,Alvin Scott,PHX,Phoenix Suns,0028000558,1981-01-20,PHX @ SAN,L,0,1,,,0.0,,,0,0,,,,,,,,,,2,,0
15947,21980,77308,Joel Kramer,PHX,Phoenix Suns,0028000558,1981-01-20,PHX @ SAN,L,0,1,,,0.0,,,0,0,,,,,,,,,,2,,0
15948,21980,76453,Dave Corzine,SAN,San Antonio Spurs,0028000558,1981-01-20,SAN vs. PHX,W,0,0,,,0.0,,,2,2,1.0,,,,,,,,,2,,0
15949,21980,78537,Jeff Wilkins,UTH,Utah Jazz,0028000556,1981-01-20,UTH @ WAS,L,0,1,,,0.0,,,0,2,0.0,,,,,,,,,2,,0
15950,21980,77975,Anthony Roberts,WAS,Washington Bullets,0028000556,1981-01-20,WAS vs. UTH,W,0,1,,,0.0,,,0,0,,,,,,,,,,2,,0
15951,21980,77215,Jeff Judkins,UTH,Utah Jazz,0028000556,1981-01-20,UTH @ WAS,L,0,1,,,0.0,,,0,0,,,,,,,,,,2,,0
15952,21980,76441,Wayne Cooper,UTH,Utah Jazz,0028000556,1981-01-20,UTH @ WAS,L,0,1,,,0.0,,,0,0,,,,,,,,,,2,,0
15953,21980,76348,Austin Carr,WAS,Washington Bullets,0028000556,1981-01-20,WAS vs. UTH,W,0,1,,,0.0,,,0,0,,,,,,,,,,2,,0
15954,21980,78481,Marvin Webster,NYK,New York Knicks,0028000555,1981-01-20,NYK vs. SEA,W,0,0,,,0.0,,,2,2,1.0,,,,,,,,,2,,0
15955,21980,76078,Dennis Awtrey,SEA,Seattle SuperSonics,0028000555,1981-01-20,SEA @ NYK,L,0,1,,,0.0,,,0,0,,,,,,,,,,2,,0
15956,21980,76993,Gerald Henderson,BOS,Boston Celtics,0028000554,1981-01-19,BOS vs. DET,W,0,1,,,0.0,,,0,0,,,,,,,,,,2,,0
15957,21980,76005,Tom Abernethy,IND,Indiana Pacers,0028000547,1981-01-18,IND vs. UTH,W,0,0,,,0.0,,,2,3,0.667,,,,,,,,,2,,0
15958,21980,78400,Jan Van Breda Kolff,NJN,New Jersey Nets,0028000553,1981-01-18,NJN @ WAS,L,0,1,,,0.0,,,0,0,,,,,,,,,,2,,0
15959,21980,77504,Andre McCarter,WAS,Washington Bullets,0028000553,1981-01-18,WAS vs. NJN,W,0,1,,,0.0,,,0,0,,,,,,,,,,2,,0
15960,21980,77420,Maurice Lucas,NJN,New Jersey Nets,0028000553,1981-01-18,NJN @ WAS,L,0,1,,,0.0,,,0,0,,,,,,,,,,2,,0
15961,21980,76348,Austin Carr,WAS,Washington Bullets,0028000553,1981-01-18,WAS vs. NJN,W,0,0,,,0.0,,,2,2,1.0,,,,,,,,,2,,0
15962,21980,76279,Lewis Brown,WAS,Washington Bullets,0028000553,1981-01-18,WAS vs. NJN,W,0,0,,,0.0,,,2,5,0.4,,,,,,,,,2,,0
15963,21980,78516,Jerome Whitehead,SDC,San Diego Clippers,0028000552,1981-01-18,SDC vs. DAL,W,0,0,,,0.0,,,2,2,1.0,,,,,,,,,2,,0
15964,21980,78132,Craig Shelton,ATL,Atlanta Hawks,0028000551,1981-01-18,ATL @ PHX,L,0,1,,,0.0,,,0,0,,,,,,,,,,2,,0
15965,21980,77829,Sam Pellom,ATL,Atlanta Hawks,0028000551,1981-01-18,ATL @ PHX,L,0,0,,,0.0,,,2,3,0.667,,,,,,,,,2,,0
15966,21980,77528,Jim McElroy,ATL,Atlanta Hawks,0028000551,1981-01-18,ATL @ PHX,L,0,1,,,0.0,,,0,0,,,,,,,,,,2,,0
15967,21980,77323,Kevin Kunnert,POR,Portland Trail Blazers,0028000550,1981-01-18,POR @ MIL,L,0,1,,,0.0,,,0,0,,,,,,,,,,2,,0
15968,21980,76954,Mike Harper,POR,Portland Trail Blazers,0028000550,1981-01-18,POR @ MIL,L,0,1,,,0.0,,,0,0,,,,,,,,,,2,,0
15969,21980,76365,Harvey Catchings,MIL,Milwaukee Bucks,0028000550,1981-01-18,MIL vs. POR,W,0,0,,,0.0,,,2,2,1.0,,,,,,,,,2,,0
15970,21980,77189,Major Jones,HOU,Houston Rockets,0028000549,1981-01-18,HOU @ DEN,W,0,1,,,0.0,,,0,0,,,,,,,,,,2,,0
15971,21980,77056,Cedrick Hordges,DEN,Denver Nuggets,0028000549,1981-01-18,DEN vs. HOU,L,0,1,,,0.0,,,0,0,,,,,,,,,,2,,0
15972,21980,76830,Glen Gondrezick,DEN,Denver Nuggets,0028000549,1981-01-18,DEN vs. HOU,L,0,1,,,0.0,,,0,0,,,,,,,,,,2,,0
15973,21980,77024,Armond Hill,SEA,Seattle SuperSonics,0028000548,1981-01-18,SEA @ PHL,L,0,1,,,0.0,,,0,0,,,,,,,,,,2,,0
15974,21980,76944,Bill Hanzlik,SEA,Seattle SuperSonics,0028000548,1981-01-18,SEA @ PHL,L,0,0,,,0.0,,,2,2,1.0,,,,,,,,,2,,0
15975,21980,76078,Dennis Awtrey,SEA,Seattle SuperSonics,0028000548,1981-01-18,SEA @ PHL,L,0,1,,,0.0,,,0,0,,,,,,,,,,2,,0
15976,21980,76441,Wayne Cooper,UTH,Utah Jazz,0028000547,1981-01-18,UTH @ IND,L,0,1,,,0.0,,,0,0,,,,,,,,,6.0,2,,0
15977,21980,77984,Rick Robey,BOS,Boston Celtics,0028000546,1981-01-18,BOS vs. LAL,W,0,1,,,0.0,,,0,0,,,,,,,,,,2,,0
15978,21980,77334,Mark Landsberger,LAL,Los Angeles Lakers,0028000546,1981-01-18,LAL @ BOS,L,0,1,,,0.0,,,0,1,0.0,,,,,,,,,2,,0
15979,21980,76248,Jim Brewer,LAL,Los Angeles Lakers,0028000546,1981-01-18,LAL @ BOS,L,0,1,,,0.0,,,0,0,,,,,,,,,,2,,0
15980,21980,78449,Lloyd Walton,KCK,Kansas City Kings,0028000544,1981-01-17,KCK vs. DEN,L,0,1,,,0.0,,,0,0,,,,,,,,,,2,,0
15981,21980,76618,T.R. Dunn,DEN,Denver Nuggets,0028000544,1981-01-17,DEN @ KCK,W,0,0,,,0.0,,,2,2,1.0,,,,,,,,,2,,0
15982,21980,76249,Ron Brewer,SAN,San Antonio Spurs,0028000542,1981-01-17,SAN @ WAS,L,0,1,,,0.0,,,0,0,,,,,,,,,,2,,0
15983,21980,78614,Mike Woodson,NYK,New York Knicks,0028000541,1981-01-17,NYK @ HOU,W,0,1,,,0.0,,,0,0,,,,,,,,,,2,,0
15984,21980,78150,James Silas,SAN,San Antonio Spurs,0028000540,1981-01-16,SAN @ BOS,L,0,1,,,0.0,,,0,0,,,,,,,,,,2,,0
15985,21980,77944,Kevin Restani,SAN,San Antonio Spurs,0028000540,1981-01-16,SAN @ BOS,L,0,0,,,0.0,,,2,2,1.0,,,,,,,,,2,,0
15986,21980,77163,Reggie Johnson,SAN,San Antonio Spurs,0028000540,1981-01-16,SAN @ BOS,L,0,1,,,0.0,,,0,0,,,,,,,,,,2,,0
15987,21980,77323,Kevin Kunnert,POR,Portland Trail Blazers,0028000539,1981-01-16,POR @ CHI,W,0,1,,,0.0,,,0,0,,,,,,,,,,2,,0
15988,21980,76734,Don Ford,CLE,Cleveland Cavaliers,0028000538,1981-01-16,CLE @ PHL,L,0,1,,,0.0,,,0,0,,,,,,,,,,2,,0
15989,21980,77331,John Lambert,KCK,Kansas City Kings,0028000537,1981-01-16,KCK @ MIL,L,0,1,,,0.0,,,0,0,,,,,,,,,,2,,0
15990,21980,76686,Mike Evans,MIL,Milwaukee Bucks,0028000537,1981-01-16,MIL vs. KCK,W,0,1,,,0.0,,,0,0,,,,,,,,,,2,,0
15991,21980,78095,Alvin Scott,PHX,Phoenix Suns,0028000536,1981-01-16,PHX vs. HOU,W,0,1,,,0.0,,,0,0,,,,,,,,,,2,,0
15992,21980,77669,Calvin Murphy,HOU,Houston Rockets,0028000536,1981-01-16,HOU @ PHX,L,0,1,,,0.0,,,0,0,,,,,,,,,,2,,0
15993,21980,76996,Tom Henderson,HOU,Houston Rockets,0028000536,1981-01-16,HOU @ PHX,L,0,1,,,0.0,,,0,0,,,,,,,,,,2,,0
15994,21980,77215,Jeff Judkins,UTH,Utah Jazz,0028000535,1981-01-16,UTH vs. SDC,W,0,1,,,0.0,,,0,0,,,,,,,,,,2,,0
15995,21980,76257,Allan Bristow,UTH,Utah Jazz,0028000535,1981-01-16,UTH vs. SDC,W,0,1,,,0.0,,,0,0,,,,,,,,,,2,,0
15996,21980,76317,Don Buse,IND,Indiana Pacers,0028000534,1981-01-16,IND vs. SEA,L,0,0,,,0.0,,,2,2,1.0,,,,,,,,,2,,0
15997,21980,76231,Dudley Bradley,IND,Indiana Pacers,0028000534,1981-01-16,IND vs. SEA,L,0,1,,,0.0,,,0,2,0.0,,,,,,,,,2,,0
15998,21980,76305,Tom Burleson,ATL,Atlanta Hawks,0028000533,1981-01-16,ATL @ GOS,W,0,1,,,0.0,,,0,0,,,,,,,,,,2,,0
15999,21980,78481,Marvin Webster,NYK,New York Knicks,0028000532,1981-01-16,NYK @ DAL,L,0,1,,,0.0,,,0,0,,,,,,,,,,2,,0
16000,21980,76553,Larry Demic,NYK,New York Knicks,0028000532,1981-01-16,NYK @ DAL,L,0,1,,,0.0,,,0,0,,,,,,,,,,2,,0
16001,21980,76516,Brad Davis,DAL,Dallas Mavericks,0028000532,1981-01-16,DAL vs. NYK,W,0,1,,,0.0,,,0,0,,,,,,,,,,2,,0
16002,21980,76321,Marty Byrnes,DAL,Dallas Mavericks,0028000532,1981-01-16,DAL vs. NYK,W,0,0,,,0.0,,,2,2,1.0,,,,,,,,,2,,0
16003,21980,76248,Jim Brewer,LAL,Los Angeles Lakers,0028000531,1981-01-16,LAL @ NJN,W,0,1,,,0.0,,,0,0,,,,,,,,,,2,,0
16004,21980,76944,Bill Hanzlik,SEA,Seattle SuperSonics,0028000534,1981-01-16,SEA @ IND,W,0,1,,,0.0,,,0,0,,,,,,,,,,2,,0
16005,21980,77167,Vinnie Johnson,SEA,Seattle SuperSonics,0028000534,1981-01-16,SEA @ IND,W,0,1,,,0.0,,,0,0,,,,,,,,,,2,,0
16006,21980,77490,Scott May,CHI,Chicago Bulls,0028000539,1981-01-16,CHI vs. POR,L,0,1,,,0.0,,,0,0,,,,,,,,,,2,,0
16007,21980,77364,Ron Lee,DET,Detroit Pistons,0028000530,1981-01-15,DET vs. WAS,L,0,1,,,0.0,,,0,0,,,,,,,,,,2,,0
16008,21980,76599,Larry Drew,DET,Detroit Pistons,0028000530,1981-01-15,DET vs. WAS,L,0,1,,,0.0,,,0,0,,,,,,,,,,2,,0
16009,21980,76365,Harvey Catchings,MIL,Milwaukee Bucks,0028000529,1981-01-15,MIL vs. PHL,W,0,1,,,0.0,,,0,0,,,,,,,,,,2,,0
16010,21980,77504,Andre McCarter,WAS,Washington Bullets,0028000528,1981-01-14,WAS vs. LAL,W,0,1,,,0.0,,,0,0,,,,,,,,,,2,,0
16011,21980,77323,Kevin Kunnert,POR,Portland Trail Blazers,0028000527,1981-01-14,POR @ KCK,W,0,1,,,0.0,,,0,0,,,,,,,,,,2,,0
16012,21980,76771,Mike Gale,POR,Portland Trail Blazers,0028000527,1981-01-14,POR @ KCK,W,0,0,,,0.0,,,2,2,1.0,,,,,,,,,2,,0
16013,21980,77209,Walter Jordan,CLE,Cleveland Cavaliers,0028000526,1981-01-14,CLE @ BOS,L,0,1,,,0.0,,,0,0,,,,,,,,,,2,,0
16014,21980,76336,Mack Calvin,CLE,Cleveland Cavaliers,0028000526,1981-01-14,CLE @ BOS,L,0,1,,,0.0,,,0,0,,,,,,,,,,2,,0
16015,21980,77043,Lionel Hollins,PHL,Philadelphia 76ers,0028000525,1981-01-14,PHL vs. NJN,W,0,1,,,0.0,,,0,0,,,,,,,,,,2,,0
16016,21980,78195,Larry Smith,GOS,Golden State Warriors,0028000524,1981-01-14,GOS vs. UTH,L,0,0,,,0.0,,,2,4,0.5,,,,,,,,,2,,0
16017,21980,77528,Jim McElroy,ATL,Atlanta Hawks,0028000523,1981-01-14,ATL @ SDC,L,0,1,,,0.0,,,0,0,,,,,,,,,,2,,0
16018,21980,76985,Garfield Heard,SDC,San Diego Clippers,0028000523,1981-01-14,SDC vs. ATL,W,0,1,,,0.0,,,0,0,,,,,,,,,,2,,0
16019,21980,78614,Mike Woodson,NYK,New York Knicks,0028000522,1981-01-14,NYK @ SAN,L,0,1,,,0.0,,,0,0,,,,,,,,,,2,,0
16020,21980,76889,Paul Griffin,SAN,San Antonio Spurs,0028000522,1981-01-14,SAN vs. NYK,W,0,1,,,0.0,,,0,2,0.0,,,,,,,,,2,,0
16021,21980,76360,Reggie Carter,NYK,New York Knicks,0028000522,1981-01-14,NYK @ SAN,L,0,1,,,0.0,,,0,0,,,,,,,,,,2,,0
16022,21980,78095,Alvin Scott,PHX,Phoenix Suns,0028000518,1981-01-13,PHX vs. SEA,W,0,1,,,0.0,,,0,0,,,,,,,,,,2,,0
16023,21980,77308,Joel Kramer,PHX,Phoenix Suns,0028000518,1981-01-13,PHX vs. SEA,W,0,1,,,0.0,,,0,0,,,,,,,,,,2,,0
16024,21980,600010,Len Elmore,MIL,Milwaukee Bucks,0028000517,1981-01-13,MIL @ DET,W,0,1,,,0.0,,,0,0,,,,,,,,,,2,,0
16025,21980,78390,Terry Tyler,DET,Detroit Pistons,0028000517,1981-01-13,DET vs. MIL,L,0,1,,,0.0,,,0,0,,,,,,,,,,2,,0
16026,21980,76355,Butch Carter,LAL,Los Angeles Lakers,0028000516,1981-01-13,LAL @ CLE,W,0,1,,,0.0,,,0,0,,,,,,,,,,2,,0
16027,21980,76248,Jim Brewer,LAL,Los Angeles Lakers,0028000516,1981-01-13,LAL @ CLE,W,0,1,,,0.0,,,0,0,,,,,,,,,,2,,0
16028,21980,78614,Mike Woodson,NYK,New York Knicks,0028000515,1981-01-13,NYK vs. BOS,L,0,1,,,0.0,,,0,0,,,,,,,,,,2,,0
16029,21980,78533,James Wilkes,CHI,Chicago Bulls,0028000513,1981-01-13,CHI @ DAL,L,0,0,,,0.0,,,2,2,1.0,,,,,,,,,2,,0
16030,21980,78531,Bob Wilkerson,CHI,Chicago Bulls,0028000513,1981-01-13,CHI @ DAL,L,0,1,,,0.0,,,0,0,,,,,,,,,,2,,0
16031,21980,77858,Stan Pietkiewicz,DAL,Dallas Mavericks,0028000513,1981-01-13,DAL vs. CHI,W,0,1,,,0.0,,,0,0,,,,,,,,,,2,,0
16032,21980,77432,Ollie Mack,DAL,Dallas Mavericks,0028000513,1981-01-13,DAL vs. CHI,W,0,1,,,0.0,,,0,0,,,,,,,,,,2,,0
16033,21980,76608,Terry Duerod,BOS,Boston Celtics,0028000515,1981-01-13,BOS @ NYK,W,0,1,,,0.0,,,0,0,,,,,,,,,,2,,0
16034,21980,78015,Lorenzo Romar,GOS,Golden State Warriors,0028000512,1981-01-11,GOS @ SEA,W,0,1,,,0.0,,,0,0,,,,,,,,,,2,,0
16035,21980,77937,Billy Reid,GOS,Golden State Warriors,0028000512,1981-01-11,GOS @ SEA,W,0,1,,,0.0,,,0,0,,,,,,,,,,2,,0
16036,21980,76078,Dennis Awtrey,SEA,Seattle SuperSonics,0028000512,1981-01-11,SEA vs. GOS,L,0,1,,,0.0,,,0,0,,,,,,,,,,2,,0
16037,21980,76947,Alan Hardy,LAL,Los Angeles Lakers,0028000511,1981-01-11,LAL vs. DET,W,0,1,,,0.0,,,0,0,,,,,,,,,,2,,0
16038,21980,76355,Butch Carter,LAL,Los Angeles Lakers,0028000511,1981-01-11,LAL vs. DET,W,0,0,,,0.0,,,2,3,0.667,,,,,,,,,2,,0
16039,21980,76248,Jim Brewer,LAL,Los Angeles Lakers,0028000511,1981-01-11,LAL vs. DET,W,0,1,,,0.0,,,0,0,,,,,,,,,,2,,0
16040,21980,78516,Jerome Whitehead,SDC,San Diego Clippers,0028000508,1981-01-11,SDC @ KCK,W,0,1,,,0.0,,,0,0,,,,,,,,,,2,,0
16041,21980,77273,Reggie King,KCK,Kansas City Kings,0028000508,1981-01-11,KCK vs. SDC,L,0,1,,,0.0,,,0,0,,,,,,,,,,2,,0
16042,21980,77975,Anthony Roberts,WAS,Washington Bullets,0028000510,1981-01-11,WAS @ SAN,L,0,1,,,0.0,,,0,0,,,,,,,,,,2,,0
16043,21980,76483,Pat Cummings,MIL,Milwaukee Bucks,0028000507,1981-01-10,MIL @ IND,L,0,1,,,0.0,,,0,0,,,,,,,,,,2,,0
16044,21980,77504,Andre McCarter,WAS,Washington Bullets,0028000506,1981-01-10,WAS @ DAL,W,0,1,,,0.0,,,0,0,,,,,,,,,,2,,0
16045,21980,77432,Ollie Mack,DAL,Dallas Mavericks,0028000506,1981-01-10,DAL vs. WAS,L,0,1,,,0.0,,,0,0,,,,,,,,,,2,,0
16046,21980,76516,Brad Davis,DAL,Dallas Mavericks,0028000506,1981-01-10,DAL vs. WAS,L,0,1,,,0.0,,,0,0,,,,,,,,,,2,,0
16047,21980,76091,Greg Ballard,WAS,Washington Bullets,0028000506,1981-01-10,WAS @ DAL,W,0,1,,,0.0,,,0,0,,,,,,,,,,2,,0
16048,21980,76257,Allan Bristow,UTH,Utah Jazz,0028000504,1981-01-10,UTH vs. KCK,L,0,1,,,0.0,,,0,0,,,,,,,,,,2,,0
16049,21980,78577,Bill Willoughby,HOU,Houston Rockets,0028000503,1981-01-10,HOU vs. POR,W,0,1,,,0.0,,,0,0,,,,,,,,,,2,,0
16050,21980,78015,Lorenzo Romar,GOS,Golden State Warriors,0028000502,1981-01-10,GOS vs. DET,W,0,1,,,0.0,,,0,0,,,,,,,,,,2,,0
16051,21980,77623,Paul Mokeski,DET,Detroit Pistons,0028000502,1981-01-10,DET @ GOS,L,0,1,,,0.0,,,0,0,,,,,,,,,,2,,0
16052,21980,76599,Larry Drew,DET,Detroit Pistons,0028000502,1981-01-10,DET @ GOS,L,0,1,,,0.0,,,0,0,,,,,,,,,,2,,0
16053,21980,76553,Larry Demic,NYK,New York Knicks,0028000501,1981-01-10,NYK @ CLE,W,0,0,,,0.0,,,2,3,0.667,,,,,,,,,2,,0
16054,21980,78396,Ron Valentine,DEN,Denver Nuggets,0028000500,1981-01-10,DEN @ SEA,L,0,1,,,0.0,,,0,0,,,,,,,,,,2,,0
16055,21980,76618,T.R. Dunn,DEN,Denver Nuggets,0028000500,1981-01-10,DEN @ SEA,L,0,1,,,0.0,,,0,0,,,,,,,,,,2,,0
16056,21980,78618,Sam Worthen,CHI,Chicago Bulls,0028000499,1981-01-10,CHI vs. PHL,L,0,1,,,0.0,,,0,0,,,,,,,,,,2,,0
16057,21980,77950,Clint Richardson,PHL,Philadelphia 76ers,0028000499,1981-01-10,PHL @ CHI,W,0,1,,,0.0,,,0,0,,,,,,,,,,2,,0
16058,21980,76985,Garfield Heard,SDC,San Diego Clippers,0028000498,1981-01-09,SDC vs. DEN,L,0,1,,,0.0,,,0,0,,,,,,,,,,2,,0
16059,21980,76830,Glen Gondrezick,DEN,Denver Nuggets,0028000498,1981-01-09,DEN @ SDC,W,0,1,,,0.0,,,0,0,,,,,,,,,,2,,0
16060,21980,78025,Dan Roundfield,ATL,Atlanta Hawks,0028000497,1981-01-09,ATL vs. CLE,L,0,1,,,0.0,,,0,0,,,,,,,,,6.0,2,,0
16061,21980,78442,Wally Walker,SEA,Seattle SuperSonics,0028000496,1981-01-09,SEA @ LAL,L,0,1,,,0.0,,,0,0,,,,,,,,,,2,,0
16062,21980,77334,Mark Landsberger,LAL,Los Angeles Lakers,0028000496,1981-01-09,LAL vs. SEA,W,0,1,,,0.0,,,0,2,0.0,,,,,,,,,2,,0
16063,21980,77205,Eddie Jordan,LAL,Los Angeles Lakers,0028000496,1981-01-09,LAL vs. SEA,W,0,1,,,0.0,,,0,0,,,,,,,,,,2,,0
16064,21980,76583,James Donaldson,SEA,Seattle SuperSonics,0028000496,1981-01-09,SEA @ LAL,L,0,1,,,0.0,,,0,0,,,,,,,,,,2,,0
16065,21980,77189,Major Jones,HOU,Houston Rockets,0028000495,1981-01-09,HOU @ PHL,L,0,1,,,0.0,,,0,0,,,,,,,,,,2,,0
16066,21980,76996,Tom Henderson,HOU,Houston Rockets,0028000495,1981-01-09,HOU @ PHL,L,0,1,,,0.0,,,0,0,,,,,,,,,,2,,0
16067,21980,78618,Sam Worthen,CHI,Chicago Bulls,0028000494,1981-01-09,CHI @ BOS,L,0,1,,,0.0,,,0,0,,,,,,,,,,2,,0
16068,21980,76567,Coby Dietrick,CHI,Chicago Bulls,0028000494,1981-01-09,CHI @ BOS,L,0,1,,,0.0,,,0,0,,,,,,,,,,2,,0
16069,21980,77718,Mike Niles,PHX,Phoenix Suns,0028000493,1981-01-09,PHX @ NJN,W,0,1,,,0.0,,,0,0,,,,,,,,,,2,,0
16070,21980,77308,Joel Kramer,PHX,Phoenix Suns,0028000493,1981-01-09,PHX @ NJN,W,0,1,,,0.0,,,0,0,,,,,,,,,,2,,0
16071,21980,77022,Johnny High,PHX,Phoenix Suns,0028000493,1981-01-09,PHX @ NJN,W,0,1,,,0.0,,,0,0,,,,,,,,,,2,,0
16072,21980,78537,Jeff Wilkins,UTH,Utah Jazz,0028000490,1981-01-08,UTH vs. DAL,W,0,0,,,0.0,,,2,2,1.0,,,,,,,,,2,,0
16073,21980,76441,Wayne Cooper,UTH,Utah Jazz,0028000490,1981-01-08,UTH vs. DAL,W,0,1,,,0.0,,,0,0,,,,,,,,,,2,,0
16074,21980,78600,Brian Winters,MIL,Milwaukee Bucks,0028000489,1981-01-08,MIL vs. ATL,W,0,1,,,0.0,,,0,0,,,,,,,,,,2,,0
16075,21980,77829,Sam Pellom,ATL,Atlanta Hawks,0028000489,1981-01-08,ATL @ MIL,L,0,1,,,0.0,,,0,0,,,,,,,,,,2,,0
16076,21980,76686,Mike Evans,MIL,Milwaukee Bucks,0028000489,1981-01-08,MIL vs. ATL,W,0,1,,,0.0,,,0,0,,,,,,,,,,2,,0
16077,21980,76483,Pat Cummings,MIL,Milwaukee Bucks,0028000489,1981-01-08,MIL vs. ATL,W,0,1,,,0.0,,,0,0,,,,,,,,,,2,,0
16078,21980,76553,Larry Demic,NYK,New York Knicks,0028000488,1981-01-08,NYK vs. IND,L,0,0,,,0.0,,,2,2,1.0,,,,,,,,,2,,0
16079,21980,76526,Johnny Davis,IND,Indiana Pacers,0028000488,1981-01-08,IND @ NYK,W,0,1,,,0.0,,,0,0,,,,,,,,,,2,,0
16080,21980,78577,Bill Willoughby,HOU,Houston Rockets,0028000487,1981-01-07,HOU vs. KCK,L,0,1,,,0.0,,,0,0,,,,,,,,,,2,,0
16081,21980,77326,Sam Lacey,KCK,Kansas City Kings,0028000487,1981-01-07,KCK @ HOU,W,0,1,,,0.0,,,0,0,,,,,,,,,,2,,0
16082,21980,78623,Larry Wright,DET,Detroit Pistons,0028000486,1981-01-07,DET @ SEA,L,0,1,,,0.0,,,0,1,0.0,,,,,,,,,2,,0
16083,21980,77996,Wayne Robinson,DET,Detroit Pistons,0028000486,1981-01-07,DET @ SEA,L,0,1,,,0.0,,,0,0,,,,,,,,,,2,,0
16084,21980,77718,Mike Niles,PHX,Phoenix Suns,0028000485,1981-01-07,PHX @ BOS,L,0,1,,,0.0,,,0,0,,,,,,,,,,2,,0
16085,21980,77312,Wayne Kreklow,BOS,Boston Celtics,0028000485,1981-01-07,BOS vs. PHX,W,0,1,,,0.0,,,0,0,,,,,,,,,,2,,0
16086,21980,76608,Terry Duerod,BOS,Boston Celtics,0028000485,1981-01-07,BOS vs. PHX,W,0,1,,,0.0,,,0,0,,,,,,,,,,2,,0
16087,21980,78400,Jan Van Breda Kolff,NJN,New Jersey Nets,0028000484,1981-01-07,NJN @ IND,L,0,0,,,0.0,,,2,2,1.0,,,,,,,,,2,,0
16088,21980,76005,Tom Abernethy,IND,Indiana Pacers,0028000484,1981-01-07,IND vs. NJN,W,0,1,,,0.0,,,0,0,,,,,,,,,,2,,0
16089,21980,78396,Ron Valentine,DEN,Denver Nuggets,0028000482,1981-01-07,DEN vs. UTH,L,0,1,,,0.0,,,0,0,,,,,,,,,,2,,0
16090,21980,76204,Ron Boone,UTH,Utah Jazz,0028000482,1981-01-07,UTH @ DEN,W,0,1,,,0.0,,,0,0,,,,,,,,,,2,,0
16091,21980,78015,Lorenzo Romar,GOS,Golden State Warriors,0028000481,1981-01-07,GOS vs. DAL,L,0,1,,,0.0,,,0,0,,,,,,,,,,2,,0
16092,21980,76516,Brad Davis,DAL,Dallas Mavericks,0028000481,1981-01-07,DAL @ GOS,W,0,1,,,0.0,,,0,2,0.0,,,,,,,,,2,,0
16093,21980,76248,Jim Brewer,LAL,Los Angeles Lakers,0028000480,1981-01-06,LAL vs. WAS,W,0,1,,,0.0,,,0,0,,,,,,,,,,2,,0
16094,21980,328,Rick Mahorn,WAS,Washington Bullets,0028000480,1981-01-06,WAS @ LAL,L,0,1,,,0.0,,,0,0,,,,,,,,,,2,,0
16095,21980,78623,Larry Wright,DET,Detroit Pistons,0028000479,1981-01-06,DET @ POR,L,0,1,,,0.0,,,0,0,,,,,,,,,,2,,0
16096,21980,77754,Mike O'Koren,NJN,New Jersey Nets,0028000478,1981-01-06,NJN @ MIL,L,0,1,,,0.0,,,0,0,,,,,,,,,,2,,0
16097,21980,76483,Pat Cummings,MIL,Milwaukee Bucks,0028000478,1981-01-06,MIL vs. NJN,W,0,1,,,0.0,,,0,1,0.0,,,,,,,,,2,,0
16098,21980,77149,George Johnson,SAN,San Antonio Spurs,0028000477,1981-01-06,SAN @ NYK,W,0,1,,,0.0,,,0,0,,,,,,,,,,2,,0
16099,21980,76553,Larry Demic,NYK,New York Knicks,0028000477,1981-01-06,NYK vs. SAN,L,0,1,,,0.0,,,0,0,,,,,,,,,,2,,0
16100,21980,77438,Kyle Macy,PHX,Phoenix Suns,0028000476,1981-01-06,PHX @ ATL,W,0,1,,,0.0,,,0,0,,,,,,,,,,2,,0
16101,21980,77490,Scott May,CHI,Chicago Bulls,0028000475,1981-01-06,CHI vs. SDC,W,0,1,,,0.0,,,0,0,,,,,,,,,,2,,0
16102,21980,76583,James Donaldson,SEA,Seattle SuperSonics,0028000474,1981-01-05,SEA vs. DAL,W,0,0,,,0.0,,,2,2,1.0,,,,,,,,,2,,0
16103,21980,76078,Dennis Awtrey,SEA,Seattle SuperSonics,0028000474,1981-01-05,SEA vs. DAL,W,0,1,,,0.0,,,0,0,,,,,,,,,,2,,0
16104,21980,600010,Len Elmore,MIL,Milwaukee Bucks,0028000472,1981-01-04,MIL vs. SDC,W,0,1,,,0.0,,,0,0,,,,,,,,,,2,,0
16105,21980,77910,Wally Rank,SDC,San Diego Clippers,0028000472,1981-01-04,SDC @ MIL,L,0,0,,,0.0,,,2,2,1.0,,,,,,,,,2,,0
16106,21980,77626,Sidney Moncrief,MIL,Milwaukee Bucks,0028000472,1981-01-04,MIL vs. SDC,W,0,1,,,0.0,,,0,0,,,,,,,,,,2,,0
16107,21980,600009,Rory Sparrow,NJN,New Jersey Nets,0028000471,1981-01-04,NJN vs. IND,L,0,1,,,0.0,,,0,0,,,,,,,,,,2,,0
16108,21980,77184,Edgar Jones,NJN,New Jersey Nets,0028000471,1981-01-04,NJN vs. IND,L,0,1,,,0.0,,,0,0,,,,,,,,,,2,,0
16109,21980,77998,Dave Robisch,DEN,Denver Nuggets,0028000470,1981-01-03,DEN @ HOU,W,0,0,,,0.0,,,2,2,1.0,,,,,,,,,2,,0
16110,21980,77215,Jeff Judkins,UTH,Utah Jazz,0028000469,1981-01-03,UTH vs. POR,W,0,1,,,0.0,,,0,0,,,,,,,,,,2,,0
16111,21980,78139,Purvis Short,GOS,Golden State Warriors,0028000468,1981-01-03,GOS vs. PHL,L,0,1,,,0.0,,,0,0,,,,,,,,,,2,,0
16112,21980,77917,Clifford Ray,GOS,Golden State Warriors,0028000468,1981-01-03,GOS vs. PHL,L,0,1,,,0.0,,,0,3,0.0,,,,,,,,,2,,0
16113,21980,78520,Sidney Wicks,SDC,San Diego Clippers,0028000467,1981-01-03,SDC @ IND,L,0,1,,,0.0,,,0,0,,,,,,,,,,2,,0
16114,21980,78199,Phil Smith,SDC,San Diego Clippers,0028000467,1981-01-03,SDC @ IND,L,0,1,,,0.0,,,0,0,,,,,,,,,,2,,0
16115,21980,76162,Henry Bibby,SDC,San Diego Clippers,0028000467,1981-01-03,SDC @ IND,L,0,1,,,0.0,,,0,0,,,,,,,,,,2,,0
16116,21980,78618,Sam Worthen,CHI,Chicago Bulls,0028000465,1981-01-03,CHI vs. SAN,L,0,1,,,0.0,,,0,2,0.0,,,,,,,,,2,,0
16117,21980,77490,Scott May,CHI,Chicago Bulls,0028000465,1981-01-03,CHI vs. SAN,L,0,1,,,0.0,,,0,0,,,,,,,,,,2,,0
16118,21980,76567,Coby Dietrick,CHI,Chicago Bulls,0028000465,1981-01-03,CHI vs. SAN,L,0,1,,,0.0,,,0,0,,,,,,,,,,2,,0
16119,21980,76249,Ron Brewer,SAN,San Antonio Spurs,0028000465,1981-01-03,SAN @ CHI,W,0,1,,,0.0,,,0,0,,,,,,,,,,2,,0
16120,21980,76822,Mike Glenn,NYK,New York Knicks,0028000464,1981-01-03,NYK vs. ATL,W,0,0,,,0.0,,,2,2,1.0,,,,,,,,,2,,0
16121,21980,76360,Reggie Carter,NYK,New York Knicks,0028000464,1981-01-03,NYK vs. ATL,W,0,0,,,0.0,,,2,2,1.0,,,,,,,,,2,,0
16122,21980,78392,Wes Unseld,WAS,Washington Bullets,0028000462,1981-01-02,WAS vs. CHI,L,0,1,,,0.0,,,0,0,,,,,,,,,,2,,0
16123,21980,77975,Anthony Roberts,WAS,Washington Bullets,0028000462,1981-01-02,WAS vs. CHI,L,0,1,,,0.0,,,0,0,,,,,,,,,,2,,0
16124,21980,77504,Andre McCarter,WAS,Washington Bullets,0028000462,1981-01-02,WAS vs. CHI,L,0,1,,,0.0,,,0,0,,,,,,,,,,2,,0
16125,21980,77246,Larry Kenon,CHI,Chicago Bulls,0028000462,1981-01-02,CHI @ WAS,W,0,1,,,0.0,,,0,0,,,,,,,,,,2,,0
16126,21980,76567,Coby Dietrick,CHI,Chicago Bulls,0028000462,1981-01-02,CHI @ WAS,W,0,0,,,0.0,,,2,2,1.0,,,,,,,,,2,,0
16127,21980,328,Rick Mahorn,WAS,Washington Bullets,0028000462,1981-01-02,WAS vs. CHI,L,0,1,,,0.0,,,0,0,,,,,,,,,,2,,0
16128,21980,77364,Ron Lee,DET,Detroit Pistons,0028000461,1981-01-02,DET vs. NYK,W,0,1,,,0.0,,,0,0,,,,,,,,,,2,,0
16129,21980,76553,Larry Demic,NYK,New York Knicks,0028000461,1981-01-02,NYK @ DET,L,0,1,,,0.0,,,0,0,,,,,,,,,,2,,0
16130,21980,76317,Don Buse,IND,Indiana Pacers,0028000459,1981-01-02,IND @ ATL,W,0,1,,,0.0,,,0,0,,,,,,,,,,2,,0
16131,21980,78095,Alvin Scott,PHX,Phoenix Suns,0028000458,1981-01-02,PHX @ DEN,W,0,1,,,0.0,,,0,0,,,,,,,,,,2,,0
16132,21980,77998,Dave Robisch,DEN,Denver Nuggets,0028000458,1981-01-02,DEN vs. PHX,L,0,0,,,0.0,,,2,2,1.0,,,,,,,,,2,,0
16133,21980,77308,Joel Kramer,PHX,Phoenix Suns,0028000458,1981-01-02,PHX @ DEN,W,0,1,,,0.0,,,0,0,,,,,,,,,,2,,0
16134,21980,77024,Armond Hill,SEA,Seattle SuperSonics,0028000457,1981-01-02,SEA vs. PHL,L,0,1,,,0.0,,,0,0,,,,,,,,,,2,,0
16135,21980,77353,Allen Leavell,HOU,Houston Rockets,0028000456,1981-01-02,HOU @ DAL,W,0,0,,,0.0,,,2,2,1.0,,,,,,,,,2,,0
16136,21980,77149,George Johnson,SAN,San Antonio Spurs,0028000454,1981-01-02,SAN vs. LAL,W,0,1,,,0.0,,,0,0,,,,,,,,,,2,,0
16137,21980,77817,Billy Paultz,HOU,Houston Rockets,0028000453,1981-01-01,HOU vs. UTH,W,0,1,,,0.0,,,0,0,,,,,,,,,,2,,0
16138,21980,77189,Major Jones,HOU,Houston Rockets,0028000453,1981-01-01,HOU vs. UTH,W,0,1,,,0.0,,,0,0,,,,,,,,,,2,,0
16139,21980,76204,Ron Boone,UTH,Utah Jazz,0028000453,1981-01-01,UTH @ HOU,L,0,1,,,0.0,,,0,0,,,,,,,,,,2,,0
16140,21980,77021,Kenny Higgs,DEN,Denver Nuggets,0028000451,1981-01-01,DEN @ POR,L,0,1,,,0.0,,,0,0,,,,,,,,,,2,,0
16141,21980,76618,T.R. Dunn,DEN,Denver Nuggets,0028000451,1981-01-01,DEN @ POR,L,0,1,,,0.0,,,0,0,,,,,,,,,,2,,0
16142,21980,78396,Ron Valentine,DEN,Denver Nuggets,0028000450,1980-12-30,DEN vs. IND,W,0,1,,,0.0,,,0,0,,,,,,,,,,2,,0
16143,21980,77950,Clint Richardson,PHL,Philadelphia 76ers,0028000449,1980-12-30,PHL @ POR,L,0,1,,,0.0,,,0,0,,,,,,,,,,2,,0
16144,21980,76771,Mike Gale,POR,Portland Trail Blazers,0028000449,1980-12-30,POR vs. PHL,W,0,0,,,0.0,,,2,2,1.0,,,,,,,,,2,,0
16145,21980,78132,Craig Shelton,ATL,Atlanta Hawks,0028000448,1980-12-30,ATL vs. DET,W,0,1,,,0.0,,,0,0,,,,,,,,,,2,,0
16146,21980,77623,Paul Mokeski,DET,Detroit Pistons,0028000448,1980-12-30,DET @ ATL,L,0,1,,,0.0,,,0,0,,,,,,,,,,2,,0
16147,21980,78015,Lorenzo Romar,GOS,Golden State Warriors,0028000447,1980-12-30,GOS @ KCK,W,0,1,,,0.0,,,0,2,0.0,,,,,,,,,2,,0
16148,21980,76444,Michael Cooper,LAL,Los Angeles Lakers,0028000446,1980-12-30,LAL @ UTH,L,0,1,,,0.0,,,0,0,,,,,,,,,,2,,0
16149,21980,76248,Jim Brewer,LAL,Los Angeles Lakers,0028000446,1980-12-30,LAL @ UTH,L,0,0,,,0.0,,,2,3,0.667,,,,,,,,,2,,0
16150,21980,78442,Wally Walker,SEA,Seattle SuperSonics,0028000445,1980-12-30,SEA @ SAN,L,0,1,,,0.0,,,0,0,,,,,,,,,,2,,0
16151,21980,77152,John Johnson,SEA,Seattle SuperSonics,0028000445,1980-12-30,SEA @ SAN,L,0,1,,,0.0,,,0,0,,,,,,,,,,2,,0
16152,21980,76249,Ron Brewer,SAN,San Antonio Spurs,0028000445,1980-12-30,SAN vs. SEA,W,0,1,,,0.0,,,0,0,,,,,,,,,,2,,0
16153,21980,77189,Major Jones,HOU,Houston Rockets,0028000443,1980-12-30,HOU vs. SDC,W,0,1,,,0.0,,,0,0,,,,,,,,,,2,,0
16154,21980,76483,Pat Cummings,MIL,Milwaukee Bucks,0028000441,1980-12-30,MIL @ WAS,W,0,1,,,0.0,,,0,0,,,,,,,,,,2,,0
16155,21980,76348,Austin Carr,WAS,Washington Bullets,0028000441,1980-12-30,WAS vs. MIL,L,0,0,,,0.0,,,2,4,0.5,,,,,,,,,2,,0
16156,21980,76360,Reggie Carter,NYK,New York Knicks,0028000440,1980-12-30,NYK vs. DAL,W,0,1,,,0.0,,,0,0,,,,,,,,,,2,,0
16157,21980,76321,Marty Byrnes,DAL,Dallas Mavericks,0028000439,1980-12-29,DAL @ CLE,L,0,0,,,0.0,,,2,2,1.0,,,,,,,,,2,,0
16158,21980,77184,Edgar Jones,NJN,New Jersey Nets,0028000437,1980-12-28,NJN vs. KCK,L,0,1,,,0.0,,,0,0,,,,,,,,,,2,,0
16159,21980,76435,Darwin Cook,NJN,New Jersey Nets,0028000437,1980-12-28,NJN vs. KCK,L,0,1,,,0.0,,,0,0,,,,,,,,,,2,,0
16160,21980,77353,Allen Leavell,HOU,Houston Rockets,0028000436,1980-12-27,HOU @ WAS,L,0,0,,,0.0,,,2,2,1.0,,,,,,,,,2,,0
16161,21980,77326,Sam Lacey,KCK,Kansas City Kings,0028000435,1980-12-27,KCK @ NYK,L,0,1,,,0.0,,,0,0,,,,,,,,,6.0,2,,0
16162,21980,76553,Larry Demic,NYK,New York Knicks,0028000435,1980-12-27,NYK vs. KCK,W,0,1,,,0.0,,,0,0,,,,,,,,,,2,,0
16163,21980,76360,Reggie Carter,NYK,New York Knicks,0028000435,1980-12-27,NYK vs. KCK,W,0,1,,,0.0,,,0,0,,,,,,,,,,2,,0
16164,21980,940,Earl Cureton,PHL,Philadelphia 76ers,0028000434,1980-12-27,PHL @ DEN,L,0,1,,,0.0,,,0,0,,,,,,,,,,2,,0
16165,21980,600010,Len Elmore,MIL,Milwaukee Bucks,0028000433,1980-12-27,MIL vs. DAL,W,0,1,,,0.0,,,0,0,,,,,,,,,,2,,0
16166,21980,77553,Tom McMillen,ATL,Atlanta Hawks,0028000431,1980-12-27,ATL vs. BOS,L,0,1,,,0.0,,,0,0,,,,,,,,,,2,,0
16167,21980,77490,Scott May,CHI,Chicago Bulls,0028000429,1980-12-27,CHI vs. DET,W,0,1,,,0.0,,,0,0,,,,,,,,,,2,,0
16168,21980,77167,Vinnie Johnson,SEA,Seattle SuperSonics,0028000426,1980-12-26,SEA vs. POR,L,0,1,,,0.0,,,0,0,,,,,,,,,,2,,0
16169,21980,76078,Dennis Awtrey,SEA,Seattle SuperSonics,0028000426,1980-12-26,SEA vs. POR,L,0,1,,,0.0,,,0,0,,,,,,,,,,2,,0
16170,21980,77917,Clifford Ray,GOS,Golden State Warriors,0028000425,1980-12-26,GOS @ UTH,W,0,0,,,0.0,,,2,3,0.667,,,,,,,,,2,,0
16171,21980,77419,John Lucas,GOS,Golden State Warriors,0028000425,1980-12-26,GOS @ UTH,W,0,1,,,0.0,,,0,0,,,,,,,,,,2,,0
16172,21980,76257,Allan Bristow,UTH,Utah Jazz,0028000425,1980-12-26,UTH vs. GOS,L,0,1,,,0.0,,,0,0,,,,,,,,,,2,,0
16173,21980,78449,Lloyd Walton,KCK,Kansas City Kings,0028000424,1980-12-26,KCK vs. PHL,L,0,1,,,0.0,,,0,0,,,,,,,,,,2,,0
16174,21980,77175,Caldwell Jones,PHL,Philadelphia 76ers,0028000424,1980-12-26,PHL @ KCK,W,0,1,,,0.0,,,0,0,,,,,,,,,,2,,0
16175,21980,76899,Ernie Grunfeld,KCK,Kansas City Kings,0028000424,1980-12-26,KCK vs. PHL,L,0,1,,,0.0,,,0,0,,,,,,,,,,2,,0
16176,21980,77189,Major Jones,HOU,Houston Rockets,0028000422,1980-12-26,HOU @ DET,W,0,1,,,0.0,,,0,0,,,,,,,,,,2,,0
16177,21980,77021,Kenny Higgs,DEN,Denver Nuggets,0028000421,1980-12-26,DEN @ DAL,L,0,1,,,0.0,,,0,0,,,,,,,,,,2,,0
16178,21980,77334,Mark Landsberger,LAL,Los Angeles Lakers,0028000420,1980-12-26,LAL vs. IND,W,0,1,,,0.0,,,0,0,,,,,,,,,,2,,0
16179,21980,76248,Jim Brewer,LAL,Los Angeles Lakers,0028000420,1980-12-26,LAL vs. IND,W,0,1,,,0.0,,,0,0,,,,,,,,,,2,,0
16180,21980,77149,George Johnson,SAN,San Antonio Spurs,0028000418,1980-12-25,SAN @ PHX,L,0,1,,,0.0,,,0,0,,,,,,,,,,2,,0
16181,21980,78467,Kermit Washington,POR,Portland Trail Blazers,0028000417,1980-12-25,POR vs. GOS,W,0,0,,,0.0,,,2,2,1.0,,,,,,,,,2,,0
16182,21980,77515,Keith McCord,WAS,Washington Bullets,0028000416,1980-12-25,WAS vs. NJN,W,0,1,,,0.0,,,0,0,,,,,,,,,,2,,0
16183,21980,76261,David Britton,WAS,Washington Bullets,0028000416,1980-12-25,WAS vs. NJN,W,0,1,,,0.0,,,0,0,,,,,,,,,,2,,0
16184,21980,76771,Mike Gale,POR,Portland Trail Blazers,0028000415,1980-12-23,POR vs. LAL,W,0,0,,,0.0,,,2,2,1.0,,,,,,,,,2,,0
16185,21980,76283,Rickey Brown,GOS,Golden State Warriors,0028000413,1980-12-23,GOS @ HOU,W,0,1,,,0.0,,,0,0,,,,,,,,,,2,,0
16186,21980,78392,Wes Unseld,WAS,Washington Bullets,0028000410,1980-12-23,WAS @ ATL,L,0,0,,,0.0,,,2,2,1.0,,,,,,,,,2,,0
16187,21980,77553,Tom McMillen,ATL,Atlanta Hawks,0028000410,1980-12-23,ATL vs. WAS,W,0,1,,,0.0,,,0,0,,,,,,,,,,2,,0
16188,21980,77515,Keith McCord,WAS,Washington Bullets,0028000410,1980-12-23,WAS @ ATL,L,0,1,,,0.0,,,0,0,,,,,,,,,,2,,0
16189,21980,76261,David Britton,WAS,Washington Bullets,0028000410,1980-12-23,WAS @ ATL,L,0,1,,,0.0,,,0,0,,,,,,,,,,2,,0
16190,21980,77718,Mike Niles,PHX,Phoenix Suns,0028000409,1980-12-23,PHX vs. DET,W,0,1,,,0.0,,,0,0,,,,,,,,,,2,,0
16191,21980,77364,Ron Lee,DET,Detroit Pistons,0028000409,1980-12-23,DET @ PHX,L,0,1,,,0.0,,,0,0,,,,,,,,,,2,,0
16192,21980,77126,Abdul Jeelani,DAL,Dallas Mavericks,0028000407,1980-12-23,DAL vs. UTH,L,0,1,,,0.0,,,0,0,,,,,,,,,,2,,0
16193,21980,78500,Paul Westphal,SEA,Seattle SuperSonics,0028000406,1980-12-22,SEA vs. PHX,L,0,1,,,0.0,,,0,0,,,,,,,,,,2,,0
16194,21980,76954,Mike Harper,POR,Portland Trail Blazers,0028000405,1980-12-21,POR vs. PHX,L,0,1,,,0.0,,,0,2,0.0,,,,,,,,,2,,0
16195,21980,78199,Phil Smith,SDC,San Diego Clippers,0028000404,1980-12-21,SDC vs. DET,W,0,1,,,0.0,,,0,2,0.0,,,,,,,,,2,,0
16196,21980,77364,Ron Lee,DET,Detroit Pistons,0028000404,1980-12-21,DET @ SDC,L,0,1,,,0.0,,,0,2,0.0,,,,,,,,,2,,0
16197,21980,77010,Keith Herron,DET,Detroit Pistons,0028000404,1980-12-21,DET @ SDC,L,0,1,,,0.0,,,0,0,,,,,,,,,,2,,0
16198,21980,77040,Brad Holland,LAL,Los Angeles Lakers,0028000402,1980-12-21,LAL vs. SAN,W,0,0,,,0.0,,,2,2,1.0,,,,,,,,,2,,0
16199,21980,76971,Steve Hawes,ATL,Atlanta Hawks,0028000401,1980-12-20,ATL @ POR,L,0,0,,,0.0,,,2,2,1.0,,,,,,,,,2,,0
16200,21980,76608,Terry Duerod,BOS,Boston Celtics,0028000400,1980-12-20,BOS @ CLE,W,0,1,,,0.0,,,0,0,,,,,,,,,,2,,0
16201,21980,78296,Brian Taylor,SDC,San Diego Clippers,0028000399,1980-12-20,SDC @ UTH,W,0,0,,,0.0,,,2,2,1.0,,,,12.0,,,,,2,,0
16202,21980,76874,Rickey Green,UTH,Utah Jazz,0028000399,1980-12-20,UTH vs. SDC,L,0,1,,,0.0,,,0,0,,,,,,,,,,2,,0
16203,21980,76534,Ron Davis,SDC,San Diego Clippers,0028000399,1980-12-20,SDC @ UTH,W,0,1,,,0.0,,,0,0,,,,,,,,,,2,,0
16204,21980,76290,Joe Bryant,SDC,San Diego Clippers,0028000399,1980-12-20,SDC @ UTH,W,0,1,,,0.0,,,0,0,,,,,,,,,,2,,0
16205,21980,77715,Carl Nicks,DEN,Denver Nuggets,0028000398,1980-12-20,DEN @ NYK,L,0,1,,,0.0,,,0,0,,,,,,,,,,2,,0
16206,21980,76360,Reggie Carter,NYK,New York Knicks,0028000398,1980-12-20,NYK vs. DEN,W,0,0,,,0.0,,,2,2,1.0,,,,,,,,,2,,0
16207,21980,78449,Lloyd Walton,KCK,Kansas City Kings,0028000397,1980-12-20,KCK vs. IND,L,0,1,,,0.0,,,0,0,,,,,,,,,,2,,0
16208,21980,77126,Abdul Jeelani,DAL,Dallas Mavericks,0028000396,1980-12-20,DAL vs. GOS,L,0,1,,,0.0,,,0,0,,,,,,,,,,2,,0
16209,21980,76321,Marty Byrnes,DAL,Dallas Mavericks,0028000396,1980-12-20,DAL vs. GOS,L,0,1,,,0.0,,,0,0,,,,,,,,,,2,,0
16210,21980,78533,James Wilkes,CHI,Chicago Bulls,0028000395,1980-12-20,CHI vs. HOU,W,0,1,,,0.0,,,0,0,,,,,,,,,,2,,0
16211,21980,78274,John Stroud,HOU,Houston Rockets,0028000395,1980-12-20,HOU @ CHI,L,0,1,,,0.0,,,0,0,,,,,,,,,,2,,0
16212,21980,76881,David Greenwood,CHI,Chicago Bulls,0028000395,1980-12-20,CHI vs. HOU,W,0,1,,,0.0,,,0,0,,,,,,,,,,2,,0
16213,21980,76567,Coby Dietrick,CHI,Chicago Bulls,0028000395,1980-12-20,CHI vs. HOU,W,0,1,,,0.0,,,0,0,,,,,,,,,,2,,0
16214,21980,78577,Bill Willoughby,HOU,Houston Rockets,0028000394,1980-12-19,HOU @ BOS,L,0,0,,,0.0,,,2,2,1.0,,,,,,,,,2,,0
16215,21980,78274,John Stroud,HOU,Houston Rockets,0028000394,1980-12-19,HOU @ BOS,L,0,1,,,0.0,,,0,0,,,,,,,,,,2,,0
16216,21980,77312,Wayne Kreklow,BOS,Boston Celtics,0028000394,1980-12-19,BOS vs. HOU,W,0,1,,,0.0,,,0,0,,,,,,,,,,2,,0
16217,21980,76608,Terry Duerod,BOS,Boston Celtics,0028000394,1980-12-19,BOS vs. HOU,W,0,1,,,0.0,,,0,0,,,,,,,,,,2,,0
16218,21980,78618,Sam Worthen,CHI,Chicago Bulls,0028000393,1980-12-19,CHI vs. MIL,W,0,1,,,0.0,,,0,0,,,,,,,,,,2,,0
16219,21980,78533,James Wilkes,CHI,Chicago Bulls,0028000393,1980-12-19,CHI vs. MIL,W,0,1,,,0.0,,,0,0,,,,,,,,,,2,,0
16220,21980,600009,Rory Sparrow,NJN,New Jersey Nets,0028000392,1980-12-19,NJN @ PHL,L,0,0,,,0.0,,,2,3,0.667,,,,,,,,,2,,0
16221,21980,76971,Steve Hawes,ATL,Atlanta Hawks,0028000391,1980-12-19,ATL @ SEA,L,0,1,,,0.0,,,0,0,,,,,,,,,,2,,0
16222,21980,76078,Dennis Awtrey,SEA,Seattle SuperSonics,0028000391,1980-12-19,SEA vs. ATL,W,0,1,,,0.0,,,0,0,,,,,,,,,,2,,0
16223,21980,76599,Larry Drew,DET,Detroit Pistons,0028000390,1980-12-19,DET vs. IND,W,0,1,,,0.0,,,0,0,,,,,,,,,,2,,0
16224,21980,77917,Clifford Ray,GOS,Golden State Warriors,0028000389,1980-12-19,GOS @ SAN,L,0,1,,,0.0,,,0,0,,,,,,,,,,2,,0
16225,21980,78614,Mike Woodson,NYK,New York Knicks,0028000388,1980-12-19,NYK @ WAS,W,0,1,,,0.0,,,0,0,,,,,,,,,,2,,0
16226,21980,76553,Larry Demic,NYK,New York Knicks,0028000388,1980-12-19,NYK @ WAS,W,0,1,,,0.0,,,0,0,,,,,,,,,,2,,0
16227,21980,76248,Jim Brewer,LAL,Los Angeles Lakers,0028000387,1980-12-19,LAL vs. POR,L,0,1,,,0.0,,,0,0,,,,,,,,,,2,,0
16228,21980,77235,Rich Kelley,PHX,Phoenix Suns,0028000386,1980-12-19,PHX vs. UTH,W,0,1,,,0.0,,,0,0,,,,,,,,,,2,,0
16229,21980,77087,Geoff Huston,DAL,Dallas Mavericks,0028000385,1980-12-18,DAL @ SDC,L,0,1,,,0.0,,,0,0,,,,,,,,,,2,,0
16230,21980,77021,Kenny Higgs,DEN,Denver Nuggets,0028000383,1980-12-18,DEN @ CLE,L,0,1,,,0.0,,,0,0,,,,,,,,,,2,,0
16231,21980,76078,Dennis Awtrey,SEA,Seattle SuperSonics,0028000381,1980-12-17,SEA vs. KCK,W,0,1,,,0.0,,,0,0,,,,,,,,,,2,,0
16232,21980,76608,Terry Duerod,BOS,Boston Celtics,0028000380,1980-12-17,BOS vs. CHI,W,0,1,,,0.0,,,0,0,,,,,,,,,,2,,0
16233,21980,77997,Bill Robinzine,DAL,Dallas Mavericks,0028000379,1980-12-17,DAL @ PHX,L,0,1,,,0.0,,,0,0,,,,,,,,,,2,,0
16234,21980,76516,Brad Davis,DAL,Dallas Mavericks,0028000379,1980-12-17,DAL @ PHX,L,0,0,,,0.0,,,2,2,1.0,,,,,,,,,2,,0
16235,21980,76225,Winford Boynes,DAL,Dallas Mavericks,0028000379,1980-12-17,DAL @ PHX,L,0,1,,,0.0,,,0,0,,,,,,,,,,2,,0
16236,21980,78274,John Stroud,HOU,Houston Rockets,0028000377,1980-12-17,HOU vs. SAN,L,0,1,,,0.0,,,0,0,,,,,,,,,,2,,0
16237,21980,77149,George Johnson,SAN,San Antonio Spurs,0028000377,1980-12-17,SAN @ HOU,W,0,1,,,0.0,,,0,0,,,,,,,,,,2,,0
16238,21980,76771,Mike Gale,SAN,San Antonio Spurs,0028000377,1980-12-17,SAN @ HOU,W,0,1,,,0.0,,,0,0,,,,,,,,,,2,,0
16239,21980,77917,Clifford Ray,GOS,Golden State Warriors,0028000375,1980-12-17,GOS vs. POR,L,0,1,,,0.0,,,0,0,,,,,,,,,,2,,0
16240,21980,77323,Kevin Kunnert,POR,Portland Trail Blazers,0028000375,1980-12-17,POR @ GOS,W,0,1,,,0.0,,,0,0,,,,,,,,,,2,,0
16241,21980,78396,Ron Valentine,DEN,Denver Nuggets,0028000368,1980-12-16,DEN vs. KCK,L,0,0,,,0.0,,,2,2,1.0,,,,,,,,,2,,0
16242,21980,78400,Jan Van Breda Kolff,NJN,New Jersey Nets,0028000373,1980-12-16,NJN @ ATL,L,0,1,,,0.0,,,0,0,,,,,,,,,,2,,0
16243,21980,77528,Jim McElroy,ATL,Atlanta Hawks,0028000373,1980-12-16,ATL vs. NJN,W,0,0,,,0.0,,,2,2,1.0,,,,,,,,,2,,0
16244,21980,78614,Mike Woodson,NYK,New York Knicks,0028000372,1980-12-16,NYK vs. UTH,W,0,1,,,0.0,,,0,0,,,,,,,,,,2,,0
16245,21980,78481,Marvin Webster,NYK,New York Knicks,0028000372,1980-12-16,NYK vs. UTH,W,0,1,,,0.0,,,0,0,,,,,,,,,,2,,0
16246,21980,77873,Ben Poquette,UTH,Utah Jazz,0028000372,1980-12-16,UTH @ NYK,L,0,1,,,0.0,,,0,0,,,,,,,,,,2,,0
16247,21980,76360,Reggie Carter,NYK,New York Knicks,0028000372,1980-12-16,NYK vs. UTH,W,0,1,,,0.0,,,0,0,,,,,,,,,,2,,0
16248,21980,77136,Clemon Johnson,IND,Indiana Pacers,0028000371,1980-12-16,IND vs. PHL,L,0,0,,,0.0,,,2,2,1.0,,,,,,,,,2,,0
16249,21980,77149,George Johnson,SAN,San Antonio Spurs,0028000370,1980-12-16,SAN @ DAL,W,0,1,,,0.0,,,0,0,,,,,,,,,,2,,0
16250,21980,78449,Lloyd Walton,KCK,Kansas City Kings,0028000368,1980-12-16,KCK @ DEN,W,0,1,,,0.0,,,0,0,,,,,,,,,,2,,0
16251,21980,77582,Joe Meriweather,KCK,Kansas City Kings,0028000368,1980-12-16,KCK @ DEN,W,0,1,,,0.0,,,0,0,,,,,,,,,,2,,0
16252,21980,76567,Coby Dietrick,CHI,Chicago Bulls,0028000367,1980-12-16,CHI @ WAS,W,0,1,,,0.0,,,0,0,,,,,,,,,,2,,0
16253,21980,328,Rick Mahorn,WAS,Washington Bullets,0028000367,1980-12-16,WAS vs. CHI,L,0,1,,,0.0,,,0,0,,,,,,,,,,2,,0
16254,21980,77021,Kenny Higgs,DEN,Denver Nuggets,0028000368,1980-12-16,DEN vs. KCK,L,0,1,,,0.0,,,0,0,,,,,,,,,,2,,0
16255,21980,78195,Larry Smith,GOS,Golden State Warriors,0028000366,1980-12-14,GOS @ LAL,L,0,1,,,0.0,,,0,2,0.0,,,,,,,,,2,,0
16256,21980,77205,Eddie Jordan,LAL,Los Angeles Lakers,0028000366,1980-12-14,LAL vs. GOS,W,0,1,,,0.0,,,0,2,0.0,,,,,,,,,2,,0
16257,21980,600010,Len Elmore,MIL,Milwaukee Bucks,0028000365,1980-12-14,MIL vs. SAN,W,0,1,,,0.0,,,0,0,,,,,,,,,,2,,0
16258,21980,78600,Brian Winters,MIL,Milwaukee Bucks,0028000365,1980-12-14,MIL vs. SAN,W,0,1,,,0.0,,,0,0,,,,,,,,,,2,,0
16259,21980,76686,Mike Evans,MIL,Milwaukee Bucks,0028000365,1980-12-14,MIL vs. SAN,W,0,0,,,0.0,,,2,3,0.667,,,,,,,,,2,,0
16260,21980,76365,Harvey Catchings,MIL,Milwaukee Bucks,0028000365,1980-12-14,MIL vs. SAN,W,0,1,,,0.0,,,0,0,,,,,,,,,,2,,0
16261,21980,78436,Foots Walker,NJN,New Jersey Nets,0028000364,1980-12-14,NJN vs. PHL,L,0,1,,,0.0,,,0,0,,,,,,,,,,2,,0
16262,21980,77754,Mike O'Koren,NJN,New Jersey Nets,0028000364,1980-12-14,NJN vs. PHL,L,0,1,,,0.0,,,0,0,,,,,,,,,6.0,2,,0
16263,21980,940,Earl Cureton,PHL,Philadelphia 76ers,0028000364,1980-12-14,PHL @ NJN,W,0,0,,,0.0,,,2,4,0.5,,,,,,,,,2,,0
16264,21980,78095,Alvin Scott,PHX,Phoenix Suns,0028000363,1980-12-14,PHX vs. POR,L,0,1,,,0.0,,,0,0,,,,,,,,,,2,,0
16265,21980,77308,Joel Kramer,PHX,Phoenix Suns,0028000363,1980-12-14,PHX vs. POR,L,0,1,,,0.0,,,0,0,,,,,,,,,,2,,0
16266,21980,76985,Garfield Heard,SDC,San Diego Clippers,0028000362,1980-12-14,SDC vs. SEA,W,0,0,,,0.0,,,2,2,1.0,,,,,,,,,2,,0
16267,21980,76078,Dennis Awtrey,SEA,Seattle SuperSonics,0028000362,1980-12-14,SEA @ SDC,L,0,1,,,0.0,,,0,0,,,,,,,,,,2,,0
16268,21980,600010,Len Elmore,MIL,Milwaukee Bucks,0028000361,1980-12-13,MIL @ ATL,L,0,1,,,0.0,,,0,0,,,,,,,,,,2,,0
16269,21980,77056,Cedrick Hordges,DEN,Denver Nuggets,0028000360,1980-12-13,DEN @ SAN,L,0,0,,,0.0,,,2,2,1.0,,,,,,,,,2,,0
16270,21980,76231,Dudley Bradley,IND,Indiana Pacers,0028000359,1980-12-13,IND @ WAS,L,0,1,,,0.0,,,0,1,0.0,,,,,,,,,2,,0
16271,21980,328,Rick Mahorn,WAS,Washington Bullets,0028000359,1980-12-13,WAS vs. IND,W,0,1,,,0.0,,,0,2,0.0,,,,,,,,,2,,0
16272,21980,77432,Ollie Mack,DAL,Dallas Mavericks,0028000358,1980-12-13,DAL @ KCK,L,0,1,,,0.0,,,0,0,,,,,,,,,,2,,0
16273,21980,76899,Ernie Grunfeld,KCK,Kansas City Kings,0028000358,1980-12-13,KCK vs. DAL,W,0,0,,,0.0,,,2,2,1.0,,,,,,,,,2,,0
16274,21980,78577,Bill Willoughby,HOU,Houston Rockets,0028000357,1980-12-13,HOU @ GOS,W,0,1,,,0.0,,,0,0,,,,,,,,,,2,,0
16275,21980,77937,Billy Reid,GOS,Golden State Warriors,0028000357,1980-12-13,GOS vs. HOU,L,0,1,,,0.0,,,0,0,,,,,,,,,,2,,0
16276,21980,77917,Clifford Ray,GOS,Golden State Warriors,0028000357,1980-12-13,GOS vs. HOU,L,0,1,,,0.0,,,0,2,0.0,,,,,,,,,2,,0
16277,21980,76283,Rickey Brown,GOS,Golden State Warriors,0028000357,1980-12-13,GOS vs. HOU,L,0,1,,,0.0,,,0,0,,,,,,,,,,2,,0
16278,21980,76204,Ron Boone,UTH,Utah Jazz,0028000355,1980-12-13,UTH @ CLE,L,0,1,,,0.0,,,0,0,,,,,,,,,,2,,0
16279,21980,78618,Sam Worthen,CHI,Chicago Bulls,0028000354,1980-12-13,CHI vs. BOS,L,0,1,,,0.0,,,0,0,,,,,,,,,,2,,0
16280,21980,78531,Bob Wilkerson,CHI,Chicago Bulls,0028000354,1980-12-13,CHI vs. BOS,L,0,0,,,0.0,,,2,2,1.0,,,,,,,,,2,,0
16281,21980,77334,Mark Landsberger,LAL,Los Angeles Lakers,0028000352,1980-12-12,LAL @ SEA,W,0,1,,,0.0,,,0,0,,,,,,,,,,2,,0
16282,21980,77205,Eddie Jordan,LAL,Los Angeles Lakers,0028000352,1980-12-12,LAL @ SEA,W,0,1,,,0.0,,,0,0,,,,,,,,,,2,,0
16283,21980,78537,Jeff Wilkins,UTH,Utah Jazz,0028000351,1980-12-12,UTH @ CHI,L,0,1,,,0.0,,,0,0,,,,,,,,,6.0,2,,0
16284,21980,76874,Rickey Green,UTH,Utah Jazz,0028000351,1980-12-12,UTH @ CHI,L,0,1,,,0.0,,,0,0,,,,,,,,,,2,,0
16285,21980,77996,Wayne Robinson,DET,Detroit Pistons,0028000349,1980-12-12,DET vs. CLE,W,0,1,,,0.0,,,0,0,,,,,,,,,,2,,0
16286,21980,76734,Don Ford,CLE,Cleveland Cavaliers,0028000349,1980-12-12,CLE @ DET,L,0,1,,,0.0,,,0,0,,,,,,,,,,2,,0
16287,21980,77312,Wayne Kreklow,BOS,Boston Celtics,0028000348,1980-12-12,BOS vs. NJN,W,0,1,,,0.0,,,0,0,,,,,,,,,,2,,0
16288,21980,77189,Major Jones,HOU,Houston Rockets,0028000347,1980-12-12,HOU @ POR,L,0,0,,,0.0,,,2,2,1.0,,,,,,,,,2,,0
16289,21980,76249,Ron Brewer,POR,Portland Trail Blazers,0028000347,1980-12-12,POR vs. HOU,W,0,1,,,0.0,,,0,0,,,,,,,,,,2,,0
16290,21980,78519,Charles Whitney,KCK,Kansas City Kings,0028000345,1980-12-11,KCK @ SAN,L,0,1,,,0.0,,,0,0,,,,,,,,,,2,,0
16291,21980,77149,George Johnson,SAN,San Antonio Spurs,0028000345,1980-12-11,SAN vs. KCK,W,0,1,,,0.0,,,0,0,,,,,,,,,,2,,0
16292,21980,77770,Louis Orr,IND,Indiana Pacers,0028000344,1980-12-11,IND @ CLE,W,0,1,,,0.0,,,0,1,0.0,,,,,,,,,2,,0
16293,21980,77078,Kim Hughes,CLE,Cleveland Cavaliers,0028000344,1980-12-11,CLE vs. IND,L,0,1,,,0.0,,,0,0,,,,,,,,,,2,,0
16294,21980,78533,James Wilkes,CHI,Chicago Bulls,0028000342,1980-12-10,CHI @ PHL,L,0,1,,,0.0,,,0,0,,,,,,,,,,2,,0
16295,21980,77175,Caldwell Jones,PHL,Philadelphia 76ers,0028000342,1980-12-10,PHL vs. CHI,W,0,1,,,0.0,,,0,0,,,,,,,,,,2,,0
16296,21980,76225,Winford Boynes,DAL,Dallas Mavericks,0028000341,1980-12-10,DAL @ DEN,L,0,1,,,0.0,,,0,0,,,,,,,,,,2,,0
16297,21980,78577,Bill Willoughby,HOU,Houston Rockets,0028000340,1980-12-10,HOU vs. LAL,L,0,1,,,0.0,,,0,0,,,,,,,,,,2,,0
16298,21980,76996,Tom Henderson,HOU,Houston Rockets,0028000340,1980-12-10,HOU vs. LAL,L,0,1,,,0.0,,,0,0,,,,,,,,,,2,,0
16299,21980,77829,Sam Pellom,ATL,Atlanta Hawks,0028000339,1980-12-10,ATL @ DET,W,0,1,,,0.0,,,0,0,,,,,,,,,,2,,0
16300,21980,77364,Ron Lee,DET,Detroit Pistons,0028000339,1980-12-10,DET vs. ATL,L,0,0,,,0.0,,,2,3,0.667,,,,,,,,,2,,0
16301,21980,77917,Clifford Ray,GOS,Golden State Warriors,0028000336,1980-12-10,GOS vs. SEA,L,0,1,,,0.0,,,0,0,,,,,,,,,,2,,0
16302,21980,76944,Bill Hanzlik,SEA,Seattle SuperSonics,0028000336,1980-12-10,SEA @ GOS,W,0,1,,,0.0,,,0,0,,,,,,,,,,2,,0
16303,21980,78614,Mike Woodson,NYK,New York Knicks,0028000335,1980-12-10,NYK @ NJN,W,0,1,,,0.0,,,0,0,,,,,,,,,,2,,0
16304,21980,76435,Darwin Cook,NJN,New Jersey Nets,0028000335,1980-12-10,NJN vs. NYK,L,0,1,,,0.0,,,0,0,,,,,,,,,,2,,0
16305,21980,78537,Jeff Wilkins,UTH,Utah Jazz,0028000334,1980-12-09,UTH vs. SAN,L,0,1,,,0.0,,,0,0,,,,,,,,,,2,,0
16306,21980,77756,Mark Olberding,SAN,San Antonio Spurs,0028000334,1980-12-09,SAN @ UTH,W,0,1,,,0.0,,,0,0,,,,,,,,,,2,,0
16307,21980,76874,Rickey Green,UTH,Utah Jazz,0028000334,1980-12-09,UTH vs. SAN,L,0,1,,,0.0,,,0,0,,,,,,,,,,2,,0
16308,21980,76204,Ron Boone,UTH,Utah Jazz,0028000334,1980-12-09,UTH vs. SAN,L,0,1,,,0.0,,,0,0,,,,,,,,,,2,,0
16309,21980,77950,Clint Richardson,PHL,Philadelphia 76ers,0028000333,1980-12-09,PHL @ CLE,W,0,1,,,0.0,,,0,0,,,,,,,,,,2,,0
16310,21980,940,Earl Cureton,PHL,Philadelphia 76ers,0028000333,1980-12-09,PHL @ CLE,W,0,1,,,0.0,,,0,0,,,,,,,,,,2,,0
16311,21980,76608,Terry Duerod,BOS,Boston Celtics,0028000330,1980-12-09,BOS vs. MIL,W,0,1,,,0.0,,,0,0,,,,,,,,,,2,,0
16312,21980,76365,Harvey Catchings,MIL,Milwaukee Bucks,0028000330,1980-12-09,MIL @ BOS,L,0,1,,,0.0,,,0,0,,,,,,,,,,2,,0
16313,21980,76225,Winford Boynes,DAL,Dallas Mavericks,0028000329,1980-12-09,DAL vs. LAL,L,0,1,,,0.0,,,0,0,,,,,,,,,,2,,0
16314,21980,76583,James Donaldson,SEA,Seattle SuperSonics,0028000328,1980-12-09,SEA @ POR,L,0,1,,,0.0,,,0,0,,,,,,,,,,2,,0
16315,21980,76078,Dennis Awtrey,SEA,Seattle SuperSonics,0028000328,1980-12-09,SEA @ POR,L,0,1,,,0.0,,,0,0,,,,,,,,,,2,,0
16316,21980,77718,Mike Niles,PHX,Phoenix Suns,0028000327,1980-12-09,PHX @ CHI,W,0,1,,,0.0,,,0,0,,,,,,,,,,2,,0
16317,21980,78296,Brian Taylor,SDC,San Diego Clippers,0028000331,1980-12-09,SDC @ ATL,L,0,1,,,0.0,,,0,0,,,,,,,,,,2,,0
16318,21980,76889,Paul Griffin,SAN,San Antonio Spurs,0028000326,1980-12-08,SAN @ SEA,L,0,0,,,0.0,,,2,4,0.5,,,,,,,,,2,,0
16319,21980,77184,Edgar Jones,NJN,New Jersey Nets,0028000324,1980-12-07,NJN @ SDC,L,0,1,,,0.0,,,0,0,,,,,,,,,,2,,0
16320,21980,77308,Joel Kramer,PHX,Phoenix Suns,0028000322,1980-12-07,PHX vs. GOS,W,0,0,,,0.0,,,2,2,1.0,,,,,,,,,2,,0
16321,21980,77873,Ben Poquette,UTH,Utah Jazz,0028000321,1980-12-07,UTH @ LAL,L,0,1,,,0.0,,,0,2,0.0,,,,,,,,,2,,0
16322,21980,77205,Eddie Jordan,LAL,Los Angeles Lakers,0028000321,1980-12-07,LAL vs. UTH,W,0,1,,,0.0,,,0,0,,,,,,,,,,2,,0
16323,21980,76874,Rickey Green,UTH,Utah Jazz,0028000321,1980-12-07,UTH @ LAL,L,0,1,,,0.0,,,0,0,,,,,,,,,,2,,0
16324,21980,229,James Edwards,IND,Indiana Pacers,0028000319,1980-12-06,IND vs. KCK,W,0,1,,,0.0,,,0,0,,,,,,,,,,2,,0
16325,21980,76365,Harvey Catchings,MIL,Milwaukee Bucks,0028000317,1980-12-06,MIL @ NYK,L,0,1,,,0.0,,,0,1,0.0,,,,,,,,,2,,0
16326,21980,77547,Billy McKinney,UTH,Utah Jazz,0028000316,1980-12-06,UTH vs. SEA,L,0,1,,,0.0,,,0,0,,,,,,,,,,2,,0
16327,21980,78577,Bill Willoughby,HOU,Houston Rockets,0028000315,1980-12-06,HOU vs. DEN,W,0,1,,,0.0,,,0,0,,,,,,,,,,2,,0
16328,21980,77848,Roger Phegley,CLE,Cleveland Cavaliers,0028000314,1980-12-06,CLE vs. DET,W,0,1,,,0.0,,,0,0,,,,,,,,,,2,,0
16329,21980,77364,Ron Lee,DET,Detroit Pistons,0028000314,1980-12-06,DET @ CLE,L,0,1,,,0.0,,,0,0,,,,,,,,,,2,,0
16330,21980,76686,Mike Evans,MIL,Milwaukee Bucks,0028000317,1980-12-06,MIL @ NYK,L,0,1,,,0.0,,,0,0,,,,,,,,,,2,,0
16331,21980,76296,Quinn Buckner,MIL,Milwaukee Bucks,0028000313,1980-12-05,MIL vs. IND,W,0,1,,,0.0,,,0,0,,,,,,,,,6.0,2,,0
16332,21980,78618,Sam Worthen,CHI,Chicago Bulls,0028000312,1980-12-05,CHI @ POR,L,0,0,,,0.0,,,2,2,1.0,,,,,,,,,2,,0
16333,21980,78396,Ron Valentine,DEN,Denver Nuggets,0028000311,1980-12-05,DEN vs. GOS,L,0,1,,,0.0,,,0,0,,,,,,,,,,2,,0
16334,21980,77056,Cedrick Hordges,DEN,Denver Nuggets,0028000311,1980-12-05,DEN vs. GOS,L,0,0,,,0.0,,,2,3,0.667,,,,,,,,,2,,0
16335,21980,78351,Andrew Toney,PHL,Philadelphia 76ers,0028000309,1980-12-05,PHL vs. ATL,W,0,1,,,0.0,,,0,0,,,,,,,,,,2,,0
16336,21980,76971,Steve Hawes,ATL,Atlanta Hawks,0028000309,1980-12-05,ATL @ PHL,L,0,1,,,0.0,,,0,1,0.0,,,,,,,,,2,,0
16337,21980,78519,Charles Whitney,KCK,Kansas City Kings,0028000308,1980-12-05,KCK vs. HOU,W,0,1,,,0.0,,,0,0,,,,,,,,,,2,,0
16338,21980,78449,Lloyd Walton,KCK,Kansas City Kings,0028000308,1980-12-05,KCK vs. HOU,W,0,0,,,0.0,,,2,2,1.0,,,,,,,,,2,,0
16339,21980,77189,Major Jones,HOU,Houston Rockets,0028000308,1980-12-05,HOU @ KCK,L,0,1,,,0.0,,,0,0,,,,,,,,,,2,,0
16340,21980,78400,Jan Van Breda Kolff,NJN,New Jersey Nets,0028000306,1980-12-05,NJN @ PHX,W,0,1,,,0.0,,,0,0,,,,,,,,,,2,,0
16341,21980,78095,Alvin Scott,PHX,Phoenix Suns,0028000306,1980-12-05,PHX vs. NJN,L,0,0,,,0.0,,,2,2,1.0,,,,,,,,,2,,0
16342,21980,77022,Johnny High,PHX,Phoenix Suns,0028000306,1980-12-05,PHX vs. NJN,L,0,0,,,0.0,,,2,2,1.0,,,,,,,,,2,,0
16343,21980,76435,Darwin Cook,NJN,New Jersey Nets,0028000306,1980-12-05,NJN @ PHX,W,0,1,,,0.0,,,0,0,,,,,,,,,,2,,0
16344,21980,100263,Bill Laimbeer,CLE,Cleveland Cavaliers,0028000304,1980-12-04,CLE @ SAN,L,0,0,,,0.0,,,2,2,1.0,,,,,,,,6.0,2,,0
16345,21980,77998,Dave Robisch,DEN,Denver Nuggets,0028000305,1980-12-04,DEN @ UTH,L,0,1,,,0.0,,,0,0,,,,,,,,,,2,,0
16346,21980,77547,Billy McKinney,UTH,Utah Jazz,0028000305,1980-12-04,UTH vs. DEN,W,0,1,,,0.0,,,0,0,,,,,,,,,,2,,0
16347,21980,76771,Mike Gale,SAN,San Antonio Spurs,0028000304,1980-12-04,SAN vs. CLE,W,0,1,,,0.0,,,0,0,,,,,,,,,,2,,0
16348,21980,77323,Kevin Kunnert,POR,Portland Trail Blazers,0028000303,1980-12-04,POR @ SDC,W,0,0,,,0.0,,,2,2,1.0,,,,,,,,,2,,0
16349,21980,76985,Garfield Heard,SDC,San Diego Clippers,0028000303,1980-12-04,SDC vs. POR,L,0,1,,,0.0,,,0,0,,,,,,,,,,2,,0
16350,21980,76162,Henry Bibby,SDC,San Diego Clippers,0028000303,1980-12-04,SDC vs. POR,L,0,1,,,0.0,,,0,0,,,,,,,,,,2,,0
16351,21980,77262,Chad Kinch,CLE,Cleveland Cavaliers,0028000304,1980-12-04,CLE @ SAN,L,0,1,,,0.0,,,0,0,,,,,,,,,,2,,0
16352,21980,76734,Don Ford,CLE,Cleveland Cavaliers,0028000304,1980-12-04,CLE @ SAN,L,0,1,,,0.0,,,0,0,,,,,,,,,,2,,0
16353,21980,78400,Jan Van Breda Kolff,NJN,New Jersey Nets,0028000298,1980-12-03,NJN @ GOS,L,0,0,,,0.0,,,2,2,1.0,,,,,,,,,2,,0
16354,21980,76734,Don Ford,CLE,Cleveland Cavaliers,0028000302,1980-12-03,CLE @ HOU,L,0,1,,,0.0,,,0,0,,,,,,,,,,2,,0
16355,21980,76317,Don Buse,IND,Indiana Pacers,0028000301,1980-12-03,IND vs. WAS,W,0,1,,,0.0,,,0,0,,,,,,,,,,2,,0
16356,21980,78132,Craig Shelton,ATL,Atlanta Hawks,0028000300,1980-12-03,ATL @ BOS,L,0,1,,,0.0,,,0,0,,,,,,,,,,2,,0
16357,21980,1450,Kevin McHale,BOS,Boston Celtics,0028000300,1980-12-03,BOS vs. ATL,W,0,0,,,0.0,,,2,2,1.0,,,,,,,,,2,,0
16358,21980,78618,Sam Worthen,CHI,Chicago Bulls,0028000299,1980-12-03,CHI @ SEA,L,0,1,,,0.0,,,0,0,,,,,,,,,,2,,0
16359,21980,77308,Joel Kramer,PHX,Phoenix Suns,0028000297,1980-12-03,PHX @ KCK,L,0,1,,,0.0,,,0,0,,,,,,,,,,2,,0
16360,21980,76899,Ernie Grunfeld,KCK,Kansas City Kings,0028000297,1980-12-03,KCK vs. PHX,W,0,1,,,0.0,,,0,0,,,,,,,,,,2,,0
16361,21980,76355,Butch Carter,LAL,Los Angeles Lakers,0028000296,1980-12-03,LAL vs. SDC,L,0,0,,,0.0,,,2,2,1.0,,,,,,,,,2,,0
16362,21980,76553,Larry Demic,NYK,New York Knicks,0028000295,1980-12-03,NYK @ PHL,L,0,1,,,0.0,,,0,0,,,,,,,,,,2,,0
16363,21980,76360,Reggie Carter,NYK,New York Knicks,0028000295,1980-12-03,NYK @ PHL,L,0,1,,,0.0,,,0,0,,,,,,,,,,2,,0
16364,21980,78519,Charles Whitney,KCK,Kansas City Kings,0028000293,1980-12-02,KCK @ WAS,L,0,1,,,0.0,,,0,0,,,,,,,,,,2,,0
16365,21980,77326,Sam Lacey,KCK,Kansas City Kings,0028000293,1980-12-02,KCK @ WAS,L,0,1,,,0.0,,,0,0,,,,,,,,,,2,,0
16366,21980,76899,Ernie Grunfeld,KCK,Kansas City Kings,0028000293,1980-12-02,KCK @ WAS,L,0,1,,,0.0,,,0,0,,,,,,,,,,2,,0
16367,21980,76707,Eric Fernsten,BOS,Boston Celtics,0028000292,1980-12-02,BOS @ DET,W,0,1,,,0.0,,,0,2,0.0,,,,,,,,,2,,0
16368,21980,76822,Mike Glenn,NYK,New York Knicks,0028000291,1980-12-02,NYK vs. IND,L,0,1,,,0.0,,,0,0,,,,,,,,,,2,,0
16369,21980,76317,Don Buse,IND,Indiana Pacers,0028000291,1980-12-02,IND @ NYK,W,0,0,,,0.0,,,2,2,1.0,,,,,,,,,2,,0
16370,21980,76231,Dudley Bradley,IND,Indiana Pacers,0028000291,1980-12-02,IND @ NYK,W,0,1,,,0.0,,,0,0,,,,,,,,,,2,,0
16371,21980,76954,Mike Harper,POR,Portland Trail Blazers,0028000290,1980-12-02,POR vs. NJN,L,0,0,,,0.0,,,2,2,1.0,,,,,,,,,2,,0
16372,21980,76365,Harvey Catchings,MIL,Milwaukee Bucks,0028000289,1980-12-02,MIL vs. UTH,W,0,1,,,0.0,,,0,0,,,,,,,,,6.0,2,,0
16373,21980,78132,Craig Shelton,ATL,Atlanta Hawks,0028000288,1980-12-02,ATL vs. PHL,W,0,1,,,0.0,,,0,0,,,,,,,,,,2,,0
16374,21980,77950,Clint Richardson,PHL,Philadelphia 76ers,0028000288,1980-12-02,PHL @ ATL,L,0,1,,,0.0,,,0,0,,,,,,,,,,2,,0
16375,21980,77553,Tom McMillen,ATL,Atlanta Hawks,0028000288,1980-12-02,ATL vs. PHL,W,0,0,,,0.0,,,2,3,0.667,,,,,,,,,2,,0
16376,21980,76539,Darryl Dawkins,PHL,Philadelphia 76ers,0028000288,1980-12-02,PHL @ ATL,L,0,1,,,0.0,,,0,2,0.0,,,,,,,,6.0,2,,0
16377,21980,76734,Don Ford,CLE,Cleveland Cavaliers,0028000287,1980-12-02,CLE @ DAL,W,0,1,,,0.0,,,0,0,,,,,,,,,,2,,0
16378,21980,76618,T.R. Dunn,DEN,Denver Nuggets,0028000286,1980-12-02,DEN vs. CHI,L,0,1,,,0.0,,,0,0,,,,,,,,,,2,,0
16379,21980,76416,Art Collins,ATL,Atlanta Hawks,0028000288,1980-12-02,ATL vs. PHL,W,0,1,,,,,,0,0,,,,,,,,,,2,,0
16380,21980,78533,James Wilkes,CHI,Chicago Bulls,0028000284,1980-11-30,CHI @ LAL,W,0,1,,,0.0,,,0,0,,,,,,,,,,2,,0
16381,21980,600010,Len Elmore,MIL,Milwaukee Bucks,0028000283,1980-11-30,MIL vs. BOS,W,0,1,,,0.0,,,0,0,,,,,,,,,,2,,0
16382,21980,76686,Mike Evans,MIL,Milwaukee Bucks,0028000283,1980-11-30,MIL vs. BOS,W,0,1,,,0.0,,,0,0,,,,,,,,,,2,,0
16383,21980,78442,Wally Walker,SEA,Seattle SuperSonics,0028000282,1980-11-30,SEA vs. NJN,W,0,0,,,0.0,,,2,2,1.0,,,,,,,,,2,,0
16384,21980,78143,John Shumate,SEA,Seattle SuperSonics,0028000282,1980-11-30,SEA vs. NJN,W,0,0,,,0.0,,,2,3,0.667,,,,,,,,,2,,0
16385,21980,76583,James Donaldson,SEA,Seattle SuperSonics,0028000282,1980-11-30,SEA vs. NJN,W,0,0,,,0.0,,,2,3,0.667,,,,,,,,,2,,0
16386,21980,77917,Clifford Ray,GOS,Golden State Warriors,0028000281,1980-11-30,GOS @ SDC,L,0,0,,,0.0,,,2,2,1.0,,,,,,,,,2,,0
16387,21980,76005,Tom Abernethy,GOS,Golden State Warriors,0028000281,1980-11-30,GOS @ SDC,L,0,1,,,0.0,,,0,0,,,,,,,,,,2,,0
16388,21980,76355,Butch Carter,LAL,Los Angeles Lakers,0028000284,1980-11-30,LAL vs. CHI,L,0,1,,,0.0,,,0,0,,,,,,,,,,2,,0
16389,21980,78132,Craig Shelton,ATL,Atlanta Hawks,0028000280,1980-11-29,ATL vs. DET,L,0,0,,,0.0,,,2,2,1.0,,,,,,,,,2,,0
16390,21980,77326,Sam Lacey,KCK,Kansas City Kings,0028000279,1980-11-29,KCK vs. SAN,L,0,1,,,0.0,,,0,0,,,,,,,,,,2,,0
16391,21980,76590,Leon Douglas,KCK,Kansas City Kings,0028000279,1980-11-29,KCK vs. SAN,L,0,1,,,0.0,,,0,2,0.0,,,,,,,,,2,,0
16392,21980,600010,Len Elmore,MIL,Milwaukee Bucks,0028000278,1980-11-29,MIL @ WAS,L,0,1,,,0.0,,,0,0,,,,,,,,,,2,,0
16393,21980,78600,Brian Winters,MIL,Milwaukee Bucks,0028000278,1980-11-29,MIL @ WAS,L,0,0,,,0.0,,,2,2,1.0,,,,,,,,,2,,0
16394,21980,76618,T.R. Dunn,DEN,Denver Nuggets,0028000277,1980-11-29,DEN vs. LAL,L,0,0,,,0.0,,,2,2,1.0,,,,,,,,,2,,0
16395,21980,76321,Marty Byrnes,DAL,Dallas Mavericks,0028000276,1980-11-29,DAL @ HOU,L,0,1,,,0.0,,,0,0,,,,,,,,,,2,,0
16396,21980,78095,Alvin Scott,PHX,Phoenix Suns,0028000275,1980-11-29,PHX @ GOS,W,0,1,,,0.0,,,0,0,,,,,,,,,,2,,0
16397,21980,77800,Sonny Parker,GOS,Golden State Warriors,0028000275,1980-11-29,GOS vs. PHX,L,0,0,,,0.0,,,2,2,1.0,,,,,,,,,2,,0
16398,21980,77264,Bernard King,GOS,Golden State Warriors,0028000275,1980-11-29,GOS vs. PHX,L,0,1,,,0.0,,,0,0,,,,,,,,,,2,,0
16399,21980,76204,Ron Boone,UTH,Utah Jazz,0028000273,1980-11-29,UTH @ PHL,L,0,0,,,0.0,,,2,2,1.0,,,,,,,,,2,,0
16400,21980,100263,Bill Laimbeer,CLE,Cleveland Cavaliers,0028000272,1980-11-29,CLE @ IND,L,0,0,,,0.0,,,2,2,1.0,,,,,,,,,2,,0
16401,21980,78146,Jerry Sichting,IND,Indiana Pacers,0028000272,1980-11-29,IND vs. CLE,W,0,1,,,0.0,,,0,0,,,,,,,,,,2,,0
16402,21980,77078,Kim Hughes,CLE,Cleveland Cavaliers,0028000272,1980-11-29,CLE @ IND,L,0,1,,,0.0,,,0,0,,,,,,,,,,2,,0
16403,21980,78513,Rudy White,SEA,Seattle SuperSonics,0028000271,1980-11-28,SEA vs. SDC,L,0,1,,,0.0,,,0,0,,,,,,,,,,2,,0
16404,21980,76944,Bill Hanzlik,SEA,Seattle SuperSonics,0028000271,1980-11-28,SEA vs. SDC,L,0,1,,,0.0,,,0,0,,,,,,,,,,2,,0
16405,21980,76162,Henry Bibby,SDC,San Diego Clippers,0028000271,1980-11-28,SDC @ SEA,W,0,1,,,0.0,,,0,0,,,,,,,,,,2,,0
16406,21980,76078,Dennis Awtrey,SEA,Seattle SuperSonics,0028000271,1980-11-28,SEA vs. SDC,L,0,1,,,0.0,,,0,0,,,,,,,,,,2,,0
16407,21980,77911,Kelvin Ransey,POR,Portland Trail Blazers,0028000269,1980-11-28,POR @ PHL,L,0,1,,,0.0,,,0,0,,,,,,,,,,2,,0
16408,21980,77162,Ollie Johnson,PHL,Philadelphia 76ers,0028000269,1980-11-28,PHL vs. POR,W,0,1,,,0.0,,,0,0,,,,,,,,,,2,,0
16409,21980,76954,Mike Harper,POR,Portland Trail Blazers,0028000269,1980-11-28,POR @ PHL,L,0,1,,,0.0,,,0,0,,,,,,,,,,2,,0
16410,21980,78068,Dewayne Scales,NYK,New York Knicks,0028000268,1980-11-28,NYK @ BOS,L,0,1,,,0.0,,,0,0,,,,,,,,,,2,,0
16411,21980,76822,Mike Glenn,NYK,New York Knicks,0028000268,1980-11-28,NYK @ BOS,L,0,1,,,0.0,,,0,0,,,,,,,,,,2,,0
16412,21980,76618,T.R. Dunn,DEN,Denver Nuggets,0028000267,1980-11-28,DEN @ DAL,W,0,1,,,0.0,,,0,0,,,,,,,,,,2,,0
16413,21980,77873,Ben Poquette,UTH,Utah Jazz,0028000266,1980-11-28,UTH @ NJN,L,0,1,,,0.0,,,0,0,,,,,,,,,,2,,0
16414,21980,77635,Lowes Moore,NJN,New Jersey Nets,0028000266,1980-11-28,NJN vs. UTH,W,0,1,,,0.0,,,0,0,,,,,,,,,,2,,0
16415,21980,78307,Carlos Terry,WAS,Washington Bullets,0028000264,1980-11-28,WAS @ CLE,L,0,1,,,0.0,,,0,0,,,,,,,,,6.0,2,,0
16416,21980,77262,Chad Kinch,CLE,Cleveland Cavaliers,0028000264,1980-11-28,CLE vs. WAS,W,0,1,,,0.0,,,0,0,,,,,,,,,,2,,0
16417,21980,76899,Ernie Grunfeld,KCK,Kansas City Kings,0028000263,1980-11-28,KCK @ DET,L,0,1,,,0.0,,,0,0,,,,,,,,,,2,,0
16418,21980,77308,Joel Kramer,PHX,Phoenix Suns,0028000262,1980-11-28,PHX vs. CHI,W,0,1,,,0.0,,,0,0,,,,,,,,,,2,,0
16419,21980,77312,Wayne Kreklow,BOS,Boston Celtics,0028000268,1980-11-28,BOS vs. NYK,W,0,1,,,0.0,,,0,0,,,,,,,,,,2,,0
16420,21980,77917,Clifford Ray,GOS,Golden State Warriors,0028000261,1980-11-27,GOS vs. LAL,L,0,1,,,0.0,,,0,0,,,,,,,,,,2,,0
16421,21980,78392,Wes Unseld,WAS,Washington Bullets,0028000260,1980-11-27,WAS vs. IND,W,0,1,,,0.0,,,0,2,0.0,,,,,,,,,2,,0
16422,21980,328,Rick Mahorn,WAS,Washington Bullets,0028000260,1980-11-27,WAS vs. IND,W,0,1,,,0.0,,,0,0,,,,,,,,,,2,,0
16423,21980,76771,Mike Gale,SAN,San Antonio Spurs,0028000259,1980-11-26,SAN vs. CHI,W,0,1,,,0.0,,,0,0,,,,,,,,,,2,,0
16424,21980,76830,Glen Gondrezick,DEN,Denver Nuggets,0028000258,1980-11-26,DEN vs. SDC,W,0,1,,,0.0,,,0,0,,,,,,,,,,2,,0
16425,21980,76290,Joe Bryant,SDC,San Diego Clippers,0028000258,1980-11-26,SDC @ DEN,L,0,1,,,0.0,,,0,0,,,,,,,,,,2,,0
16426,21980,76162,Henry Bibby,SDC,San Diego Clippers,0028000258,1980-11-26,SDC @ DEN,L,0,1,,,0.0,,,0,0,,,,,,,,,,2,,0
16427,21980,77043,Lionel Hollins,PHL,Philadelphia 76ers,0028000256,1980-11-26,PHL @ HOU,W,0,1,,,0.0,,,0,0,,,,,,,,,,2,,0
16428,21980,76996,Tom Henderson,HOU,Houston Rockets,0028000256,1980-11-26,HOU vs. PHL,L,0,1,,,0.0,,,0,0,,,,,,,,,,2,,0
16429,21980,78449,Lloyd Walton,KCK,Kansas City Kings,0028000255,1980-11-26,KCK vs. NJN,W,0,0,,,0.0,,,2,4,0.5,,,,,,,,,2,,0
16430,21980,78436,Foots Walker,NJN,New Jersey Nets,0028000255,1980-11-26,NJN @ KCK,L,0,0,,,0.0,,,2,2,1.0,,,,,,,,,2,,0
16431,21980,76826,Mike Gminski,NJN,New Jersey Nets,0028000255,1980-11-26,NJN @ KCK,L,0,1,,,0.0,,,0,0,,,,,,,,,,2,,0
16432,21980,76656,Bob Elliott,NJN,New Jersey Nets,0028000255,1980-11-26,NJN @ KCK,L,0,0,,,0.0,,,2,4,0.5,,,,,,,,,2,,0
16433,21980,76435,Darwin Cook,NJN,New Jersey Nets,0028000255,1980-11-26,NJN @ KCK,L,0,1,,,0.0,,,0,0,,,,,,,,,,2,,0
16434,21980,77235,Rich Kelley,PHX,Phoenix Suns,0028000254,1980-11-26,PHX vs. SEA,W,0,1,,,0.0,,,0,0,,,,,,,,,,2,,0
16435,21980,76078,Dennis Awtrey,SEA,Seattle SuperSonics,0028000254,1980-11-26,SEA @ PHX,L,0,0,,,0.0,,,2,2,1.0,,,,,,,,,2,,0
16436,21980,78614,Mike Woodson,NYK,New York Knicks,0028000253,1980-11-26,NYK @ CLE,W,0,1,,,0.0,,,0,0,,,,,,,,,,2,,0
16437,21980,76707,Eric Fernsten,BOS,Boston Celtics,0028000251,1980-11-26,BOS vs. POR,W,0,1,,,0.0,,,0,0,,,,,,,,,,2,,0
16438,21980,78132,Craig Shelton,ATL,Atlanta Hawks,0028000249,1980-11-25,ATL vs. POR,W,0,1,,,0.0,,,0,0,,,,,,,,,,2,,0
16439,21980,77162,Ollie Johnson,PHL,Philadelphia 76ers,0028000248,1980-11-25,PHL @ DAL,W,0,1,,,0.0,,,0,0,,,,,,,,,,2,,0
16440,21980,940,Earl Cureton,PHL,Philadelphia 76ers,0028000248,1980-11-25,PHL @ DAL,W,0,1,,,0.0,,,0,3,0.0,,,,,,,,,2,,0
16441,21980,78481,Marvin Webster,NYK,New York Knicks,0028000250,1980-11-24,NYK vs. HOU,W,0,1,,,0.0,,,0,1,0.0,,,,,,,,,2,,0
16442,21980,77189,Major Jones,HOU,Houston Rockets,0028000250,1980-11-24,HOU @ NYK,L,0,1,,,0.0,,,0,0,,,,,,,,,,2,,0
16443,21980,76786,Calvin Garrett,HOU,Houston Rockets,0028000250,1980-11-24,HOU @ NYK,L,0,1,,,0.0,,,0,0,,,,,,,,,,2,,0
16444,21980,76360,Reggie Carter,NYK,New York Knicks,0028000250,1980-11-24,NYK vs. HOU,W,0,1,,,0.0,,,0,0,,,,,,,,,,2,,0
16445,21980,76608,Terry Duerod,DAL,Dallas Mavericks,0028000246,1980-11-23,DAL @ POR,L,0,1,,,0.0,,,0,0,,,,,,,,,,2,,0
16446,21980,76030,Darrell Allums,DAL,Dallas Mavericks,0028000246,1980-11-23,DAL @ POR,L,0,1,,,0.0,,,0,0,,,,,,,,,,2,,0
16447,21980,76985,Garfield Heard,SDC,San Diego Clippers,0028000245,1980-11-23,SDC vs. SEA,W,0,1,,,0.0,,,0,0,,,,,,,,,,2,,0
16448,21980,77718,Mike Niles,PHX,Phoenix Suns,0028000244,1980-11-23,PHX vs. DEN,W,0,1,,,0.0,,,0,0,,,,,,,,,,2,,0
16449,21980,77021,Kenny Higgs,DEN,Denver Nuggets,0028000244,1980-11-23,DEN @ PHX,L,0,1,,,0.0,,,0,1,0.0,,,,,,,,,2,,0
16450,21980,76618,T.R. Dunn,DEN,Denver Nuggets,0028000244,1980-11-23,DEN @ PHX,L,0,1,,,0.0,,,0,0,,,,,,,,,,2,,0
16451,21980,76365,Harvey Catchings,MIL,Milwaukee Bucks,0028000243,1980-11-23,MIL @ LAL,W,0,1,,,0.0,,,0,0,,,,,,,,,,2,,0
16452,21980,76355,Butch Carter,LAL,Los Angeles Lakers,0028000243,1980-11-23,LAL vs. MIL,L,0,1,,,0.0,,,0,0,,,,,,,,,,2,,0
16453,21980,77040,Brad Holland,LAL,Los Angeles Lakers,0028000243,1980-11-23,LAL vs. MIL,L,0,1,,,0.0,,,0,0,,,,,,,,,,2,,0
16454,21980,76441,Wayne Cooper,UTH,Utah Jazz,0028000241,1980-11-22,UTH @ ATL,L,0,1,,,0.0,,,0,0,,,,,,,,,,2,,0
16455,21980,76822,Mike Glenn,NYK,New York Knicks,0028000240,1980-11-22,NYK vs. GOS,L,0,1,,,0.0,,,0,0,,,,,,,,,,2,,0
16456,21980,76283,Rickey Brown,GOS,Golden State Warriors,0028000240,1980-11-22,GOS @ NYK,W,0,1,,,0.0,,,0,0,,,,,,,,,,2,,0
16457,21980,77944,Kevin Restani,SAN,San Antonio Spurs,0028000238,1980-11-22,SAN vs. PHL,L,0,1,,,0.0,,,0,0,,,,,,,,,,2,,0
16458,21980,78146,Jerry Sichting,IND,Indiana Pacers,0028000237,1980-11-22,IND vs. HOU,W,0,1,,,0.0,,,0,0,,,,,,,,,,2,,0
16459,21980,77189,Major Jones,HOU,Houston Rockets,0028000237,1980-11-22,HOU @ IND,L,0,1,,,0.0,,,0,0,,,,,,,,,,2,,0
16460,21980,78468,Richard Washington,CLE,Cleveland Cavaliers,0028000236,1980-11-22,CLE vs. BOS,W,0,1,,,0.0,,,0,0,,,,,,,,,,2,,0
16461,21980,77331,John Lambert,CLE,Cleveland Cavaliers,0028000236,1980-11-22,CLE vs. BOS,W,0,1,,,0.0,,,0,0,,,,,,,,,,2,,0
16462,21980,76734,Don Ford,CLE,Cleveland Cavaliers,0028000236,1980-11-22,CLE vs. BOS,W,0,1,,,0.0,,,0,0,,,,,,,,,,2,,0
16463,21980,76534,Ron Davis,SDC,San Diego Clippers,0028000235,1980-11-21,SDC @ WAS,L,0,1,,,0.0,,,0,0,,,,,,,,,,2,,0
16464,21980,77800,Sonny Parker,GOS,Golden State Warriors,0028000234,1980-11-21,GOS @ BOS,L,0,1,,,0.0,,,0,0,,,,,,,,,,2,,0
16465,21980,76283,Rickey Brown,GOS,Golden State Warriors,0028000234,1980-11-21,GOS @ BOS,L,0,1,,,0.0,,,0,0,,,,,,,,,,2,,0
16466,21980,76608,Terry Duerod,DAL,Dallas Mavericks,0028000233,1980-11-21,DAL vs. SEA,L,0,1,,,0.0,,,0,0,,,,,,,,,,2,,0
16467,21980,76078,Dennis Awtrey,SEA,Seattle SuperSonics,0028000233,1980-11-21,SEA @ DAL,W,0,1,,,0.0,,,0,0,,,,,,,,,,2,,0
16468,21980,76947,Alan Hardy,LAL,Los Angeles Lakers,0028000232,1980-11-21,LAL vs. PHX,W,0,1,,,0.0,,,0,0,,,,,,,,,,2,,0
16469,21980,76830,Glen Gondrezick,DEN,Denver Nuggets,0028000231,1980-11-21,DEN vs. KCK,W,0,0,,,0.0,,,2,2,1.0,,,,,,,,,2,,0
16470,21980,76802,Gus Gerard,KCK,Kansas City Kings,0028000231,1980-11-21,KCK @ DEN,L,0,1,,,0.0,,,0,0,,,,,,,,,,2,,0
16471,21980,76567,Coby Dietrick,CHI,Chicago Bulls,0028000228,1980-11-21,CHI vs. NYK,W,0,1,,,0.0,,,0,0,,,,,,,,,,2,,0
16472,21980,76360,Reggie Carter,NYK,New York Knicks,0028000228,1980-11-21,NYK @ CHI,L,0,0,,,0.0,,,2,2,1.0,,,,,,,,,2,,0
16473,21980,77817,Billy Paultz,HOU,Houston Rockets,0028000227,1980-11-20,HOU @ CLE,W,0,1,,,0.0,,,0,0,,,,,,,,,,2,,0
16474,21980,77078,Kim Hughes,CLE,Cleveland Cavaliers,0028000227,1980-11-20,CLE vs. HOU,L,0,1,,,0.0,,,0,0,,,,,,,,,,2,,0
16475,21980,600010,Len Elmore,MIL,Milwaukee Bucks,0028000226,1980-11-20,MIL @ POR,W,0,0,,,0.0,,,2,3,0.667,,,,,,,,,2,,0
16476,21980,77911,Kelvin Ransey,POR,Portland Trail Blazers,0028000226,1980-11-20,POR vs. MIL,L,0,1,,,0.0,,,0,0,,,,,,,,,,2,,0
16477,21980,76444,Michael Cooper,LAL,Los Angeles Lakers,0028000225,1980-11-20,LAL @ PHX,L,0,1,,,0.0,,,0,0,,,,,,,,,,2,,0
16478,21980,76355,Butch Carter,LAL,Los Angeles Lakers,0028000225,1980-11-20,LAL @ PHX,L,0,0,,,0.0,,,2,5,0.4,,,,,,,,,2,,0
16479,21980,76534,Ron Davis,SDC,San Diego Clippers,0028000224,1980-11-20,SDC @ DET,L,0,1,,,0.0,,,0,0,,,,,,,,,,2,,0
16480,21980,76290,Joe Bryant,SDC,San Diego Clippers,0028000224,1980-11-20,SDC @ DET,L,0,1,,,0.0,,,0,0,,,,,,,,,,2,,0
16481,21980,77692,Kenny Natt,IND,Indiana Pacers,0028000223,1980-11-19,IND vs. BOS,L,0,1,,,0.0,,,0,0,,,,,,,,,,2,,0
16482,21980,77944,Kevin Restani,SAN,San Antonio Spurs,0028000222,1980-11-19,SAN @ NJN,W,0,1,,,0.0,,,0,0,,,,,,,,,,2,,0
16483,21980,78195,Larry Smith,GOS,Golden State Warriors,0028000221,1980-11-19,GOS @ PHL,L,0,1,,,0.0,,,0,2,0.0,,,,,,,,,2,,0
16484,21980,77937,Billy Reid,GOS,Golden State Warriors,0028000221,1980-11-19,GOS @ PHL,L,0,0,,,0.0,,,2,3,0.667,,,,,,,,,2,,0
16485,21980,940,Earl Cureton,PHL,Philadelphia 76ers,0028000221,1980-11-19,PHL vs. GOS,W,0,1,,,0.0,,,0,0,,,,,,,,,,2,,0
16486,21980,76656,Bob Elliott,NJN,New Jersey Nets,0028000222,1980-11-19,NJN vs. SAN,L,0,1,,,0.0,,,0,2,0.0,,,,,,,,,2,,0
16487,21980,76435,Darwin Cook,NJN,New Jersey Nets,0028000222,1980-11-19,NJN vs. SAN,L,0,1,,,0.0,,,0,0,,,,,,,,,,2,,0
16488,21980,77829,Sam Pellom,ATL,Atlanta Hawks,0028000220,1980-11-18,ATL vs. SAN,W,0,1,,,0.0,,,0,0,,,,,,,,,,2,,0
16489,21980,77756,Mark Olberding,SAN,San Antonio Spurs,0028000220,1980-11-18,SAN @ ATL,L,0,0,,,0.0,,,2,2,1.0,,,,,,,,,2,,0
16490,21980,77024,Armond Hill,ATL,Atlanta Hawks,0028000220,1980-11-18,ATL vs. SAN,W,0,1,,,0.0,,,0,0,,,,,,,,,,2,,0
16491,21980,76471,Charlie Criss,ATL,Atlanta Hawks,0028000220,1980-11-18,ATL vs. SAN,W,0,1,,,0.0,,,0,0,,,,,,,,,,2,,0
16492,21980,76283,Rickey Brown,GOS,Golden State Warriors,0028000219,1980-11-18,GOS @ WAS,W,0,1,,,0.0,,,0,0,,,,,,,,,,2,,0
16493,21980,78095,Alvin Scott,PHX,Phoenix Suns,0028000218,1980-11-18,PHX @ DAL,W,0,1,,,0.0,,,0,0,,,,,,,,,,2,,0
16494,21980,77235,Rich Kelley,PHX,Phoenix Suns,0028000218,1980-11-18,PHX @ DAL,W,0,0,,,0.0,,,2,5,0.4,,,,,,,,,2,,0
16495,21980,78618,Sam Worthen,CHI,Chicago Bulls,0028000217,1980-11-18,CHI vs. BOS,L,0,1,,,0.0,,,0,0,,,,,,,,,,2,,0
16496,21980,78531,Bob Wilkerson,CHI,Chicago Bulls,0028000217,1980-11-18,CHI vs. BOS,L,0,1,,,0.0,,,0,0,,,,,,,,,,2,,0
16497,21980,77996,Wayne Robinson,DET,Detroit Pistons,0028000216,1980-11-18,DET vs. IND,L,0,0,,,0.0,,,2,2,1.0,,,,,,,,,2,,0
16498,21980,76734,Don Ford,CLE,Cleveland Cavaliers,0028000215,1980-11-18,CLE vs. SDC,W,0,1,,,0.0,,,0,0,,,,,,,,,,2,,0
16499,21980,76290,Joe Bryant,SDC,San Diego Clippers,0028000215,1980-11-18,SDC @ CLE,L,0,1,,,0.0,,,0,0,,,,,,,,,,2,,0
16500,21980,76441,Wayne Cooper,UTH,Utah Jazz,0028000214,1980-11-18,UTH vs. MIL,L,0,0,,,0.0,,,2,5,0.4,,,,,,,,,2,,0
16501,21980,77142,Magic Johnson,LAL,Los Angeles Lakers,0028000213,1980-11-18,LAL vs. KCK,W,0,1,,,0.0,,,0,0,,,,,,,,,,2,,0
16502,21980,76590,Leon Douglas,KCK,Kansas City Kings,0028000213,1980-11-18,KCK @ LAL,L,0,1,,,0.0,,,0,0,,,,,,,,,,2,,0
16503,21980,76248,Jim Brewer,LAL,Los Angeles Lakers,0028000213,1980-11-18,LAL vs. KCK,W,0,0,,,0.0,,,2,2,1.0,,,,,,,,,2,,0
16504,21980,78513,Rudy White,SEA,Seattle SuperSonics,0028000211,1980-11-18,SEA @ HOU,L,0,1,,,0.0,,,0,0,,,,,,,,,,2,,0
16505,21980,77158,Lee Johnson,HOU,Houston Rockets,0028000211,1980-11-18,HOU vs. SEA,W,0,1,,,0.0,,,0,0,,,,,,,,,,2,,0
16506,21980,76616,Mike Dunleavy,HOU,Houston Rockets,0028000211,1980-11-18,HOU vs. SEA,W,0,1,,,0.0,,,0,0,,,,,,,,,,2,,0
16507,21980,76583,James Donaldson,SEA,Seattle SuperSonics,0028000211,1980-11-18,SEA @ HOU,L,0,1,,,0.0,,,0,2,0.0,,,,,,,,,2,,0
16508,21980,78095,Alvin Scott,PHX,Phoenix Suns,0028000209,1980-11-16,PHX vs. POR,W,0,1,,,0.0,,,0,0,,,,,,,,,,2,,0
16509,21980,77626,Sidney Moncrief,MIL,Milwaukee Bucks,0028000208,1980-11-16,MIL vs. CHI,L,0,1,,,0.0,,,0,0,,,,,,,,,,2,,0
16510,21980,77490,Scott May,CHI,Chicago Bulls,0028000208,1980-11-16,CHI @ MIL,W,0,1,,,0.0,,,0,0,,,,,,,,,,2,,0
16511,21980,77182,Dwight Jones,CHI,Chicago Bulls,0028000208,1980-11-16,CHI @ MIL,W,0,1,,,0.0,,,0,0,,,,,,,,,,2,,0
16512,21980,76248,Jim Brewer,LAL,Los Angeles Lakers,0028000207,1980-11-16,LAL vs. DAL,W,0,1,,,0.0,,,0,0,,,,,,,,,6.0,2,,0
16513,21980,76030,Darrell Allums,DAL,Dallas Mavericks,0028000207,1980-11-16,DAL @ LAL,L,0,1,,,0.0,,,0,0,,,,,,,,,,2,,0
16514,21980,77364,Ron Lee,DET,Detroit Pistons,0028000206,1980-11-16,DET @ NJN,L,0,1,,,0.0,,,0,0,,,,,,,,,,2,,0
16515,21980,77205,Eddie Jordan,NJN,New Jersey Nets,0028000205,1980-11-15,NJN @ PHL,L,0,0,,,0.0,,,2,2,1.0,,,,,,,,,2,,0
16516,21980,76242,Mike Bratz,CLE,Cleveland Cavaliers,0028000204,1980-11-15,CLE @ NYK,L,0,1,,,0.0,,,0,0,,,,,,,,,,2,,0
16517,21980,77326,Sam Lacey,KCK,Kansas City Kings,0028000203,1980-11-15,KCK @ SDC,W,0,1,,,0.0,,,0,0,,,,,,,,,,2,,0
16518,21980,76899,Ernie Grunfeld,KCK,Kansas City Kings,0028000203,1980-11-15,KCK @ SDC,W,0,1,,,0.0,,,0,0,,,,,,,,,,2,,0
16519,21980,76162,Henry Bibby,SDC,San Diego Clippers,0028000203,1980-11-15,SDC vs. KCK,L,0,1,,,0.0,,,0,0,,,,,,,,,,2,,0
16520,21980,77937,Billy Reid,GOS,Golden State Warriors,0028000202,1980-11-15,GOS vs. PHX,W,0,1,,,0.0,,,0,0,,,,,,,,,,2,,0
16521,21980,77323,Kevin Kunnert,POR,Portland Trail Blazers,0028000201,1980-11-15,POR @ DEN,L,0,0,,,0.0,,,2,2,1.0,,,,,,,,,2,,0
16522,21980,77756,Mark Olberding,SAN,San Antonio Spurs,0028000199,1980-11-15,SAN vs. UTH,W,0,1,,,0.0,,,0,0,,,,,,,,,,2,,0
16523,21980,77547,Billy McKinney,UTH,Utah Jazz,0028000199,1980-11-15,UTH @ SAN,L,0,1,,,0.0,,,0,0,,,,,,,,,,2,,0
16524,21980,77528,Jim McElroy,ATL,Atlanta Hawks,0028000198,1980-11-15,ATL vs. WAS,L,0,1,,,0.0,,,0,0,,,,,,,,,,2,,0
16525,21980,600010,Len Elmore,MIL,Milwaukee Bucks,0028000197,1980-11-14,MIL vs. NYK,W,0,1,,,0.0,,,0,0,,,,,,,,,,2,,0
16526,21980,77215,Jeff Judkins,UTH,Utah Jazz,0028000196,1980-11-14,UTH vs. HOU,W,0,1,,,0.0,,,0,0,,,,,,,,,,2,,0
16527,21980,76996,Tom Henderson,HOU,Houston Rockets,0028000196,1980-11-14,HOU @ UTH,L,0,1,,,0.0,,,0,0,,,,,,,,,,2,,0
16528,21980,76948,James Hardy,UTH,Utah Jazz,0028000196,1980-11-14,UTH vs. HOU,W,0,1,,,0.0,,,0,0,,,,,,,,,,2,,0
16529,21980,76599,Larry Drew,DET,Detroit Pistons,0028000195,1980-11-14,DET vs. CHI,W,0,1,,,0.0,,,0,0,,,,,,,,,,2,,0
16530,21980,78146,Jerry Sichting,IND,Indiana Pacers,0028000194,1980-11-14,IND vs. WAS,W,0,1,,,0.0,,,0,0,,,,,,,,,,2,,0
16531,21980,76348,Austin Carr,WAS,Washington Bullets,0028000194,1980-11-14,WAS @ IND,L,0,1,,,0.0,,,0,1,0.0,,,,,,,,,2,,0
16532,21980,328,Rick Mahorn,WAS,Washington Bullets,0028000194,1980-11-14,WAS @ IND,L,0,1,,,0.0,,,0,0,,,,,,,,,,2,,0
16533,21980,77910,Wally Rank,SDC,San Diego Clippers,0028000192,1980-11-14,SDC @ LAL,L,0,1,,,0.0,,,0,0,,,,,,,,,,2,,0
16534,21980,77808,Myles Patrick,LAL,Los Angeles Lakers,0028000192,1980-11-14,LAL vs. SDC,W,0,1,,,0.0,,,0,0,,,,,,,,,,2,,0
16535,21980,77040,Brad Holland,LAL,Los Angeles Lakers,0028000192,1980-11-14,LAL vs. SDC,W,0,1,,,0.0,,,0,0,,,,,,,,,,2,,0
16536,21980,76947,Alan Hardy,LAL,Los Angeles Lakers,0028000192,1980-11-14,LAL vs. SDC,W,0,1,,,0.0,,,0,0,,,,,,,,,,2,,0
16537,21980,76162,Henry Bibby,SDC,San Diego Clippers,0028000192,1980-11-14,SDC @ LAL,L,0,0,,,0.0,,,2,2,1.0,,,,,,,,,2,,0
16538,21980,78513,Rudy White,SEA,Seattle SuperSonics,0028000191,1980-11-14,SEA vs. KCK,W,0,0,,,0.0,,,2,2,1.0,,,,,,,,,2,,0
16539,21980,76899,Ernie Grunfeld,KCK,Kansas City Kings,0028000191,1980-11-14,KCK @ SEA,L,0,1,,,0.0,,,0,0,,,,,,,,,,2,,0
16540,21980,78400,Jan Van Breda Kolff,NJN,New Jersey Nets,0028000190,1980-11-14,NJN @ BOS,L,0,1,,,0.0,,,0,0,,,,,,,,,,2,,0
16541,21980,78146,Jerry Sichting,IND,Indiana Pacers,0028000189,1980-11-13,IND vs. PHL,L,0,0,,,0.0,,,2,2,1.0,,,,,,,,,2,,0
16542,21980,77602,Dick Miller,IND,Indiana Pacers,0028000189,1980-11-13,IND vs. PHL,L,0,1,,,0.0,,,0,0,,,,,,,,,,2,,0
16543,21980,77149,George Johnson,SAN,San Antonio Spurs,0028000187,1980-11-13,SAN @ SDC,W,0,1,,,0.0,,,0,0,,,,,,,,,,2,,0
16544,21980,76771,Mike Gale,SAN,San Antonio Spurs,0028000187,1980-11-13,SAN @ SDC,W,0,1,,,0.0,,,0,0,,,,,,,,,,2,,0
16545,21980,76534,Ron Davis,SDC,San Diego Clippers,0028000187,1980-11-13,SDC vs. SAN,L,0,1,,,0.0,,,0,0,,,,,,,,,,2,,0
16546,21980,76283,Rickey Brown,GOS,Golden State Warriors,0028000185,1980-11-12,GOS vs. KCK,W,0,1,,,0.0,,,0,0,,,,,,,,,,2,,0
16547,21980,77876,Kevin Porter,WAS,Washington Bullets,0028000184,1980-11-12,WAS @ BOS,L,0,1,,,0.0,,,0,0,,,,,,,,,,2,,0
16548,21980,76348,Austin Carr,WAS,Washington Bullets,0028000184,1980-11-12,WAS @ BOS,L,0,1,,,0.0,,,0,0,,,,,,,,,,2,,0
16549,21980,77189,Major Jones,HOU,Houston Rockets,0028000183,1980-11-12,HOU vs. LAL,W,0,1,,,0.0,,,0,0,,,,,,,,,,2,,0
16550,21980,77308,Joel Kramer,PHX,Phoenix Suns,0028000182,1980-11-12,PHX vs. SAN,W,0,1,,,0.0,,,0,0,,,,,,,,,,2,,0
16551,21980,76365,Harvey Catchings,MIL,Milwaukee Bucks,0028000180,1980-11-12,MIL @ DET,W,0,0,,,0.0,,,2,2,1.0,,,,,,,,,2,,0
16552,21980,76553,Larry Demic,NYK,New York Knicks,0028000179,1980-11-12,NYK @ PHL,W,0,1,,,0.0,,,0,0,,,,,,,,,,2,,0
16553,21980,76385,Maurice Cheeks,PHL,Philadelphia 76ers,0028000179,1980-11-12,PHL vs. NYK,L,0,1,,,0.0,,,0,0,,,,,,,,,,2,,0
16554,21980,77308,Joel Kramer,PHX,Phoenix Suns,0028000178,1980-11-11,PHX @ SDC,W,0,1,,,0.0,,,0,0,,,,,,,,,,2,,0
16555,21980,78618,Sam Worthen,CHI,Chicago Bulls,0028000177,1980-11-11,CHI vs. PHL,L,0,1,,,0.0,,,0,0,,,,,,,,,,2,,0
16556,21980,76385,Maurice Cheeks,PHL,Philadelphia 76ers,0028000177,1980-11-11,PHL @ CHI,W,0,1,,,0.0,,,0,0,,,,,,,,,,2,,0
16557,21980,77952,Micheal Ray Richardson,NYK,New York Knicks,0028000176,1980-11-11,NYK vs. DET,W,0,1,,,0.0,,,0,0,,,,,,,,,,2,,0
16558,21980,78000,John Roche,DEN,Denver Nuggets,0028000175,1980-11-11,DEN @ WAS,L,0,1,,,0.0,,,0,0,,,,,,,,,,2,,0
16559,21980,77998,Dave Robisch,DEN,Denver Nuggets,0028000175,1980-11-11,DEN @ WAS,L,0,1,,,0.0,,,0,0,,,,,,,,,,2,,0
16560,21980,77920,Jamesearl Ray,DEN,Denver Nuggets,0028000175,1980-11-11,DEN @ WAS,L,0,1,,,0.0,,,0,0,,,,,,,,,,2,,0
16561,21980,77715,Carl Nicks,DEN,Denver Nuggets,0028000175,1980-11-11,DEN @ WAS,L,0,1,,,0.0,,,0,0,,,,,,,,,,2,,0
16562,21980,77829,Sam Pellom,ATL,Atlanta Hawks,0028000174,1980-11-11,ATL vs. LAL,L,0,1,,,0.0,,,0,0,,,,,,,,,,2,,0
16563,21980,77100,Tony Jackson,LAL,Los Angeles Lakers,0028000174,1980-11-11,LAL @ ATL,W,0,1,,,0.0,,,0,0,,,,,,,,,,2,,0
16564,21980,77040,Brad Holland,LAL,Los Angeles Lakers,0028000174,1980-11-11,LAL @ ATL,W,0,1,,,0.0,,,0,0,,,,,,,,,,2,,0
16565,21980,77633,Johnny Moore,SAN,San Antonio Spurs,0028000171,1980-11-11,SAN vs. IND,L,0,0,,,0.0,,,2,6,0.333,,,,,,,,,2,,0
16566,21980,77602,Dick Miller,IND,Indiana Pacers,0028000171,1980-11-11,IND @ SAN,W,0,1,,,0.0,,,0,0,,,,,,,,,,2,,0
16567,21980,77163,Reggie Johnson,SAN,San Antonio Spurs,0028000171,1980-11-11,SAN vs. IND,L,0,1,,,0.0,,,0,0,,,,,,,,,,2,,0
16568,21980,76231,Dudley Bradley,IND,Indiana Pacers,0028000171,1980-11-11,IND @ SAN,W,0,1,,,0.0,,,0,2,0.0,,,,,,,,,2,,0
16569,21980,77353,Allen Leavell,HOU,Houston Rockets,0028000170,1980-11-11,HOU @ DAL,W,0,1,,,0.0,,,0,0,,,,,,,,,,2,,0
16570,21980,77189,Major Jones,HOU,Houston Rockets,0028000170,1980-11-11,HOU @ DAL,W,0,0,,,0.0,,,2,2,1.0,,,,,,,,,2,,0
16571,21980,77158,Lee Johnson,HOU,Houston Rockets,0028000170,1980-11-11,HOU @ DAL,W,0,1,,,0.0,,,0,0,,,,,,,,,,2,,0
16572,21980,76966,Joey Hassett,DAL,Dallas Mavericks,0028000170,1980-11-11,DAL vs. HOU,L,0,1,,,0.0,,,0,0,,,,,,,,,,2,,0
16573,21980,76030,Darrell Allums,DAL,Dallas Mavericks,0028000170,1980-11-11,DAL vs. HOU,L,0,1,,,0.0,,,0,0,,,,,,,,,,2,,0
16574,21980,77692,Kenny Natt,IND,Indiana Pacers,0028000169,1980-11-10,IND @ UTH,L,0,1,,,0.0,,,0,0,,,,,,,,,,2,,0
16575,21980,76948,James Hardy,UTH,Utah Jazz,0028000169,1980-11-10,UTH vs. IND,W,0,1,,,0.0,,,0,0,,,,,,,,,,2,,0
16576,21980,76686,Mike Evans,MIL,Milwaukee Bucks,0028000168,1980-11-09,MIL vs. PHL,L,0,1,,,0.0,,,0,0,,,,,,,,,,2,,0
16577,21980,76483,Pat Cummings,MIL,Milwaukee Bucks,0028000168,1980-11-09,MIL vs. PHL,L,0,1,,,0.0,,,0,0,,,,,,,,,,2,,0
16578,21980,78533,James Wilkes,CHI,Chicago Bulls,0028000167,1980-11-09,CHI @ BOS,L,0,1,,,0.0,,,0,0,,,,,,,,,,2,,0
16579,21980,78531,Bob Wilkerson,CHI,Chicago Bulls,0028000167,1980-11-09,CHI @ BOS,L,0,1,,,0.0,,,0,0,,,,,,,,,,2,,0
16580,21980,77312,Wayne Kreklow,BOS,Boston Celtics,0028000167,1980-11-09,BOS vs. CHI,W,0,1,,,0.0,,,0,0,,,,,,,,,,2,,0
16581,21980,76786,Calvin Garrett,HOU,Houston Rockets,0028000166,1980-11-08,HOU vs. PHX,L,0,1,,,0.0,,,0,0,,,,,,,,,,2,,0
16582,21980,78296,Brian Taylor,SDC,San Diego Clippers,0028000165,1980-11-08,SDC @ POR,W,0,0,,,0.0,,,2,2,1.0,,,,,,,,,2,,0
16583,21980,77911,Kelvin Ransey,POR,Portland Trail Blazers,0028000165,1980-11-08,POR vs. SDC,L,0,1,,,0.0,,,0,0,,,,,,,,,,2,,0
16584,21980,76954,Mike Harper,POR,Portland Trail Blazers,0028000165,1980-11-08,POR vs. SDC,L,0,1,,,0.0,,,0,2,0.0,,,,,,,,,2,,0
16585,21980,77944,Kevin Restani,SAN,San Antonio Spurs,0028000164,1980-11-08,SAN vs. LAL,W,0,1,,,0.0,,,0,0,,,,,,,,,,2,,0
16586,21980,77756,Mark Olberding,SAN,San Antonio Spurs,0028000164,1980-11-08,SAN vs. LAL,W,0,1,,,0.0,,,0,0,,,,,,,,,,2,,0
16587,21980,76947,Alan Hardy,LAL,Los Angeles Lakers,0028000164,1980-11-08,LAL @ SAN,L,0,1,,,0.0,,,0,0,,,,,,,,,,2,,0
16588,21980,76248,Jim Brewer,LAL,Los Angeles Lakers,0028000164,1980-11-08,LAL @ SAN,L,0,1,,,0.0,,,0,0,,,,,,,,,,2,,0
16589,21980,77848,Roger Phegley,CLE,Cleveland Cavaliers,0028000163,1980-11-08,CLE @ KCK,L,0,1,,,0.0,,,0,0,,,,,,,,,,2,,0
16590,21980,78146,Jerry Sichting,IND,Indiana Pacers,0028000162,1980-11-08,IND @ GOS,L,0,1,,,0.0,,,0,0,,,,,,,,,,2,,0
16591,21980,77419,John Lucas,GOS,Golden State Warriors,0028000162,1980-11-08,GOS vs. IND,W,0,0,,,0.0,,,2,5,0.4,,,,,,,,,2,,0
16592,21980,77490,Scott May,CHI,Chicago Bulls,0028000161,1980-11-08,CHI vs. DEN,L,0,1,,,0.0,,,0,2,0.0,,,,,,,,,2,,0
16593,21980,76618,T.R. Dunn,DEN,Denver Nuggets,0028000161,1980-11-08,DEN @ CHI,W,0,1,,,0.0,,,0,0,,,,,,,,,,2,,0
16594,21980,78481,Marvin Webster,NYK,New York Knicks,0028000159,1980-11-08,NYK @ UTH,W,0,1,,,0.0,,,0,0,,,,,,,,,,2,,0
16595,21980,77215,Jeff Judkins,UTH,Utah Jazz,0028000159,1980-11-08,UTH vs. NYK,L,0,0,,,0.0,,,2,2,1.0,,,,,,,,,2,,0
16596,21980,76948,James Hardy,UTH,Utah Jazz,0028000159,1980-11-08,UTH vs. NYK,L,0,1,,,0.0,,,0,0,,,,,,,,,,2,,0
16597,21980,76822,Mike Glenn,NYK,New York Knicks,0028000159,1980-11-08,NYK @ UTH,W,0,1,,,0.0,,,0,0,,,,,,,,,,2,,0
16598,21980,76225,Winford Boynes,DAL,Dallas Mavericks,0028000158,1980-11-08,DAL @ DET,L,0,0,,,0.0,,,2,2,1.0,,,,,,,,,2,,0
16599,21980,76030,Darrell Allums,DAL,Dallas Mavericks,0028000158,1980-11-08,DAL @ DET,L,0,1,,,0.0,,,0,0,,,,,,,,,,2,,0
16600,21980,77582,Joe Meriweather,KCK,Kansas City Kings,0028000157,1980-11-07,KCK @ PHL,L,0,1,,,0.0,,,0,0,,,,,,,,,,2,,0
16601,21980,77326,Sam Lacey,KCK,Kansas City Kings,0028000157,1980-11-07,KCK @ PHL,L,0,1,,,0.0,,,0,0,,,,,,,,,,2,,0
16602,21980,76899,Ernie Grunfeld,KCK,Kansas City Kings,0028000157,1980-11-07,KCK @ PHL,L,0,1,,,0.0,,,0,0,,,,,,,,,,2,,0
16603,21980,76802,Gus Gerard,KCK,Kansas City Kings,0028000157,1980-11-07,KCK @ PHL,L,0,1,,,0.0,,,0,0,,,,,,,,,,2,,0
16604,21980,76947,Alan Hardy,LAL,Los Angeles Lakers,0028000156,1980-11-07,LAL @ DAL,W,0,1,,,0.0,,,0,0,,,,,,,,,,2,,0
16605,21980,76707,Eric Fernsten,BOS,Boston Celtics,0028000155,1980-11-07,BOS vs. MIL,L,0,1,,,0.0,,,0,0,,,,,,,,,,2,,0
16606,21980,76686,Mike Evans,MIL,Milwaukee Bucks,0028000155,1980-11-07,MIL @ BOS,W,0,1,,,0.0,,,0,0,,,,,,,,,,2,,0
16607,21980,76944,Bill Hanzlik,SEA,Seattle SuperSonics,0028000154,1980-11-07,SEA vs. SDC,W,0,1,,,0.0,,,0,0,,,,,,,,,,2,,0
16608,21980,77829,Sam Pellom,ATL,Atlanta Hawks,0028000153,1980-11-07,ATL @ CHI,L,0,0,,,0.0,,,2,2,1.0,,,,,,,,6.0,2,,0
16609,21980,77490,Scott May,CHI,Chicago Bulls,0028000153,1980-11-07,CHI vs. ATL,W,0,1,,,0.0,,,0,0,,,,,,,,,,2,,0
16610,21980,77024,Armond Hill,ATL,Atlanta Hawks,0028000153,1980-11-07,ATL @ CHI,L,0,1,,,0.0,,,0,0,,,,,,,,,,2,,0
16611,21980,76305,Tom Burleson,ATL,Atlanta Hawks,0028000153,1980-11-07,ATL @ CHI,L,0,0,,,0.0,,,2,2,1.0,,,,,,,,6.0,2,,0
16612,21980,77021,Kenny Higgs,DEN,Denver Nuggets,0028000152,1980-11-07,DEN vs. NYK,L,0,0,,,0.0,,,2,2,1.0,,,,,,,,,2,,0
16613,21980,76822,Mike Glenn,NYK,New York Knicks,0028000152,1980-11-07,NYK @ DEN,W,0,1,,,0.0,,,0,0,,,,,,,,,,2,,0
16614,21980,76765,Tony Fuller,DET,Detroit Pistons,0028000151,1980-11-07,DET @ WAS,L,0,1,,,0.0,,,0,0,,,,,,,,,,2,,0
16615,21980,76283,Rickey Brown,GOS,Golden State Warriors,0028000150,1980-11-07,GOS @ POR,L,0,1,,,0.0,,,0,0,,,,,,,,,,2,,0
16616,21980,100263,Bill Laimbeer,CLE,Cleveland Cavaliers,0028000149,1980-11-06,CLE @ UTH,L,0,1,,,0.0,,,0,0,,,,,,,,,,2,,0
16617,21980,77848,Roger Phegley,CLE,Cleveland Cavaliers,0028000149,1980-11-06,CLE @ UTH,L,0,1,,,0.0,,,0,0,,,,,,,,,,2,,0
16618,21980,77262,Chad Kinch,CLE,Cleveland Cavaliers,0028000149,1980-11-06,CLE @ UTH,L,0,1,,,0.0,,,0,0,,,,,,,,,,2,,0
16619,21980,77215,Jeff Judkins,UTH,Utah Jazz,0028000149,1980-11-06,UTH vs. CLE,W,0,1,,,0.0,,,0,0,,,,,,,,,,2,,0
16620,21980,78307,Carlos Terry,WAS,Washington Bullets,0028000148,1980-11-06,WAS vs. DAL,W,0,1,,,0.0,,,0,0,,,,,,,,,,2,,0
16621,21980,77126,Abdul Jeelani,DAL,Dallas Mavericks,0028000148,1980-11-06,DAL @ WAS,L,0,0,,,0.0,,,2,2,1.0,,,,,,,,,2,,0
16622,21980,76030,Darrell Allums,DAL,Dallas Mavericks,0028000148,1980-11-06,DAL @ WAS,L,0,1,,,0.0,,,0,0,,,,,,,,,,2,,0
16623,21980,77635,Lowes Moore,NJN,New Jersey Nets,0028000147,1980-11-05,NJN vs. CHI,L,0,1,,,0.0,,,0,0,,,,,,,,,,2,,0
16624,21980,76765,Tony Fuller,DET,Detroit Pistons,0028000146,1980-11-05,DET @ PHL,L,0,1,,,0.0,,,0,2,0.0,,,,,,,,,2,,0
16625,21980,77312,Wayne Kreklow,BOS,Boston Celtics,0028000145,1980-11-05,BOS vs. ATL,W,0,0,,,0.0,,,2,2,1.0,,,,,,,,,2,,0
16626,21980,77152,John Johnson,SEA,Seattle SuperSonics,0028000144,1980-11-05,SEA vs. DEN,L,0,1,,,0.0,,,0,0,,,,,,,,,,2,,0
16627,21980,76944,Bill Hanzlik,SEA,Seattle SuperSonics,0028000144,1980-11-05,SEA vs. DEN,L,0,0,,,0.0,,,2,2,1.0,,,,,,,,,2,,0
16628,21980,76830,Glen Gondrezick,DEN,Denver Nuggets,0028000144,1980-11-05,DEN @ SEA,W,0,0,,,0.0,,,2,2,1.0,,,,,,,,,2,,0
16629,21980,78481,Marvin Webster,NYK,New York Knicks,0028000142,1980-11-05,NYK @ KCK,L,0,1,,,0.0,,,0,0,,,,,,,,,,2,,0
16630,21980,76802,Gus Gerard,KCK,Kansas City Kings,0028000142,1980-11-05,KCK vs. NYK,W,0,1,,,0.0,,,0,0,,,,,,,,,,2,,0
16631,21980,77817,Billy Paultz,HOU,Houston Rockets,0028000141,1980-11-05,HOU vs. SDC,L,0,1,,,0.0,,,0,0,,,,,,,,,,2,,0
16632,21980,76996,Tom Henderson,HOU,Houston Rockets,0028000141,1980-11-05,HOU vs. SDC,L,0,1,,,0.0,,,0,0,,,,,,,,,,2,,0
16633,21980,76616,Mike Dunleavy,HOU,Houston Rockets,0028000141,1980-11-05,HOU vs. SDC,L,0,1,,,0.0,,,0,0,,,,,,,,,,2,,0
16634,21980,77917,Clifford Ray,GOS,Golden State Warriors,0028000140,1980-11-05,GOS vs. CLE,W,0,1,,,0.0,,,0,0,,,,,,,,,,2,,0
16635,21980,77800,Sonny Parker,GOS,Golden State Warriors,0028000140,1980-11-05,GOS vs. CLE,W,0,1,,,0.0,,,0,0,,,,,,,,,,2,,0
16636,21980,77623,Paul Mokeski,DET,Detroit Pistons,0028000139,1980-11-04,DET @ MIL,W,0,1,,,0.0,,,0,0,,,,,,,,,,2,,0
16637,21980,76686,Mike Evans,MIL,Milwaukee Bucks,0028000139,1980-11-04,MIL vs. DET,L,0,1,,,0.0,,,0,0,,,,,,,,,,2,,0
16638,21980,76483,Pat Cummings,MIL,Milwaukee Bucks,0028000139,1980-11-04,MIL vs. DET,L,0,1,,,0.0,,,0,0,,,,,,,,,,2,,0
16639,21980,77334,Mark Landsberger,LAL,Los Angeles Lakers,0028000138,1980-11-04,LAL vs. POR,W,0,1,,,0.0,,,0,0,,,,,,,,,,2,,0
16640,21980,76290,Joe Bryant,SDC,San Diego Clippers,0028000137,1980-11-04,SDC @ DAL,W,0,1,,,0.0,,,0,0,,,,,,,,,,2,,0
16641,21980,78146,Jerry Sichting,IND,Indiana Pacers,0028000136,1980-11-04,IND @ PHX,L,0,1,,,0.0,,,0,0,,,,,,,,,,2,,0
16642,21980,78095,Alvin Scott,PHX,Phoenix Suns,0028000136,1980-11-04,PHX vs. IND,W,0,1,,,0.0,,,0,0,,,,,,,,,,2,,0
16643,21980,77770,Louis Orr,IND,Indiana Pacers,0028000136,1980-11-04,IND @ PHX,L,0,1,,,0.0,,,0,0,,,,,,,,,,2,,0
16644,21980,77876,Kevin Porter,WAS,Washington Bullets,0028000134,1980-11-04,WAS vs. ATL,W,0,1,,,0.0,,,0,0,,,,,,,,,,2,,0
16645,21980,78516,Jerome Whitehead,CLE,Cleveland Cavaliers,0028000133,1980-11-03,CLE @ SEA,L,0,1,,,0.0,,,0,0,,,,,,,,,,2,,0
16646,21980,76242,Mike Bratz,CLE,Cleveland Cavaliers,0028000133,1980-11-03,CLE @ SEA,L,0,1,,,0.0,,,0,0,,,,,,,,,,2,,0
16647,21980,78468,Richard Washington,CLE,Cleveland Cavaliers,0028000130,1980-11-02,CLE @ POR,L,0,1,,,0.0,,,0,0,,,,,,,,,,2,,0
16648,21980,76899,Ernie Grunfeld,KCK,Kansas City Kings,0028000129,1980-11-01,KCK vs. PHX,L,0,1,,,0.0,,,0,1,0.0,,,,,,,,,2,,0
16649,21980,76802,Gus Gerard,KCK,Kansas City Kings,0028000129,1980-11-01,KCK vs. PHX,L,0,0,,,0.0,,,2,4,0.5,,,,,,,,,2,,0
16650,21980,76895,Bob Gross,POR,Portland Trail Blazers,0028000128,1980-11-01,POR vs. UTH,L,0,1,,,0.0,,,0,0,,,,,,,,,,2,,0
16651,21980,76121,Billyray Bates,POR,Portland Trail Blazers,0028000128,1980-11-01,POR vs. UTH,L,0,1,,,0.0,,,0,0,,,,,,,,,,2,,0
16652,21980,76365,Harvey Catchings,MIL,Milwaukee Bucks,0028000126,1980-11-01,MIL @ ATL,W,0,1,,,0.0,,,0,0,,,,,,,,,,2,,0
16653,21980,78390,Terry Tyler,DET,Detroit Pistons,0028000125,1980-11-01,DET @ CHI,L,0,1,,,0.0,,,0,0,,,,,,,,,,2,,0
16654,21980,77623,Paul Mokeski,DET,Detroit Pistons,0028000125,1980-11-01,DET @ CHI,L,0,0,,,0.0,,,2,2,1.0,,,,,,,,,2,,0
16655,21980,78442,Wally Walker,SEA,Seattle SuperSonics,0028000124,1980-11-01,SEA @ DEN,L,0,1,,,0.0,,,0,0,,,,,,,,,,2,,0
16656,21980,76830,Glen Gondrezick,DEN,Denver Nuggets,0028000124,1980-11-01,DEN vs. SEA,W,0,1,,,0.0,,,0,0,,,,,,,,,,2,,0
16657,21980,76618,T.R. Dunn,DEN,Denver Nuggets,0028000124,1980-11-01,DEN vs. SEA,W,0,1,,,0.0,,,0,0,,,,,,,,,,2,,0
16658,21980,76360,Reggie Carter,NYK,New York Knicks,0028000123,1980-11-01,NYK vs. WAS,W,0,1,,,0.0,,,0,0,,,,,,,,,,2,,0
16659,21980,78143,John Shumate,SAN,San Antonio Spurs,0028000122,1980-11-01,SAN @ GOS,L,0,0,,,0.0,,,2,3,0.667,,,,,,,,,2,,0
16660,21980,77633,Johnny Moore,SAN,San Antonio Spurs,0028000122,1980-11-01,SAN @ GOS,L,0,1,,,0.0,,,0,0,,,,,,,,,,2,,0
16661,21980,77163,Reggie Johnson,SAN,San Antonio Spurs,0028000122,1980-11-01,SAN @ GOS,L,0,1,,,0.0,,,0,0,,,,,,,,,,2,,0
16662,21980,76826,Mike Gminski,NJN,New Jersey Nets,0028000121,1980-11-01,NJN @ IND,L,0,1,,,0.0,,,0,0,,,,,,,,,,2,,0
16663,21980,76583,James Donaldson,SEA,Seattle SuperSonics,0028000120,1980-10-31,SEA vs. SAN,L,0,1,,,0.0,,,0,2,0.0,,,,,,,,,2,,0
16664,21980,76348,Austin Carr,DAL,Dallas Mavericks,0028000119,1980-10-31,DAL @ UTH,L,0,1,,,0.0,,,0,0,,,,,,,,,,2,,0
16665,21980,78195,Larry Smith,GOS,Golden State Warriors,0028000118,1980-10-31,GOS @ SDC,L,0,0,,,0.0,,,2,2,1.0,,,,,,,,6.0,2,,0
16666,21980,77937,Billy Reid,GOS,Golden State Warriors,0028000118,1980-10-31,GOS @ SDC,L,0,1,,,0.0,,,0,0,,,,,,,,,,2,,0
16667,21980,77040,Brad Holland,LAL,Los Angeles Lakers,0028000117,1980-10-31,LAL vs. CLE,W,0,1,,,0.0,,,0,0,,,,,,,,,,2,,0
16668,21980,76947,Alan Hardy,LAL,Los Angeles Lakers,0028000117,1980-10-31,LAL vs. CLE,W,0,1,,,0.0,,,0,0,,,,,,,,,,2,,0
16669,21980,76248,Jim Brewer,LAL,Los Angeles Lakers,0028000117,1980-10-31,LAL vs. CLE,W,0,1,,,0.0,,,0,0,,,,,,,,,,2,,0
16670,21980,77754,Mike O'Koren,NJN,New Jersey Nets,0028000115,1980-10-31,NJN vs. WAS,W,0,1,,,0.0,,,0,0,,,,,,,,,,2,,0
16671,21980,76826,Mike Gminski,NJN,New Jersey Nets,0028000115,1980-10-31,NJN vs. WAS,W,0,0,,,0.0,,,2,3,0.667,,,,,,,,,2,,0
16672,21980,76899,Ernie Grunfeld,KCK,Kansas City Kings,0028000114,1980-10-31,KCK @ BOS,L,0,1,,,0.0,,,0,0,,,,,,,,,,2,,0
16673,21980,76707,Eric Fernsten,BOS,Boston Celtics,0028000114,1980-10-31,BOS vs. KCK,W,0,1,,,0.0,,,0,0,,,,,,,,,,2,,0
16674,21980,77718,Mike Niles,PHX,Phoenix Suns,0028000113,1980-10-31,PHX @ DET,W,0,1,,,0.0,,,0,0,,,,,,,,,,2,,0
16675,21980,77438,Kyle Macy,PHX,Phoenix Suns,0028000113,1980-10-31,PHX @ DET,W,0,1,,,0.0,,,0,0,,,,,,,,,,2,,0
16676,21980,77364,Ron Lee,DET,Detroit Pistons,0028000113,1980-10-31,DET vs. PHX,L,0,1,,,0.0,,,0,2,0.0,,,,,,,,6.0,2,,0
16677,21980,78618,Sam Worthen,CHI,Chicago Bulls,0028000112,1980-10-31,CHI vs. IND,L,0,1,,,0.0,,,0,1,0.0,,,,,,,,,2,,0
16678,21980,78533,James Wilkes,CHI,Chicago Bulls,0028000112,1980-10-31,CHI vs. IND,L,0,1,,,0.0,,,0,0,,,,,,,,,,2,,0
16679,21980,77770,Louis Orr,IND,Indiana Pacers,0028000112,1980-10-31,IND @ CHI,W,0,1,,,0.0,,,0,0,,,,,,,,,,2,,0
16680,21980,76553,Larry Demic,NYK,New York Knicks,0028000111,1980-10-30,NYK vs. ATL,W,0,1,,,0.0,,,0,0,,,,,,,,,,2,,0
16681,21980,77323,Kevin Kunnert,POR,Portland Trail Blazers,0028000110,1980-10-29,POR @ KCK,L,0,1,,,0.0,,,0,0,,,,,,,,,,2,,0
16682,21980,76802,Gus Gerard,KCK,Kansas City Kings,0028000110,1980-10-29,KCK vs. POR,W,0,0,,,0.0,,,2,2,1.0,,,,,,,,,2,,0
16683,21980,78520,Sidney Wicks,SDC,San Diego Clippers,0028000107,1980-10-29,SDC @ PHX,L,0,1,,,0.0,,,0,0,,,,,,,,,,2,,0
16684,21980,77718,Mike Niles,PHX,Phoenix Suns,0028000107,1980-10-29,PHX vs. SDC,W,0,1,,,0.0,,,0,0,,,,,,,,,,2,,0
16685,21980,77308,Joel Kramer,PHX,Phoenix Suns,0028000107,1980-10-29,PHX vs. SDC,W,0,1,,,0.0,,,0,0,,,,,,,,,,2,,0
16686,21980,77817,Billy Paultz,HOU,Houston Rockets,0028000106,1980-10-29,HOU vs. DAL,W,0,1,,,0.0,,,0,0,,,,,,,,,,2,,0
16687,21980,77353,Allen Leavell,HOU,Houston Rockets,0028000106,1980-10-29,HOU vs. DAL,W,0,1,,,0.0,,,0,0,,,,,,,,,,2,,0
16688,21980,77126,Abdul Jeelani,DAL,Dallas Mavericks,0028000106,1980-10-29,DAL @ HOU,L,0,1,,,0.0,,,0,0,,,,,,,,,,2,,0
16689,21980,77996,Wayne Robinson,DET,Detroit Pistons,0028000105,1980-10-29,DET vs. BOS,L,0,1,,,0.0,,,0,0,,,,,,,,,,2,,0
16690,21980,77623,Paul Mokeski,DET,Detroit Pistons,0028000105,1980-10-29,DET vs. BOS,L,0,1,,,0.0,,,0,0,,,,,,,,,,2,,0
16691,21980,77364,Ron Lee,DET,Detroit Pistons,0028000105,1980-10-29,DET vs. BOS,L,0,1,,,0.0,,,0,0,,,,,,,,,,2,,0
16692,21980,77312,Wayne Kreklow,BOS,Boston Celtics,0028000105,1980-10-29,BOS @ DET,W,0,1,,,0.0,,,0,0,,,,,,,,,,2,,0
16693,21980,76707,Eric Fernsten,BOS,Boston Celtics,0028000105,1980-10-29,BOS @ DET,W,0,1,,,0.0,,,0,0,,,,,,,,,,2,,0
16694,21980,78351,Andrew Toney,PHL,Philadelphia 76ers,0028000104,1980-10-29,PHL vs. CHI,W,0,1,,,0.0,,,0,0,,,,,,,,,,2,,0
16695,21980,77373,Ronnie Lester,CHI,Chicago Bulls,0028000104,1980-10-29,CHI @ PHL,L,0,1,,,0.0,,,0,0,,,,,,,,,,2,,0
16696,21980,77920,Jamesearl Ray,DEN,Denver Nuggets,0028000103,1980-10-29,DEN @ GOS,L,0,0,,,0.0,,,2,2,1.0,,,,,,,,,2,,0
16697,21980,77917,Clifford Ray,GOS,Golden State Warriors,0028000103,1980-10-29,GOS vs. DEN,W,0,1,,,0.0,,,0,0,,,,,,,,,,2,,0
16698,21980,77078,Kim Hughes,DEN,Denver Nuggets,0028000103,1980-10-29,DEN @ GOS,L,0,1,,,0.0,,,0,0,,,,,,,,,,2,,0
16699,21980,76830,Glen Gondrezick,DEN,Denver Nuggets,0028000103,1980-10-29,DEN @ GOS,L,0,1,,,0.0,,,0,0,,,,,,,,,,2,,0
16700,21980,78614,Mike Woodson,NYK,New York Knicks,0028000102,1980-10-29,NYK @ IND,L,0,1,,,0.0,,,0,0,,,,,,,,,,2,,0
16701,21980,78146,Jerry Sichting,IND,Indiana Pacers,0028000102,1980-10-29,IND vs. NYK,W,0,0,,,0.0,,,2,2,1.0,,,,,,,,,2,,0
16702,21980,77692,Kenny Natt,IND,Indiana Pacers,0028000102,1980-10-29,IND vs. NYK,W,0,1,,,0.0,,,0,0,,,,,,,,,,2,,0
16703,21980,76822,Mike Glenn,NYK,New York Knicks,0028000102,1980-10-29,NYK @ IND,L,0,1,,,0.0,,,0,0,,,,,,,,,,2,,0
16704,21980,76360,Reggie Carter,NYK,New York Knicks,0028000102,1980-10-29,NYK @ IND,L,0,1,,,0.0,,,0,1,0.0,,,,,,,,,2,,0
16705,21980,76583,James Donaldson,SEA,Seattle SuperSonics,0028000101,1980-10-28,SEA vs. GOS,W,0,1,,,0.0,,,0,0,,,,,,,,,,2,,0
16706,21980,77873,Ben Poquette,UTH,Utah Jazz,0028000100,1980-10-28,UTH @ DAL,W,0,1,,,0.0,,,0,0,,,,,,,,,,2,,0
16707,21980,76619,John Duren,UTH,Utah Jazz,0028000100,1980-10-28,UTH @ DAL,W,0,1,,,0.0,,,0,0,,,,,,,,,,2,,0
16708,21980,76030,Darrell Allums,DAL,Dallas Mavericks,0028000100,1980-10-28,DAL vs. UTH,L,0,1,,,0.0,,,0,0,,,,,,,,,,2,,0
16709,21980,600010,Len Elmore,MIL,Milwaukee Bucks,0028000099,1980-10-28,MIL @ CHI,W,0,1,,,0.0,,,0,0,,,,,,,,,,2,,0
16710,21980,77490,Scott May,CHI,Chicago Bulls,0028000099,1980-10-28,CHI vs. MIL,L,0,1,,,0.0,,,0,0,,,,,,,,,,2,,0
16711,21980,77910,Wally Rank,SDC,San Diego Clippers,0028000098,1980-10-28,SDC vs. LAL,L,0,1,,,0.0,,,0,0,,,,,,,,,,2,,0
16712,21980,77882,Tony Price,SDC,San Diego Clippers,0028000098,1980-10-28,SDC vs. LAL,L,0,1,,,0.0,,,0,0,,,,,,,,,,2,,0
16713,21980,76248,Jim Brewer,LAL,Los Angeles Lakers,0028000098,1980-10-28,LAL @ SDC,W,0,1,,,0.0,,,0,0,,,,,,,,,,2,,0
16714,21980,77950,Clint Richardson,PHL,Philadelphia 76ers,0028000097,1980-10-28,PHL @ CLE,W,0,1,,,0.0,,,0,0,,,,,,,,,,2,,0
16715,21980,76350,Kenny Carr,CLE,Cleveland Cavaliers,0028000097,1980-10-28,CLE vs. PHL,L,0,1,,,0.0,,,0,0,,,,,,,,,6.0,2,,0
16716,21980,940,Earl Cureton,PHL,Philadelphia 76ers,0028000097,1980-10-28,PHL @ CLE,W,0,1,,,0.0,,,0,0,,,,,,,,,,2,,0
16717,21980,77163,Reggie Johnson,SAN,San Antonio Spurs,0028000096,1980-10-28,SAN vs. POR,W,0,1,,,0.0,,,0,0,,,,,,,,,,2,,0
16718,21980,76583,James Donaldson,SEA,Seattle SuperSonics,0028000094,1980-10-26,SEA vs. POR,W,0,1,,,0.0,,,0,0,,,,,,,,,,2,,0
16719,21980,78143,John Shumate,SAN,San Antonio Spurs,0028000093,1980-10-26,SAN @ LAL,W,0,0,,,0.0,,,2,4,0.5,,,,,,,,,2,,0
16720,21980,76444,Michael Cooper,LAL,Los Angeles Lakers,0028000093,1980-10-26,LAL vs. SAN,L,0,1,,,0.0,,,0,0,,,,,,,,,,2,,0
16721,21980,76355,Butch Carter,LAL,Los Angeles Lakers,0028000093,1980-10-26,LAL vs. SAN,L,0,1,,,0.0,,,0,0,,,,,,,,,,2,,0
16722,21980,76686,Mike Evans,MIL,Milwaukee Bucks,0028000092,1980-10-26,MIL vs. WAS,W,0,1,,,0.0,,,0,0,,,,,,,,,,2,,0
16723,21980,76500,Bob Dandridge,WAS,Washington Bullets,0028000092,1980-10-26,WAS @ MIL,L,0,1,,,0.0,,,0,0,,,,,,,,,,2,,0
16724,21980,328,Rick Mahorn,WAS,Washington Bullets,0028000092,1980-10-26,WAS @ MIL,L,0,1,,,0.0,,,0,0,,,,,,,,,,2,,0
16725,21980,77882,Tony Price,SDC,San Diego Clippers,0028000091,1980-10-25,SDC vs. SAN,L,0,1,,,0.0,,,0,0,,,,,,,,,,2,,0
16726,21980,77163,Reggie Johnson,SAN,San Antonio Spurs,0028000091,1980-10-25,SAN @ SDC,W,0,1,,,0.0,,,0,0,,,,,,,,,,2,,0
16727,21980,76771,Mike Gale,SAN,San Antonio Spurs,0028000091,1980-10-25,SAN @ SDC,W,0,1,,,0.0,,,0,0,,,,,,,,,,2,,0
16728,21980,77189,Major Jones,HOU,Houston Rockets,0028000089,1980-10-25,HOU vs. DET,L,0,1,,,0.0,,,0,0,,,,,,,,,,2,,0
16729,21980,76786,Calvin Garrett,HOU,Houston Rockets,0028000089,1980-10-25,HOU vs. DET,L,0,1,,,0.0,,,0,0,,,,,,,,,,2,,0
16730,21980,77873,Ben Poquette,UTH,Utah Jazz,0028000088,1980-10-25,UTH vs. LAL,L,0,1,,,0.0,,,0,0,,,,,,,,,,2,,0
16731,21980,76444,Michael Cooper,LAL,Los Angeles Lakers,0028000088,1980-10-25,LAL @ UTH,W,0,0,,,0.0,,,2,2,1.0,,,,,,,,,2,,0
16732,21980,328,Rick Mahorn,WAS,Washington Bullets,0028000087,1980-10-25,WAS vs. BOS,L,0,1,,,0.0,,,0,0,,,,,,,,,,2,,0
16733,21980,76830,Glen Gondrezick,DEN,Denver Nuggets,0028000086,1980-10-25,DEN @ KCK,L,0,1,,,0.0,,,0,0,,,,,,,,,,2,,0
16734,21980,76618,T.R. Dunn,DEN,Denver Nuggets,0028000086,1980-10-25,DEN @ KCK,L,0,1,,,0.0,,,0,0,,,,,,,,,,2,,0
16735,21980,78513,Rudy White,GOS,Golden State Warriors,0028000085,1980-10-25,GOS vs. DAL,W,0,1,,,0.0,,,0,0,,,,,,,,,,2,,0
16736,21980,76321,Marty Byrnes,DAL,Dallas Mavericks,0028000085,1980-10-25,DAL @ GOS,L,0,1,,,0.0,,,0,2,0.0,,,,,,,,,2,,0
16737,21980,76283,Rickey Brown,GOS,Golden State Warriors,0028000085,1980-10-25,GOS vs. DAL,W,0,1,,,0.0,,,0,0,,,,,,,,,,2,,0
16738,21980,78618,Sam Worthen,CHI,Chicago Bulls,0028000084,1980-10-25,CHI @ MIL,L,0,1,,,0.0,,,0,0,,,,,,,,,,2,,0
16739,21980,77373,Ronnie Lester,CHI,Chicago Bulls,0028000084,1980-10-25,CHI @ MIL,L,0,1,,,0.0,,,0,0,,,,,,,,,,2,,0
16740,21980,76483,Pat Cummings,MIL,Milwaukee Bucks,0028000084,1980-10-25,MIL vs. CHI,W,0,1,,,0.0,,,0,0,,,,,,,,,,2,,0
16741,21980,77692,Kenny Natt,IND,Indiana Pacers,0028000083,1980-10-25,IND @ CLE,L,0,1,,,0.0,,,0,0,,,,,,,,,,2,,0
16742,21980,77553,Tom McMillen,ATL,Atlanta Hawks,0028000082,1980-10-25,ATL vs. PHL,L,0,1,,,0.0,,,0,0,,,,,,,,,,2,,0
16743,21980,77167,Vinnie Johnson,SEA,Seattle SuperSonics,0028000081,1980-10-25,SEA vs. PHX,L,0,1,,,0.0,,,0,0,,,,,,,,,,2,,0
16744,21980,77334,Mark Landsberger,LAL,Los Angeles Lakers,0028000079,1980-10-24,LAL vs. SEA,W,0,1,,,0.0,,,0,0,,,,,,,,,,2,,0
16745,21980,77876,Kevin Porter,WAS,Washington Bullets,0028000078,1980-10-24,WAS @ CHI,L,0,1,,,0.0,,,0,0,,,,,,,,,,2,,0
16746,21980,76567,Coby Dietrick,CHI,Chicago Bulls,0028000078,1980-10-24,CHI vs. WAS,W,0,1,,,0.0,,,0,0,,,,,,,,,,2,,0
16747,21980,76985,Garfield Heard,SDC,San Diego Clippers,0028000077,1980-10-24,SDC vs. UTH,W,0,1,,,0.0,,,0,1,0.0,,,,,,,,,2,,0
16748,21980,76619,John Duren,UTH,Utah Jazz,0028000077,1980-10-24,UTH @ SDC,L,0,1,,,0.0,,,0,0,,,,,,,,,,2,,0
16749,21980,78400,Jan Van Breda Kolff,NJN,New Jersey Nets,0028000075,1980-10-24,NJN vs. CLE,L,0,0,,,0.0,,,2,2,1.0,,,,,,,,,2,,0
16750,21980,77998,Dave Robisch,CLE,Cleveland Cavaliers,0028000075,1980-10-24,CLE @ NJN,W,0,1,,,0.0,,,0,0,,,,,,,,,,2,,0
16751,21980,77262,Chad Kinch,CLE,Cleveland Cavaliers,0028000075,1980-10-24,CLE @ NJN,W,0,1,,,0.0,,,0,0,,,,,,,,,,2,,0
16752,21980,78146,Jerry Sichting,IND,Indiana Pacers,0028000074,1980-10-24,IND vs. ATL,W,0,1,,,0.0,,,0,0,,,,,,,,,,2,,0
16753,21980,76993,Gerald Henderson,BOS,Boston Celtics,0028000073,1980-10-23,BOS vs. NYK,L,0,1,,,0.0,,,0,0,,,,,,,,,,2,,0
16754,21980,1450,Kevin McHale,BOS,Boston Celtics,0028000073,1980-10-23,BOS vs. NYK,L,0,1,,,0.0,,,0,0,,,,,,,,,,2,,0
16755,21980,77669,Calvin Murphy,HOU,Houston Rockets,0028000072,1980-10-23,HOU vs. KCK,L,0,1,,,0.0,,,0,0,,,,,,,,,,2,,0
16756,21980,76590,Leon Douglas,KCK,Kansas City Kings,0028000072,1980-10-23,KCK @ HOU,W,0,1,,,0.0,,,0,0,,,,,,,,,,2,,0
16757,21980,77800,Sonny Parker,GOS,Golden State Warriors,0028000071,1980-10-23,GOS @ SAN,L,0,1,,,0.0,,,0,0,,,,,,,,,,2,,0
16758,21980,77168,Mickey Johnson,MIL,Milwaukee Bucks,0028000068,1980-10-22,MIL @ IND,W,0,1,,,0.0,,,0,0,,,,,,,,,6.0,2,,0
16759,21980,76091,Greg Ballard,WAS,Washington Bullets,0028000067,1980-10-22,WAS vs. CLE,W,0,1,,,0.0,,,0,0,,,,,,,,,,2,,0
16760,21980,76826,Mike Gminski,NJN,New Jersey Nets,0028000066,1980-10-22,NJN vs. BOS,L,0,1,,,0.0,,,0,0,,,,,,,,,,2,,0
16761,21980,76656,Bob Elliott,NJN,New Jersey Nets,0028000066,1980-10-22,NJN vs. BOS,L,0,1,,,0.0,,,0,0,,,,,,,,,,2,,0
16762,21980,305,Robert Parish,BOS,Boston Celtics,0028000066,1980-10-22,BOS @ NJN,W,0,1,,,0.0,,,0,2,0.0,,,,,,,,,2,,0
16763,21980,600010,Len Elmore,MIL,Milwaukee Bucks,0028000065,1980-10-21,MIL vs. CLE,W,0,1,,,0.0,,,0,0,,,,,,,,,,2,,0
16764,21980,77078,Kim Hughes,DEN,Denver Nuggets,0028000063,1980-10-21,DEN vs. HOU,L,0,1,,,0.0,,,0,0,,,,,,,,,,2,,0
16765,21980,76996,Tom Henderson,HOU,Houston Rockets,0028000063,1980-10-21,HOU @ DEN,W,0,1,,,0.0,,,0,0,,,,,,,,,,2,,0
16766,21980,76616,Mike Dunleavy,HOU,Houston Rockets,0028000063,1980-10-21,HOU @ DEN,W,0,1,,,0.0,,,0,0,,,,,,,,,,2,,0
16767,21980,78519,Charles Whitney,KCK,Kansas City Kings,0028000062,1980-10-21,KCK vs. GOS,L,0,0,,,0.0,,,2,2,1.0,,,,,,,,,2,,0
16768,21980,77937,Billy Reid,GOS,Golden State Warriors,0028000062,1980-10-21,GOS @ KCK,W,0,1,,,0.0,,,0,0,,,,,,,,,,2,,0
16769,21980,77917,Clifford Ray,GOS,Golden State Warriors,0028000062,1980-10-21,GOS @ KCK,W,0,0,,,0.0,,,2,5,0.4,,,,,,,,,2,,0
16770,21980,77163,Reggie Johnson,SAN,San Antonio Spurs,0028000061,1980-10-21,SAN vs. SDC,W,0,1,,,0.0,,,0,0,,,,,,,,,,2,,0
16771,21980,77528,Jim McElroy,ATL,Atlanta Hawks,0028000060,1980-10-21,ATL vs. IND,L,0,0,,,0.0,,,2,2,1.0,,,,,,,,,2,,0
16772,21980,78095,Alvin Scott,PHX,Phoenix Suns,0028000059,1980-10-21,PHX vs. DAL,W,0,1,,,0.0,,,0,0,,,,,,,,,,2,,0
16773,21980,78533,James Wilkes,CHI,Chicago Bulls,0028000058,1980-10-21,CHI @ NYK,L,0,1,,,0.0,,,0,0,,,,,,,,,,2,,0
16774,21980,76567,Coby Dietrick,CHI,Chicago Bulls,0028000058,1980-10-21,CHI @ NYK,L,0,1,,,0.0,,,0,0,,,,,,,,,,2,,0
16775,21980,76985,Garfield Heard,SDC,San Diego Clippers,0028000056,1980-10-19,SDC vs. PHX,L,0,1,,,0.0,,,0,0,,,,,,,,,,2,,0
16776,21980,77040,Brad Holland,LAL,Los Angeles Lakers,0028000055,1980-10-19,LAL vs. GOS,W,0,1,,,0.0,,,0,0,,,,,,,,,,2,,0
16777,21980,76947,Alan Hardy,LAL,Los Angeles Lakers,0028000055,1980-10-19,LAL vs. GOS,W,0,1,,,0.0,,,0,0,,,,,,,,,,2,,0
16778,21980,78436,Foots Walker,NJN,New Jersey Nets,0028000054,1980-10-19,NJN @ MIL,L,0,1,,,0.0,,,0,0,,,,,,,,,,2,,0
16779,21980,77205,Eddie Jordan,NJN,New Jersey Nets,0028000054,1980-10-19,NJN @ MIL,L,0,1,,,0.0,,,0,0,,,,,,,,,,2,,0
16780,21980,76483,Pat Cummings,MIL,Milwaukee Bucks,0028000054,1980-10-19,MIL vs. NJN,W,0,0,,,0.0,,,2,2,1.0,,,,,,,,,2,,0
16781,21980,77800,Sonny Parker,GOS,Golden State Warriors,0028000053,1980-10-18,GOS vs. HOU,W,0,1,,,0.0,,,0,0,,,,,,,,,,2,,0
16782,21980,77189,Major Jones,HOU,Houston Rockets,0028000053,1980-10-18,HOU @ GOS,L,0,1,,,0.0,,,0,0,,,,,,,,,,2,,0
16783,21980,77158,Lee Johnson,HOU,Houston Rockets,0028000053,1980-10-18,HOU @ GOS,L,0,1,,,0.0,,,0,0,,,,,,,,,,2,,0
16784,21980,76786,Calvin Garrett,HOU,Houston Rockets,0028000053,1980-10-18,HOU @ GOS,L,0,1,,,0.0,,,0,0,,,,,,,,,,2,,0
16785,21980,76616,Mike Dunleavy,HOU,Houston Rockets,0028000053,1980-10-18,HOU @ GOS,L,0,1,,,0.0,,,0,0,,,,,,,,,,2,,0
16786,21980,78533,James Wilkes,CHI,Chicago Bulls,0028000051,1980-10-18,CHI vs. NJN,L,0,1,,,0.0,,,0,0,,,,,,,,,,2,,0
16787,21980,77432,Ollie Mack,CHI,Chicago Bulls,0028000051,1980-10-18,CHI vs. NJN,L,0,1,,,0.0,,,0,0,,,,,,,,,,2,,0
16788,21980,76567,Coby Dietrick,CHI,Chicago Bulls,0028000051,1980-10-18,CHI vs. NJN,L,0,1,,,0.0,,,0,0,,,,,,,,,,2,,0
16789,21980,76435,Darwin Cook,NJN,New Jersey Nets,0028000051,1980-10-18,NJN @ CHI,W,0,1,,,0.0,,,0,0,,,,,,,,,,2,,0
16790,21980,78392,Wes Unseld,WAS,Washington Bullets,0028000050,1980-10-18,WAS @ PHL,L,0,1,,,0.0,,,0,0,,,,,,,,,,2,,0
16791,21980,76520,Monti Davis,PHL,Philadelphia 76ers,0028000050,1980-10-18,PHL vs. WAS,W,0,1,,,0.0,,,0,0,,,,,,,,,,2,,0
16792,21980,76085,James Bailey,SEA,Seattle SuperSonics,0028000049,1980-10-18,SEA @ KCK,W,0,1,,,0.0,,,0,2,0.0,,,,,,,,,2,,0
16793,21980,77984,Rick Robey,BOS,Boston Celtics,0028000048,1980-10-18,BOS @ IND,L,0,1,,,0.0,,,0,0,,,,,,,,,,2,,0
16794,21980,600010,Len Elmore,MIL,Milwaukee Bucks,0028000046,1980-10-18,MIL @ CLE,W,0,0,,,0.0,,,2,2,1.0,,,,,,,,,2,,0
16795,21980,77757,Jawann Oldham,DEN,Denver Nuggets,0028000045,1980-10-18,DEN @ UTH,L,0,1,,,0.0,,,0,0,,,,,,,,,,2,,0
16796,21980,77528,Jim McElroy,ATL,Atlanta Hawks,0028000044,1980-10-17,ATL vs. NYK,W,0,1,,,0.0,,,0,0,,,,,,,,,,2,,0
16797,21980,76822,Mike Glenn,NYK,New York Knicks,0028000044,1980-10-17,NYK @ ATL,L,0,1,,,0.0,,,0,0,,,,,,,,,,2,,0
16798,21980,76786,Calvin Garrett,HOU,Houston Rockets,0028000042,1980-10-17,HOU @ POR,W,0,0,,,0.0,,,2,2,1.0,,,,,,,,,2,,0
16799,21980,78516,Jerome Whitehead,DAL,Dallas Mavericks,0028000041,1980-10-17,DAL vs. KCK,L,0,1,,,0.0,,,0,0,,,,,,,,,,2,,0
16800,21980,76604,Ralph Drollinger,DAL,Dallas Mavericks,0028000041,1980-10-17,DAL vs. KCK,L,0,1,,,0.0,,,0,0,,,,,,,,,,2,,0
16801,21980,76590,Leon Douglas,KCK,Kansas City Kings,0028000041,1980-10-17,KCK @ DAL,W,0,1,,,0.0,,,0,0,,,,,,,,,,2,,0
16802,21980,77858,Stan Pietkiewicz,SDC,San Diego Clippers,0028000039,1980-10-17,SDC vs. DEN,L,0,1,,,0.0,,,0,0,,,,,,,,,,2,,0
16803,21980,77944,Kevin Restani,SAN,San Antonio Spurs,0028000037,1980-10-16,SAN @ DET,W,0,1,,,0.0,,,0,0,,,,,,,,,,2,,0
16804,21980,76765,Tony Fuller,DET,Detroit Pistons,0028000037,1980-10-16,DET vs. SAN,L,0,1,,,0.0,,,0,0,,,,,,,,,,2,,0
16805,21980,77324,Mitch Kupchak,WAS,Washington Bullets,0028000036,1980-10-16,WAS @ CLE,L,0,1,,,0.0,,,0,0,,,,,,,,,,2,,0
16806,21980,76483,Pat Cummings,MIL,Milwaukee Bucks,0028000035,1980-10-16,MIL vs. BOS,L,0,1,,,0.0,,,0,0,,,,,,,,,,2,,0
16807,21980,76365,Harvey Catchings,MIL,Milwaukee Bucks,0028000035,1980-10-16,MIL vs. BOS,L,0,1,,,0.0,,,0,0,,,,,,,,,,2,,0
16808,21980,77917,Clifford Ray,GOS,Golden State Warriors,0028000028,1980-10-15,GOS vs. POR,W,0,0,,,0.0,,,2,2,1.0,,,,,,,,,2,,0
16809,21980,76881,David Greenwood,CHI,Chicago Bulls,0028000034,1980-10-15,CHI @ IND,W,0,1,,,0.0,,,0,0,,,,,,,,,,2,,0
16810,21980,76567,Coby Dietrick,CHI,Chicago Bulls,0028000034,1980-10-15,CHI @ IND,W,0,1,,,0.0,,,0,0,,,,,,,,,,2,,0
16811,21980,77950,Clint Richardson,PHL,Philadelphia 76ers,0028000033,1980-10-15,PHL @ NJN,W,0,1,,,0.0,,,0,0,,,,,,,,,,2,,0
16812,21980,77582,Joe Meriweather,KCK,Kansas City Kings,0028000032,1980-10-15,KCK vs. LAL,L,0,1,,,0.0,,,0,0,,,,,,,,,,2,,0
16813,21980,76899,Ernie Grunfeld,KCK,Kansas City Kings,0028000032,1980-10-15,KCK vs. LAL,L,0,1,,,0.0,,,0,0,,,,,,,,,,2,,0
16814,21980,76590,Leon Douglas,KCK,Kansas City Kings,0028000032,1980-10-15,KCK vs. LAL,L,0,1,,,0.0,,,0,0,,,,,,,,,,2,,0
16815,21980,76248,Jim Brewer,LAL,Los Angeles Lakers,0028000032,1980-10-15,LAL @ KCK,W,0,1,,,0.0,,,0,0,,,,,,,,,,2,,0
16816,21980,78425,Brett Vroman,UTH,Utah Jazz,0028000031,1980-10-15,UTH vs. PHX,L,0,0,,,0.0,,,2,2,1.0,,,,,,,,,2,,0
16817,21980,77547,Billy McKinney,UTH,Utah Jazz,0028000031,1980-10-15,UTH vs. PHX,L,0,1,,,0.0,,,0,0,,,,,,,,,,2,,0
16818,21980,77308,Joel Kramer,PHX,Phoenix Suns,0028000031,1980-10-15,PHX @ UTH,W,0,1,,,0.0,,,0,0,,,,,,,,,,2,,0
16819,21980,76619,John Duren,UTH,Utah Jazz,0028000031,1980-10-15,UTH vs. PHX,L,0,1,,,0.0,,,0,0,,,,,,,,,,2,,0
16820,21980,77353,Allen Leavell,HOU,Houston Rockets,0028000030,1980-10-15,HOU vs. SEA,W,0,1,,,0.0,,,0,2,0.0,,,,,,,,,2,,0
16821,21980,76786,Calvin Garrett,HOU,Houston Rockets,0028000030,1980-10-15,HOU vs. SEA,W,0,1,,,0.0,,,0,0,,,,,,,,,,2,,0
16822,21980,77419,John Lucas,GOS,Golden State Warriors,0028000028,1980-10-15,GOS vs. POR,W,0,1,,,0.0,,,0,0,,,,,,,,,,2,,0
16823,21980,76360,Reggie Carter,NYK,New York Knicks,0028000027,1980-10-14,NYK vs. PHL,W,0,1,,,0.0,,,0,0,,,,,,,,,,2,,0
16824,21980,940,Earl Cureton,PHL,Philadelphia 76ers,0028000027,1980-10-14,PHL @ NYK,L,0,1,,,0.0,,,0,0,,,,,,,,,,2,,0
16825,21980,77163,Reggie Johnson,SAN,San Antonio Spurs,0028000026,1980-10-14,SAN vs. KCK,W,0,1,,,0.0,,,0,0,,,,,,,,,,2,,0
16826,21980,77149,George Johnson,SAN,San Antonio Spurs,0028000026,1980-10-14,SAN vs. KCK,W,0,1,,,0.0,,,0,0,,,,,,,,,,2,,0
16827,21980,76889,Paul Griffin,SAN,San Antonio Spurs,0028000026,1980-10-14,SAN vs. KCK,W,0,1,,,0.0,,,0,0,,,,,,,,,,2,,0
16828,21980,77167,Vinnie Johnson,SEA,Seattle SuperSonics,0028000024,1980-10-14,SEA @ DAL,W,0,1,,,0.0,,,0,0,,,,,,,,,,2,,0
16829,21980,77152,John Johnson,SEA,Seattle SuperSonics,0028000024,1980-10-14,SEA @ DAL,W,0,1,,,0.0,,,0,0,,,,,,,,,,2,,0
16830,21980,76966,Joey Hassett,DAL,Dallas Mavericks,0028000024,1980-10-14,DAL vs. SEA,L,0,1,,,0.0,,,0,0,,,,,,,,,,2,,0
16831,21980,76348,Austin Carr,DAL,Dallas Mavericks,0028000024,1980-10-14,DAL vs. SEA,L,0,1,,,0.0,,,0,0,,,,,,,,,,2,,0
16832,21980,76030,Darrell Allums,DAL,Dallas Mavericks,0028000024,1980-10-14,DAL vs. SEA,L,0,1,,,0.0,,,0,0,,,,,,,,,,2,,0
16833,21980,76830,Glen Gondrezick,DEN,Denver Nuggets,0028000018,1980-10-12,DEN vs. UTH,L,0,0,,,0.0,,,2,3,0.667,,,,,,,,,2,,0
16834,21980,76619,John Duren,UTH,Utah Jazz,0028000018,1980-10-12,UTH @ DEN,W,0,1,,,0.0,,,0,0,,,,,,,,,,2,,0
16835,21980,76944,Bill Hanzlik,SEA,Seattle SuperSonics,0028000021,1980-10-12,SEA @ POR,L,0,1,,,0.0,,,0,0,,,,,,,,,,2,,0
16836,21980,76078,Dennis Awtrey,SEA,Seattle SuperSonics,0028000021,1980-10-12,SEA @ POR,L,0,1,,,0.0,,,0,0,,,,,,,,,,2,,0
16837,21980,76248,Jim Brewer,LAL,Los Angeles Lakers,0028000019,1980-10-12,LAL vs. HOU,W,0,1,,,0.0,,,0,0,,,,,,,,,,2,,0
16838,21980,78425,Brett Vroman,UTH,Utah Jazz,0028000017,1980-10-11,UTH @ KCK,L,0,0,,,0.0,,,2,3,0.667,,,,,,,,,2,,0
16839,21980,78575,John Williamson,WAS,Washington Bullets,0028000014,1980-10-11,WAS vs. PHL,L,0,1,,,0.0,,,0,0,,,,,,,,,,2,,0
16840,21980,78533,James Wilkes,CHI,Chicago Bulls,0028000013,1980-10-11,CHI @ ATL,L,0,1,,,0.0,,,0,2,0.0,,,,,,,,,2,,0
16841,21980,77182,Dwight Jones,CHI,Chicago Bulls,0028000013,1980-10-11,CHI @ ATL,L,0,1,,,0.0,,,0,2,0.0,,,,,,,,,2,,0
16842,21980,78400,Jan Van Breda Kolff,NJN,New Jersey Nets,0028000012,1980-10-11,NJN @ CLE,W,0,1,,,0.0,,,0,0,,,,,,,,,,2,,0
16843,21980,76435,Darwin Cook,NJN,New Jersey Nets,0028000012,1980-10-11,NJN @ CLE,W,0,1,,,0.0,,,0,0,,,,,,,,,,2,,0
16844,21980,77623,Paul Mokeski,DET,Detroit Pistons,0028000011,1980-10-11,DET @ IND,L,0,1,,,0.0,,,0,0,,,,,,,,,,2,,0
16845,21980,77071,Phil Hubbard,DET,Detroit Pistons,0028000011,1980-10-11,DET @ IND,L,0,0,,,0.0,,,2,2,1.0,,,,,,,,,2,,0
16846,21980,78519,Charles Whitney,KCK,Kansas City Kings,0028000017,1980-10-11,KCK vs. UTH,W,0,1,,,0.0,,,0,0,,,,,,,,,,2,,0
16847,21980,78015,Lorenzo Romar,GOS,Golden State Warriors,0028000015,1980-10-11,GOS vs. SDC,W,0,1,,,0.0,,,0,0,,,,,,,,,,2,,0
16848,21980,78516,Jerome Whitehead,DAL,Dallas Mavericks,0028000010,1980-10-11,DAL vs. SAN,W,0,1,,,0.0,,,0,0,,,,,,,,,,2,,0
16849,21980,76619,John Duren,UTH,Utah Jazz,0028000017,1980-10-11,UTH @ KCK,L,0,1,,,0.0,,,0,0,,,,,,,,,,2,,0
16850,21980,76321,Marty Byrnes,DAL,Dallas Mavericks,0028000010,1980-10-11,DAL vs. SAN,W,0,1,,,0.0,,,0,0,,,,,,,,,,2,,0
16851,21980,78468,Richard Washington,DAL,Dallas Mavericks,0028000010,1980-10-11,DAL vs. SAN,W,0,1,,,0.0,,,0,0,,,,,,,,,,2,,0
16852,21980,76604,Ralph Drollinger,DAL,Dallas Mavericks,0028000010,1980-10-11,DAL vs. SAN,W,0,1,,,0.0,,,0,0,,,,,,,,,,2,,0
16853,21980,76030,Darrell Allums,DAL,Dallas Mavericks,0028000010,1980-10-11,DAL vs. SAN,W,0,1,,,0.0,,,0,0,,,,,,,,,,2,,0
16854,21980,78510,Jojo White,KCK,Kansas City Kings,0028000017,1980-10-11,KCK vs. UTH,W,0,1,,,0.0,,,0,0,,,,,,,,,,2,,0
16855,21980,77148,George Johnson,IND,Indiana Pacers,0028000009,1980-10-10,IND @ NJN,W,0,1,,,0.0,,,0,0,,,,,,,,,,2,,0
16856,21980,76656,Bob Elliott,NJN,New Jersey Nets,0028000009,1980-10-10,NJN vs. IND,L,0,1,,,0.0,,,0,0,,,,,,,,,,2,,0
16857,21980,77040,Brad Holland,LAL,Los Angeles Lakers,0028000006,1980-10-10,LAL @ SEA,W,0,0,,,0.0,,,2,2,1.0,,,,,,,,,2,,0
16858,21980,76078,Dennis Awtrey,SEA,Seattle SuperSonics,0028000006,1980-10-10,SEA vs. LAL,L,0,1,,,0.0,,,0,0,,,,,,,,,,2,,0
16859,21980,77010,Keith Herron,DET,Detroit Pistons,0028000005,1980-10-10,DET vs. WAS,L,0,1,,,0.0,,,0,0,,,,,,,,,,2,,0
16860,21980,328,Rick Mahorn,WAS,Washington Bullets,0028000005,1980-10-10,WAS @ DET,W,0,1,,,0.0,,,0,0,,,,,,,,,,2,,0
16861,21980,77858,Stan Pietkiewicz,SDC,San Diego Clippers,0028000004,1980-10-10,SDC vs. HOU,W,0,1,,,0.0,,,0,0,,,,,,,,,,2,,0
16862,21980,77757,Jawann Oldham,DEN,Denver Nuggets,0028000002,1980-10-10,DEN vs. SAN,L,0,1,,,0.0,,,0,0,,,,,,,,,,2,,0
16863,21980,77078,Kim Hughes,DEN,Denver Nuggets,0028000002,1980-10-10,DEN vs. SAN,L,0,1,,,0.0,,,0,0,,,,,,,,,6.0,2,,0
16864,21980,76618,T.R. Dunn,DEN,Denver Nuggets,0028000002,1980-10-10,DEN vs. SAN,L,0,1,,,0.0,,,0,0,,,,,,,,,,2,,0
16865,21980,78095,Alvin Scott,PHX,Phoenix Suns,0028000001,1980-10-10,PHX vs. GOS,W,0,0,,,0.0,,,2,4,0.5,,,,,,,,,2,,0
16866,21980,76753,World Free,GOS,Golden State Warriors,0028000939,1981-03-29,GOS @ SEA,L,0,0,,,0.0,,,1,2,0.5,,,,,,,,,1,,0
16867,21980,76889,Paul Griffin,SAN,San Antonio Spurs,0028000935,1981-03-29,SAN vs. HOU,W,0,0,,,0.0,,,1,2,0.5,,,,,,,,,1,,0
16868,21980,78614,Mike Woodson,NYK,New York Knicks,0028000931,1981-03-28,NYK @ NJN,W,0,0,,,0.0,,,1,2,0.5,,,,,,,,,1,,0
16869,21980,77024,Armond Hill,SEA,Seattle SuperSonics,0028000927,1981-03-27,SEA vs. LAL,L,0,0,,,0.0,,,1,3,0.333,,,,,,,,,1,,0
16870,21980,77189,Major Jones,HOU,Houston Rockets,0028000923,1981-03-27,HOU vs. KCK,W,0,0,,,0.0,,,1,2,0.5,,,,,,,,,1,,0
16871,21980,77022,Johnny High,PHX,Phoenix Suns,0028000913,1981-03-25,PHX vs. KCK,L,0,0,,,0.0,,,1,3,0.333,,,,,,,,,1,,0
16872,21980,77209,Walter Jordan,CLE,Cleveland Cavaliers,0028000897,1981-03-22,CLE @ IND,L,0,0,,,0.0,,,1,2,0.5,,,,,,,,,1,,0
16873,21980,78468,Richard Washington,CLE,Cleveland Cavaliers,0028000886,1981-03-21,CLE @ NYK,L,0,0,,,0.0,,,1,3,0.333,,,,,,,,,1,,0
16874,21980,76418,Don Collins,ATL,Atlanta Hawks,0028000882,1981-03-20,ATL @ NJN,L,0,0,,,,,,1,3,0.333,,,,,,,,,1,,0
16875,21980,78577,Bill Willoughby,HOU,Houston Rockets,0028000881,1981-03-20,HOU @ POR,L,0,0,,,0.0,,,1,2,0.5,,,,,,,,,1,,0
16876,21980,76944,Bill Hanzlik,SEA,Seattle SuperSonics,0028000879,1981-03-20,SEA @ LAL,L,0,0,,,0.0,,,1,2,0.5,,,,,,,,,1,,0
16877,21980,76587,Jacky Dorsey,SEA,Seattle SuperSonics,0028000879,1981-03-20,SEA @ LAL,L,0,0,,,0.0,,,1,2,0.5,,,,,,,,,1,,0
16878,21980,76996,Tom Henderson,HOU,Houston Rockets,0028000873,1981-03-18,HOU @ GOS,L,0,0,,,0.0,,,1,2,0.5,,,,,,,,,1,,0
16879,21980,76553,Larry Demic,NYK,New York Knicks,0028000868,1981-03-18,NYK @ MIL,W,0,0,,,0.0,,,1,3,0.333,,,,,,,,,1,,0
16880,21980,78623,Larry Wright,DET,Detroit Pistons,0028000866,1981-03-18,DET vs. NJN,W,0,0,,,0.0,,,1,2,0.5,,,,,,,,,1,,0
16881,21980,76771,Mike Gale,POR,Portland Trail Blazers,0028000855,1981-03-15,POR vs. DAL,W,0,0,,,0.0,,,1,2,0.5,,,,,,,,,1,,0
16882,21980,76360,Reggie Carter,NYK,New York Knicks,0028000851,1981-03-15,NYK vs. PHL,W,0,0,,,0.0,,,1,2,0.5,,,,,,,,,1,,0
16883,21980,76418,Don Collins,ATL,Atlanta Hawks,0028000839,1981-03-13,ATL vs. DEN,W,0,0,,,,,,1,2,0.5,,,,,,,,,1,,0
16884,21980,76355,Butch Carter,LAL,Los Angeles Lakers,0028000840,1981-03-13,LAL vs. KCK,W,0,0,,,0.0,,,1,2,0.5,,,,,,,,,1,,0
16885,21980,77528,Jim McElroy,ATL,Atlanta Hawks,0028000821,1981-03-10,ATL vs. CHI,L,0,0,,,0.0,,,1,2,0.5,,,,,,,,,1,,0
16886,21980,77944,Kevin Restani,SAN,San Antonio Spurs,0028000820,1981-03-10,SAN @ LAL,L,0,0,,,0.0,,,1,2,0.5,,,,,,,,,1,,0
16887,21980,77229,Clarence Kea,DAL,Dallas Mavericks,0028000803,1981-03-06,DAL @ GOS,L,0,0,,,0.0,,,1,3,0.333,,,,,,,,,1,,0
16888,21980,77184,Edgar Jones,NJN,New Jersey Nets,0028000801,1981-03-06,NJN @ ATL,L,0,0,,,0.0,,,1,2,0.5,,,,,,,,,1,,0
16889,21980,77162,Ollie Johnson,PHL,Philadelphia 76ers,0028000798,1981-03-06,PHL vs. DEN,W,0,0,,,0.0,,,1,2,0.5,,,,,,,,,1,,0
16890,21980,78516,Jerome Whitehead,SDC,San Diego Clippers,0028000787,1981-03-04,SDC vs. WAS,L,0,0,,,0.0,,,1,3,0.333,,,,,,,,,1,,0
16891,21980,77308,Joel Kramer,PHX,Phoenix Suns,0028000778,1981-03-01,PHX @ LAL,W,0,0,,,0.0,,,1,2,0.5,,,,,,,,,1,,0
16892,21980,77290,Billy Knight,IND,Indiana Pacers,0028000765,1981-02-27,IND @ DAL,W,0,0,,,0.0,,,1,2,0.5,,,,,,,,,1,,0
16893,21980,77917,Clifford Ray,GOS,Golden State Warriors,0028000758,1981-02-27,GOS @ DEN,L,0,0,,,0.0,,,1,2,0.5,,,,,,,,,1,,0
16894,21980,76587,Jacky Dorsey,SEA,Seattle SuperSonics,0028000757,1981-02-26,SEA @ SAN,L,0,0,,,0.0,,,1,2,0.5,,,,,,,,,1,,0
16895,21980,76590,Leon Douglas,KCK,Kansas City Kings,0028000756,1981-02-26,KCK vs. DAL,W,0,0,,,0.0,,,1,2,0.5,,,,,,,,,1,,0
16896,21980,76365,Harvey Catchings,MIL,Milwaukee Bucks,0028000753,1981-02-25,MIL vs. LAL,W,0,0,,,0.0,,,1,3,0.333,,,,,,,,,1,,0
16897,21980,77040,Brad Holland,LAL,Los Angeles Lakers,0028000748,1981-02-24,LAL @ CHI,W,0,0,,,0.0,,,1,2,0.5,,,,,,,,,1,,0
16898,21980,77937,Billy Reid,GOS,Golden State Warriors,0028000747,1981-02-24,GOS @ SAN,L,0,0,,,0.0,,,1,3,0.333,,,,,,,,,1,,0
16899,21980,78516,Jerome Whitehead,SDC,San Diego Clippers,0028000746,1981-02-24,SDC @ POR,W,0,0,,,0.0,,,1,2,0.5,,,,,,,,,1,,0
16900,21980,76305,Tom Burleson,ATL,Atlanta Hawks,0028000735,1981-02-22,ATL @ CHI,W,0,0,,,0.0,,,1,2,0.5,,,,,,,,,1,,0
16901,21980,77917,Clifford Ray,GOS,Golden State Warriors,0028000690,1981-02-14,GOS @ CLE,L,0,0,,,0.0,,,1,2,0.5,,,,,,,,,1,,0
16902,21980,78068,Dewayne Scales,NYK,New York Knicks,0028000677,1981-02-12,NYK @ CLE,W,0,0,,,0.0,,,1,2,0.5,,,,,,,,,1,,0
16903,21980,76005,Tom Abernethy,IND,Indiana Pacers,0028000671,1981-02-11,IND vs. MIL,L,0,0,,,0.0,,,1,2,0.5,,,,,,,,,1,,0
16904,21980,77829,Sam Pellom,ATL,Atlanta Hawks,0028000664,1981-02-10,ATL vs. GOS,W,0,0,,,0.0,,,1,2,0.5,,,,,,,,,1,,0
16905,21980,77308,Joel Kramer,PHX,Phoenix Suns,0028000654,1981-02-08,PHX vs. WAS,W,0,0,,,0.0,,,1,2,0.5,,,,,,,,,1,,0
16906,21980,78350,Rudy Tomjanovich,HOU,Houston Rockets,0028000642,1981-02-06,HOU @ PHX,L,0,0,,,0.0,,,1,2,0.5,,,,,,,,,1,,0
16907,21980,76474,Jeffrey Crompton,POR,Portland Trail Blazers,0028000635,1981-02-04,POR @ GOS,L,0,0,,,0.0,,,1,3,0.333,,,,,,,,,1,,0
16908,21980,76248,Jim Brewer,LAL,Los Angeles Lakers,0028000634,1981-02-04,LAL @ IND,W,0,0,,,0.0,,,1,2,0.5,,,,,,,,,1,,0
16909,21980,77021,Kenny Higgs,DEN,Denver Nuggets,0028000622,1981-02-03,DEN @ HOU,L,0,0,,,0.0,,,1,1,1.0,,,,,,,,,1,,0
16910,21980,76336,Mack Calvin,CLE,Cleveland Cavaliers,0028000618,1981-01-29,CLE vs. PHX,W,0,0,,,0.0,,,1,3,0.333,,,,,,,,,1,,0
16911,21980,77331,John Lambert,KCK,Kansas City Kings,0028000613,1981-01-29,KCK @ LAL,L,0,0,,,0.0,,,1,3,0.333,,,,,,,,,1,,0
16912,21980,77633,Johnny Moore,SAN,San Antonio Spurs,0028000612,1981-01-29,SAN vs. NJN,W,0,0,,,0.0,,,1,2,0.5,,,,,,,,,1,,0
16913,21980,77984,Rick Robey,BOS,Boston Celtics,0028000606,1981-01-28,BOS vs. PHL,W,0,0,,,0.0,,,1,2,0.5,,,,,,,,,1,,0
16914,21980,78570,Sly Williams,NYK,New York Knicks,0028000595,1981-01-26,NYK vs. PHX,L,0,0,,,0.0,,,1,2,0.5,,,,,,,,,1,,0
16915,21980,78527,Michael Wiley,SAN,San Antonio Spurs,0028000592,1981-01-25,SAN @ POR,L,0,0,,,0.0,,,1,2,0.5,,,,,,,,,1,,0
16916,21980,76686,Mike Evans,MIL,Milwaukee Bucks,0028000588,1981-01-24,MIL @ SDC,W,0,0,,,0.0,,,1,2,0.5,,,,,,,,,1,,0
16917,21980,77235,Rich Kelley,PHX,Phoenix Suns,0028000564,1981-01-21,PHX @ HOU,L,0,0,,,0.0,,,1,2,0.5,,,,,,,,,1,,0
16918,21980,77633,Johnny Moore,SAN,San Antonio Spurs,0028000558,1981-01-20,SAN vs. PHX,W,0,0,,,0.0,,,1,4,0.25,,,,,,,,,1,,0
16919,21980,76889,Paul Griffin,SAN,San Antonio Spurs,0028000542,1981-01-17,SAN @ WAS,L,0,0,,,0.0,,,1,2,0.5,,,,,,,,,1,,0
16920,21980,77326,Sam Lacey,KCK,Kansas City Kings,0028000537,1981-01-16,KCK @ MIL,L,0,0,,,0.0,,,1,2,0.5,,,,,,,,,1,,0
16921,21980,77152,John Johnson,SEA,Seattle SuperSonics,0028000534,1981-01-16,SEA @ IND,W,0,0,,,0.0,,,1,2,0.5,,,,,,,,,1,,0
16922,21980,940,Earl Cureton,PHL,Philadelphia 76ers,0028000529,1981-01-15,PHL @ MIL,L,0,0,,,0.0,,,1,2,0.5,,,,,,,,,1,,0
16923,21980,77484,Wes Matthews,WAS,Washington Bullets,0028000528,1981-01-14,WAS vs. LAL,W,0,0,,,0.0,,,1,2,0.5,,,,,,,,,1,,0
16924,21980,76830,Glen Gondrezick,DEN,Denver Nuggets,0028000521,1981-01-14,DEN @ PHX,L,0,0,,,0.0,,,1,2,0.5,,,,,,,,,1,,0
16925,21980,78533,James Wilkes,CHI,Chicago Bulls,0028000520,1981-01-14,CHI @ HOU,L,0,0,,,0.0,,,1,2,0.5,,,,,,,,,1,,0
16926,21980,76321,Marty Byrnes,DAL,Dallas Mavericks,0028000513,1981-01-13,DAL vs. CHI,W,0,0,,,0.0,,,1,2,0.5,,,,,,,,,1,,0
16927,21980,76899,Ernie Grunfeld,KCK,Kansas City Kings,0028000504,1981-01-10,KCK @ UTH,W,0,0,,,0.0,,,1,2,0.5,,,,,,,,,1,,0
16928,21980,76618,T.R. Dunn,DEN,Denver Nuggets,0028000498,1981-01-09,DEN @ SDC,W,0,0,,,0.0,,,1,2,0.5,,,,,,,,,1,,0
16929,21980,76944,Bill Hanzlik,SEA,Seattle SuperSonics,0028000496,1981-01-09,SEA @ LAL,L,0,0,,,0.0,,,1,2,0.5,,,,,,,,,1,,0
16930,21980,78481,Marvin Webster,NYK,New York Knicks,0028000488,1981-01-08,NYK vs. IND,L,0,0,,,0.0,,,1,2,0.5,,,,,,,,,1,,0
16931,21980,77235,Rich Kelley,PHX,Phoenix Suns,0028000485,1981-01-07,PHX @ BOS,L,0,0,,,0.0,,,1,2,0.5,,,,,,,,,1,,0
16932,21980,77633,Johnny Moore,SAN,San Antonio Spurs,0028000477,1981-01-06,SAN @ NYK,W,0,0,,,0.0,,,1,2,0.5,,,,,,,,,1,,0
16933,21980,77553,Tom McMillen,ATL,Atlanta Hawks,0028000476,1981-01-06,ATL vs. PHX,L,0,0,,,0.0,,,1,2,0.5,,,,,,,,,1,,0
16934,21980,76944,Bill Hanzlik,SEA,Seattle SuperSonics,0028000474,1981-01-05,SEA vs. DAL,W,0,0,,,0.0,,,1,2,0.5,,,,,,,,,1,,0
16935,21980,76520,Monti Davis,DAL,Dallas Mavericks,0028000474,1981-01-05,DAL @ SEA,L,0,0,,,0.0,,,1,5,0.2,,,,,,,,,1,,0
16936,21980,78537,Jeff Wilkins,UTH,Utah Jazz,0028000455,1981-01-02,UTH @ KCK,L,0,0,,,0.0,,,1,2,0.5,,,,,,,,,1,,0
16937,21980,76348,Austin Carr,WAS,Washington Bullets,0028000462,1981-01-02,WAS vs. CHI,L,0,0,,,0.0,,,1,3,0.333,,,,,,,,,1,,0
16938,21980,76534,Ron Davis,SDC,San Diego Clippers,0028000452,1981-01-01,SDC vs. BOS,L,0,0,,,0.0,,,1,3,0.333,,,,,,,,,1,,0
16939,21980,77718,Mike Niles,PHX,Phoenix Suns,0028000432,1980-12-27,PHX vs. LAL,W,0,0,,,0.0,,,1,2,0.5,,,,,,,,,1,,0
16940,21980,77917,Clifford Ray,GOS,Golden State Warriors,0028000430,1980-12-27,GOS vs. SEA,W,0,0,,,0.0,,,1,2,0.5,,,,,,,,,1,,0
16941,21980,78531,Bob Wilkerson,CHI,Chicago Bulls,0028000423,1980-12-26,CHI @ CLE,W,0,0,,,0.0,,,1,2,0.5,,,,,,,,,1,,0
16942,21980,77364,Ron Lee,DET,Detroit Pistons,0028000422,1980-12-26,DET vs. HOU,L,0,0,,,0.0,,,1,2,0.5,,,,,,,,,1,,0
16943,21980,76996,Tom Henderson,HOU,Houston Rockets,0028000422,1980-12-26,HOU @ DET,W,0,0,,,0.0,,,1,2,0.5,,,,,,,,,1,,0
16944,21980,76889,Paul Griffin,SAN,San Antonio Spurs,0028000418,1980-12-25,SAN @ PHX,L,0,0,,,0.0,,,1,2,0.5,,,,,,,,,1,,0
16945,21980,76078,Dennis Awtrey,SEA,Seattle SuperSonics,0028000406,1980-12-22,SEA vs. PHX,L,0,0,,,0.0,,,1,1,1.0,,,,,,,,,1,,0
16946,21980,76954,Mike Harper,POR,Portland Trail Blazers,0028000401,1980-12-20,POR vs. ATL,W,0,0,,,0.0,,,1,2,0.5,,,,,,,,,1,,0
16947,21980,78614,Mike Woodson,NYK,New York Knicks,0028000398,1980-12-20,NYK vs. DEN,W,0,0,,,0.0,,,1,3,0.333,,,,,,,,,1,,0
16948,21980,78577,Bill Willoughby,HOU,Houston Rockets,0028000395,1980-12-20,HOU @ CHI,L,0,0,,,0.0,,,1,2,0.5,,,,,,,,,1,,0
16949,21980,77553,Tom McMillen,ATL,Atlanta Hawks,0028000391,1980-12-19,ATL @ SEA,L,0,0,,,0.0,,,1,3,0.333,,,,,,,,,1,,0
16950,21980,76954,Mike Harper,POR,Portland Trail Blazers,0028000387,1980-12-19,POR @ LAL,W,0,0,,,0.0,,,1,2,0.5,,,,,,,,,1,,0
16951,21980,77364,Ron Lee,DET,Detroit Pistons,0028000384,1980-12-18,DET @ MIL,L,0,0,,,0.0,,,1,2,0.5,,,,,,,,,1,,0
16952,21980,77364,Ron Lee,DET,Detroit Pistons,0028000374,1980-12-17,DET vs. NYK,L,0,0,,,0.0,,,1,3,0.333,,,,,,,,,1,,0
16953,21980,76656,Bob Elliott,NJN,New Jersey Nets,0028000373,1980-12-16,NJN @ ATL,L,0,0,,,0.0,,,1,3,0.333,,,,,,,,,1,,0
16954,21980,76771,Mike Gale,SAN,San Antonio Spurs,0028000370,1980-12-16,SAN @ DAL,W,0,0,,,0.0,,,1,2,0.5,,,,,,,,,1,,0
16955,21980,77043,Lionel Hollins,PHL,Philadelphia 76ers,0028000364,1980-12-14,PHL @ NJN,W,0,0,,,0.0,,,1,2,0.5,,,,,,,,,1,,0
16956,21980,76590,Leon Douglas,KCK,Kansas City Kings,0028000345,1980-12-11,KCK @ SAN,L,0,0,,,0.0,,,1,2,0.5,,,,,,,,,1,,0
16957,21980,78531,Bob Wilkerson,CHI,Chicago Bulls,0028000342,1980-12-10,CHI @ PHL,L,0,0,,,0.0,,,1,2,0.5,,,,,,,,,1,,0
16958,21980,78396,Ron Valentine,DEN,Denver Nuggets,0028000341,1980-12-10,DEN vs. DAL,W,0,0,,,0.0,,,1,2,0.5,,,,,,,,,1,,0
16959,21980,77353,Allen Leavell,HOU,Houston Rockets,0028000340,1980-12-10,HOU vs. LAL,L,0,0,,,0.0,,,1,3,0.333,,,,,,,,,1,,0
16960,21980,600010,Len Elmore,MIL,Milwaukee Bucks,0028000330,1980-12-09,MIL @ BOS,L,0,0,,,0.0,,,1,2,0.5,,,,,,,,,1,,0
16961,21980,78400,Jan Van Breda Kolff,NJN,New Jersey Nets,0028000324,1980-12-07,NJN @ SDC,L,0,0,,,0.0,,,1,2,0.5,,,,,,,,,1,,0
16962,21980,78095,Alvin Scott,PHX,Phoenix Suns,0028000322,1980-12-07,PHX vs. GOS,W,0,0,,,0.0,,,1,2,0.5,,,,,,,,,1,,0
16963,21980,76005,Tom Abernethy,GOS,Golden State Warriors,0028000322,1980-12-07,GOS @ PHX,L,0,0,,,0.0,,,1,2,0.5,,,,,,,,,1,,0
16964,21980,77829,Sam Pellom,ATL,Atlanta Hawks,0028000318,1980-12-06,ATL vs. DAL,W,0,0,,,0.0,,,1,2,0.5,,,,,,,,,1,,0
16965,21980,76618,T.R. Dunn,DEN,Denver Nuggets,0028000305,1980-12-04,DEN @ UTH,L,0,0,,,0.0,,,1,2,0.5,,,,,,,,,1,,0
16966,21980,77182,Dwight Jones,CHI,Chicago Bulls,0028000299,1980-12-03,CHI @ SEA,L,0,0,,,0.0,,,1,2,0.5,,,,,,,,,1,,0
16967,21980,78449,Lloyd Walton,KCK,Kansas City Kings,0028000293,1980-12-02,KCK @ WAS,L,0,0,,,0.0,,,1,2,0.5,,,,,,,,,1,,0
16968,21980,77873,Ben Poquette,UTH,Utah Jazz,0028000289,1980-12-02,UTH @ MIL,L,0,0,,,0.0,,,1,3,0.333,,,,,,,,6.0,1,,0
16969,21980,76707,Eric Fernsten,BOS,Boston Celtics,0028000283,1980-11-30,BOS @ MIL,L,0,0,,,0.0,,,1,2,0.5,,,,,,,,,1,,0
16970,21980,76599,Larry Drew,DET,Detroit Pistons,0028000280,1980-11-29,DET @ ATL,W,0,0,,,0.0,,,1,2,0.5,,,,,,,,6.0,1,,0
16971,21980,76162,Henry Bibby,SDC,San Diego Clippers,0028000247,1980-11-25,SDC vs. DEN,W,0,0,,,0.0,,,1,2,0.5,,,,,,,,,1,,0
16972,21980,77710,Mike Newlin,NJN,New Jersey Nets,0028000239,1980-11-22,NJN @ DET,L,0,0,,,0.0,,,1,1,1.0,,,,,,,,,1,,0
16973,21980,77718,Mike Niles,PHX,Phoenix Suns,0028000232,1980-11-21,PHX @ LAL,L,0,0,,,0.0,,,1,4,0.25,,,,,,,,,1,,0
16974,21980,77189,Major Jones,HOU,Houston Rockets,0028000230,1980-11-21,HOU @ NJN,W,0,0,,,0.0,,,1,3,0.333,,,,,,,,,1,,0
16975,21980,77364,Ron Lee,DET,Detroit Pistons,0028000224,1980-11-20,DET vs. SDC,W,0,0,,,0.0,,,1,6,0.167,,,,,,,,,1,,0
16976,21980,76985,Garfield Heard,SDC,San Diego Clippers,0028000224,1980-11-20,SDC @ DET,L,0,0,,,0.0,,,1,2,0.5,,,,,,,,,1,,0
16977,21980,78481,Marvin Webster,NYK,New York Knicks,0028000212,1980-11-18,NYK vs. PHL,L,0,0,,,0.0,,,1,2,0.5,,,,,,,,,1,,0
16978,21980,76954,Mike Harper,POR,Portland Trail Blazers,0028000209,1980-11-16,POR @ PHX,L,0,0,,,0.0,,,1,3,0.333,,,,,,,,,1,,0
16979,21980,76365,Harvey Catchings,MIL,Milwaukee Bucks,0028000208,1980-11-16,MIL vs. CHI,L,0,0,,,0.0,,,1,2,0.5,,,,,,,,,1,,0
16980,21980,76005,Tom Abernethy,GOS,Golden State Warriors,0028000202,1980-11-15,GOS vs. PHX,W,0,0,,,0.0,,,1,1,1.0,,,,,,,,,1,,0
16981,21980,77623,Paul Mokeski,DET,Detroit Pistons,0028000195,1980-11-14,DET vs. CHI,W,0,0,,,0.0,,,1,2,0.5,,,,,,,,,1,,0
16982,21980,76583,James Donaldson,SEA,Seattle SuperSonics,0028000186,1980-11-12,SEA vs. UTH,L,0,0,,,0.0,,,1,3,0.333,,,,,,,,,1,,0
16983,21980,77215,Jeff Judkins,UTH,Utah Jazz,0028000186,1980-11-12,UTH @ SEA,W,0,0,,,0.0,,,1,2,0.5,,,,,,,,,1,,0
16984,21980,76954,Mike Harper,POR,Portland Trail Blazers,0028000173,1980-11-11,POR vs. KCK,L,0,0,,,0.0,,,1,2,0.5,,,,,,,,,1,,0
16985,21980,76889,Paul Griffin,SAN,San Antonio Spurs,0028000171,1980-11-11,SAN vs. IND,L,0,0,,,0.0,,,1,2,0.5,,,,,,,,,1,,0
16986,21980,78618,Sam Worthen,CHI,Chicago Bulls,0028000167,1980-11-09,CHI @ BOS,L,0,0,,,0.0,,,1,2,0.5,,,,,,,,,1,,0
16987,21980,76830,Glen Gondrezick,DEN,Denver Nuggets,0028000161,1980-11-08,DEN @ CHI,W,0,0,,,0.0,,,1,2,0.5,,,,,,,,,1,,0
16988,21980,76360,Reggie Carter,NYK,New York Knicks,0028000159,1980-11-08,NYK @ UTH,W,0,0,,,0.0,,,1,3,0.333,,,,,,,,,1,,0
16989,21980,77910,Wally Rank,SDC,San Diego Clippers,0028000154,1980-11-07,SDC @ SEA,L,0,0,,,0.0,,,1,2,0.5,,,,,,,,,1,,0
16990,21980,77623,Paul Mokeski,DET,Detroit Pistons,0028000151,1980-11-07,DET @ WAS,L,0,0,,,0.0,,,1,2,0.5,,,,,,,,,1,,0
16991,21980,76993,Gerald Henderson,BOS,Boston Celtics,0028000145,1980-11-05,BOS vs. ATL,W,0,0,,,0.0,,,1,2,0.5,,,,,,,,,1,,0
16992,21980,77920,Jamesearl Ray,DEN,Denver Nuggets,0028000144,1980-11-05,DEN @ SEA,W,0,0,,,0.0,,,1,2,0.5,,,,,,,,,1,,0
16993,21980,77553,Tom McMillen,ATL,Atlanta Hawks,0028000126,1980-11-01,ATL vs. MIL,L,0,0,,,0.0,,,1,2,0.5,,,,,,,,,1,,0
16994,21980,76353,Joe Barry Carroll,GOS,Golden State Warriors,0028000118,1980-10-31,GOS @ SDC,L,0,0,,,0.0,,,1,2,0.5,,,,,,,,,1,,0
16995,21980,77910,Wally Rank,SDC,San Diego Clippers,0028000107,1980-10-29,SDC @ PHX,L,0,0,,,0.0,,,1,3,0.333,,,,,,,,,1,,0
16996,21980,78139,Purvis Short,GOS,Golden State Warriors,0028000103,1980-10-29,GOS vs. DEN,W,0,0,,,0.0,,,1,2,0.5,,,,,,,,,1,,0
16997,21980,78481,Marvin Webster,NYK,New York Knicks,0028000102,1980-10-29,NYK @ IND,L,0,0,,,0.0,,,1,2,0.5,,,,,,,,,1,,0
16998,21980,77182,Dwight Jones,CHI,Chicago Bulls,0028000099,1980-10-28,CHI vs. MIL,L,0,0,,,0.0,,,1,2,0.5,,,,,,,,,1,,0
16999,21980,76355,Butch Carter,LAL,Los Angeles Lakers,0028000079,1980-10-24,LAL vs. SEA,W,0,0,,,0.0,,,1,2,0.5,,,,,,,,,1,,0
17000,21980,76954,Mike Harper,POR,Portland Trail Blazers,0028000076,1980-10-24,POR vs. DAL,W,0,0,,,0.0,,,1,2,0.5,,,,,,,,,1,,0
17001,21980,76030,Darrell Allums,DAL,Dallas Mavericks,0028000076,1980-10-24,DAL @ POR,L,0,0,,,0.0,,,1,2,0.5,,,,,,,,,1,,0
17002,21980,76899,Ernie Grunfeld,KCK,Kansas City Kings,0028000072,1980-10-23,KCK @ HOU,W,0,0,,,0.0,,,1,2,0.5,,,,,,,,,1,,0
17003,21980,100263,Bill Laimbeer,CLE,Cleveland Cavaliers,0028000065,1980-10-21,CLE @ MIL,L,0,0,,,0.0,,,1,2,0.5,,,,,,,,,1,,0
17004,21980,77944,Kevin Restani,SAN,San Antonio Spurs,0028000061,1980-10-21,SAN vs. SDC,W,0,0,,,0.0,,,1,2,0.5,,,,,,,,,1,,0
17005,21980,76225,Winford Boynes,DAL,Dallas Mavericks,0028000059,1980-10-21,DAL @ PHX,L,0,0,,,0.0,,,1,2,0.5,,,,,,,,,1,,0
17006,21980,77952,Micheal Ray Richardson,NYK,New York Knicks,0028000044,1980-10-17,NYK @ ATL,L,0,0,,,0.0,,,1,2,0.5,,,,,,,,,1,,0
17007,21980,76030,Darrell Allums,DAL,Dallas Mavericks,0028000041,1980-10-17,DAL vs. KCK,L,0,0,,,0.0,,,1,2,0.5,,,,,,,,,1,,0
17008,21980,77235,Rich Kelley,PHX,Phoenix Suns,0028000031,1980-10-15,PHX @ UTH,W,0,0,,,0.0,,,1,2,0.5,,,,,,,,,1,,0
17009,21980,78519,Charles Whitney,KCK,Kansas City Kings,0028000020,1980-10-12,KCK @ PHX,L,0,0,,,0.0,,,1,2,0.5,,,,,,,,,1,,0
17010,21980,77432,Ollie Mack,CHI,Chicago Bulls,0028000013,1980-10-11,CHI @ ATL,L,0,0,,,0.0,,,1,2,0.5,,,,,,,,,1,,0
17011,21980,76954,Mike Harper,POR,Portland Trail Blazers,0028000008,1980-10-10,POR @ UTH,L,0,0,,,0.0,,,1,2,0.5,,,,,,,,,1,,0
17012,21980,76583,James Donaldson,SEA,Seattle SuperSonics,0028000006,1980-10-10,SEA vs. LAL,L,0,0,,,0.0,,,1,2,0.5,,,,,,,,,1,,0
17013,21980,77715,Carl Nicks,DEN,Denver Nuggets,0028000002,1980-10-10,DEN vs. SAN,L,0,0,,,0.0,,,1,2,0.5,,,,,,,,,1,,0
17014,21980,77246,Larry Kenon,CHI,Chicago Bulls,0028000942,1981-03-29,CHI @ IND,W,0,0,,,0.0,,,0,0,,,,,,,,,,0,,0
17015,21980,76317,Don Buse,IND,Indiana Pacers,0028000942,1981-03-29,IND vs. CHI,L,0,0,,,0.0,,,0,0,,,,,,,,,,0,,0
17016,21980,76587,Jacky Dorsey,SEA,Seattle SuperSonics,0028000939,1981-03-29,SEA vs. GOS,W,0,0,,,0.0,,,0,0,,,,,,,,,,0,,0
17017,21980,76078,Dennis Awtrey,SEA,Seattle SuperSonics,0028000939,1981-03-29,SEA vs. GOS,W,0,0,,,0.0,,,0,0,,,,,,,,,,0,,0
17018,21980,78057,Frankie Sanders,KCK,Kansas City Kings,0028000938,1981-03-29,KCK vs. DAL,W,0,0,,,0.0,,,0,0,,,,,,,,,,0,,0
17019,21980,77858,Stan Pietkiewicz,DAL,Dallas Mavericks,0028000938,1981-03-29,DAL @ KCK,L,0,0,,,0.0,,,0,0,,,,,,,,,,0,,0
17020,21980,77331,John Lambert,KCK,Kansas City Kings,0028000938,1981-03-29,KCK vs. DAL,W,0,0,,,0.0,,,0,0,,,,,,,,,,0,,0
17021,21980,76590,Leon Douglas,KCK,Kansas City Kings,0028000938,1981-03-29,KCK vs. DAL,W,0,0,,,0.0,,,0,0,,,,,,,,,,0,,0
17022,21980,77528,Jim McElroy,ATL,Atlanta Hawks,0028000934,1981-03-29,ATL vs. MIL,L,0,0,,,0.0,,,0,0,,,,,,,,,,0,,0
17023,21980,76305,Tom Burleson,ATL,Atlanta Hawks,0028000934,1981-03-29,ATL vs. MIL,L,0,0,,,0.0,,,0,0,,,,,,,,,,0,,0
17024,21980,77920,Jamesearl Ray,DEN,Denver Nuggets,0028000933,1981-03-29,DEN @ LAL,W,0,0,,,0.0,,,0,0,,,,,,,,,,0,,0
17025,21980,76248,Jim Brewer,LAL,Los Angeles Lakers,0028000933,1981-03-29,LAL vs. DEN,L,0,0,,,0.0,,,0,0,,,,,,,,,,0,,0
17026,21980,77984,Rick Robey,BOS,Boston Celtics,0028000937,1981-03-29,BOS vs. PHL,W,0,0,,,0.0,,,0,0,,,,,,,,,,0,,0
17027,21980,78068,Dewayne Scales,NYK,New York Knicks,0028000940,1981-03-29,NYK vs. NJN,W,0,0,,,0.0,,,0,0,,,,,,,,,,0,,0
17028,21980,76993,Gerald Henderson,BOS,Boston Celtics,0028000937,1981-03-29,BOS vs. PHL,W,0,0,,,0.0,,,0,0,,,,,,,,,,0,,0
17029,21980,76619,John Duren,UTH,Utah Jazz,0028000936,1981-03-29,UTH @ PHX,L,0,0,,,0.0,,,0,0,,,,,,,,,,0,,0
17030,21980,78400,Jan Van Breda Kolff,NJN,New Jersey Nets,0028000940,1981-03-29,NJN @ NYK,L,0,0,,,0.0,,,0,0,,,,,,,,,,0,,0
17031,21980,77618,Steve Mix,PHL,Philadelphia 76ers,0028000937,1981-03-29,PHL @ BOS,L,0,0,,,0.0,,,0,0,,,,,,,,,,0,,0
17032,21980,78537,Jeff Wilkins,UTH,Utah Jazz,0028000936,1981-03-29,UTH @ PHX,L,0,0,,,0.0,,,0,0,,,,,,,,,,0,,0
17033,21980,76985,Garfield Heard,SDC,San Diego Clippers,0028000941,1981-03-29,SDC vs. POR,L,0,0,,,0.0,,,0,0,,,,,,,,,,0,,0
17034,21980,78436,Foots Walker,NJN,New Jersey Nets,0028000931,1981-03-28,NJN vs. NYK,L,0,0,,,0.0,,,0,0,,,,,,,,,,0,,0
17035,21980,78400,Jan Van Breda Kolff,NJN,New Jersey Nets,0028000931,1981-03-28,NJN vs. NYK,L,0,0,,,0.0,,,0,0,,,,,,,,,,0,,0
17036,21980,77184,Edgar Jones,NJN,New Jersey Nets,0028000931,1981-03-28,NJN vs. NYK,L,0,0,,,0.0,,,0,0,,,,,,,,,,0,,0
17037,21980,76553,Larry Demic,NYK,New York Knicks,0028000931,1981-03-28,NYK @ NJN,W,0,0,,,0.0,,,0,0,,,,,,,,,,0,,0
17038,21980,76360,Reggie Carter,NYK,New York Knicks,0028000931,1981-03-28,NYK @ NJN,W,0,0,,,0.0,,,0,0,,,,,,,,,,0,,0
17039,21980,76707,Eric Fernsten,BOS,Boston Celtics,0028000928,1981-03-27,BOS vs. DET,L,0,0,,,0.0,,,0,0,,,,,,,,,,0,,0
17040,21980,76587,Jacky Dorsey,SEA,Seattle SuperSonics,0028000927,1981-03-27,SEA vs. LAL,L,0,0,,,0.0,,,0,0,,,,,,,,,,0,,0
17041,21980,76355,Butch Carter,LAL,Los Angeles Lakers,0028000927,1981-03-27,LAL @ SEA,W,0,0,,,0.0,,,0,0,,,,,,,,,,0,,0
17042,21980,78516,Jerome Whitehead,SDC,San Diego Clippers,0028000924,1981-03-27,SDC @ PHX,L,0,0,,,0.0,,,0,0,,,,,,,,,,0,,0
17043,21980,78350,Rudy Tomjanovich,HOU,Houston Rockets,0028000923,1981-03-27,HOU vs. KCK,W,0,0,,,0.0,,,0,0,,,,,,,,,,0,,0
17044,21980,78057,Frankie Sanders,KCK,Kansas City Kings,0028000923,1981-03-27,KCK @ HOU,L,0,0,,,0.0,,,0,0,,,,,,,,,,0,,0
17045,21980,76616,Mike Dunleavy,HOU,Houston Rockets,0028000923,1981-03-27,HOU vs. KCK,W,0,0,,,0.0,,,0,0,,,,,,,,,,0,,0
17046,21980,76590,Leon Douglas,KCK,Kansas City Kings,0028000923,1981-03-27,KCK @ HOU,L,0,0,,,0.0,,,0,0,,,,,,,,,,0,,0
17047,21980,78618,Sam Worthen,CHI,Chicago Bulls,0028000921,1981-03-27,CHI vs. ATL,W,0,0,,,0.0,,,0,0,,,,,,,,,,0,,0
17048,21980,78150,James Silas,SAN,San Antonio Spurs,0028000920,1981-03-26,SAN @ UTH,W,0,0,,,0.0,,,0,0,,,,,,,,,,0,,0
17049,21980,77944,Kevin Restani,SAN,San Antonio Spurs,0028000920,1981-03-26,SAN @ UTH,W,0,0,,,0.0,,,0,0,,,,,,,,,,0,,0
17050,21980,77149,George Johnson,SAN,San Antonio Spurs,0028000920,1981-03-26,SAN @ UTH,W,0,0,,,0.0,,,0,0,,,,,,,,,,0,,0
17051,21980,76619,John Duren,UTH,Utah Jazz,0028000920,1981-03-26,UTH vs. SAN,L,0,0,,,0.0,,,0,0,,,,,,,,,,0,,0
17052,21980,77532,George McGinnis,IND,Indiana Pacers,0028000919,1981-03-26,IND @ ATL,W,0,0,,,0.0,,,0,0,,,,,,,,,,0,,0
17053,21980,76005,Tom Abernethy,IND,Indiana Pacers,0028000919,1981-03-26,IND @ ATL,W,0,0,,,0.0,,,0,0,,,,,,,,,,0,,0
17054,21980,76418,Don Collins,ATL,Atlanta Hawks,0028000919,1981-03-26,ATL vs. IND,L,0,0,,,,,,0,0,,,,,,,,,,0,,0
17055,21980,76599,Larry Drew,DET,Detroit Pistons,0028000917,1981-03-25,DET @ PHL,L,0,0,,,0.0,,,0,0,,,,,,,,,,0,,0
17056,21980,77184,Edgar Jones,NJN,New Jersey Nets,0028000916,1981-03-25,NJN vs. BOS,L,0,0,,,0.0,,,0,0,,,,,,,,,,0,,0
17057,21980,76351,M.L. Carr,BOS,Boston Celtics,0028000916,1981-03-25,BOS @ NJN,W,0,0,,,0.0,,,0,0,,,,,,,,,,0,,0
17058,21980,78516,Jerome Whitehead,SDC,San Diego Clippers,0028000915,1981-03-25,SDC @ GOS,L,0,0,,,0.0,,,0,0,,,,,,,,,,0,,0
17059,21980,77800,Sonny Parker,GOS,Golden State Warriors,0028000915,1981-03-25,GOS vs. SDC,W,0,0,,,0.0,,,0,0,,,,,,,,,,0,,0
17060,21980,76985,Garfield Heard,SDC,San Diego Clippers,0028000915,1981-03-25,SDC @ GOS,L,0,0,,,0.0,,,0,0,,,,,,,,,,0,,0
17061,21980,76618,T.R. Dunn,DEN,Denver Nuggets,0028000914,1981-03-25,DEN vs. DAL,L,0,0,,,0.0,,,0,0,,,,,,,,,,0,,0
17062,21980,78449,Lloyd Walton,KCK,Kansas City Kings,0028000913,1981-03-25,KCK @ PHX,W,0,0,,,0.0,,,0,0,,,,,,,,,,0,,0
17063,21980,77331,John Lambert,KCK,Kansas City Kings,0028000913,1981-03-25,KCK @ PHX,W,0,0,,,0.0,,,0,0,,,,,,,,,,0,,0
17064,21980,77308,Joel Kramer,PHX,Phoenix Suns,0028000913,1981-03-25,PHX vs. KCK,L,0,0,,,0.0,,,0,0,,,,,,,,,,0,,0
17065,21980,77944,Kevin Restani,SAN,San Antonio Spurs,0028000912,1981-03-25,SAN @ HOU,L,0,0,,,0.0,,,0,0,,,,,,,,,,0,,0
17066,21980,77353,Allen Leavell,HOU,Houston Rockets,0028000912,1981-03-25,HOU vs. SAN,W,0,0,,,0.0,,,0,0,,,,,,,,,,0,,0
17067,21980,76616,Mike Dunleavy,HOU,Houston Rockets,0028000912,1981-03-25,HOU vs. SAN,W,0,0,,,0.0,,,0,0,,,,,,,,,,0,,0
17068,21980,76771,Mike Gale,POR,Portland Trail Blazers,0028000911,1981-03-25,POR @ SEA,W,0,0,,,0.0,,,0,0,,,,,,,,,,0,,0
17069,21980,76360,Reggie Carter,NYK,New York Knicks,0028000910,1981-03-25,NYK @ WAS,L,0,0,,,0.0,,,0,0,,,,,,,,,,0,,0
17070,21980,77944,Kevin Restani,SAN,San Antonio Spurs,0028000909,1981-03-24,SAN vs. DEN,L,0,0,,,0.0,,,0,0,,,,,,,,,,0,,0
17071,21980,77364,Ron Lee,DET,Detroit Pistons,0028000908,1981-03-24,DET @ ATL,L,0,0,,,0.0,,,0,0,,,,,,,,,,0,,0
17072,21980,78537,Jeff Wilkins,UTH,Utah Jazz,0028000907,1981-03-24,UTH vs. KCK,L,0,0,,,0.0,,,0,0,,,,,,,,,,0,,0
17073,21980,78057,Frankie Sanders,KCK,Kansas City Kings,0028000907,1981-03-24,KCK @ UTH,W,0,0,,,0.0,,,0,0,,,,,,,,,,0,,0
17074,21980,76151,Mel Bennett,UTH,Utah Jazz,0028000907,1981-03-24,UTH vs. KCK,L,0,0,,,0.0,,,0,0,,,,,,,,,,0,,0
17075,21980,77353,Allen Leavell,HOU,Houston Rockets,0028000906,1981-03-24,HOU @ DAL,W,0,0,,,0.0,,,0,0,,,,,,,,,,0,,0
17076,21980,77373,Ronnie Lester,CHI,Chicago Bulls,0028000905,1981-03-24,CHI vs. CLE,W,0,0,,,0.0,,,0,0,,,,,,,,,,0,,0
17077,21980,77078,Kim Hughes,CLE,Cleveland Cavaliers,0028000905,1981-03-24,CLE @ CHI,L,0,0,,,0.0,,,0,0,,,,,,,,,,0,,0
17078,21980,76771,Mike Gale,POR,Portland Trail Blazers,0028000902,1981-03-24,POR vs. PHX,W,0,0,,,0.0,,,0,0,,,,,,,,,,0,,0
17079,21980,77580,John Mengelt,GOS,Golden State Warriors,0028000901,1981-03-24,GOS @ LAL,L,0,0,,,0.0,,,0,0,,,,,,,,,,0,,0
17080,21980,77334,Mark Landsberger,LAL,Los Angeles Lakers,0028000901,1981-03-24,LAL vs. GOS,W,0,0,,,0.0,,,0,0,,,,,,,,,,0,,0
17081,21980,78614,Mike Woodson,NYK,New York Knicks,0028000900,1981-03-24,NYK vs. BOS,L,0,0,,,0.0,,,0,0,,,,,,,,,,0,,0
17082,21980,78068,Dewayne Scales,NYK,New York Knicks,0028000900,1981-03-24,NYK vs. BOS,L,0,0,,,0.0,,,0,0,,,,,,,,,,0,,0
17083,21980,77984,Rick Robey,BOS,Boston Celtics,0028000900,1981-03-24,BOS @ NYK,W,0,0,,,0.0,,,0,4,0.0,,,,,,,,,0,,0
17084,21980,76587,Jacky Dorsey,SEA,Seattle SuperSonics,0028000899,1981-03-22,SEA @ PHX,L,0,0,,,0.0,,,0,0,,,,,,,,,,0,,0
17085,21980,76078,Dennis Awtrey,SEA,Seattle SuperSonics,0028000899,1981-03-22,SEA @ PHX,L,0,0,,,0.0,,,0,0,,,,,,,,,,0,,0
17086,21980,78436,Foots Walker,NJN,New Jersey Nets,0028000898,1981-03-22,NJN vs. MIL,L,0,0,,,0.0,,,0,0,,,,,,,,,,0,,0
17087,21980,76365,Harvey Catchings,MIL,Milwaukee Bucks,0028000898,1981-03-22,MIL @ NJN,W,0,0,,,0.0,,,0,2,0.0,,,,,,,,,0,,0
17088,21980,77078,Kim Hughes,CLE,Cleveland Cavaliers,0028000897,1981-03-22,CLE @ IND,L,0,0,,,0.0,,,0,0,,,,,,,,,,0,,0
17089,21980,76005,Tom Abernethy,IND,Indiana Pacers,0028000897,1981-03-22,IND vs. CLE,W,0,0,,,0.0,,,0,0,,,,,,,,,,0,,0
17090,21980,78015,Lorenzo Romar,GOS,Golden State Warriors,0028000896,1981-03-22,GOS vs. LAL,L,0,0,,,0.0,,,0,0,,,,,,,,,,0,,0
17091,21980,77917,Clifford Ray,GOS,Golden State Warriors,0028000896,1981-03-22,GOS vs. LAL,L,0,0,,,0.0,,,0,0,,,,,,,,,,0,,0
17092,21980,76248,Jim Brewer,LAL,Los Angeles Lakers,0028000896,1981-03-22,LAL @ GOS,W,0,0,,,0.0,,,0,0,,,,,,,,,,0,,0
17093,21980,77975,Anthony Roberts,WAS,Washington Bullets,0028000895,1981-03-22,WAS vs. ATL,W,0,0,,,0.0,,,0,0,,,,,,,,,,0,,0
17094,21980,77331,John Lambert,KCK,Kansas City Kings,0028000894,1981-03-22,KCK vs. HOU,L,0,0,,,0.0,,,0,0,,,,,,,,,,0,,0
17095,21980,77215,Jeff Judkins,UTH,Utah Jazz,0028000893,1981-03-22,UTH @ DEN,L,0,0,,,0.0,,,0,0,,,,,,,,,,0,,0
17096,21980,76618,T.R. Dunn,DEN,Denver Nuggets,0028000893,1981-03-22,DEN vs. UTH,W,0,0,,,0.0,,,0,0,,,,,,,,,,0,,0
17097,21980,77950,Clint Richardson,PHL,Philadelphia 76ers,0028000892,1981-03-22,PHL vs. BOS,W,0,0,,,0.0,,,0,0,,,,,,,,,,0,,0
17098,21980,77162,Ollie Johnson,PHL,Philadelphia 76ers,0028000892,1981-03-22,PHL vs. BOS,W,0,0,,,0.0,,,0,0,,,,,,,,,,0,,0
17099,21980,76733,Chris Ford,BOS,Boston Celtics,0028000892,1981-03-22,BOS @ PHL,L,0,0,,,0.0,,,0,0,,,,,,,,,,0,,0
17100,21980,76608,Terry Duerod,BOS,Boston Celtics,0028000892,1981-03-22,BOS @ PHL,L,0,0,,,0.0,,,0,0,,,,,,,,,,0,,0
17101,21980,76266,Michael Brooks,SDC,San Diego Clippers,0028000891,1981-03-22,SDC @ SAN,L,0,0,,,0.0,,,0,0,,,,,,,,,,0,,0
17102,21980,77205,Eddie Jordan,LAL,Los Angeles Lakers,0028000889,1981-03-21,LAL @ POR,W,0,0,,,0.0,,,0,0,,,,,,,,,,0,,0
17103,21980,77235,Rich Kelley,PHX,Phoenix Suns,0028000888,1981-03-21,PHX @ GOS,L,0,0,,,0.0,,,0,0,,,,,,,,,,0,,0
17104,21980,77858,Stan Pietkiewicz,DAL,Dallas Mavericks,0028000887,1981-03-21,DAL vs. UTH,W,0,0,,,0.0,,,0,0,,,,,,,,,,0,,0
17105,21980,77215,Jeff Judkins,UTH,Utah Jazz,0028000887,1981-03-21,UTH @ DAL,L,0,0,,,0.0,,,0,0,,,,,,,,,,0,,0
17106,21980,78570,Sly Williams,NYK,New York Knicks,0028000886,1981-03-21,NYK vs. CLE,W,0,0,,,0.0,,,0,0,,,,,,,,,,0,,0
17107,21980,77209,Walter Jordan,CLE,Cleveland Cavaliers,0028000886,1981-03-21,CLE @ NYK,L,0,0,,,0.0,,,0,0,,,,,,,,,,0,,0
17108,21980,77087,Geoff Huston,CLE,Cleveland Cavaliers,0028000886,1981-03-21,CLE @ NYK,L,0,0,,,0.0,,,0,0,,,,,,,,,,0,,0
17109,21980,77078,Kim Hughes,CLE,Cleveland Cavaliers,0028000886,1981-03-21,CLE @ NYK,L,0,0,,,0.0,,,0,0,,,,,,,,,,0,,0
17110,21980,76553,Larry Demic,NYK,New York Knicks,0028000886,1981-03-21,NYK vs. CLE,W,0,0,,,0.0,,,0,0,,,,,,,,,,0,,0
17111,21980,76365,Harvey Catchings,MIL,Milwaukee Bucks,0028000885,1981-03-20,MIL @ DET,W,0,0,,,0.0,,,0,0,,,,,,,,,,0,,0
17112,21980,76707,Eric Fernsten,BOS,Boston Celtics,0028000884,1981-03-20,BOS vs. WAS,W,0,0,,,0.0,,,0,0,,,,,,,,,,0,,0
17113,21980,78047,Campy Russell,NYK,New York Knicks,0028000883,1981-03-20,NYK @ IND,W,0,0,,,0.0,,,0,0,,,,,,,,,,0,,0
17114,21980,77532,George McGinnis,IND,Indiana Pacers,0028000883,1981-03-20,IND vs. NYK,L,0,0,,,0.0,,,0,0,,,,,,,,,,0,,0
17115,21980,76005,Tom Abernethy,IND,Indiana Pacers,0028000883,1981-03-20,IND vs. NYK,L,0,0,,,0.0,,,0,0,,,,,,,,,,0,,0
17116,21980,78436,Foots Walker,NJN,New Jersey Nets,0028000882,1981-03-20,NJN vs. ATL,W,0,0,,,0.0,,,0,0,,,,,,,,,,0,,0
17117,21980,78400,Jan Van Breda Kolff,NJN,New Jersey Nets,0028000882,1981-03-20,NJN vs. ATL,W,0,0,,,0.0,,,0,0,,,,,,,,,,0,,0
17118,21980,77184,Edgar Jones,NJN,New Jersey Nets,0028000882,1981-03-20,NJN vs. ATL,W,0,0,,,0.0,,,0,0,,,,,,,,,,0,,0
17119,21980,76954,Mike Harper,POR,Portland Trail Blazers,0028000881,1981-03-20,POR vs. HOU,W,0,0,,,0.0,,,0,0,,,,,,,,,,0,,0
17120,21980,76786,Calvin Garrett,HOU,Houston Rockets,0028000881,1981-03-20,HOU @ POR,L,0,0,,,0.0,,,0,0,,,,,,,,,,0,,0
17121,21980,77633,Johnny Moore,SAN,San Antonio Spurs,0028000880,1981-03-20,SAN @ KCK,W,0,0,,,0.0,,,0,0,,,,,,,,,,0,,0
17122,21980,77331,John Lambert,KCK,Kansas City Kings,0028000880,1981-03-20,KCK vs. SAN,L,0,0,,,0.0,,,0,0,,,,,,,,,,0,,0
17123,21980,77334,Mark Landsberger,LAL,Los Angeles Lakers,0028000879,1981-03-20,LAL vs. SEA,W,0,0,,,0.0,,,0,0,,,,,,,,,,0,,0
17124,21980,77580,John Mengelt,GOS,Golden State Warriors,0028000876,1981-03-19,GOS @ SDC,L,0,0,,,0.0,,,0,0,,,,,,,,,,0,,0
17125,21980,77209,Walter Jordan,CLE,Cleveland Cavaliers,0028000874,1981-03-19,CLE vs. CHI,L,0,0,,,0.0,,,0,0,,,,,,,,,,0,,0
17126,21980,77078,Kim Hughes,CLE,Cleveland Cavaliers,0028000874,1981-03-19,CLE vs. CHI,L,0,0,,,0.0,,,0,0,,,,,,,,,,0,,0
17127,21980,77937,Billy Reid,GOS,Golden State Warriors,0028000873,1981-03-18,GOS vs. HOU,W,0,0,,,0.0,,,0,0,,,,,,,,,,0,,0
17128,21980,77189,Major Jones,HOU,Houston Rockets,0028000873,1981-03-18,HOU @ GOS,L,0,0,,,0.0,,,0,0,,,,,,,,,,0,,0
17129,21980,77162,Ollie Johnson,PHL,Philadelphia 76ers,0028000872,1981-03-18,PHL vs. IND,W,0,0,,,0.0,,,0,0,,,,,,,,,,0,,0
17130,21980,76005,Tom Abernethy,IND,Indiana Pacers,0028000872,1981-03-18,IND @ PHL,L,0,0,,,0.0,,,0,0,,,,,,,,,,0,,0
17131,21980,77715,Carl Nicks,UTH,Utah Jazz,0028000871,1981-03-18,UTH vs. DAL,W,0,0,,,0.0,,,0,0,,,,,,,,,,0,,0
17132,21980,77229,Clarence Kea,DAL,Dallas Mavericks,0028000871,1981-03-18,DAL @ UTH,L,0,0,,,0.0,,,0,0,,,,,,,,,,0,,0
17133,21980,76619,John Duren,UTH,Utah Jazz,0028000871,1981-03-18,UTH vs. DAL,W,0,0,,,0.0,,,0,0,,,,,,,,,,0,,0
17134,21980,76151,Mel Bennett,UTH,Utah Jazz,0028000871,1981-03-18,UTH vs. DAL,W,0,0,,,0.0,,,0,0,,,,,,,,,,0,,0
17135,21980,77718,Mike Niles,PHX,Phoenix Suns,0028000869,1981-03-18,PHX vs. LAL,W,0,0,,,0.0,,,0,0,,,,,,,,,,0,,0
17136,21980,77205,Eddie Jordan,LAL,Los Angeles Lakers,0028000869,1981-03-18,LAL @ PHX,L,0,0,,,0.0,,,0,0,,,,,,,,,,0,,0
17137,21980,78614,Mike Woodson,NYK,New York Knicks,0028000868,1981-03-18,NYK @ MIL,W,0,0,,,0.0,,,0,0,,,,,,,,,,0,,0
17138,21980,76360,Reggie Carter,NYK,New York Knicks,0028000868,1981-03-18,NYK @ MIL,W,0,0,,,0.0,,,0,0,,,,,,,,,,0,,0
17139,21980,76305,Tom Burleson,ATL,Atlanta Hawks,0028000867,1981-03-18,ATL @ BOS,W,0,0,,,0.0,,,0,0,,,,,,,,,,0,,0
17140,21980,78436,Foots Walker,NJN,New Jersey Nets,0028000866,1981-03-18,NJN @ DET,L,0,0,,,0.0,,,0,0,,,,,,,,,,0,,0
17141,21980,76707,Eric Fernsten,BOS,Boston Celtics,0028000865,1981-03-17,BOS @ WAS,W,0,0,,,0.0,,,0,0,,,,,,,,,,0,,0
17142,21980,76608,Terry Duerod,BOS,Boston Celtics,0028000865,1981-03-17,BOS @ WAS,W,0,0,,,0.0,,,0,0,,,,,,,,,,0,,0
17143,21980,76162,Henry Bibby,SDC,San Diego Clippers,0028000864,1981-03-17,SDC @ POR,L,0,0,,,0.0,,,0,0,,,,,,,,,,0,,0
17144,21980,600010,Len Elmore,MIL,Milwaukee Bucks,0028000863,1981-03-17,MIL @ CHI,L,0,0,,,0.0,,,0,0,,,,,,,,,,0,,0
17145,21980,78533,James Wilkes,CHI,Chicago Bulls,0028000863,1981-03-17,CHI vs. MIL,W,0,0,,,0.0,,,0,0,,,,,,,,,,0,,0
17146,21980,77215,Jeff Judkins,UTH,Utah Jazz,0028000862,1981-03-17,UTH @ SAN,L,0,0,,,0.0,,,0,0,,,,,,,,,,0,,0
17147,21980,76619,John Duren,UTH,Utah Jazz,0028000862,1981-03-17,UTH @ SAN,L,0,0,,,0.0,,,0,0,,,,,,,,,,0,,0
17148,21980,76944,Bill Hanzlik,SEA,Seattle SuperSonics,0028000861,1981-03-17,SEA @ DEN,L,0,0,,,0.0,,,0,0,,,,,,,,,,0,,0
17149,21980,76078,Dennis Awtrey,SEA,Seattle SuperSonics,0028000861,1981-03-17,SEA @ DEN,L,0,0,,,0.0,,,0,0,,,,,,,,,,0,,0
17150,21980,76005,Tom Abernethy,IND,Indiana Pacers,0028000859,1981-03-17,IND @ NYK,L,0,0,,,0.0,,,0,0,,,,,,,,,,0,,0
17151,21980,77858,Stan Pietkiewicz,DAL,Dallas Mavericks,0028000858,1981-03-17,DAL vs. LAL,L,0,0,,,0.0,,,0,0,,,,,,,,,,0,,0
17152,21980,76248,Jim Brewer,LAL,Los Angeles Lakers,0028000858,1981-03-17,LAL @ DAL,W,0,0,,,0.0,,,0,0,,,,,,,,,,0,,0
17153,21980,76162,Henry Bibby,SDC,San Diego Clippers,0028000856,1981-03-15,SDC @ LAL,W,0,0,,,0.0,,,0,0,,,,,,,,,,0,,0
17154,21980,76954,Mike Harper,POR,Portland Trail Blazers,0028000855,1981-03-15,POR vs. DAL,W,0,0,,,0.0,,,0,0,,,,,,,,,,0,,0
17155,21980,78533,James Wilkes,CHI,Chicago Bulls,0028000854,1981-03-15,CHI @ KCK,W,0,0,,,0.0,,,0,0,,,,,,,,,,0,,0
17156,21980,78449,Lloyd Walton,KCK,Kansas City Kings,0028000854,1981-03-15,KCK vs. CHI,L,0,0,,,0.0,,,0,0,,,,,,,,,,0,,0
17157,21980,76590,Leon Douglas,KCK,Kansas City Kings,0028000854,1981-03-15,KCK vs. CHI,L,0,0,,,0.0,,,0,2,0.0,,,,,,,,,0,,0
17158,21980,77078,Kim Hughes,CLE,Cleveland Cavaliers,0028000853,1981-03-15,CLE @ WAS,W,0,0,,,0.0,,,0,0,,,,,,,,,,0,,0
17159,21980,76786,Calvin Garrett,HOU,Houston Rockets,0028000852,1981-03-15,HOU @ DEN,L,0,0,,,0.0,,,0,0,,,,,,,,,,0,,0
17160,21980,76618,T.R. Dunn,DEN,Denver Nuggets,0028000852,1981-03-15,DEN vs. HOU,W,0,0,,,0.0,,,0,0,,,,,,,,,,0,,0
17161,21980,77618,Steve Mix,PHL,Philadelphia 76ers,0028000851,1981-03-15,PHL @ NYK,L,0,0,,,0.0,,,0,0,,,,,,,,,,0,,0
17162,21980,78436,Foots Walker,NJN,New Jersey Nets,0028000850,1981-03-15,NJN @ BOS,L,0,0,,,0.0,,,0,0,,,,,,,,,,0,,0
17163,21980,78400,Jan Van Breda Kolff,NJN,New Jersey Nets,0028000850,1981-03-15,NJN @ BOS,L,0,0,,,0.0,,,0,0,,,,,,,,,,0,,0
17164,21980,77635,Lowes Moore,NJN,New Jersey Nets,0028000850,1981-03-15,NJN @ BOS,L,0,0,,,0.0,,,0,0,,,,,,,,,,0,,0
17165,21980,76707,Eric Fernsten,BOS,Boston Celtics,0028000850,1981-03-15,BOS vs. NJN,W,0,0,,,0.0,,,0,0,,,,,,,,,,0,,0
17166,21980,76608,Terry Duerod,BOS,Boston Celtics,0028000850,1981-03-15,BOS vs. NJN,W,0,0,,,0.0,,,0,0,,,,,,,,,,0,,0
17167,21980,76587,Jacky Dorsey,SEA,Seattle SuperSonics,0028000849,1981-03-15,SEA @ MIL,L,0,0,,,0.0,,,0,0,,,,,,,,,,0,,0
17168,21980,76078,Dennis Awtrey,SEA,Seattle SuperSonics,0028000849,1981-03-15,SEA @ MIL,L,0,0,,,0.0,,,0,0,,,,,,,,,,0,,0
17169,21980,77419,John Lucas,GOS,Golden State Warriors,0028000848,1981-03-15,GOS vs. SAN,L,0,0,,,0.0,,,0,0,,,,,,,,,,0,,0
17170,21980,78146,Jerry Sichting,IND,Indiana Pacers,0028000847,1981-03-14,IND vs. DET,L,0,0,,,0.0,,,0,0,,,,,,,,,,0,,0
17171,21980,76231,Dudley Bradley,IND,Indiana Pacers,0028000847,1981-03-14,IND vs. DET,L,0,0,,,0.0,,,0,0,,,,,,,,,,0,,0
17172,21980,77078,Kim Hughes,CLE,Cleveland Cavaliers,0028000845,1981-03-14,CLE @ ATL,W,0,0,,,0.0,,,0,0,,,,,,,,,,0,,0
17173,21980,76305,Tom Burleson,ATL,Atlanta Hawks,0028000845,1981-03-14,ATL vs. CLE,L,0,0,,,0.0,,,0,2,0.0,,,,,,,,,0,,0
17174,21980,77817,Billy Paultz,HOU,Houston Rockets,0028000844,1981-03-14,HOU vs. UTH,W,0,0,,,0.0,,,0,6,0.0,,,,,,,,,0,,0
17175,21980,77215,Jeff Judkins,UTH,Utah Jazz,0028000844,1981-03-14,UTH @ HOU,L,0,0,,,0.0,,,0,0,,,,,,,,,,0,,0
17176,21980,76619,John Duren,UTH,Utah Jazz,0028000844,1981-03-14,UTH @ HOU,L,0,0,,,0.0,,,0,0,,,,,,,,,,0,,0
17177,21980,76151,Mel Bennett,UTH,Utah Jazz,0028000844,1981-03-14,UTH @ HOU,L,0,0,,,0.0,,,0,0,,,,,,,,,,0,,0
17178,21980,76587,Jacky Dorsey,SEA,Seattle SuperSonics,0028000843,1981-03-13,SEA @ DET,W,0,0,,,0.0,,,0,0,,,,,,,,,,0,,0
17179,21980,77786,Tom Owens,POR,Portland Trail Blazers,0028000842,1981-03-13,POR @ HOU,L,0,0,,,0.0,,,0,0,,,,,,,,,,0,,0
17180,21980,76996,Tom Henderson,HOU,Houston Rockets,0028000842,1981-03-13,HOU vs. POR,W,0,0,,,0.0,,,0,0,,,,,,,,,,0,,0
17181,21980,78146,Jerry Sichting,IND,Indiana Pacers,0028000841,1981-03-13,IND @ BOS,W,0,0,,,0.0,,,0,0,,,,,,,,,,0,,0
17182,21980,76608,Terry Duerod,BOS,Boston Celtics,0028000841,1981-03-13,BOS vs. IND,L,0,0,,,0.0,,,0,0,,,,,,,,,,0,,0
17183,21980,76351,M.L. Carr,BOS,Boston Celtics,0028000841,1981-03-13,BOS vs. IND,L,0,0,,,0.0,,,0,0,,,,,,,,,,0,,0
17184,21980,77528,Jim McElroy,ATL,Atlanta Hawks,0028000839,1981-03-13,ATL vs. DEN,W,0,0,,,0.0,,,0,0,,,,,,,,,,0,,0
17185,21980,76618,T.R. Dunn,DEN,Denver Nuggets,0028000839,1981-03-13,DEN @ ATL,L,0,0,,,0.0,,,0,0,,,,,,,,,,0,,0
17186,21980,77209,Walter Jordan,CLE,Cleveland Cavaliers,0028000838,1981-03-13,CLE vs. NJN,L,0,0,,,0.0,,,0,0,,,,,,,,,,0,,0
17187,21980,78618,Sam Worthen,CHI,Chicago Bulls,0028000837,1981-03-13,CHI @ NYK,L,0,0,,,0.0,,,0,0,,,,,,,,,,0,,0
17188,21980,78614,Mike Woodson,NYK,New York Knicks,0028000837,1981-03-13,NYK vs. CHI,W,0,0,,,0.0,,,0,0,,,,,,,,,,0,,0
17189,21980,76360,Reggie Carter,NYK,New York Knicks,0028000837,1981-03-13,NYK vs. CHI,W,0,0,,,0.0,,,0,0,,,,,,,,,,0,,0
17190,21980,76686,Mike Evans,MIL,Milwaukee Bucks,0028000836,1981-03-13,MIL vs. PHL,W,0,0,,,0.0,,,0,0,,,,,,,,,,0,,0
17191,21980,76483,Pat Cummings,MIL,Milwaukee Bucks,0028000836,1981-03-13,MIL vs. PHL,W,0,0,,,0.0,,,0,0,,,,,,,,,,0,,0
17192,21980,76686,Mike Evans,MIL,Milwaukee Bucks,0028000835,1981-03-12,MIL vs. DEN,W,0,0,,,0.0,,,0,0,,,,,,,,,,0,,0
17193,21980,77800,Sonny Parker,GOS,Golden State Warriors,0028000833,1981-03-12,GOS @ DAL,L,0,0,,,0.0,,,0,0,,,,,,,,,,0,,0
17194,21980,77205,Eddie Jordan,LAL,Los Angeles Lakers,0028000832,1981-03-12,LAL @ SDC,W,0,0,,,0.0,,,0,0,,,,,,,,,,0,,0
17195,21980,77040,Brad Holland,LAL,Los Angeles Lakers,0028000832,1981-03-12,LAL @ SDC,W,0,0,,,0.0,,,0,2,0.0,,,,,,,,,0,,0
17196,21980,76534,Ron Davis,SDC,San Diego Clippers,0028000832,1981-03-12,SDC vs. LAL,L,0,0,,,0.0,,,0,0,,,,,,,,,,0,,0
17197,21980,76248,Jim Brewer,LAL,Los Angeles Lakers,0028000832,1981-03-12,LAL @ SDC,W,0,0,,,0.0,,,0,0,,,,,,,,,,0,,0
17198,21980,77087,Geoff Huston,CLE,Cleveland Cavaliers,0028000831,1981-03-11,CLE vs. SEA,L,0,0,,,0.0,,,0,0,,,,,,,,,,0,,0
17199,21980,77078,Kim Hughes,CLE,Cleveland Cavaliers,0028000831,1981-03-11,CLE vs. SEA,L,0,0,,,0.0,,,0,0,,,,,,,,,,0,,0
17200,21980,76587,Jacky Dorsey,SEA,Seattle SuperSonics,0028000831,1981-03-11,SEA @ CLE,W,0,0,,,0.0,,,0,0,,,,,,,,,,0,,0
17201,21980,76583,James Donaldson,SEA,Seattle SuperSonics,0028000831,1981-03-11,SEA @ CLE,W,0,0,,,0.0,,,0,0,,,,,,,,,,0,,0
17202,21980,76078,Dennis Awtrey,SEA,Seattle SuperSonics,0028000831,1981-03-11,SEA @ CLE,W,0,0,,,0.0,,,0,0,,,,,,,,,,0,,0
17203,21980,78436,Foots Walker,NJN,New Jersey Nets,0028000830,1981-03-11,NJN vs. WAS,W,0,0,,,0.0,,,0,0,,,,,,,,,,0,,0
17204,21980,77504,Andre McCarter,WAS,Washington Bullets,0028000830,1981-03-11,WAS @ NJN,L,0,0,,,0.0,,,0,0,,,,,,,,,,0,,0
17205,21980,77420,Maurice Lucas,NJN,New Jersey Nets,0028000830,1981-03-11,NJN vs. WAS,W,0,0,,,0.0,,,0,0,,,,,,,,,,0,,0
17206,21980,77528,Jim McElroy,ATL,Atlanta Hawks,0028000829,1981-03-11,ATL @ DET,L,0,0,,,0.0,,,0,0,,,,,,,,,,0,,0
17207,21980,76599,Larry Drew,DET,Detroit Pistons,0028000829,1981-03-11,DET vs. ATL,W,0,0,,,0.0,,,0,0,,,,,,,,,,0,,0
17208,21980,77189,Major Jones,HOU,Houston Rockets,0028000828,1981-03-11,HOU vs. GOS,W,0,0,,,0.0,,,0,0,,,,,,,,,,0,,0
17209,21980,76786,Calvin Garrett,HOU,Houston Rockets,0028000828,1981-03-11,HOU vs. GOS,W,0,0,,,0.0,,,0,0,,,,,,,,,,0,,0
17210,21980,600010,Len Elmore,MIL,Milwaukee Bucks,0028000826,1981-03-11,MIL @ BOS,L,0,0,,,0.0,,,0,0,,,,,,,,,,0,,0
17211,21980,76534,Ron Davis,SDC,San Diego Clippers,0028000823,1981-03-10,SDC vs. KCK,L,0,0,,,0.0,,,0,0,,,,,,,,,,0,,0
17212,21980,76162,Henry Bibby,SDC,San Diego Clippers,0028000823,1981-03-10,SDC vs. KCK,L,0,0,,,0.0,,,0,0,,,,,,,,,,0,,0
17213,21980,77323,Kevin Kunnert,POR,Portland Trail Blazers,0028000822,1981-03-10,POR @ DEN,W,0,0,,,0.0,,,0,0,,,,,,,,,,0,,0
17214,21980,76121,Billyray Bates,POR,Portland Trail Blazers,0028000822,1981-03-10,POR @ DEN,W,0,0,,,0.0,,,0,0,,,,,,,,,,0,,0
17215,21980,78132,Craig Shelton,ATL,Atlanta Hawks,0028000821,1981-03-10,ATL vs. CHI,L,0,0,,,0.0,,,0,0,,,,,,,,,,0,,0
17216,21980,77246,Larry Kenon,CHI,Chicago Bulls,0028000821,1981-03-10,CHI @ ATL,W,0,0,,,0.0,,,0,0,,,,,,,,,,0,,0
17217,21980,77205,Eddie Jordan,LAL,Los Angeles Lakers,0028000820,1981-03-10,LAL vs. SAN,W,0,0,,,0.0,,,0,0,,,,,,,,,,0,,0
17218,21980,76355,Butch Carter,LAL,Los Angeles Lakers,0028000820,1981-03-10,LAL vs. SAN,W,0,0,,,0.0,,,0,0,,,,,,,,,,0,,0
17219,21980,77209,Walter Jordan,CLE,Cleveland Cavaliers,0028000819,1981-03-09,CLE @ MIL,L,0,0,,,0.0,,,0,0,,,,,,,,,,0,,0
17220,21980,77078,Kim Hughes,CLE,Cleveland Cavaliers,0028000819,1981-03-09,CLE @ MIL,L,0,0,,,0.0,,,0,0,,,,,,,,,,0,,0
17221,21980,76336,Mack Calvin,CLE,Cleveland Cavaliers,0028000819,1981-03-09,CLE @ MIL,L,0,0,,,0.0,,,0,0,,,,,,,,,,0,,0
17222,21980,76242,Mike Bratz,CLE,Cleveland Cavaliers,0028000819,1981-03-09,CLE @ MIL,L,0,0,,,0.0,,,0,0,,,,,,,,,,0,,0
17223,21980,77858,Stan Pietkiewicz,DAL,Dallas Mavericks,0028000818,1981-03-08,DAL @ SAN,L,0,0,,,0.0,,,0,0,,,,,,,,,,0,,0
17224,21980,77149,George Johnson,SAN,San Antonio Spurs,0028000818,1981-03-08,SAN vs. DAL,W,0,0,,,0.0,,,0,0,,,,,,,,,,0,,0
17225,21980,77504,Andre McCarter,WAS,Washington Bullets,0028000817,1981-03-08,WAS vs. CHI,W,0,0,,,0.0,,,0,0,,,,,,,,,,0,,0
17226,21980,76608,Terry Duerod,BOS,Boston Celtics,0028000816,1981-03-08,BOS vs. NYK,W,0,0,,,0.0,,,0,0,,,,,,,,,,0,,0
17227,21980,76553,Larry Demic,NYK,New York Knicks,0028000816,1981-03-08,NYK @ BOS,L,0,0,,,0.0,,,0,0,,,,,,,,,,0,,0
17228,21980,77308,Joel Kramer,PHX,Phoenix Suns,0028000815,1981-03-08,PHX @ KCK,L,0,0,,,0.0,,,0,0,,,,,,,,,,0,,0
17229,21980,78516,Jerome Whitehead,SDC,San Diego Clippers,0028000814,1981-03-08,SDC @ SEA,W,0,0,,,0.0,,,0,2,0.0,,,,,,,,,0,,0
17230,21980,77056,Cedrick Hordges,DEN,Denver Nuggets,0028000813,1981-03-08,DEN @ IND,L,0,0,,,0.0,,,0,0,,,,,,,,,,0,,0
17231,21980,76231,Dudley Bradley,IND,Indiana Pacers,0028000813,1981-03-08,IND vs. DEN,W,0,0,,,0.0,,,0,0,,,,,,,,,,0,,0
17232,21980,78015,Lorenzo Romar,GOS,Golden State Warriors,0028000812,1981-03-08,GOS @ POR,L,0,0,,,0.0,,,0,0,,,,,,,,,,0,,0
17233,21980,76686,Mike Evans,MIL,Milwaukee Bucks,0028000811,1981-03-08,MIL @ PHL,L,0,0,,,0.0,,,0,0,,,,,,,,,,0,,0
17234,21980,76365,Harvey Catchings,MIL,Milwaukee Bucks,0028000811,1981-03-08,MIL @ PHL,L,0,0,,,0.0,,,0,0,,,,,,,,,,0,,0
17235,21980,78396,Ron Valentine,DEN,Denver Nuggets,0028000810,1981-03-07,DEN @ DET,W,0,0,,,0.0,,,0,0,,,,,,,,,,0,,0
17236,21980,78350,Rudy Tomjanovich,HOU,Houston Rockets,0028000809,1981-03-07,HOU @ ATL,L,0,0,,,0.0,,,0,0,,,,,,,,,,0,,0
17237,21980,78132,Craig Shelton,ATL,Atlanta Hawks,0028000809,1981-03-07,ATL vs. HOU,W,0,0,,,0.0,,,0,0,,,,,,,,,,0,,0
17238,21980,78537,Jeff Wilkins,UTH,Utah Jazz,0028000808,1981-03-07,UTH vs. SDC,W,0,0,,,0.0,,,0,0,,,,,,,,,,0,,0
17239,21980,76985,Garfield Heard,SDC,San Diego Clippers,0028000808,1981-03-07,SDC @ UTH,L,0,0,,,0.0,,,0,0,,,,,,,,,,0,,0
17240,21980,78015,Lorenzo Romar,GOS,Golden State Warriors,0028000807,1981-03-07,GOS vs. SEA,W,0,0,,,0.0,,,0,0,,,,,,,,,,0,,0
17241,21980,77937,Billy Reid,GOS,Golden State Warriors,0028000807,1981-03-07,GOS vs. SEA,W,0,0,,,0.0,,,0,0,,,,,,,,,,0,,0
17242,21980,77024,Armond Hill,SEA,Seattle SuperSonics,0028000807,1981-03-07,SEA @ GOS,L,0,0,,,0.0,,,0,0,,,,,,,,,,0,,0
17243,21980,76587,Jacky Dorsey,SEA,Seattle SuperSonics,0028000807,1981-03-07,SEA @ GOS,L,0,0,,,0.0,,,0,0,,,,,,,,,,0,,0
17244,21980,76418,Don Collins,ATL,Atlanta Hawks,0028000809,1981-03-07,ATL vs. HOU,W,0,0,,,,,,0,2,0.0,,,,,,,,,0,,0
17245,21980,78095,Alvin Scott,PHX,Phoenix Suns,0028000806,1981-03-06,PHX vs. POR,W,0,0,,,0.0,,,0,2,0.0,,,,,,,,,0,,0
17246,21980,77718,Mike Niles,PHX,Phoenix Suns,0028000806,1981-03-06,PHX vs. POR,W,0,0,,,0.0,,,0,0,,,,,,,,,,0,,0
17247,21980,78200,Randy Smith,CLE,Cleveland Cavaliers,0028000805,1981-03-06,CLE @ SDC,L,0,0,,,0.0,,,0,0,,,,,,,,,,0,,0
17248,21980,77944,Kevin Restani,SAN,San Antonio Spurs,0028000804,1981-03-06,SAN @ SEA,L,0,0,,,0.0,,,0,0,,,,,,,,,,0,,0
17249,21980,76889,Paul Griffin,SAN,San Antonio Spurs,0028000804,1981-03-06,SAN @ SEA,L,0,0,,,0.0,,,0,0,,,,,,,,,,0,,0
17250,21980,77495,Bill Mayfield,GOS,Golden State Warriors,0028000803,1981-03-06,GOS vs. DAL,W,0,0,,,0.0,,,0,0,,,,,,,,,,0,,0
17251,21980,77419,John Lucas,GOS,Golden State Warriors,0028000803,1981-03-06,GOS vs. DAL,W,0,0,,,0.0,,,0,0,,,,,,,,,,0,,0
17252,21980,77504,Andre McCarter,WAS,Washington Bullets,0028000802,1981-03-06,WAS @ HOU,W,0,0,,,0.0,,,0,0,,,,,,,,,,0,,0
17253,21980,78132,Craig Shelton,ATL,Atlanta Hawks,0028000801,1981-03-06,ATL vs. NJN,W,0,0,,,0.0,,,0,0,,,,,,,,,,0,,0
17254,21980,77829,Sam Pellom,ATL,Atlanta Hawks,0028000801,1981-03-06,ATL vs. NJN,W,0,0,,,0.0,,,0,0,,,,,,,,,,0,,0
17255,21980,76707,Eric Fernsten,BOS,Boston Celtics,0028000800,1981-03-06,BOS @ IND,L,0,0,,,0.0,,,0,0,,,,,,,,,,0,,0
17256,21980,76231,Dudley Bradley,IND,Indiana Pacers,0028000800,1981-03-06,IND vs. BOS,W,0,0,,,0.0,,,0,0,,,,,,,,,,0,,0
17257,21980,600010,Len Elmore,MIL,Milwaukee Bucks,0028000799,1981-03-06,MIL @ NYK,W,0,0,,,0.0,,,0,0,,,,,,,,,,0,,0
17258,21980,76686,Mike Evans,MIL,Milwaukee Bucks,0028000799,1981-03-06,MIL @ NYK,W,0,0,,,0.0,,,0,0,,,,,,,,,,0,,0
17259,21980,76553,Larry Demic,NYK,New York Knicks,0028000799,1981-03-06,NYK vs. MIL,L,0,0,,,0.0,,,0,0,,,,,,,,,,0,,0
17260,21980,940,Earl Cureton,PHL,Philadelphia 76ers,0028000798,1981-03-06,PHL vs. DEN,W,0,0,,,0.0,,,0,0,,,,,,,,,,0,,0
17261,21980,78132,Craig Shelton,ATL,Atlanta Hawks,0028000797,1981-03-05,ATL @ MIL,L,0,0,,,0.0,,,0,0,,,,,,,,,,0,,0
17262,21980,76305,Tom Burleson,ATL,Atlanta Hawks,0028000797,1981-03-05,ATL @ MIL,L,0,0,,,0.0,,,0,0,,,,,,,,,,0,,0
17263,21980,77786,Tom Owens,POR,Portland Trail Blazers,0028000796,1981-03-05,POR @ KCK,L,0,0,,,0.0,,,0,0,,,,,,,,,,0,,0
17264,21980,76590,Leon Douglas,KCK,Kansas City Kings,0028000796,1981-03-05,KCK vs. POR,W,0,0,,,0.0,,,0,0,,,,,,,,,,0,,0
17265,21980,78537,Jeff Wilkins,UTH,Utah Jazz,0028000794,1981-03-05,UTH vs. PHX,L,0,0,,,0.0,,,0,0,,,,,,,,,,0,,0
17266,21980,77718,Mike Niles,PHX,Phoenix Suns,0028000794,1981-03-05,PHX @ UTH,W,0,0,,,0.0,,,0,0,,,,,,,,,,0,,0
17267,21980,76619,John Duren,UTH,Utah Jazz,0028000794,1981-03-05,UTH vs. PHX,L,0,0,,,0.0,,,0,0,,,,,,,,,,0,,0
17268,21980,77175,Caldwell Jones,PHL,Philadelphia 76ers,0028000792,1981-03-04,PHL vs. CHI,L,0,0,,,0.0,,,0,0,,,,,,,,,,0,,0
17269,21980,77308,Joel Kramer,PHX,Phoenix Suns,0028000791,1981-03-04,PHX vs. CLE,W,0,0,,,0.0,,,0,0,,,,,,,,,,0,,0
17270,21980,77087,Geoff Huston,CLE,Cleveland Cavaliers,0028000791,1981-03-04,CLE @ PHX,L,0,0,,,0.0,,,0,0,,,,,,,,,,0,,0
17271,21980,77078,Kim Hughes,CLE,Cleveland Cavaliers,0028000791,1981-03-04,CLE @ PHX,L,0,0,,,0.0,,,0,0,,,,,,,,,,0,,0
17272,21980,76336,Mack Calvin,CLE,Cleveland Cavaliers,0028000791,1981-03-04,CLE @ PHX,L,0,0,,,0.0,,,0,0,,,,,,,,,,0,,0
17273,21980,76786,Calvin Garrett,HOU,Houston Rockets,0028000789,1981-03-04,HOU vs. BOS,L,0,0,,,0.0,,,0,0,,,,,,,,,,0,,0
17274,21980,77504,Andre McCarter,WAS,Washington Bullets,0028000787,1981-03-04,WAS @ SDC,W,0,0,,,0.0,,,0,0,,,,,,,,,,0,,0
17275,21980,76534,Ron Davis,SDC,San Diego Clippers,0028000787,1981-03-04,SDC vs. WAS,L,0,0,,,0.0,,,0,0,,,,,,,,,,0,,0
17276,21980,76162,Henry Bibby,SDC,San Diego Clippers,0028000787,1981-03-04,SDC vs. WAS,L,0,0,,,0.0,,,0,0,,,,,,,,,,0,,0
17277,21980,328,Rick Mahorn,WAS,Washington Bullets,0028000787,1981-03-04,WAS @ SDC,W,0,0,,,0.0,,,0,0,,,,,,,,,,0,,0
17278,21980,78404,Kiki Vandeweghe,DEN,Denver Nuggets,0028000786,1981-03-04,DEN vs. LAL,W,0,0,,,0.0,,,0,0,,,,,,,,,,0,,0
17279,21980,76618,T.R. Dunn,DEN,Denver Nuggets,0028000786,1981-03-04,DEN vs. LAL,W,0,0,,,0.0,,,0,0,,,,,,,,,,0,,0
17280,21980,76248,Jim Brewer,LAL,Los Angeles Lakers,0028000786,1981-03-04,LAL @ DEN,L,0,0,,,0.0,,,0,5,0.0,,,,,,,,,0,,0
17281,21980,78436,Foots Walker,NJN,New Jersey Nets,0028000785,1981-03-03,NJN @ CHI,L,0,0,,,0.0,,,0,0,,,,,,,,,,0,,0
17282,21980,78057,Frankie Sanders,KCK,Kansas City Kings,0028000784,1981-03-03,KCK vs. LAL,L,0,0,,,0.0,,,0,0,,,,,,,,,,0,,0
17283,21980,77040,Brad Holland,LAL,Los Angeles Lakers,0028000784,1981-03-03,LAL @ KCK,W,0,0,,,0.0,,,0,0,,,,,,,,,,0,,0
17284,21980,76248,Jim Brewer,LAL,Los Angeles Lakers,0028000784,1981-03-03,LAL @ KCK,W,0,0,,,0.0,,,0,0,,,,,,,,,,0,,0
17285,21980,77858,Stan Pietkiewicz,DAL,Dallas Mavericks,0028000783,1981-03-03,DAL vs. BOS,L,0,0,,,0.0,,,0,0,,,,,,,,,,0,,0
17286,21980,77126,Abdul Jeelani,DAL,Dallas Mavericks,0028000783,1981-03-03,DAL vs. BOS,L,0,0,,,0.0,,,0,0,,,,,,,,,,0,,0
17287,21980,76351,M.L. Carr,BOS,Boston Celtics,0028000783,1981-03-03,BOS @ DAL,W,0,0,,,0.0,,,0,0,,,,,,,,,,0,,0
17288,21980,78132,Craig Shelton,ATL,Atlanta Hawks,0028000782,1981-03-03,ATL @ NYK,W,0,0,,,0.0,,,0,2,0.0,,,,,,,,,0,,0
17289,21980,77364,Ron Lee,DET,Detroit Pistons,0028000781,1981-03-03,DET @ MIL,L,0,0,,,0.0,,,0,0,,,,,,,,,,0,,0
17290,21980,76686,Mike Evans,MIL,Milwaukee Bucks,0028000781,1981-03-03,MIL vs. DET,W,0,0,,,0.0,,,0,0,,,,,,,,,,0,,0
17291,21980,76619,John Duren,UTH,Utah Jazz,0028000780,1981-03-03,UTH vs. WAS,L,0,0,,,0.0,,,0,0,,,,,,,,,,0,,0
17292,21980,77786,Tom Owens,POR,Portland Trail Blazers,0028000779,1981-03-03,POR vs. IND,W,0,0,,,0.0,,,0,0,,,,,,,,,,0,,0
17293,21980,76771,Mike Gale,POR,Portland Trail Blazers,0028000779,1981-03-03,POR vs. IND,W,0,0,,,0.0,,,0,0,,,,,,,,,,0,,0
17294,21980,77334,Mark Landsberger,LAL,Los Angeles Lakers,0028000778,1981-03-01,LAL vs. PHX,L,0,0,,,0.0,,,0,0,,,,,,,,,,0,,0
17295,21980,78400,Jan Van Breda Kolff,NJN,New Jersey Nets,0028000777,1981-03-01,NJN vs. DET,L,0,0,,,0.0,,,0,0,,,,,,,,,,0,,0
17296,21980,77950,Clint Richardson,PHL,Philadelphia 76ers,0028000776,1981-03-01,PHL @ BOS,L,0,0,,,0.0,,,0,0,,,,,,,,,,0,,0
17297,21980,77162,Ollie Johnson,PHL,Philadelphia 76ers,0028000776,1981-03-01,PHL @ BOS,L,0,0,,,0.0,,,0,0,,,,,,,,,,0,,0
17298,21980,77078,Kim Hughes,CLE,Cleveland Cavaliers,0028000773,1981-03-01,CLE @ DEN,L,0,0,,,0.0,,,0,0,,,,,,,,,,0,,0
17299,21980,77997,Bill Robinzine,DAL,Dallas Mavericks,0028000772,1981-03-01,DAL vs. SDC,W,0,0,,,0.0,,,0,0,,,,,,,,,,0,,0
17300,21980,77858,Stan Pietkiewicz,DAL,Dallas Mavericks,0028000772,1981-03-01,DAL vs. SDC,W,0,0,,,0.0,,,0,0,,,,,,,,,,0,,0
17301,21980,77262,Chad Kinch,DAL,Dallas Mavericks,0028000772,1981-03-01,DAL vs. SDC,W,0,0,,,0.0,,,0,0,,,,,,,,,,0,,0
17302,21980,76587,Jacky Dorsey,SEA,Seattle SuperSonics,0028000771,1981-03-01,SEA @ ATL,L,0,0,,,0.0,,,0,0,,,,,,,,,,0,,0
17303,21980,76471,Charlie Criss,ATL,Atlanta Hawks,0028000771,1981-03-01,ATL vs. SEA,W,0,0,,,0.0,,,0,0,,,,,,,,,,0,,0
17304,21980,76305,Tom Burleson,ATL,Atlanta Hawks,0028000771,1981-03-01,ATL vs. SEA,W,0,0,,,0.0,,,0,0,,,,,,,,,,0,,0
17305,21980,76078,Dennis Awtrey,SEA,Seattle SuperSonics,0028000771,1981-03-01,SEA @ ATL,L,0,0,,,0.0,,,0,0,,,,,,,,,,0,,0
17306,21980,76954,Mike Harper,POR,Portland Trail Blazers,0028000770,1981-03-01,POR vs. UTH,W,0,0,,,0.0,,,0,0,,,,,,,,,,0,,0
17307,21980,76771,Mike Gale,POR,Portland Trail Blazers,0028000770,1981-03-01,POR vs. UTH,W,0,0,,,0.0,,,0,0,,,,,,,,,,0,,0
17308,21980,78068,Dewayne Scales,NYK,New York Knicks,0028000769,1981-02-28,NYK vs. CHI,L,0,0,,,0.0,,,0,0,,,,,,,,,,0,,0
17309,21980,76360,Reggie Carter,NYK,New York Knicks,0028000769,1981-02-28,NYK vs. CHI,L,0,0,,,0.0,,,0,0,,,,,,,,,,0,,0
17310,21980,77917,Clifford Ray,GOS,Golden State Warriors,0028000768,1981-02-28,GOS @ KCK,W,0,0,,,0.0,,,0,0,,,,,,,,,,0,,0
17311,21980,76899,Ernie Grunfeld,KCK,Kansas City Kings,0028000768,1981-02-28,KCK vs. GOS,L,0,0,,,0.0,,,0,0,,,,,,,,,,0,,0
17312,21980,78350,Rudy Tomjanovich,HOU,Houston Rockets,0028000767,1981-02-28,HOU vs. SDC,L,0,0,,,0.0,,,0,0,,,,,,,,,,0,,0
17313,21980,78146,Jerry Sichting,IND,Indiana Pacers,0028000765,1981-02-27,IND @ DAL,W,0,0,,,0.0,,,0,0,,,,,,,,,,0,,0
17314,21980,77858,Stan Pietkiewicz,DAL,Dallas Mavericks,0028000765,1981-02-27,DAL vs. IND,L,0,0,,,0.0,,,0,0,,,,,,,,,,0,,0
17315,21980,77262,Chad Kinch,DAL,Dallas Mavericks,0028000765,1981-02-27,DAL vs. IND,L,0,0,,,0.0,,,0,0,,,,,,,,,,0,,0
17316,21980,76248,Jim Brewer,LAL,Los Angeles Lakers,0028000764,1981-02-27,LAL vs. NJN,W,0,0,,,0.0,,,0,0,,,,,,,,,,0,,0
17317,21980,77215,Jeff Judkins,UTH,Utah Jazz,0028000762,1981-02-27,UTH vs. PHL,L,0,0,,,0.0,,,0,0,,,,,,,,,,0,,0
17318,21980,77162,Ollie Johnson,PHL,Philadelphia 76ers,0028000762,1981-02-27,PHL @ UTH,W,0,0,,,0.0,,,0,0,,,,,,,,,,0,,0
17319,21980,76619,John Duren,UTH,Utah Jazz,0028000762,1981-02-27,UTH vs. PHL,L,0,0,,,0.0,,,0,0,,,,,,,,,,0,,0
17320,21980,77323,Kevin Kunnert,POR,Portland Trail Blazers,0028000760,1981-02-27,POR vs. PHX,W,0,0,,,0.0,,,0,0,,,,,,,,,,0,,0
17321,21980,77504,Andre McCarter,WAS,Washington Bullets,0028000759,1981-02-27,WAS @ CHI,L,0,0,,,0.0,,,0,0,,,,,,,,,,0,,0
17322,21980,76418,Don Collins,WAS,Washington Bullets,0028000759,1981-02-27,WAS @ CHI,L,0,0,,,0.0,,,0,0,,,,,,,,,,0,,0
17323,21980,77937,Billy Reid,GOS,Golden State Warriors,0028000758,1981-02-27,GOS @ DEN,L,0,0,,,0.0,,,0,0,,,,,,,,,,0,,0
17324,21980,77495,Bill Mayfield,GOS,Golden State Warriors,0028000758,1981-02-27,GOS @ DEN,L,0,0,,,0.0,,,0,0,,,,,,,,,,0,,0
17325,21980,78527,Michael Wiley,SAN,San Antonio Spurs,0028000757,1981-02-26,SAN vs. SEA,W,0,0,,,0.0,,,0,0,,,,,,,,,,0,,0
17326,21980,77149,George Johnson,SAN,San Antonio Spurs,0028000757,1981-02-26,SAN vs. SEA,W,0,0,,,0.0,,,0,0,,,,,,,,,,0,,0
17327,21980,77326,Sam Lacey,KCK,Kansas City Kings,0028000756,1981-02-26,KCK vs. DAL,W,0,0,,,0.0,,,0,0,,,,,,,,,,0,,0
17328,21980,77189,Major Jones,HOU,Houston Rockets,0028000755,1981-02-25,HOU vs. IND,W,0,0,,,0.0,,,0,0,,,,,,,,,,0,,0
17329,21980,76996,Tom Henderson,HOU,Houston Rockets,0028000755,1981-02-25,HOU vs. IND,W,0,0,,,0.0,,,0,0,,,,,,,,,,0,,0
17330,21980,78614,Mike Woodson,NYK,New York Knicks,0028000754,1981-02-25,NYK @ WAS,L,0,0,,,0.0,,,0,0,,,,,,,,,,0,,0
17331,21980,76360,Reggie Carter,NYK,New York Knicks,0028000754,1981-02-25,NYK @ WAS,L,0,0,,,0.0,,,0,0,,,,,,,,,,0,,0
17332,21980,76248,Jim Brewer,LAL,Los Angeles Lakers,0028000753,1981-02-25,LAL @ MIL,L,0,0,,,0.0,,,0,0,,,,,,,,,,0,,0
17333,21980,78537,Jeff Wilkins,UTH,Utah Jazz,0028000752,1981-02-25,UTH vs. NJN,W,0,0,,,0.0,,,0,0,,,,,,,,,,0,,0
17334,21980,77635,Lowes Moore,NJN,New Jersey Nets,0028000752,1981-02-25,NJN @ UTH,L,0,0,,,0.0,,,0,0,,,,,,,,,,0,,0
17335,21980,76336,Mack Calvin,CLE,Cleveland Cavaliers,0028000751,1981-02-25,CLE @ BOS,L,0,0,,,0.0,,,0,0,,,,,,,,,,0,,0
17336,21980,76162,Henry Bibby,SDC,San Diego Clippers,0028000750,1981-02-25,SDC vs. PHL,L,0,0,,,0.0,,,0,0,,,,,,,,,,0,,0
17337,21980,78068,Dewayne Scales,NYK,New York Knicks,0028000749,1981-02-24,NYK @ ATL,W,0,0,,,0.0,,,0,0,,,,,,,,,,0,,0
17338,21980,76360,Reggie Carter,NYK,New York Knicks,0028000749,1981-02-24,NYK @ ATL,W,0,0,,,0.0,,,0,0,,,,,,,,,,0,,0
17339,21980,76305,Tom Burleson,ATL,Atlanta Hawks,0028000749,1981-02-24,ATL vs. NYK,L,0,0,,,0.0,,,0,0,,,,,,,,,,0,,0
17340,21980,77334,Mark Landsberger,LAL,Los Angeles Lakers,0028000748,1981-02-24,LAL @ CHI,W,0,0,,,0.0,,,0,2,0.0,,,,,,,,,0,,0
17341,21980,76567,Coby Dietrick,CHI,Chicago Bulls,0028000748,1981-02-24,CHI vs. LAL,L,0,0,,,0.0,,,0,0,,,,,,,,,,0,,0
17342,21980,76355,Butch Carter,LAL,Los Angeles Lakers,0028000748,1981-02-24,LAL @ CHI,W,0,0,,,0.0,,,0,0,,,,,,,,,,0,,0
17343,21980,77917,Clifford Ray,GOS,Golden State Warriors,0028000747,1981-02-24,GOS @ SAN,L,0,0,,,0.0,,,0,0,,,,,,,,,,0,,0
17344,21980,76771,Mike Gale,POR,Portland Trail Blazers,0028000746,1981-02-24,POR vs. SDC,L,0,0,,,0.0,,,0,0,,,,,,,,,,0,,0
17345,21980,77858,Stan Pietkiewicz,DAL,Dallas Mavericks,0028000745,1981-02-24,DAL vs. SEA,L,0,0,,,0.0,,,0,0,,,,,,,,,,0,,0
17346,21980,76321,Marty Byrnes,DAL,Dallas Mavericks,0028000745,1981-02-24,DAL vs. SEA,L,0,0,,,0.0,,,0,0,,,,,,,,,,0,,0
17347,21980,600009,Rory Sparrow,NJN,New Jersey Nets,0028000744,1981-02-24,NJN @ DEN,L,0,0,,,0.0,,,0,0,,,,,,,,,,0,,0
17348,21980,78537,Jeff Wilkins,UTH,Utah Jazz,0028000743,1981-02-23,UTH vs. HOU,L,0,0,,,0.0,,,0,0,,,,,,,,,,0,,0
17349,21980,76619,John Duren,UTH,Utah Jazz,0028000743,1981-02-23,UTH vs. HOU,L,0,0,,,0.0,,,0,0,,,,,,,,,,0,,0
17350,21980,76954,Mike Harper,POR,Portland Trail Blazers,0028000742,1981-02-22,POR @ IND,W,0,0,,,0.0,,,0,0,,,,,,,,,,0,,0
17351,21980,78274,John Stroud,HOU,Houston Rockets,0028000740,1981-02-22,HOU @ SEA,W,0,0,,,0.0,,,0,0,,,,,,,,,,0,,0
17352,21980,76996,Tom Henderson,HOU,Houston Rockets,0028000740,1981-02-22,HOU @ SEA,W,0,0,,,0.0,,,0,0,,,,,,,,,,0,,0
17353,21980,77040,Brad Holland,LAL,Los Angeles Lakers,0028000739,1981-02-22,LAL @ NYK,W,0,0,,,0.0,,,0,0,,,,,,,,,,0,,0
17354,21980,76248,Jim Brewer,LAL,Los Angeles Lakers,0028000739,1981-02-22,LAL @ NYK,W,0,0,,,0.0,,,0,0,,,,,,,,,,0,,0
17355,21980,76985,Garfield Heard,SDC,San Diego Clippers,0028000738,1981-02-22,SDC vs. UTH,W,0,0,,,0.0,,,0,0,,,,,,,,,,0,,0
17356,21980,76619,John Duren,UTH,Utah Jazz,0028000738,1981-02-22,UTH @ SDC,L,0,0,,,0.0,,,0,0,,,,,,,,,,0,,0
17357,21980,76441,Wayne Cooper,UTH,Utah Jazz,0028000738,1981-02-22,UTH @ SDC,L,0,0,,,0.0,,,0,0,,,,,,,,,,0,,0
17358,21980,77021,Kenny Higgs,DEN,Denver Nuggets,0028000737,1981-02-22,DEN @ SAN,L,0,0,,,0.0,,,0,0,,,,,,,,,,0,,0
17359,21980,78057,Frankie Sanders,KCK,Kansas City Kings,0028000736,1981-02-22,KCK @ GOS,L,0,0,,,0.0,,,0,0,,,,,,,,,,0,,0
17360,21980,77975,Anthony Roberts,WAS,Washington Bullets,0028000734,1981-02-22,WAS vs. MIL,L,0,0,,,0.0,,,0,0,,,,,,,,,,0,,0
17361,21980,77504,Andre McCarter,WAS,Washington Bullets,0028000734,1981-02-22,WAS vs. MIL,L,0,0,,,0.0,,,0,0,,,,,,,,,,0,,0
17362,21980,76686,Mike Evans,MIL,Milwaukee Bucks,0028000734,1981-02-22,MIL @ WAS,W,0,0,,,0.0,,,0,0,,,,,,,,,,0,,0
17363,21980,76365,Harvey Catchings,MIL,Milwaukee Bucks,0028000734,1981-02-22,MIL @ WAS,W,0,0,,,0.0,,,0,0,,,,,,,,,,0,,0
17364,21980,76348,Austin Carr,WAS,Washington Bullets,0028000734,1981-02-22,WAS vs. MIL,L,0,0,,,0.0,,,0,1,0.0,,,,,,,,,0,,0
17365,21980,600009,Rory Sparrow,NJN,New Jersey Nets,0028000733,1981-02-22,NJN vs. DAL,L,0,0,,,0.0,,,0,0,,,,,,,,,,0,,0
17366,21980,77262,Chad Kinch,DAL,Dallas Mavericks,0028000733,1981-02-22,DAL @ NJN,W,0,0,,,0.0,,,0,0,,,,,,,,,,0,,0
17367,21980,76707,Eric Fernsten,BOS,Boston Celtics,0028000731,1981-02-21,BOS @ DET,W,0,0,,,0.0,,,0,0,,,,,,,,,,0,,0
17368,21980,77829,Sam Pellom,ATL,Atlanta Hawks,0028000730,1981-02-21,ATL @ CLE,W,0,0,,,0.0,,,0,0,,,,,,,,,,0,,0
17369,21980,77078,Kim Hughes,CLE,Cleveland Cavaliers,0028000730,1981-02-21,CLE vs. ATL,L,0,0,,,0.0,,,0,0,,,,,,,,,,0,,0
17370,21980,76734,Don Ford,CLE,Cleveland Cavaliers,0028000730,1981-02-21,CLE vs. ATL,L,0,0,,,0.0,,,0,0,,,,,,,,,,0,,0
17371,21980,77937,Billy Reid,GOS,Golden State Warriors,0028000729,1981-02-20,GOS vs. SDC,L,0,0,,,0.0,,,0,0,,,,,,,,,,0,,0
17372,21980,77917,Clifford Ray,GOS,Golden State Warriors,0028000729,1981-02-20,GOS vs. SDC,L,0,0,,,0.0,,,0,0,,,,,,,,,,0,,0
17373,21980,600010,Len Elmore,MIL,Milwaukee Bucks,0028000728,1981-02-20,MIL @ KCK,L,0,0,,,0.0,,,0,0,,,,,,,,,,0,,0
17374,21980,78449,Lloyd Walton,KCK,Kansas City Kings,0028000728,1981-02-20,KCK vs. MIL,W,0,0,,,0.0,,,0,0,,,,,,,,,,0,,0
17375,21980,78057,Frankie Sanders,KCK,Kansas City Kings,0028000728,1981-02-20,KCK vs. MIL,W,0,0,,,0.0,,,0,0,,,,,,,,,,0,,0
17376,21980,76365,Harvey Catchings,MIL,Milwaukee Bucks,0028000728,1981-02-20,MIL @ KCK,L,0,0,,,0.0,,,0,0,,,,,,,,,,0,,0
17377,21980,76895,Bob Gross,POR,Portland Trail Blazers,0028000727,1981-02-20,POR @ NJN,L,0,0,,,0.0,,,0,0,,,,,,,,,,0,,0
17378,21980,76436,Jeff Cook,PHX,Phoenix Suns,0028000726,1981-02-20,PHX @ SEA,L,0,0,,,0.0,,,0,0,,,,,,,,,,0,,0
17379,21980,78527,Michael Wiley,SAN,San Antonio Spurs,0028000725,1981-02-20,SAN @ IND,L,0,0,,,0.0,,,0,0,,,,,,,,,,0,,0
17380,21980,76005,Tom Abernethy,IND,Indiana Pacers,0028000725,1981-02-20,IND vs. SAN,W,0,0,,,0.0,,,0,0,,,,,,,,,,0,,0
17381,21980,76619,John Duren,UTH,Utah Jazz,0028000724,1981-02-20,UTH vs. CHI,L,0,0,,,0.0,,,0,0,,,,,,,,,,0,,0
17382,21980,76441,Wayne Cooper,UTH,Utah Jazz,0028000724,1981-02-20,UTH vs. CHI,L,0,0,,,0.0,,,0,0,,,,,,,,,,0,,0
17383,21980,76257,Allan Bristow,UTH,Utah Jazz,0028000724,1981-02-20,UTH vs. CHI,L,0,0,,,0.0,,,0,0,,,,,,,,,,0,,0
17384,21980,77353,Allen Leavell,HOU,Houston Rockets,0028000723,1981-02-20,HOU @ LAL,W,0,0,,,0.0,,,0,0,,,,,,,,,,0,,0
17385,21980,77334,Mark Landsberger,LAL,Los Angeles Lakers,0028000723,1981-02-20,LAL vs. HOU,L,0,0,,,0.0,,,0,0,,,,,,,,,,0,,0
17386,21980,76947,Alan Hardy,LAL,Los Angeles Lakers,0028000723,1981-02-20,LAL vs. HOU,L,0,0,,,0.0,,,0,0,,,,,,,,,,0,,0
17387,21980,78068,Dewayne Scales,NYK,New York Knicks,0028000721,1981-02-20,NYK vs. WAS,W,0,0,,,0.0,,,0,0,,,,,,,,,,0,,0
17388,21980,328,Rick Mahorn,WAS,Washington Bullets,0028000721,1981-02-20,WAS @ NYK,L,0,0,,,0.0,,,0,0,,,,,,,,,,0,,0
17389,21980,77022,Johnny High,PHX,Phoenix Suns,0028000875,1981-02-19,PHX @ DEN,L,0,0,,,0.0,,,0,0,,,,,,,,,,0,,0
17390,21980,77021,Kenny Higgs,DEN,Denver Nuggets,0028000875,1981-02-19,DEN vs. PHX,W,0,0,,,0.0,,,0,0,,,,,,,,,,0,,0
17391,21980,78200,Randy Smith,CLE,Cleveland Cavaliers,0028000720,1981-02-19,CLE vs. SAN,W,0,0,,,0.0,,,0,0,,,,,,,,,,0,,0
17392,21980,76734,Don Ford,CLE,Cleveland Cavaliers,0028000720,1981-02-19,CLE vs. SAN,W,0,0,,,0.0,,,0,0,,,,,,,,,,0,,0
17393,21980,77504,Andre McCarter,WAS,Washington Bullets,0028000719,1981-02-19,WAS vs. PHL,W,0,0,,,0.0,,,0,0,,,,,,,,,,0,,0
17394,21980,77162,Ollie Johnson,PHL,Philadelphia 76ers,0028000719,1981-02-19,PHL @ WAS,L,0,0,,,0.0,,,0,0,,,,,,,,,,0,,0
17395,21980,76771,Mike Gale,POR,Portland Trail Blazers,0028000718,1981-02-19,POR @ DET,W,0,0,,,0.0,,,0,0,,,,,,,,,,0,,0
17396,21980,76474,Jeffrey Crompton,POR,Portland Trail Blazers,0028000718,1981-02-19,POR @ DET,W,0,0,,,0.0,,,0,0,,,,,,,,,,0,,0
17397,21980,78274,John Stroud,HOU,Houston Rockets,0028000717,1981-02-19,HOU @ SDC,L,0,0,,,0.0,,,0,0,,,,,,,,,,0,,0
17398,21980,76996,Tom Henderson,HOU,Houston Rockets,0028000717,1981-02-19,HOU @ SDC,L,0,0,,,0.0,,,0,0,,,,,,,,,,0,,0
17399,21980,78400,Jan Van Breda Kolff,NJN,New Jersey Nets,0028000716,1981-02-18,NJN vs. CLE,W,0,0,,,0.0,,,0,0,,,,,,,,,,0,,0
17400,21980,77078,Kim Hughes,CLE,Cleveland Cavaliers,0028000716,1981-02-18,CLE @ NJN,L,0,0,,,0.0,,,0,0,,,,,,,,,,0,,0
17401,21980,78351,Andrew Toney,PHL,Philadelphia 76ers,0028000715,1981-02-18,PHL vs. DET,W,0,0,,,0.0,,,0,0,,,,,,,,,,0,,0
17402,21980,77937,Billy Reid,GOS,Golden State Warriors,0028000714,1981-02-18,GOS vs. CHI,W,0,0,,,0.0,,,0,0,,,,,,,,,,0,,0
17403,21980,77800,Sonny Parker,GOS,Golden State Warriors,0028000714,1981-02-18,GOS vs. CHI,W,0,0,,,0.0,,,0,0,,,,,,,,,,0,,0
17404,21980,77490,Scott May,CHI,Chicago Bulls,0028000714,1981-02-18,CHI @ GOS,L,0,0,,,0.0,,,0,0,,,,,,,,,,0,,0
17405,21980,76966,Joey Hassett,GOS,Golden State Warriors,0028000714,1981-02-18,GOS vs. CHI,W,0,0,,,0.0,,,0,0,,,,,,,,,,0,,0
17406,21980,76351,M.L. Carr,BOS,Boston Celtics,0028000712,1981-02-18,BOS @ KCK,L,0,0,,,0.0,,,0,0,,,,,,,,,,0,,0
17407,21980,76305,Tom Burleson,ATL,Atlanta Hawks,0028000711,1981-02-18,ATL @ IND,W,0,0,,,0.0,,,0,0,,,,,,,,,,0,,0
17408,21980,76418,Don Collins,ATL,Atlanta Hawks,0028000711,1981-02-18,ATL @ IND,W,0,0,,,,,,0,0,,,,,,,,,,0,,0
17409,21980,78614,Mike Woodson,NYK,New York Knicks,0028000710,1981-02-17,NYK @ LAL,L,0,0,,,0.0,,,0,0,,,,,,,,,,0,,0
17410,21980,77334,Mark Landsberger,LAL,Los Angeles Lakers,0028000710,1981-02-17,LAL vs. NYK,W,0,0,,,0.0,,,0,0,,,,,,,,,,0,,0
17411,21980,76248,Jim Brewer,LAL,Los Angeles Lakers,0028000710,1981-02-17,LAL vs. NYK,W,0,0,,,0.0,,,0,5,0.0,,,,,,,,,0,,0
17412,21980,77024,Armond Hill,SEA,Seattle SuperSonics,0028000709,1981-02-17,SEA @ UTH,W,0,0,,,0.0,,,0,0,,,,,,,,,,0,,0
17413,21980,76587,Jacky Dorsey,SEA,Seattle SuperSonics,0028000709,1981-02-17,SEA @ UTH,W,0,0,,,0.0,,,0,0,,,,,,,,,,0,,0
17414,21980,76441,Wayne Cooper,UTH,Utah Jazz,0028000709,1981-02-17,UTH vs. SEA,L,0,0,,,0.0,,,0,0,,,,,,,,,,0,,0
17415,21980,77910,Wally Rank,SDC,San Diego Clippers,0028000708,1981-02-17,SDC vs. CHI,W,0,0,,,0.0,,,0,0,,,,,,,,,,0,,0
17416,21980,77975,Anthony Roberts,WAS,Washington Bullets,0028000707,1981-02-17,WAS vs. POR,L,0,0,,,0.0,,,0,0,,,,,,,,,,0,,0
17417,21980,76474,Jeffrey Crompton,POR,Portland Trail Blazers,0028000707,1981-02-17,POR @ WAS,W,0,0,,,0.0,,,0,0,,,,,,,,,,0,,0
17418,21980,76348,Austin Carr,WAS,Washington Bullets,0028000707,1981-02-17,WAS vs. POR,L,0,0,,,0.0,,,0,0,,,,,,,,,,0,,0
17419,21980,328,Rick Mahorn,WAS,Washington Bullets,0028000707,1981-02-17,WAS vs. POR,L,0,0,,,0.0,,,0,0,,,,,,,,,,0,,0
17420,21980,77718,Mike Niles,PHX,Phoenix Suns,0028000706,1981-02-17,PHX vs. GOS,W,0,0,,,0.0,,,0,0,,,,,,,,,,0,,0
17421,21980,77168,Mickey Johnson,MIL,Milwaukee Bucks,0028000705,1981-02-17,MIL @ DAL,W,0,0,,,0.0,,,0,0,,,,,,,,,,0,,0
17422,21980,77364,Ron Lee,DET,Detroit Pistons,0028000703,1981-02-17,DET @ CLE,L,0,0,,,0.0,,,0,0,,,,,,,,,,0,,0
17423,21980,77087,Geoff Huston,CLE,Cleveland Cavaliers,0028000703,1981-02-17,CLE vs. DET,W,0,0,,,0.0,,,0,0,,,,,,,,,,0,,0
17424,21980,77078,Kim Hughes,CLE,Cleveland Cavaliers,0028000703,1981-02-17,CLE vs. DET,W,0,0,,,0.0,,,0,0,,,,,,,,,,0,,0
17425,21980,76734,Don Ford,CLE,Cleveland Cavaliers,0028000703,1981-02-17,CLE vs. DET,W,0,0,,,0.0,,,0,0,,,,,,,,,,0,,0
17426,21980,77937,Billy Reid,GOS,Golden State Warriors,0028000702,1981-02-15,GOS @ NJN,L,0,0,,,0.0,,,0,0,,,,,,,,,,0,,0
17427,21980,77858,Stan Pietkiewicz,DAL,Dallas Mavericks,0028000701,1981-02-15,DAL @ LAL,L,0,0,,,0.0,,,0,0,,,,,,,,,,0,,0
17428,21980,76947,Alan Hardy,LAL,Los Angeles Lakers,0028000701,1981-02-15,LAL vs. DAL,W,0,0,,,0.0,,,0,0,,,,,,,,,,0,,0
17429,21980,76355,Butch Carter,LAL,Los Angeles Lakers,0028000701,1981-02-15,LAL vs. DAL,W,0,0,,,0.0,,,0,0,,,,,,,,,,0,,0
17430,21980,78537,Jeff Wilkins,UTH,Utah Jazz,0028000699,1981-02-15,UTH @ POR,L,0,0,,,0.0,,,0,0,,,,,,,,,,0,,0
17431,21980,77490,Scott May,CHI,Chicago Bulls,0028000697,1981-02-15,CHI @ IND,L,0,0,,,0.0,,,0,0,,,,,,,,,,0,,0
17432,21980,76993,Gerald Henderson,BOS,Boston Celtics,0028000696,1981-02-15,BOS @ DEN,W,0,0,,,0.0,,,0,0,,,,,,,,,,0,,0
17433,21980,78614,Mike Woodson,NYK,New York Knicks,0028000695,1981-02-15,NYK @ PHX,W,0,0,,,0.0,,,0,0,,,,,,,,,,0,,0
17434,21980,78481,Marvin Webster,NYK,New York Knicks,0028000695,1981-02-15,NYK @ PHX,W,0,0,,,0.0,,,0,0,,,,,,,,,,0,,0
17435,21980,76553,Larry Demic,NYK,New York Knicks,0028000695,1981-02-15,NYK @ PHX,W,0,0,,,0.0,,,0,0,,,,,,,,,,0,,0
17436,21980,76360,Reggie Carter,NYK,New York Knicks,0028000695,1981-02-15,NYK @ PHX,W,0,0,,,0.0,,,0,0,,,,,,,,,,0,,0
17437,21980,77829,Sam Pellom,ATL,Atlanta Hawks,0028000694,1981-02-15,ATL @ PHL,L,0,0,,,0.0,,,0,0,,,,,,,,,,0,,0
17438,21980,76418,Don Collins,ATL,Atlanta Hawks,0028000694,1981-02-15,ATL @ PHL,L,0,0,,,,,,0,0,,,,,,,,,,0,,0
17439,21980,77024,Armond Hill,SEA,Seattle SuperSonics,0028000693,1981-02-14,SEA @ CHI,L,0,0,,,0.0,,,0,0,,,,,,,,,,0,,0
17440,21980,76225,Winford Boynes,DAL,Dallas Mavericks,0028000692,1981-02-14,DAL vs. SAN,L,0,0,,,0.0,,,0,0,,,,,,,,,,0,,0
17441,21980,77504,Andre McCarter,WAS,Washington Bullets,0028000691,1981-02-14,WAS @ DET,L,0,0,,,0.0,,,0,0,,,,,,,,,,0,,0
17442,21980,76599,Larry Drew,DET,Detroit Pistons,0028000691,1981-02-14,DET vs. WAS,W,0,0,,,0.0,,,0,0,,,,,,,,,,0,,0
17443,21980,77937,Billy Reid,GOS,Golden State Warriors,0028000690,1981-02-14,GOS @ CLE,L,0,0,,,0.0,,,0,0,,,,,,,,,,0,,0
17444,21980,77419,John Lucas,GOS,Golden State Warriors,0028000690,1981-02-14,GOS @ CLE,L,0,0,,,0.0,,,0,0,,,,,,,,,,0,,0
17445,21980,77078,Kim Hughes,CLE,Cleveland Cavaliers,0028000690,1981-02-14,CLE vs. GOS,W,0,0,,,0.0,,,0,0,,,,,,,,,,0,,0
17446,21980,76336,Mack Calvin,CLE,Cleveland Cavaliers,0028000690,1981-02-14,CLE vs. GOS,W,0,0,,,0.0,,,0,0,,,,,,,,,,0,,0
17447,21980,78516,Jerome Whitehead,SDC,San Diego Clippers,0028000687,1981-02-13,SDC @ PHX,L,0,0,,,0.0,,,0,0,,,,,,,,,,0,,0
17448,21980,78600,Brian Winters,MIL,Milwaukee Bucks,0028000686,1981-02-13,MIL vs. GOS,L,0,0,,,0.0,,,0,0,,,,,,,,,,0,,0
17449,21980,77917,Clifford Ray,GOS,Golden State Warriors,0028000686,1981-02-13,GOS @ MIL,W,0,0,,,0.0,,,0,0,,,,,,,,,,0,,0
17450,21980,76686,Mike Evans,MIL,Milwaukee Bucks,0028000686,1981-02-13,MIL vs. GOS,L,0,0,,,0.0,,,0,0,,,,,,,,,,0,,0
17451,21980,76786,Calvin Garrett,HOU,Houston Rockets,0028000685,1981-02-13,HOU vs. LAL,L,0,0,,,0.0,,,0,0,,,,,,,,,,0,,0
17452,21980,76355,Butch Carter,LAL,Los Angeles Lakers,0028000685,1981-02-13,LAL @ HOU,W,0,0,,,0.0,,,0,0,,,,,,,,,,0,,0
17453,21980,76619,John Duren,UTH,Utah Jazz,0028000684,1981-02-13,UTH vs. BOS,W,0,0,,,0.0,,,0,0,,,,,,,,,,0,,0
17454,21980,76608,Terry Duerod,BOS,Boston Celtics,0028000684,1981-02-13,BOS @ UTH,L,0,0,,,0.0,,,0,0,,,,,,,,,,0,,0
17455,21980,77635,Lowes Moore,NJN,New Jersey Nets,0028000683,1981-02-13,NJN vs. IND,W,0,0,,,0.0,,,0,0,,,,,,,,,,0,,0
17456,21980,76231,Dudley Bradley,IND,Indiana Pacers,0028000683,1981-02-13,IND @ NJN,L,0,0,,,0.0,,,0,0,,,,,,,,,,0,,0
17457,21980,78132,Craig Shelton,ATL,Atlanta Hawks,0028000682,1981-02-13,ATL @ KCK,L,0,0,,,0.0,,,0,0,,,,,,,,,,0,,0
17458,21980,77829,Sam Pellom,ATL,Atlanta Hawks,0028000682,1981-02-13,ATL @ KCK,L,0,0,,,0.0,,,0,0,,,,,,,,,,0,,0
17459,21980,77331,John Lambert,KCK,Kansas City Kings,0028000682,1981-02-13,KCK vs. ATL,W,0,0,,,0.0,,,0,0,,,,,,,,,,0,,0
17460,21980,78481,Marvin Webster,NYK,New York Knicks,0028000681,1981-02-13,NYK vs. DET,W,0,0,,,0.0,,,0,0,,,,,,,,,,0,,0
17461,21980,76553,Larry Demic,NYK,New York Knicks,0028000681,1981-02-13,NYK vs. DET,W,0,0,,,0.0,,,0,2,0.0,,,,,,,,,0,,0
17462,21980,77162,Ollie Johnson,PHL,Philadelphia 76ers,0028000680,1981-02-13,PHL vs. WAS,L,0,0,,,0.0,,,0,0,,,,,,,,,,0,,0
17463,21980,76418,Don Collins,ATL,Atlanta Hawks,0028000682,1981-02-13,ATL @ KCK,L,0,0,,,,,,0,0,,,,,,,,,,0,,0
17464,21980,78527,Michael Wiley,SAN,San Antonio Spurs,0028000679,1981-02-12,SAN vs. ATL,W,0,0,,,0.0,,,0,0,,,,,,,,,,0,,0
17465,21980,77078,Kim Hughes,CLE,Cleveland Cavaliers,0028000677,1981-02-12,CLE vs. NYK,L,0,0,,,0.0,,,0,0,,,,,,,,,,0,,0
17466,21980,76734,Don Ford,CLE,Cleveland Cavaliers,0028000677,1981-02-12,CLE vs. NYK,L,0,0,,,0.0,,,0,0,,,,,,,,,,0,,0
17467,21980,76418,Don Collins,ATL,Atlanta Hawks,0028000679,1981-02-12,ATL @ SAN,L,0,0,,,,,,0,0,,,,,,,,,,0,,0
17468,21980,78200,Randy Smith,CLE,Cleveland Cavaliers,0028000676,1981-02-11,CLE @ PHL,L,0,0,,,0.0,,,0,0,,,,,,,,,,0,,0
17469,21980,76734,Don Ford,CLE,Cleveland Cavaliers,0028000676,1981-02-11,CLE @ PHL,L,0,0,,,0.0,,,0,0,,,,,,,,,,0,,0
17470,21980,77182,Dwight Jones,CHI,Chicago Bulls,0028000674,1981-02-11,CHI @ NJN,L,0,0,,,0.0,,,0,0,,,,,,,,,,0,,0
17471,21980,76567,Coby Dietrick,CHI,Chicago Bulls,0028000674,1981-02-11,CHI @ NJN,L,0,0,,,0.0,,,0,0,,,,,,,,,,0,,0
17472,21980,76996,Tom Henderson,HOU,Houston Rockets,0028000673,1981-02-11,HOU vs. SAN,W,0,0,,,0.0,,,0,0,,,,,,,,,,0,,0
17473,21980,77715,Carl Nicks,UTH,Utah Jazz,0028000672,1981-02-11,UTH @ KCK,L,0,0,,,0.0,,,0,0,,,,,,,,,,0,,0
17474,21980,77331,John Lambert,KCK,Kansas City Kings,0028000672,1981-02-11,KCK vs. UTH,W,0,0,,,0.0,,,0,0,,,,,,,,,,0,,0
17475,21980,77215,Jeff Judkins,UTH,Utah Jazz,0028000672,1981-02-11,UTH @ KCK,L,0,0,,,0.0,,,0,0,,,,,,,,,,0,,0
17476,21980,76619,John Duren,UTH,Utah Jazz,0028000672,1981-02-11,UTH @ KCK,L,0,0,,,0.0,,,0,0,,,,,,,,,,0,,0
17477,21980,76151,Mel Bennett,UTH,Utah Jazz,0028000672,1981-02-11,UTH @ KCK,L,0,0,,,0.0,,,0,0,,,,,,,,,,0,,0
17478,21980,229,James Edwards,IND,Indiana Pacers,0028000671,1981-02-11,IND vs. MIL,L,0,0,,,0.0,,,0,0,,,,,,,,,,0,,0
17479,21980,77334,Mark Landsberger,LAL,Los Angeles Lakers,0028000670,1981-02-11,LAL vs. BOS,L,0,0,,,0.0,,,0,0,,,,,,,,,,0,,0
17480,21980,76608,Terry Duerod,BOS,Boston Celtics,0028000670,1981-02-11,BOS @ LAL,W,0,0,,,0.0,,,0,0,,,,,,,,,,0,,0
17481,21980,76355,Butch Carter,LAL,Los Angeles Lakers,0028000670,1981-02-11,LAL vs. BOS,L,0,0,,,0.0,,,0,0,,,,,,,,,,0,,0
17482,21980,77331,John Lambert,KCK,Kansas City Kings,0028000669,1981-02-10,KCK @ CHI,L,0,0,,,0.0,,,0,0,,,,,,,,,,0,,0
17483,21980,77910,Wally Rank,SDC,San Diego Clippers,0028000668,1981-02-10,SDC vs. PHX,L,0,0,,,0.0,,,0,0,,,,,,,,,,0,,0
17484,21980,77718,Mike Niles,PHX,Phoenix Suns,0028000668,1981-02-10,PHX @ SDC,W,0,0,,,0.0,,,0,0,,,,,,,,,,0,,0
17485,21980,76534,Ron Davis,SDC,San Diego Clippers,0028000668,1981-02-10,SDC vs. PHX,L,0,0,,,0.0,,,0,0,,,,,,,,,,0,,0
17486,21980,77396,Scott Lloyd,DAL,Dallas Mavericks,0028000667,1981-02-10,DAL vs. DET,L,0,0,,,0.0,,,0,2,0.0,,,,,,,,,0,,0
17487,21980,77262,Chad Kinch,DAL,Dallas Mavericks,0028000667,1981-02-10,DAL vs. DET,L,0,0,,,0.0,,,0,0,,,,,,,,,,0,,0
17488,21980,76225,Winford Boynes,DAL,Dallas Mavericks,0028000667,1981-02-10,DAL vs. DET,L,0,0,,,0.0,,,0,0,,,,,,,,,,0,,0
17489,21980,76587,Jacky Dorsey,SEA,Seattle SuperSonics,0028000665,1981-02-10,SEA vs. BOS,W,0,0,,,0.0,,,0,0,,,,,,,,,,0,,0
17490,21980,76351,M.L. Carr,BOS,Boston Celtics,0028000665,1981-02-10,BOS @ SEA,L,0,0,,,0.0,,,0,0,,,,,,,,,,0,,0
17491,21980,77937,Billy Reid,GOS,Golden State Warriors,0028000664,1981-02-10,GOS @ ATL,L,0,0,,,0.0,,,0,0,,,,,,,,,,0,,0
17492,21980,77715,Carl Nicks,UTH,Utah Jazz,0028000661,1981-02-08,UTH @ GOS,L,0,0,,,0.0,,,0,0,,,,,,,,,,0,,0
17493,21980,76686,Mike Evans,MIL,Milwaukee Bucks,0028000660,1981-02-08,MIL vs. CHI,W,0,0,,,0.0,,,0,0,,,,,,,,,,0,,0
17494,21980,76365,Harvey Catchings,MIL,Milwaukee Bucks,0028000660,1981-02-08,MIL vs. CHI,W,0,0,,,0.0,,,0,0,,,,,,,,,,0,,0
17495,21980,76618,T.R. Dunn,DEN,Denver Nuggets,0028000659,1981-02-08,DEN @ SEA,L,0,0,,,0.0,,,0,0,,,,,,,,,,0,,0
17496,21980,76583,James Donaldson,SEA,Seattle SuperSonics,0028000659,1981-02-08,SEA vs. DEN,W,0,0,,,0.0,,,0,0,,,,,,,,,,0,,0
17497,21980,78614,Mike Woodson,NYK,New York Knicks,0028000657,1981-02-08,NYK @ NJN,W,0,0,,,0.0,,,0,0,,,,,,,,,,0,,0
17498,21980,78481,Marvin Webster,NYK,New York Knicks,0028000657,1981-02-08,NYK @ NJN,W,0,0,,,0.0,,,0,0,,,,,,,,,,0,,0
17499,21980,78436,Foots Walker,NJN,New Jersey Nets,0028000657,1981-02-08,NJN vs. NYK,L,0,0,,,0.0,,,0,0,,,,,,,,,,0,,0
17500,21980,78400,Jan Van Breda Kolff,NJN,New Jersey Nets,0028000657,1981-02-08,NJN vs. NYK,L,0,0,,,0.0,,,0,0,,,,,,,,,,0,,0
17501,21980,77858,Stan Pietkiewicz,DAL,Dallas Mavericks,0028000656,1981-02-08,DAL @ SAN,L,0,0,,,0.0,,,0,0,,,,,,,,,,0,,0
17502,21980,77756,Mark Olberding,SAN,San Antonio Spurs,0028000656,1981-02-08,SAN vs. DAL,W,0,0,,,0.0,,,0,0,,,,,,,,,,0,,0
17503,21980,77633,Johnny Moore,SAN,San Antonio Spurs,0028000656,1981-02-08,SAN vs. DAL,W,0,0,,,0.0,,,0,2,0.0,,,,,,,,,0,,0
17504,21980,76802,Gus Gerard,SAN,San Antonio Spurs,0028000656,1981-02-08,SAN vs. DAL,W,0,0,,,0.0,,,0,0,,,,,,,,,,0,,0
17505,21980,76355,Butch Carter,LAL,Los Angeles Lakers,0028000655,1981-02-08,LAL @ PHL,L,0,0,,,0.0,,,0,0,,,,,,,,,,0,,0
17506,21980,77504,Andre McCarter,WAS,Washington Bullets,0028000654,1981-02-08,WAS @ PHX,L,0,0,,,0.0,,,0,0,,,,,,,,,,0,,0
17507,21980,77235,Rich Kelley,PHX,Phoenix Suns,0028000654,1981-02-08,PHX vs. WAS,W,0,0,,,0.0,,,0,0,,,,,,,,,,0,,0
17508,21980,328,Rick Mahorn,WAS,Washington Bullets,0028000654,1981-02-08,WAS @ PHX,L,0,0,,,0.0,,,0,0,,,,,,,,,,0,,0
17509,21980,76619,John Duren,UTH,Utah Jazz,0028000653,1981-02-07,UTH @ SEA,L,0,0,,,0.0,,,0,0,,,,,,,,,,0,,0
17510,21980,76587,Jacky Dorsey,SEA,Seattle SuperSonics,0028000653,1981-02-07,SEA vs. UTH,W,0,0,,,0.0,,,0,0,,,,,,,,,,0,,0
17511,21980,76583,James Donaldson,SEA,Seattle SuperSonics,0028000653,1981-02-07,SEA vs. UTH,W,0,0,,,0.0,,,0,0,,,,,,,,,,0,,0
17512,21980,76441,Wayne Cooper,UTH,Utah Jazz,0028000653,1981-02-07,UTH @ SEA,L,0,0,,,0.0,,,0,0,,,,,,,,,,0,,0
17513,21980,77209,Walter Jordan,CLE,Cleveland Cavaliers,0028000652,1981-02-07,CLE @ IND,L,0,0,,,0.0,,,0,0,,,,,,,,,,0,,0
17514,21980,76336,Mack Calvin,CLE,Cleveland Cavaliers,0028000652,1981-02-07,CLE @ IND,L,0,0,,,0.0,,,0,0,,,,,,,,,,0,,0
17515,21980,77829,Sam Pellom,ATL,Atlanta Hawks,0028000651,1981-02-07,ATL @ HOU,L,0,0,,,0.0,,,0,0,,,,,,,,,,0,,0
17516,21980,77189,Major Jones,HOU,Houston Rockets,0028000651,1981-02-07,HOU vs. ATL,W,0,0,,,0.0,,,0,0,,,,,,,,,,0,,0
17517,21980,76416,Art Collins,ATL,Atlanta Hawks,0028000651,1981-02-07,ATL @ HOU,L,0,0,,,0.0,,,0,0,,,,,,,,,,0,,0
17518,21980,77635,Lowes Moore,NJN,New Jersey Nets,0028000650,1981-02-07,NJN @ NYK,L,0,0,,,0.0,,,0,0,,,,,,,,,,0,,0
17519,21980,78533,James Wilkes,CHI,Chicago Bulls,0028000648,1981-02-07,CHI vs. DET,W,0,0,,,0.0,,,0,0,,,,,,,,,,0,,0
17520,21980,76599,Larry Drew,DET,Detroit Pistons,0028000648,1981-02-07,DET @ CHI,L,0,0,,,0.0,,,0,0,,,,,,,,,,0,,0
17521,21980,76567,Coby Dietrick,CHI,Chicago Bulls,0028000648,1981-02-07,CHI vs. DET,W,0,0,,,0.0,,,0,0,,,,,,,,,,0,,0
17522,21980,76830,Glen Gondrezick,DEN,Denver Nuggets,0028000647,1981-02-06,DEN @ UTH,W,0,0,,,0.0,,,0,0,,,,,,,,,,0,,0
17523,21980,76619,John Duren,UTH,Utah Jazz,0028000647,1981-02-06,UTH vs. DEN,L,0,0,,,0.0,,,0,0,,,,,,,,,,0,,0
17524,21980,76151,Mel Bennett,UTH,Utah Jazz,0028000647,1981-02-06,UTH vs. DEN,L,0,0,,,0.0,,,0,0,,,,,,,,,,0,,0
17525,21980,78296,Brian Taylor,SDC,San Diego Clippers,0028000646,1981-02-06,SDC @ PHL,L,0,0,,,0.0,,,0,0,,,,,,,,,,0,,0
17526,21980,76985,Garfield Heard,SDC,San Diego Clippers,0028000646,1981-02-06,SDC @ PHL,L,0,0,,,0.0,,,0,0,,,,,,,,,,0,,0
17527,21980,940,Earl Cureton,PHL,Philadelphia 76ers,0028000646,1981-02-06,PHL vs. SDC,W,0,0,,,0.0,,,0,0,,,,,,,,,,0,,0
17528,21980,78618,Sam Worthen,CHI,Chicago Bulls,0028000645,1981-02-06,CHI vs. NYK,L,0,0,,,0.0,,,0,0,,,,,,,,,,0,,0
17529,21980,77182,Dwight Jones,CHI,Chicago Bulls,0028000645,1981-02-06,CHI vs. NYK,L,0,0,,,0.0,,,0,0,,,,,,,,,,0,,0
17530,21980,76553,Larry Demic,NYK,New York Knicks,0028000645,1981-02-06,NYK @ CHI,W,0,0,,,0.0,,,0,0,,,,,,,,,,0,,0
17531,21980,76474,Jeffrey Crompton,POR,Portland Trail Blazers,0028000644,1981-02-06,POR @ SAN,L,0,0,,,0.0,,,0,0,,,,,,,,,,0,,0
17532,21980,78132,Craig Shelton,ATL,Atlanta Hawks,0028000641,1981-02-06,ATL @ DAL,W,0,0,,,0.0,,,0,0,,,,,,,,,,0,,0
17533,21980,77484,Wes Matthews,ATL,Atlanta Hawks,0028000641,1981-02-06,ATL @ DAL,W,0,0,,,0.0,,,0,0,,,,,,,,,,0,,0
17534,21980,76707,Eric Fernsten,BOS,Boston Celtics,0028000640,1981-02-06,BOS vs. IND,W,0,0,,,0.0,,,0,0,,,,,,,,,,0,,0
17535,21980,76351,M.L. Carr,BOS,Boston Celtics,0028000640,1981-02-06,BOS vs. IND,W,0,0,,,0.0,,,0,0,,,,,,,,,,0,,0
17536,21980,1450,Kevin McHale,BOS,Boston Celtics,0028000640,1981-02-06,BOS vs. IND,W,0,0,,,0.0,,,0,0,,,,,,,,,,0,,0
17537,21980,77800,Sonny Parker,GOS,Golden State Warriors,0028000639,1981-02-06,GOS vs. WAS,L,0,0,,,0.0,,,0,0,,,,,,,,,,0,,0
17538,21980,77419,John Lucas,GOS,Golden State Warriors,0028000639,1981-02-06,GOS vs. WAS,L,0,0,,,0.0,,,0,0,,,,,,,,,,0,,0
17539,21980,76386,Phil Chenier,GOS,Golden State Warriors,0028000639,1981-02-06,GOS vs. WAS,L,0,0,,,0.0,,,0,0,,,,,,,,,,0,,0
17540,21980,77024,Armond Hill,SEA,Seattle SuperSonics,0028000638,1981-02-06,SEA vs. KCK,L,0,0,,,0.0,,,0,0,,,,,,,,,,0,,0
17541,21980,600010,Len Elmore,MIL,Milwaukee Bucks,0028000637,1981-02-06,MIL @ CLE,W,0,0,,,0.0,,,0,0,,,,,,,,,,0,,0
17542,21980,78200,Randy Smith,CLE,Cleveland Cavaliers,0028000637,1981-02-06,CLE vs. MIL,L,0,0,,,0.0,,,0,2,0.0,,,,,,,,,0,,0
17543,21980,76608,Terry Duerod,BOS,Boston Celtics,0028000636,1981-02-05,BOS @ MIL,L,0,0,,,0.0,,,0,0,,,,,,,,,,0,,0
17544,21980,77800,Sonny Parker,GOS,Golden State Warriors,0028000635,1981-02-04,GOS vs. POR,W,0,0,,,0.0,,,0,2,0.0,,,,,,,,,0,,0
17545,21980,76954,Mike Harper,POR,Portland Trail Blazers,0028000635,1981-02-04,POR @ GOS,L,0,0,,,0.0,,,0,3,0.0,,,,,,,,,0,,0
17546,21980,78449,Lloyd Walton,KCK,Kansas City Kings,0028000633,1981-02-04,KCK vs. DET,W,0,0,,,0.0,,,0,0,,,,,,,,,,0,,0
17547,21980,77364,Ron Lee,DET,Detroit Pistons,0028000633,1981-02-04,DET @ KCK,L,0,0,,,0.0,,,0,0,,,,,,,,,,0,,0
17548,21980,76321,Marty Byrnes,DAL,Dallas Mavericks,0028000632,1981-02-04,DAL @ HOU,L,0,0,,,0.0,,,0,0,,,,,,,,,,0,,0
17549,21980,77635,Lowes Moore,NJN,New Jersey Nets,0028000631,1981-02-04,NJN vs. SDC,L,0,0,,,0.0,,,0,0,,,,,,,,,,0,,0
17550,21980,76435,Darwin Cook,NJN,New Jersey Nets,0028000631,1981-02-04,NJN vs. SDC,L,0,0,,,0.0,,,0,0,,,,,,,,,,0,,0
17551,21980,77950,Clint Richardson,PHL,Philadelphia 76ers,0028000629,1981-02-04,PHL vs. BOS,W,0,0,,,0.0,,,0,0,,,,,,,,,,0,,0
17552,21980,77618,Steve Mix,PHL,Philadelphia 76ers,0028000629,1981-02-04,PHL vs. BOS,W,0,0,,,0.0,,,0,0,,,,,,,,,,0,,0
17553,21980,76733,Chris Ford,BOS,Boston Celtics,0028000629,1981-02-04,BOS @ PHL,L,0,0,,,0.0,,,0,0,,,,,,,,,,0,,0
17554,21980,76351,M.L. Carr,BOS,Boston Celtics,0028000629,1981-02-04,BOS @ PHL,L,0,0,,,0.0,,,0,0,,,,,,,,,,0,,0
17555,21980,76587,Jacky Dorsey,SEA,Seattle SuperSonics,0028000628,1981-02-04,SEA vs. WAS,W,0,0,,,0.0,,,0,0,,,,,,,,,,0,,0
17556,21980,78533,James Wilkes,CHI,Chicago Bulls,0028000627,1981-02-04,CHI @ CLE,W,0,0,,,0.0,,,0,0,,,,,,,,,,0,,0
17557,21980,77209,Walter Jordan,CLE,Cleveland Cavaliers,0028000627,1981-02-04,CLE vs. CHI,L,0,0,,,0.0,,,0,0,,,,,,,,,,0,,0
17558,21980,77348,Ed Lawrence,DET,Detroit Pistons,0028000625,1981-02-03,DET @ SAN,L,0,0,,,0.0,,,0,0,,,,,,,,,,0,,0
17559,21980,76771,Mike Gale,POR,Portland Trail Blazers,0028000624,1981-02-03,POR vs. WAS,W,0,0,,,0.0,,,0,0,,,,,,,,,,0,,0
17560,21980,76686,Mike Evans,MIL,Milwaukee Bucks,0028000623,1981-02-03,MIL vs. IND,L,0,0,,,0.0,,,0,0,,,,,,,,,,0,,0
17561,21980,76786,Calvin Garrett,HOU,Houston Rockets,0028000622,1981-02-03,HOU vs. DEN,W,0,0,,,0.0,,,0,0,,,,,,,,,,0,,0
17562,21980,76618,T.R. Dunn,DEN,Denver Nuggets,0028000622,1981-02-03,DEN @ HOU,L,0,0,,,0.0,,,0,0,,,,,,,,,,0,,0
17563,21980,76516,Brad Davis,DAL,Dallas Mavericks,0028000621,1981-02-03,DAL vs. KCK,L,0,0,,,0.0,,,0,0,,,,,,,,,,0,,0
17564,21980,77618,Steve Mix,PHL,Philadelphia 76ers,0028000620,1981-02-03,PHL @ ATL,W,0,0,,,0.0,,,0,0,,,,,,,,,,0,,0
17565,21980,78481,Marvin Webster,NYK,New York Knicks,0028000619,1981-02-03,NYK vs. SDC,W,0,0,,,0.0,,,0,0,,,,,,,,,,0,,0
17566,21980,76360,Reggie Carter,NYK,New York Knicks,0028000619,1981-02-03,NYK vs. SDC,W,0,0,,,0.0,,,0,0,,,,,,,,,,0,,0
17567,21980,77209,Walter Jordan,CLE,Cleveland Cavaliers,0028000618,1981-01-29,CLE vs. PHX,W,0,0,,,0.0,,,0,0,,,,,,,,,,0,,0
17568,21980,76771,Mike Gale,POR,Portland Trail Blazers,0028000617,1981-01-29,POR @ SDC,W,0,0,,,0.0,,,0,0,,,,,,,,,,0,,0
17569,21980,78618,Sam Worthen,CHI,Chicago Bulls,0028000616,1981-01-29,CHI vs. BOS,W,0,0,,,0.0,,,0,0,,,,,,,,,,0,,0
17570,21980,76993,Gerald Henderson,BOS,Boston Celtics,0028000616,1981-01-29,BOS @ CHI,L,0,0,,,0.0,,,0,0,,,,,,,,,,0,,0
17571,21980,76707,Eric Fernsten,BOS,Boston Celtics,0028000616,1981-01-29,BOS @ CHI,L,0,0,,,0.0,,,0,0,,,,,,,,,,0,,0
17572,21980,78623,Larry Wright,DET,Detroit Pistons,0028000615,1981-01-29,DET vs. GOS,L,0,0,,,0.0,,,0,0,,,,,,,,,,0,,0
17573,21980,78015,Lorenzo Romar,GOS,Golden State Warriors,0028000615,1981-01-29,GOS @ DET,W,0,0,,,0.0,,,0,0,,,,,,,,,,0,,0
17574,21980,600010,Len Elmore,MIL,Milwaukee Bucks,0028000614,1981-01-29,MIL @ DEN,L,0,0,,,0.0,,,0,0,,,,,,,,,,0,,0
17575,21980,78449,Lloyd Walton,KCK,Kansas City Kings,0028000613,1981-01-29,KCK @ LAL,L,0,0,,,0.0,,,0,0,,,,,,,,,,0,,0
17576,21980,76590,Leon Douglas,KCK,Kansas City Kings,0028000613,1981-01-29,KCK @ LAL,L,0,0,,,0.0,,,0,0,,,,,,,,,,0,,0
17577,21980,76248,Jim Brewer,LAL,Los Angeles Lakers,0028000613,1981-01-29,LAL vs. KCK,W,0,0,,,0.0,,,0,0,,,,,,,,,,0,,0
17578,21980,77754,Mike O'Koren,NJN,New Jersey Nets,0028000612,1981-01-29,NJN @ SAN,L,0,0,,,0.0,,,0,0,,,,,,,,,,0,,0
17579,21980,78481,Marvin Webster,NYK,New York Knicks,0028000611,1981-01-29,NYK @ ATL,W,0,0,,,0.0,,,0,0,,,,,,,,,,0,,0
17580,21980,76553,Larry Demic,NYK,New York Knicks,0028000611,1981-01-29,NYK @ ATL,W,0,0,,,0.0,,,0,0,,,,,,,,,,0,,0
17581,21980,77715,Carl Nicks,UTH,Utah Jazz,0028000610,1981-01-29,UTH vs. HOU,W,0,0,,,0.0,,,0,0,,,,,,,,,,0,,0
17582,21980,76786,Calvin Garrett,HOU,Houston Rockets,0028000610,1981-01-29,HOU @ UTH,L,0,0,,,0.0,,,0,0,,,,,,,,,,0,,0
17583,21980,76619,John Duren,UTH,Utah Jazz,0028000610,1981-01-29,UTH vs. HOU,W,0,0,,,0.0,,,0,0,,,,,,,,,,0,,0
17584,21980,76441,Wayne Cooper,UTH,Utah Jazz,0028000610,1981-01-29,UTH vs. HOU,W,0,0,,,0.0,,,0,0,,,,,,,,,,0,,0
17585,21980,76151,Mel Bennett,UTH,Utah Jazz,0028000610,1981-01-29,UTH vs. HOU,W,0,0,,,0.0,,,0,0,,,,,,,,,,0,,0
17586,21980,77024,Armond Hill,SEA,Seattle SuperSonics,0028000609,1981-01-28,SEA vs. MIL,L,0,0,,,0.0,,,0,0,,,,,,,,,,0,,0
17587,21980,76351,M.L. Carr,BOS,Boston Celtics,0028000606,1981-01-28,BOS vs. PHL,W,0,0,,,0.0,,,0,0,,,,,,,,,,0,,0
17588,21980,78015,Lorenzo Romar,GOS,Golden State Warriors,0028000605,1981-01-28,GOS @ IND,L,0,0,,,0.0,,,0,0,,,,,,,,,,0,,0
17589,21980,77937,Billy Reid,GOS,Golden State Warriors,0028000605,1981-01-28,GOS @ IND,L,0,0,,,0.0,,,0,0,,,,,,,,,,0,,0
17590,21980,77770,Louis Orr,IND,Indiana Pacers,0028000605,1981-01-28,IND vs. GOS,W,0,0,,,0.0,,,0,0,,,,,,,,,,0,,0
17591,21980,78195,Larry Smith,GOS,Golden State Warriors,0028000604,1981-01-27,GOS @ CHI,L,0,0,,,0.0,,,0,0,,,,,,,,,,0,,0
17592,21980,77937,Billy Reid,GOS,Golden State Warriors,0028000604,1981-01-27,GOS @ CHI,L,0,0,,,0.0,,,0,0,,,,,,,,,,0,,0
17593,21980,78516,Jerome Whitehead,SDC,San Diego Clippers,0028000602,1981-01-27,SDC vs. KCK,W,0,0,,,0.0,,,0,0,,,,,,,,,,0,,0
17594,21980,77528,Jim McElroy,ATL,Atlanta Hawks,0028000601,1981-01-27,ATL vs. WAS,L,0,0,,,0.0,,,0,0,,,,,,,,,,0,,0
17595,21980,77504,Andre McCarter,WAS,Washington Bullets,0028000601,1981-01-27,WAS @ ATL,W,0,0,,,0.0,,,0,0,,,,,,,,,,0,,0
17596,21980,76348,Austin Carr,WAS,Washington Bullets,0028000601,1981-01-27,WAS @ ATL,W,0,0,,,0.0,,,0,0,,,,,,,,,,0,,0
17597,21980,76005,Tom Abernethy,IND,Indiana Pacers,0028000600,1981-01-27,IND @ CLE,L,0,0,,,0.0,,,0,0,,,,,,,,,,0,,0
17598,21980,77215,Jeff Judkins,UTH,Utah Jazz,0028000598,1981-01-27,UTH @ LAL,L,0,0,,,0.0,,,0,0,,,,,,,,,,0,,0
17599,21980,76321,Marty Byrnes,DAL,Dallas Mavericks,0028000597,1981-01-27,DAL vs. NJN,L,0,0,,,0.0,,,0,0,,,,,,,,,,0,,0
17600,21980,78623,Larry Wright,DET,Detroit Pistons,0028000599,1981-01-27,DET @ DEN,L,0,0,,,0.0,,,0,0,,,,,,,,,,0,,0
17601,21980,76954,Mike Harper,POR,Portland Trail Blazers,0028000596,1981-01-26,POR @ LAL,L,0,0,,,0.0,,,0,0,,,,,,,,,,0,,0
17602,21980,76947,Alan Hardy,LAL,Los Angeles Lakers,0028000596,1981-01-26,LAL vs. POR,W,0,0,,,0.0,,,0,0,,,,,,,,,,0,,0
17603,21980,76619,John Duren,UTH,Utah Jazz,0028000594,1981-01-26,UTH vs. DET,W,0,0,,,0.0,,,0,0,,,,,,,,,,0,,0
17604,21980,77996,Wayne Robinson,DET,Detroit Pistons,0028000594,1981-01-26,DET @ UTH,L,0,0,,,0.0,,,0,0,,,,,,,,,,0,,0
17605,21980,78623,Larry Wright,DET,Detroit Pistons,0028000594,1981-01-26,DET @ UTH,L,0,0,,,0.0,,,0,0,,,,,,,,,,0,,0
17606,21980,76078,Dennis Awtrey,SEA,Seattle SuperSonics,0028000593,1981-01-25,SEA @ BOS,L,0,0,,,0.0,,,0,0,,,,,,,,,,0,,0
17607,21980,1450,Kevin McHale,BOS,Boston Celtics,0028000593,1981-01-25,BOS vs. SEA,W,0,0,,,0.0,,,0,0,,,,,,,,,,0,,0
17608,21980,77633,Johnny Moore,SAN,San Antonio Spurs,0028000592,1981-01-25,SAN @ POR,L,0,0,,,0.0,,,0,0,,,,,,,,,,0,,0
17609,21980,77975,Anthony Roberts,WAS,Washington Bullets,0028000591,1981-01-25,WAS @ NJN,W,0,0,,,0.0,,,0,0,,,,,,,,,,0,,0
17610,21980,328,Rick Mahorn,WAS,Washington Bullets,0028000591,1981-01-25,WAS @ NJN,W,0,0,,,0.0,,,0,0,,,,,,,,,,0,,0
17611,21980,76985,Garfield Heard,SDC,San Diego Clippers,0028000588,1981-01-24,SDC vs. MIL,L,0,0,,,0.0,,,0,0,,,,,,,,,,0,,0
17612,21980,76534,Ron Davis,SDC,San Diego Clippers,0028000588,1981-01-24,SDC vs. MIL,L,0,0,,,0.0,,,0,0,,,,,,,,,,0,,0
17613,21980,76162,Henry Bibby,SDC,San Diego Clippers,0028000588,1981-01-24,SDC vs. MIL,L,0,0,,,0.0,,,0,0,,,,,,,,,,0,,0
17614,21980,77078,Kim Hughes,CLE,Cleveland Cavaliers,0028000587,1981-01-24,CLE @ DET,L,0,0,,,0.0,,,0,0,,,,,,,,,,0,,0
17615,21980,78481,Marvin Webster,NYK,New York Knicks,0028000585,1981-01-24,NYK @ GOS,L,0,0,,,0.0,,,0,0,,,,,,,,,,0,,0
17616,21980,78618,Sam Worthen,CHI,Chicago Bulls,0028000584,1981-01-24,CHI @ ATL,W,0,0,,,0.0,,,0,0,,,,,,,,,,0,,0
17617,21980,76567,Coby Dietrick,CHI,Chicago Bulls,0028000584,1981-01-24,CHI @ ATL,W,0,0,,,0.0,,,0,0,,,,,,,,,,0,,0
17618,21980,78404,Kiki Vandeweghe,DEN,Denver Nuggets,0028000583,1981-01-24,DEN vs. SAN,W,0,0,,,0.0,,,0,0,,,,,,,,,,0,,0
17619,21980,76619,John Duren,UTH,Utah Jazz,0028000589,1981-01-24,UTH @ HOU,L,0,0,,,0.0,,,0,0,,,,,,,,,,0,,0
17620,21980,78618,Sam Worthen,CHI,Chicago Bulls,0028000582,1981-01-23,CHI vs. DAL,W,0,0,,,0.0,,,0,0,,,,,,,,,,0,,0
17621,21980,100263,Bill Laimbeer,CLE,Cleveland Cavaliers,0028000580,1981-01-23,CLE @ ATL,W,0,0,,,0.0,,,0,0,,,,,,,,,6.0,0,,0
17622,21980,77528,Jim McElroy,ATL,Atlanta Hawks,0028000580,1981-01-23,ATL vs. CLE,L,0,0,,,0.0,,,0,0,,,,,,,,,,0,,0
17623,21980,77209,Walter Jordan,CLE,Cleveland Cavaliers,0028000580,1981-01-23,CLE @ ATL,W,0,0,,,0.0,,,0,0,,,,,,,,,,0,,0
17624,21980,77078,Kim Hughes,CLE,Cleveland Cavaliers,0028000580,1981-01-23,CLE @ ATL,W,0,0,,,0.0,,,0,0,,,,,,,,,,0,,0
17625,21980,76618,T.R. Dunn,DEN,Denver Nuggets,0028000579,1981-01-23,DEN @ LAL,L,0,0,,,0.0,,,0,0,,,,,,,,,,0,,0
17626,21980,76248,Jim Brewer,LAL,Los Angeles Lakers,0028000579,1981-01-23,LAL vs. DEN,W,0,0,,,0.0,,,0,0,,,,,,,,,,0,,0
17627,21980,77215,Jeff Judkins,UTH,Utah Jazz,0028000578,1981-01-23,UTH vs. GOS,L,0,0,,,0.0,,,0,0,,,,,,,,,,0,,0
17628,21980,76771,Mike Gale,POR,Portland Trail Blazers,0028000574,1981-01-23,POR vs. NYK,W,0,0,,,0.0,,,0,0,,,,,,,,,,0,,0
17629,21980,77024,Armond Hill,SEA,Seattle SuperSonics,0028000577,1981-01-23,SEA @ WAS,L,0,0,,,0.0,,,0,2,0.0,,,,,,,,,0,,0
17630,21980,77504,Andre McCarter,WAS,Washington Bullets,0028000577,1981-01-23,WAS vs. SEA,W,0,0,,,0.0,,,0,0,,,,,,,,,,0,,0
17631,21980,78392,Wes Unseld,WAS,Washington Bullets,0028000577,1981-01-23,WAS vs. SEA,W,0,0,,,0.0,,,0,0,,,,,,,,,,0,,0
17632,21980,76587,Jacky Dorsey,SEA,Seattle SuperSonics,0028000577,1981-01-23,SEA @ WAS,L,0,0,,,0.0,,,0,0,,,,,,,,,,0,,0
17633,21980,76365,Harvey Catchings,MIL,Milwaukee Bucks,0028000581,1981-01-23,MIL @ PHX,L,0,0,,,0.0,,,0,0,,,,,,,,,,0,,0
17634,21980,76078,Dennis Awtrey,SEA,Seattle SuperSonics,0028000577,1981-01-23,SEA @ WAS,L,0,0,,,0.0,,,0,0,,,,,,,,,,0,,0
17635,21980,77975,Anthony Roberts,WAS,Washington Bullets,0028000573,1981-01-22,WAS vs. PHL,L,0,0,,,0.0,,,0,0,,,,,,,,,,0,,0
17636,21980,77504,Andre McCarter,WAS,Washington Bullets,0028000573,1981-01-22,WAS vs. PHL,L,0,0,,,0.0,,,0,0,,,,,,,,,,0,,0
17637,21980,76553,Larry Demic,NYK,New York Knicks,0028000572,1981-01-22,NYK @ SDC,W,0,0,,,0.0,,,0,0,,,,,,,,,,0,,0
17638,21980,77498,Bob McAdoo,DET,Detroit Pistons,0028000570,1981-01-22,DET vs. CHI,L,0,0,,,0.0,,,0,0,,,,,,,,,,0,,0
17639,21980,78296,Brian Taylor,SDC,San Diego Clippers,0028000572,1981-01-22,SDC vs. NYK,L,0,0,,,0.0,,,0,0,,,,,,,,,,0,,0
17640,21980,78449,Lloyd Walton,KCK,Kansas City Kings,0028000569,1981-01-21,KCK vs. SAN,W,0,0,,,0.0,,,0,0,,,,,,,,,,0,,0
17641,21980,78146,Jerry Sichting,IND,Indiana Pacers,0028000568,1981-01-21,IND @ PHL,L,0,0,,,0.0,,,0,0,,,,,,,,,,0,,0
17642,21980,77215,Jeff Judkins,UTH,Utah Jazz,0028000565,1981-01-21,UTH @ BOS,L,0,0,,,0.0,,,0,0,,,,,,,,,,0,,0
17643,21980,78577,Bill Willoughby,HOU,Houston Rockets,0028000564,1981-01-21,HOU vs. PHX,W,0,0,,,0.0,,,0,0,,,,,,,,,,0,,0
17644,21980,76616,Mike Dunleavy,HOU,Houston Rockets,0028000564,1981-01-21,HOU vs. PHX,W,0,0,,,0.0,,,0,0,,,,,,,,,,0,,0
17645,21980,77419,John Lucas,GOS,Golden State Warriors,0028000563,1981-01-21,GOS vs. MIL,L,0,0,,,0.0,,,0,0,,,,,,,,,,0,,0
17646,21980,76386,Phil Chenier,GOS,Golden State Warriors,0028000563,1981-01-21,GOS vs. MIL,L,0,0,,,0.0,,,0,0,,,,,,,,,,0,,0
17647,21980,76985,Garfield Heard,SDC,San Diego Clippers,0028000567,1981-01-21,SDC @ DEN,W,0,0,,,0.0,,,0,0,,,,,,,,,,0,,0
17648,21980,78533,James Wilkes,CHI,Chicago Bulls,0028000561,1981-01-20,CHI vs. IND,W,0,0,,,0.0,,,0,0,,,,,,,,,,0,,0
17649,21980,76005,Tom Abernethy,IND,Indiana Pacers,0028000561,1981-01-20,IND @ CHI,L,0,0,,,0.0,,,0,0,,,,,,,,,,0,,0
17650,21980,77996,Wayne Robinson,DET,Detroit Pistons,0028000560,1981-01-20,DET vs. PHL,W,0,0,,,0.0,,,0,0,,,,,,,,,,0,,0
17651,21980,76889,Paul Griffin,SAN,San Antonio Spurs,0028000558,1981-01-20,SAN vs. PHX,W,0,0,,,0.0,,,0,0,,,,,,,,,,0,,0
17652,21980,76321,Marty Byrnes,DAL,Dallas Mavericks,0028000557,1981-01-20,DAL vs. KCK,L,0,0,,,0.0,,,0,0,,,,,,,,,,0,,0
17653,21980,77715,Carl Nicks,UTH,Utah Jazz,0028000556,1981-01-20,UTH @ WAS,L,0,0,,,0.0,,,0,0,,,,,,,,,,0,,0
17654,21980,76151,Mel Bennett,UTH,Utah Jazz,0028000556,1981-01-20,UTH @ WAS,L,0,0,,,0.0,,,0,0,,,,,,,,,,0,,0
17655,21980,78614,Mike Woodson,NYK,New York Knicks,0028000555,1981-01-20,NYK vs. SEA,W,0,0,,,0.0,,,0,0,,,,,,,,,,0,,0
17656,21980,77024,Armond Hill,SEA,Seattle SuperSonics,0028000555,1981-01-20,SEA @ NYK,L,0,0,,,0.0,,,0,0,,,,,,,,,,0,,0
17657,21980,76944,Bill Hanzlik,SEA,Seattle SuperSonics,0028000555,1981-01-20,SEA @ NYK,L,0,0,,,0.0,,,0,0,,,,,,,,,,0,,0
17658,21980,77312,Wayne Kreklow,BOS,Boston Celtics,0028000554,1981-01-19,BOS vs. DET,W,0,0,,,0.0,,,0,0,,,,,,,,,,0,,0
17659,21980,76707,Eric Fernsten,BOS,Boston Celtics,0028000554,1981-01-19,BOS vs. DET,W,0,0,,,0.0,,,0,0,,,,,,,,,,0,,0
17660,21980,76608,Terry Duerod,BOS,Boston Celtics,0028000554,1981-01-19,BOS vs. DET,W,0,0,,,0.0,,,0,0,,,,,,,,,,0,,0
17661,21980,76599,Larry Drew,DET,Detroit Pistons,0028000554,1981-01-19,DET @ BOS,L,0,0,,,0.0,,,0,0,,,,,,,,,,0,,0
17662,21980,77126,Abdul Jeelani,DAL,Dallas Mavericks,0028000552,1981-01-18,DAL @ SDC,L,0,0,,,0.0,,,0,0,,,,,,,,,,0,,0
17663,21980,76534,Ron Davis,SDC,San Diego Clippers,0028000552,1981-01-18,SDC vs. DAL,W,0,0,,,0.0,,,0,0,,,,,,,,,,0,,0
17664,21980,76225,Winford Boynes,DAL,Dallas Mavericks,0028000552,1981-01-18,DAL @ SDC,L,0,0,,,0.0,,,0,0,,,,,,,,,,0,,0
17665,21980,77691,Calvin Natt,POR,Portland Trail Blazers,0028000550,1981-01-18,POR @ MIL,L,0,0,,,0.0,,,0,0,,,,,,,,,,0,,0
17666,21980,76686,Mike Evans,MIL,Milwaukee Bucks,0028000550,1981-01-18,MIL vs. POR,W,0,0,,,0.0,,,0,0,,,,,,,,,,0,,0
17667,21980,76121,Billyray Bates,POR,Portland Trail Blazers,0028000550,1981-01-18,POR @ MIL,L,0,0,,,0.0,,,0,0,,,,,,,,,,0,,0
17668,21980,77021,Kenny Higgs,DEN,Denver Nuggets,0028000549,1981-01-18,DEN vs. HOU,L,0,0,,,0.0,,,0,0,,,,,,,,,,0,,0
17669,21980,76618,T.R. Dunn,DEN,Denver Nuggets,0028000549,1981-01-18,DEN vs. HOU,L,0,0,,,0.0,,,0,0,,,,,,,,,,0,,0
17670,21980,76616,Mike Dunleavy,HOU,Houston Rockets,0028000549,1981-01-18,HOU @ DEN,W,0,0,,,0.0,,,0,2,0.0,,,,,,,,,0,,0
17671,21980,77205,Eddie Jordan,LAL,Los Angeles Lakers,0028000546,1981-01-18,LAL @ BOS,L,0,0,,,0.0,,,0,0,,,,,,,,,,0,,0
17672,21980,77040,Brad Holland,LAL,Los Angeles Lakers,0028000546,1981-01-18,LAL @ BOS,L,0,0,,,0.0,,,0,0,,,,,,,,,,0,,0
17673,21980,78146,Jerry Sichting,IND,Indiana Pacers,0028000547,1981-01-18,IND vs. UTH,W,0,0,,,0.0,,,0,0,,,,,,,,,,0,,0
17674,21980,100263,Bill Laimbeer,CLE,Cleveland Cavaliers,0028000545,1981-01-17,CLE @ CHI,W,0,0,,,0.0,,,0,0,,,,,,,,,,0,,0
17675,21980,77209,Walter Jordan,CLE,Cleveland Cavaliers,0028000545,1981-01-17,CLE @ CHI,W,0,0,,,0.0,,,0,0,,,,,,,,,,0,,0
17676,21980,77056,Cedrick Hordges,DEN,Denver Nuggets,0028000544,1981-01-17,DEN @ KCK,W,0,0,,,0.0,,,0,0,,,,,,,,,,0,,0
17677,21980,76830,Glen Gondrezick,DEN,Denver Nuggets,0028000544,1981-01-17,DEN @ KCK,W,0,0,,,0.0,,,0,0,,,,,,,,,,0,,0
17678,21980,77623,Paul Mokeski,DET,Detroit Pistons,0028000543,1981-01-17,DET vs. NJN,L,0,0,,,0.0,,,0,0,,,,,,,,,,0,,0
17679,21980,77944,Kevin Restani,SAN,San Antonio Spurs,0028000542,1981-01-17,SAN @ WAS,L,0,0,,,0.0,,,0,0,,,,,,,,,,0,,0
17680,21980,77504,Andre McCarter,WAS,Washington Bullets,0028000542,1981-01-17,WAS vs. SAN,W,0,0,,,0.0,,,0,0,,,,,,,,,,0,,0
17681,21980,77149,George Johnson,SAN,San Antonio Spurs,0028000542,1981-01-17,SAN @ WAS,L,0,0,,,0.0,,,0,0,,,,,,,,,,0,,0
17682,21980,78400,Jan Van Breda Kolff,NJN,New Jersey Nets,0028000543,1981-01-17,NJN @ DET,W,0,0,,,0.0,,,0,0,,,,,,,,,,0,,0
17683,21980,76707,Eric Fernsten,BOS,Boston Celtics,0028000540,1981-01-16,BOS vs. SAN,W,0,0,,,0.0,,,0,0,,,,,,,,,,0,,0
17684,21980,76771,Mike Gale,POR,Portland Trail Blazers,0028000539,1981-01-16,POR @ CHI,W,0,0,,,0.0,,,0,0,,,,,,,,,,0,,0
17685,21980,77078,Kim Hughes,CLE,Cleveland Cavaliers,0028000538,1981-01-16,CLE @ PHL,L,0,0,,,0.0,,,0,0,,,,,,,,,,0,,0
17686,21980,76336,Mack Calvin,CLE,Cleveland Cavaliers,0028000538,1981-01-16,CLE @ PHL,L,0,0,,,0.0,,,0,2,0.0,,,,,,,,,0,,0
17687,21980,600010,Len Elmore,MIL,Milwaukee Bucks,0028000537,1981-01-16,MIL vs. KCK,W,0,0,,,0.0,,,0,0,,,,,,,,,,0,,0
17688,21980,78449,Lloyd Walton,KCK,Kansas City Kings,0028000537,1981-01-16,KCK @ MIL,L,0,0,,,0.0,,,0,0,,,,,,,,,,0,,0
17689,21980,77438,Kyle Macy,PHX,Phoenix Suns,0028000536,1981-01-16,PHX vs. HOU,W,0,0,,,0.0,,,0,0,,,,,,,,,,0,,0
17690,21980,76616,Mike Dunleavy,HOU,Houston Rockets,0028000536,1981-01-16,HOU @ PHX,L,0,0,,,0.0,,,0,0,,,,,,,,,,0,,0
17691,21980,76534,Ron Davis,SDC,San Diego Clippers,0028000535,1981-01-16,SDC @ UTH,L,0,0,,,0.0,,,0,0,,,,,,,,,,0,,0
17692,21980,78015,Lorenzo Romar,GOS,Golden State Warriors,0028000533,1981-01-16,GOS vs. ATL,L,0,0,,,0.0,,,0,0,,,,,,,,,,0,,0
17693,21980,77917,Clifford Ray,GOS,Golden State Warriors,0028000533,1981-01-16,GOS vs. ATL,L,0,0,,,0.0,,,0,2,0.0,,,,,,,,,0,,0
17694,21980,76283,Rickey Brown,GOS,Golden State Warriors,0028000533,1981-01-16,GOS vs. ATL,L,0,0,,,0.0,,,0,0,,,,,,,,,,0,,0
17695,21980,77858,Stan Pietkiewicz,DAL,Dallas Mavericks,0028000532,1981-01-16,DAL vs. NYK,W,0,0,,,0.0,,,0,0,,,,,,,,,,0,,0
17696,21980,77184,Edgar Jones,NJN,New Jersey Nets,0028000531,1981-01-16,NJN vs. LAL,L,0,0,,,0.0,,,0,0,,,,,,,,,,0,,0
17697,21980,77040,Brad Holland,LAL,Los Angeles Lakers,0028000531,1981-01-16,LAL @ NJN,W,0,0,,,0.0,,,0,0,,,,,,,,,,0,,0
17698,21980,76567,Coby Dietrick,CHI,Chicago Bulls,0028000539,1981-01-16,CHI vs. POR,L,0,0,,,0.0,,,0,0,,,,,,,,,,0,,0
17699,21980,77504,Andre McCarter,WAS,Washington Bullets,0028000530,1981-01-15,WAS @ DET,W,0,0,,,0.0,,,0,0,,,,,,,,,,0,,0
17700,21980,76279,Lewis Brown,WAS,Washington Bullets,0028000530,1981-01-15,WAS @ DET,W,0,0,,,0.0,,,0,0,,,,,,,,,,0,,0
17701,21980,600010,Len Elmore,MIL,Milwaukee Bucks,0028000529,1981-01-15,MIL vs. PHL,W,0,0,,,0.0,,,0,0,,,,,,,,,,0,,0
17702,21980,76248,Jim Brewer,LAL,Los Angeles Lakers,0028000528,1981-01-14,LAL @ WAS,L,0,0,,,0.0,,,0,0,,,,,,,,,,0,,0
17703,21980,78449,Lloyd Walton,KCK,Kansas City Kings,0028000527,1981-01-14,KCK vs. POR,L,0,0,,,0.0,,,0,0,,,,,,,,,,0,,0
17704,21980,77786,Tom Owens,POR,Portland Trail Blazers,0028000527,1981-01-14,POR @ KCK,W,0,0,,,0.0,,,0,0,,,,,,,,,,0,,0
17705,21980,76954,Mike Harper,POR,Portland Trail Blazers,0028000527,1981-01-14,POR @ KCK,W,0,0,,,0.0,,,0,0,,,,,,,,,,0,,0
17706,21980,78015,Lorenzo Romar,GOS,Golden State Warriors,0028000524,1981-01-14,GOS vs. UTH,L,0,0,,,0.0,,,0,0,,,,,,,,,,0,,0
17707,21980,77937,Billy Reid,GOS,Golden State Warriors,0028000524,1981-01-14,GOS vs. UTH,L,0,0,,,0.0,,,0,2,0.0,,,,,,,,,0,,0
17708,21980,77917,Clifford Ray,GOS,Golden State Warriors,0028000524,1981-01-14,GOS vs. UTH,L,0,0,,,0.0,,,0,0,,,,,,,,,,0,,0
17709,21980,76257,Allan Bristow,UTH,Utah Jazz,0028000524,1981-01-14,UTH @ GOS,W,0,0,,,0.0,,,0,0,,,,,,,,,,0,,0
17710,21980,78516,Jerome Whitehead,SDC,San Diego Clippers,0028000523,1981-01-14,SDC vs. ATL,W,0,0,,,0.0,,,0,0,,,,,,,,,,0,,0
17711,21980,78132,Craig Shelton,ATL,Atlanta Hawks,0028000523,1981-01-14,ATL @ SDC,L,0,0,,,0.0,,,0,2,0.0,,,,,,,,,0,,0
17712,21980,76305,Tom Burleson,ATL,Atlanta Hawks,0028000523,1981-01-14,ATL @ SDC,L,0,0,,,0.0,,,0,0,,,,,,,,,,0,,0
17713,21980,76162,Henry Bibby,SDC,San Diego Clippers,0028000523,1981-01-14,SDC vs. ATL,W,0,0,,,0.0,,,0,3,0.0,,,,,,,,,0,,0
17714,21980,78481,Marvin Webster,NYK,New York Knicks,0028000522,1981-01-14,NYK @ SAN,L,0,0,,,0.0,,,0,0,,,,,,,,,,0,,0
17715,21980,77056,Cedrick Hordges,DEN,Denver Nuggets,0028000521,1981-01-14,DEN @ PHX,L,0,0,,,0.0,,,0,2,0.0,,,,,,,,,0,,0
17716,21980,78531,Bob Wilkerson,CHI,Chicago Bulls,0028000520,1981-01-14,CHI @ HOU,L,0,0,,,0.0,,,0,0,,,,,,,,,,0,,0
17717,21980,77490,Scott May,CHI,Chicago Bulls,0028000520,1981-01-14,CHI @ HOU,L,0,0,,,0.0,,,0,0,,,,,,,,,,0,,0
17718,21980,76786,Calvin Garrett,HOU,Houston Rockets,0028000520,1981-01-14,HOU vs. CHI,W,0,0,,,0.0,,,0,0,,,,,,,,,,0,,0
17719,21980,76567,Coby Dietrick,CHI,Chicago Bulls,0028000520,1981-01-14,CHI @ HOU,L,0,0,,,0.0,,,0,0,,,,,,,,,,0,,0
17720,21980,76583,James Donaldson,SEA,Seattle SuperSonics,0028000518,1981-01-13,SEA @ PHX,L,0,0,,,0.0,,,0,0,,,,,,,,,,0,,0
17721,21980,76822,Mike Glenn,NYK,New York Knicks,0028000515,1981-01-13,NYK vs. BOS,L,0,0,,,0.0,,,0,0,,,,,,,,,,0,,0
17722,21980,76360,Reggie Carter,NYK,New York Knicks,0028000515,1981-01-13,NYK vs. BOS,L,0,0,,,0.0,,,0,0,,,,,,,,,,0,,0
17723,21980,78132,Craig Shelton,ATL,Atlanta Hawks,0028000514,1981-01-13,ATL @ DEN,L,0,0,,,0.0,,,0,0,,,,,,,,,,0,,0
17724,21980,76471,Charlie Criss,ATL,Atlanta Hawks,0028000514,1981-01-13,ATL @ DEN,L,0,0,,,0.0,,,0,0,,,,,,,,,,0,,0
17725,21980,78618,Sam Worthen,CHI,Chicago Bulls,0028000513,1981-01-13,CHI @ DAL,L,0,0,,,0.0,,,0,2,0.0,,,,,,,,,0,,0
17726,21980,76567,Coby Dietrick,CHI,Chicago Bulls,0028000513,1981-01-13,CHI @ DAL,L,0,0,,,0.0,,,0,0,,,,,,,,,,0,,0
17727,21980,76225,Winford Boynes,DAL,Dallas Mavericks,0028000513,1981-01-13,DAL vs. CHI,W,0,0,,,0.0,,,0,0,,,,,,,,,,0,,0
17728,21980,77917,Clifford Ray,GOS,Golden State Warriors,0028000512,1981-01-11,GOS @ SEA,W,0,0,,,0.0,,,0,0,,,,,,,,,,0,,0
17729,21980,76583,James Donaldson,SEA,Seattle SuperSonics,0028000512,1981-01-11,SEA vs. GOS,L,0,0,,,0.0,,,0,0,,,,,,,,,,0,,0
17730,21980,77364,Ron Lee,DET,Detroit Pistons,0028000511,1981-01-11,DET @ LAL,L,0,0,,,0.0,,,0,0,,,,,,,,,,0,,0
17731,21980,77718,Mike Niles,PHX,Phoenix Suns,0028000509,1981-01-11,PHX @ MIL,L,0,0,,,0.0,,,0,0,,,,,,,,,,0,,0
17732,21980,78520,Sidney Wicks,SDC,San Diego Clippers,0028000508,1981-01-11,SDC @ KCK,W,0,0,,,0.0,,,0,0,,,,,,,,,,0,,0
17733,21980,77331,John Lambert,KCK,Kansas City Kings,0028000508,1981-01-11,KCK vs. SDC,L,0,0,,,0.0,,,0,0,,,,,,,,,,0,,0
17734,21980,76266,Michael Brooks,SDC,San Diego Clippers,0028000508,1981-01-11,SDC @ KCK,W,0,0,,,0.0,,,0,0,,,,,,,,,,0,,0
17735,21980,600010,Len Elmore,MIL,Milwaukee Bucks,0028000507,1981-01-10,MIL @ IND,L,0,0,,,0.0,,,0,0,,,,,,,,,,0,,0
17736,21980,76321,Marty Byrnes,DAL,Dallas Mavericks,0028000506,1981-01-10,DAL vs. WAS,L,0,0,,,0.0,,,0,0,,,,,,,,,,0,,0
17737,21980,76225,Winford Boynes,DAL,Dallas Mavericks,0028000506,1981-01-10,DAL vs. WAS,L,0,0,,,0.0,,,0,0,,,,,,,,,,0,,0
17738,21980,76608,Terry Duerod,BOS,Boston Celtics,0028000505,1981-01-10,BOS @ NJN,W,0,0,,,0.0,,,0,0,,,,,,,,,,0,,0
17739,21980,78519,Charles Whitney,KCK,Kansas City Kings,0028000504,1981-01-10,KCK @ UTH,W,0,0,,,0.0,,,0,0,,,,,,,,,,0,,0
17740,21980,78449,Lloyd Walton,KCK,Kansas City Kings,0028000504,1981-01-10,KCK @ UTH,W,0,0,,,0.0,,,0,0,,,,,,,,,,0,,0
17741,21980,77331,John Lambert,KCK,Kansas City Kings,0028000504,1981-01-10,KCK @ UTH,W,0,0,,,0.0,,,0,0,,,,,,,,,,0,,0
17742,21980,77917,Clifford Ray,GOS,Golden State Warriors,0028000502,1981-01-10,GOS vs. DET,W,0,0,,,0.0,,,0,0,,,,,,,,,,0,,0
17743,21980,77419,John Lucas,GOS,Golden State Warriors,0028000502,1981-01-10,GOS vs. DET,W,0,0,,,0.0,,,0,0,,,,,,,,,,0,,0
17744,21980,77364,Ron Lee,DET,Detroit Pistons,0028000502,1981-01-10,DET @ GOS,L,0,0,,,0.0,,,0,0,,,,,,,,,,0,,0
17745,21980,78481,Marvin Webster,NYK,New York Knicks,0028000501,1981-01-10,NYK @ CLE,W,0,0,,,0.0,,,0,0,,,,,,,,,,0,,0
17746,21980,76734,Don Ford,CLE,Cleveland Cavaliers,0028000501,1981-01-10,CLE vs. NYK,L,0,0,,,0.0,,,0,0,,,,,,,,,,0,,0
17747,21980,77998,Dave Robisch,DEN,Denver Nuggets,0028000500,1981-01-10,DEN @ SEA,L,0,0,,,0.0,,,0,0,,,,,,,,,,0,,0
17748,21980,76583,James Donaldson,SEA,Seattle SuperSonics,0028000500,1981-01-10,SEA vs. DEN,W,0,0,,,0.0,,,0,0,,,,,,,,,,0,,0
17749,21980,76078,Dennis Awtrey,SEA,Seattle SuperSonics,0028000500,1981-01-10,SEA vs. DEN,W,0,0,,,0.0,,,0,0,,,,,,,,,,0,,0
17750,21980,78396,Ron Valentine,DEN,Denver Nuggets,0028000498,1981-01-09,DEN @ SDC,W,0,0,,,0.0,,,0,0,,,,,,,,,,0,,0
17751,21980,77056,Cedrick Hordges,DEN,Denver Nuggets,0028000498,1981-01-09,DEN @ SDC,W,0,0,,,0.0,,,0,0,,,,,,,,,,0,,0
17752,21980,76355,Butch Carter,LAL,Los Angeles Lakers,0028000496,1981-01-09,LAL vs. SEA,W,0,0,,,0.0,,,0,0,,,,,,,,,,0,,0
17753,21980,76248,Jim Brewer,LAL,Los Angeles Lakers,0028000496,1981-01-09,LAL vs. SEA,W,0,0,,,0.0,,,0,2,0.0,,,,,,,,,0,,0
17754,21980,77353,Allen Leavell,HOU,Houston Rockets,0028000495,1981-01-09,HOU @ PHL,L,0,0,,,0.0,,,0,0,,,,,,,,,,0,,0
17755,21980,77162,Ollie Johnson,PHL,Philadelphia 76ers,0028000495,1981-01-09,PHL vs. HOU,W,0,0,,,0.0,,,0,0,,,,,,,,,,0,,0
17756,21980,940,Earl Cureton,PHL,Philadelphia 76ers,0028000495,1981-01-09,PHL vs. HOU,W,0,0,,,0.0,,,0,0,,,,,,,,,,0,,0
17757,21980,77490,Scott May,CHI,Chicago Bulls,0028000494,1981-01-09,CHI @ BOS,L,0,0,,,0.0,,,0,0,,,,,,,,,,0,,0
17758,21980,76656,Bob Elliott,NJN,New Jersey Nets,0028000493,1981-01-09,NJN vs. PHX,L,0,0,,,0.0,,,0,0,,,,,,,,,,0,,0
17759,21980,76954,Mike Harper,POR,Portland Trail Blazers,0028000492,1981-01-09,POR @ SAN,L,0,0,,,0.0,,,0,0,,,,,,,,,,0,,0
17760,21980,76771,Mike Gale,POR,Portland Trail Blazers,0028000492,1981-01-09,POR @ SAN,L,0,0,,,0.0,,,0,0,,,,,,,,,,0,,0
17761,21980,78449,Lloyd Walton,KCK,Kansas City Kings,0028000491,1981-01-08,KCK vs. WAS,W,0,0,,,0.0,,,0,0,,,,,,,,,,0,,0
17762,21980,77715,Carl Nicks,UTH,Utah Jazz,0028000490,1981-01-08,UTH vs. DAL,W,0,0,,,0.0,,,0,0,,,,,,,,,,0,,0
17763,21980,76257,Allan Bristow,UTH,Utah Jazz,0028000490,1981-01-08,UTH vs. DAL,W,0,0,,,0.0,,,0,0,,,,,,,,,,0,,0
17764,21980,600010,Len Elmore,MIL,Milwaukee Bucks,0028000489,1981-01-08,MIL vs. ATL,W,0,0,,,0.0,,,0,0,,,,,,,,,,0,,0
17765,21980,78132,Craig Shelton,ATL,Atlanta Hawks,0028000489,1981-01-08,ATL @ MIL,L,0,0,,,0.0,,,0,0,,,,,,,,,,0,,0
17766,21980,76471,Charlie Criss,ATL,Atlanta Hawks,0028000489,1981-01-08,ATL @ MIL,L,0,0,,,0.0,,,0,0,,,,,,,,,,0,,0
17767,21980,78519,Charles Whitney,KCK,Kansas City Kings,0028000487,1981-01-07,KCK @ HOU,W,0,0,,,0.0,,,0,0,,,,,,,,,,0,,0
17768,21980,76583,James Donaldson,SEA,Seattle SuperSonics,0028000486,1981-01-07,SEA vs. DET,W,0,0,,,0.0,,,0,0,,,,,,,,,,0,,0
17769,21980,76078,Dennis Awtrey,SEA,Seattle SuperSonics,0028000486,1981-01-07,SEA vs. DET,W,0,0,,,0.0,,,0,0,,,,,,,,,,0,,0
17770,21980,78146,Jerry Sichting,IND,Indiana Pacers,0028000484,1981-01-07,IND vs. NJN,W,0,0,,,0.0,,,0,0,,,,,,,,,,0,,0
17771,21980,77184,Edgar Jones,NJN,New Jersey Nets,0028000484,1981-01-07,NJN @ IND,L,0,0,,,0.0,,,0,0,,,,,,,,,,0,,0
17772,21980,77163,Reggie Johnson,SAN,San Antonio Spurs,0028000483,1981-01-07,SAN @ PHL,L,0,0,,,0.0,,,0,2,0.0,,,,,,,,,0,,0
17773,21980,77149,George Johnson,SAN,San Antonio Spurs,0028000483,1981-01-07,SAN @ PHL,L,0,0,,,0.0,,,0,0,,,,,,,,,,0,,0
17774,21980,76618,T.R. Dunn,DEN,Denver Nuggets,0028000482,1981-01-07,DEN vs. UTH,L,0,0,,,0.0,,,0,0,,,,,,,,,,0,,0
17775,21980,77917,Clifford Ray,GOS,Golden State Warriors,0028000481,1981-01-07,GOS vs. DAL,L,0,0,,,0.0,,,0,0,,,,,,,,,,0,,0
17776,21980,77334,Mark Landsberger,LAL,Los Angeles Lakers,0028000480,1981-01-06,LAL vs. WAS,W,0,0,,,0.0,,,0,0,,,,,,,,,,0,,0
17777,21980,77623,Paul Mokeski,DET,Detroit Pistons,0028000479,1981-01-06,DET @ POR,L,0,0,,,0.0,,,0,0,,,,,,,,,,0,,0
17778,21980,76599,Larry Drew,DET,Detroit Pistons,0028000479,1981-01-06,DET @ POR,L,0,0,,,0.0,,,0,0,,,,,,,,,,0,,0
17779,21980,600010,Len Elmore,MIL,Milwaukee Bucks,0028000478,1981-01-06,MIL vs. NJN,W,0,0,,,0.0,,,0,0,,,,,,,,,,0,,0
17780,21980,78600,Brian Winters,MIL,Milwaukee Bucks,0028000478,1981-01-06,MIL vs. NJN,W,0,0,,,0.0,,,0,0,,,,,,,,,,0,,0
17781,21980,77420,Maurice Lucas,NJN,New Jersey Nets,0028000478,1981-01-06,NJN @ MIL,L,0,0,,,0.0,,,0,0,,,,,,,,,,0,,0
17782,21980,78614,Mike Woodson,NYK,New York Knicks,0028000477,1981-01-06,NYK vs. SAN,L,0,0,,,0.0,,,0,0,,,,,,,,,,0,,0
17783,21980,76360,Reggie Carter,NYK,New York Knicks,0028000477,1981-01-06,NYK vs. SAN,L,0,0,,,0.0,,,0,0,,,,,,,,,,0,,0
17784,21980,78132,Craig Shelton,ATL,Atlanta Hawks,0028000476,1981-01-06,ATL vs. PHX,L,0,0,,,0.0,,,0,0,,,,,,,,,,0,,0
17785,21980,77528,Jim McElroy,ATL,Atlanta Hawks,0028000476,1981-01-06,ATL vs. PHX,L,0,0,,,0.0,,,0,0,,,,,,,,,,0,,0
17786,21980,78618,Sam Worthen,CHI,Chicago Bulls,0028000475,1981-01-06,CHI vs. SDC,W,0,0,,,0.0,,,0,0,,,,,,,,,,0,,0
17787,21980,76771,Mike Gale,POR,Portland Trail Blazers,0028000473,1981-01-04,POR vs. BOS,L,0,0,,,0.0,,,0,0,,,,,,,,,,0,,0
17788,21980,78146,Jerry Sichting,IND,Indiana Pacers,0028000471,1981-01-04,IND @ NJN,W,0,0,,,0.0,,,0,0,,,,,,,,,,0,,0
17789,21980,76005,Tom Abernethy,IND,Indiana Pacers,0028000471,1981-01-04,IND @ NJN,W,0,0,,,0.0,,,0,0,,,,,,,,,,0,,0
17790,21980,77056,Cedrick Hordges,DEN,Denver Nuggets,0028000470,1981-01-03,DEN @ HOU,W,0,0,,,0.0,,,0,0,,,,,,,,,,0,,0
17791,21980,76618,T.R. Dunn,DEN,Denver Nuggets,0028000470,1981-01-03,DEN @ HOU,W,0,0,,,0.0,,,0,0,,,,,,,,,,0,,0
17792,21980,76771,Mike Gale,POR,Portland Trail Blazers,0028000469,1981-01-03,POR @ UTH,L,0,0,,,0.0,,,0,0,,,,,,,,,,0,,0
17793,21980,77162,Ollie Johnson,PHL,Philadelphia 76ers,0028000468,1981-01-03,PHL @ GOS,W,0,0,,,0.0,,,0,0,,,,,,,,,,0,,0
17794,21980,940,Earl Cureton,PHL,Philadelphia 76ers,0028000468,1981-01-03,PHL @ GOS,W,0,0,,,0.0,,,0,0,,,,,,,,,,0,,0
17795,21980,77910,Wally Rank,SDC,San Diego Clippers,0028000467,1981-01-03,SDC @ IND,L,0,0,,,0.0,,,0,0,,,,,,,,,,0,,0
17796,21980,77262,Chad Kinch,CLE,Cleveland Cavaliers,0028000466,1981-01-03,CLE vs. WAS,W,0,0,,,0.0,,,0,0,,,,,,,,,,0,,0
17797,21980,77078,Kim Hughes,CLE,Cleveland Cavaliers,0028000466,1981-01-03,CLE vs. WAS,W,0,0,,,0.0,,,0,0,,,,,,,,,,0,,0
17798,21980,78014,Tree Rollins,ATL,Atlanta Hawks,0028000464,1981-01-03,ATL @ NYK,L,0,0,,,0.0,,,0,0,,,,,,,,,,0,,0
17799,21980,77917,Clifford Ray,GOS,Golden State Warriors,0028000463,1981-01-02,GOS vs. BOS,W,0,0,,,0.0,,,0,0,,,,,,,,,,0,,0
17800,21980,77312,Wayne Kreklow,BOS,Boston Celtics,0028000463,1981-01-02,BOS @ GOS,L,0,0,,,0.0,,,0,0,,,,,,,,,,0,,0
17801,21980,76707,Eric Fernsten,BOS,Boston Celtics,0028000463,1981-01-02,BOS @ GOS,L,0,0,,,0.0,,,0,0,,,,,,,,,,0,,0
17802,21980,1449,Larry Bird,BOS,Boston Celtics,0028000463,1981-01-02,BOS @ GOS,L,0,0,,,0.0,,,0,0,,,,,,,,,,0,,0
17803,21980,77182,Dwight Jones,CHI,Chicago Bulls,0028000462,1981-01-02,CHI @ WAS,W,0,0,,,0.0,,,0,0,,,,,,,,,,0,,0
17804,21980,78481,Marvin Webster,NYK,New York Knicks,0028000461,1981-01-02,NYK @ DET,L,0,0,,,0.0,,,0,0,,,,,,,,,,0,,0
17805,21980,78068,Dewayne Scales,NYK,New York Knicks,0028000461,1981-01-02,NYK @ DET,L,0,0,,,0.0,,,0,0,,,,,,,,,,0,,0
17806,21980,600009,Rory Sparrow,NJN,New Jersey Nets,0028000460,1981-01-02,NJN vs. CLE,L,0,0,,,0.0,,,0,0,,,,,,,,,,0,,0
17807,21980,77078,Kim Hughes,CLE,Cleveland Cavaliers,0028000460,1981-01-02,CLE @ NJN,W,0,0,,,0.0,,,0,0,,,,,,,,,,0,,0
17808,21980,76826,Mike Gminski,NJN,New Jersey Nets,0028000460,1981-01-02,NJN vs. CLE,L,0,0,,,0.0,,,0,0,,,,,,,,,,0,,0
17809,21980,76734,Don Ford,CLE,Cleveland Cavaliers,0028000460,1981-01-02,CLE @ NJN,W,0,0,,,0.0,,,0,0,,,,,,,,,,0,,0
17810,21980,76336,Mack Calvin,CLE,Cleveland Cavaliers,0028000460,1981-01-02,CLE @ NJN,W,0,0,,,0.0,,,0,0,,,,,,,,,,0,,0
17811,21980,77829,Sam Pellom,ATL,Atlanta Hawks,0028000459,1981-01-02,ATL vs. IND,L,0,0,,,0.0,,,0,0,,,,,,,,,,0,,0
17812,21980,77553,Tom McMillen,ATL,Atlanta Hawks,0028000459,1981-01-02,ATL vs. IND,L,0,0,,,0.0,,,0,0,,,,,,,,,,0,,0
17813,21980,77528,Jim McElroy,ATL,Atlanta Hawks,0028000459,1981-01-02,ATL vs. IND,L,0,0,,,0.0,,,0,0,,,,,,,,,,0,,0
17814,21980,76418,Don Collins,ATL,Atlanta Hawks,0028000459,1981-01-02,ATL vs. IND,L,0,0,,,0.0,,,0,0,,,,,,,,,,0,,0
17815,21980,76830,Glen Gondrezick,DEN,Denver Nuggets,0028000458,1981-01-02,DEN vs. PHX,L,0,0,,,0.0,,,0,0,,,,,,,,,,0,,0
17816,21980,76618,T.R. Dunn,DEN,Denver Nuggets,0028000458,1981-01-02,DEN vs. PHX,L,0,0,,,0.0,,,0,3,0.0,,,,,,,,,0,,0
17817,21980,940,Earl Cureton,PHL,Philadelphia 76ers,0028000457,1981-01-02,PHL @ SEA,W,0,0,,,0.0,,,0,0,,,,,,,,,,0,,0
17818,21980,78577,Bill Willoughby,HOU,Houston Rockets,0028000456,1981-01-02,HOU @ DAL,W,0,0,,,0.0,,,0,0,,,,,,,,,,0,,0
17819,21980,77715,Carl Nicks,UTH,Utah Jazz,0028000453,1981-01-01,UTH @ HOU,L,0,0,,,0.0,,,0,0,,,,,,,,,,0,,0
17820,21980,77215,Jeff Judkins,UTH,Utah Jazz,0028000453,1981-01-01,UTH @ HOU,L,0,0,,,0.0,,,0,0,,,,,,,,,,0,,0
17821,21980,76616,Mike Dunleavy,HOU,Houston Rockets,0028000453,1981-01-01,HOU vs. UTH,W,0,0,,,0.0,,,0,0,,,,,,,,,,0,,0
17822,21980,76707,Eric Fernsten,BOS,Boston Celtics,0028000452,1981-01-01,BOS @ SDC,W,0,0,,,0.0,,,0,0,,,,,,,,,,0,,0
17823,21980,76954,Mike Harper,POR,Portland Trail Blazers,0028000451,1981-01-01,POR vs. DEN,W,0,0,,,0.0,,,0,0,,,,,,,,,,0,,0
17824,21980,76771,Mike Gale,POR,Portland Trail Blazers,0028000451,1981-01-01,POR vs. DEN,W,0,0,,,0.0,,,0,0,,,,,,,,,,0,,0
17825,21980,76830,Glen Gondrezick,DEN,Denver Nuggets,0028000450,1980-12-30,DEN vs. IND,W,0,0,,,0.0,,,0,2,0.0,,,,,,,,,0,,0
17826,21980,76005,Tom Abernethy,IND,Indiana Pacers,0028000450,1980-12-30,IND @ DEN,L,0,0,,,0.0,,,0,0,,,,,,,,,,0,,0
17827,21980,77364,Ron Lee,DET,Detroit Pistons,0028000448,1980-12-30,DET @ ATL,L,0,0,,,0.0,,,0,0,,,,,,,,,,0,,0
17828,21980,77144,Eddie Johnson,ATL,Atlanta Hawks,0028000448,1980-12-30,ATL vs. DET,W,0,0,,,0.0,,,0,1,0.0,,,,,,,,,0,,0
17829,21980,76174,Norman Black,DET,Detroit Pistons,0028000448,1980-12-30,DET @ ATL,L,0,0,,,0.0,,,0,0,,,,,,,,,,0,,0
17830,21980,77937,Billy Reid,GOS,Golden State Warriors,0028000447,1980-12-30,GOS @ KCK,W,0,0,,,0.0,,,0,0,,,,,,,,,,0,,0
17831,21980,77917,Clifford Ray,GOS,Golden State Warriors,0028000447,1980-12-30,GOS @ KCK,W,0,0,,,0.0,,,0,2,0.0,,,,,,,,,0,,0
17832,21980,77331,John Lambert,KCK,Kansas City Kings,0028000447,1980-12-30,KCK vs. GOS,L,0,0,,,0.0,,,0,0,,,,,,,,,,0,,0
17833,21980,77182,Dwight Jones,CHI,Chicago Bulls,0028000444,1980-12-30,CHI vs. NJN,W,0,0,,,0.0,,,0,0,,,,,,,,,,0,,0
17834,21980,77817,Billy Paultz,HOU,Houston Rockets,0028000443,1980-12-30,HOU vs. SDC,W,0,0,,,0.0,,,0,0,,,,,,,,,,0,,0
17835,21980,76534,Ron Davis,SDC,San Diego Clippers,0028000443,1980-12-30,SDC @ HOU,L,0,0,,,0.0,,,0,0,,,,,,,,,,0,,0
17836,21980,76162,Henry Bibby,SDC,San Diego Clippers,0028000443,1980-12-30,SDC @ HOU,L,0,0,,,0.0,,,0,0,,,,,,,,,,0,,0
17837,21980,77718,Mike Niles,PHX,Phoenix Suns,0028000442,1980-12-30,PHX vs. BOS,L,0,0,,,0.0,,,0,0,,,,,,,,,,0,,0
17838,21980,77312,Wayne Kreklow,BOS,Boston Celtics,0028000442,1980-12-30,BOS @ PHX,W,0,0,,,0.0,,,0,0,,,,,,,,,,0,,0
17839,21980,77308,Joel Kramer,PHX,Phoenix Suns,0028000442,1980-12-30,PHX vs. BOS,L,0,0,,,0.0,,,0,0,,,,,,,,,,0,,0
17840,21980,76707,Eric Fernsten,BOS,Boston Celtics,0028000442,1980-12-30,BOS @ PHX,W,0,0,,,0.0,,,0,0,,,,,,,,,,0,,0
17841,21980,76608,Terry Duerod,BOS,Boston Celtics,0028000442,1980-12-30,BOS @ PHX,W,0,0,,,0.0,,,0,0,,,,,,,,,,0,,0
17842,21980,77504,Andre McCarter,WAS,Washington Bullets,0028000441,1980-12-30,WAS vs. MIL,L,0,0,,,0.0,,,0,0,,,,,,,,,,0,,0
17843,21980,76686,Mike Evans,MIL,Milwaukee Bucks,0028000441,1980-12-30,MIL @ WAS,W,0,0,,,0.0,,,0,0,,,,,,,,,,0,,0
17844,21980,77126,Abdul Jeelani,DAL,Dallas Mavericks,0028000440,1980-12-30,DAL @ NYK,L,0,0,,,0.0,,,0,0,,,,,,,,,,0,,0
17845,21980,76321,Marty Byrnes,DAL,Dallas Mavericks,0028000440,1980-12-30,DAL @ NYK,L,0,0,,,0.0,,,0,0,,,,,,,,,,0,,0
17846,21980,77078,Kim Hughes,CLE,Cleveland Cavaliers,0028000439,1980-12-29,CLE vs. DAL,W,0,0,,,0.0,,,0,0,,,,,,,,,,0,,0
17847,21980,78449,Lloyd Walton,KCK,Kansas City Kings,0028000437,1980-12-28,KCK @ NJN,W,0,0,,,0.0,,,0,0,,,,,,,,,,0,,0
17848,21980,77331,John Lambert,KCK,Kansas City Kings,0028000437,1980-12-28,KCK @ NJN,W,0,0,,,0.0,,,0,0,,,,,,,,,,0,,0
17849,21980,77910,Wally Rank,SDC,San Diego Clippers,0028000603,1980-12-27,SDC vs. IND,W,0,0,,,0.0,,,0,0,,,,,,,,,,0,,0
17850,21980,76005,Tom Abernethy,IND,Indiana Pacers,0028000603,1980-12-27,IND @ SDC,L,0,0,,,0.0,,,0,0,,,,,,,,,,0,,0
17851,21980,78577,Bill Willoughby,HOU,Houston Rockets,0028000436,1980-12-27,HOU @ WAS,L,0,0,,,0.0,,,0,0,,,,,,,,,,0,,0
17852,21980,77975,Anthony Roberts,WAS,Washington Bullets,0028000436,1980-12-27,WAS vs. HOU,W,0,0,,,0.0,,,0,0,,,,,,,,,,0,,0
17853,21980,78449,Lloyd Walton,KCK,Kansas City Kings,0028000435,1980-12-27,KCK @ NYK,L,0,0,,,0.0,,,0,0,,,,,,,,,,0,,0
17854,21980,78068,Dewayne Scales,NYK,New York Knicks,0028000435,1980-12-27,NYK vs. KCK,W,0,0,,,0.0,,,0,0,,,,,,,,,,0,,0
17855,21980,77582,Joe Meriweather,KCK,Kansas City Kings,0028000435,1980-12-27,KCK @ NYK,L,0,0,,,0.0,,,0,0,,,,,,,,,,0,,0
17856,21980,77331,John Lambert,KCK,Kansas City Kings,0028000435,1980-12-27,KCK @ NYK,L,0,0,,,0.0,,,0,0,,,,,,,,,,0,,0
17857,21980,77998,Dave Robisch,DEN,Denver Nuggets,0028000434,1980-12-27,DEN vs. PHL,W,0,0,,,0.0,,,0,0,,,,,,,,,,0,,0
17858,21980,76618,T.R. Dunn,DEN,Denver Nuggets,0028000434,1980-12-27,DEN vs. PHL,W,0,0,,,0.0,,,0,0,,,,,,,,,,0,,0
17859,21980,77432,Ollie Mack,DAL,Dallas Mavericks,0028000433,1980-12-27,DAL @ MIL,L,0,0,,,0.0,,,0,2,0.0,,,,,,,,,0,,0
17860,21980,77308,Joel Kramer,PHX,Phoenix Suns,0028000432,1980-12-27,PHX vs. LAL,W,0,0,,,0.0,,,0,0,,,,,,,,,,0,,0
17861,21980,76248,Jim Brewer,LAL,Los Angeles Lakers,0028000432,1980-12-27,LAL @ PHX,L,0,0,,,0.0,,,0,0,,,,,,,,,,0,,0
17862,21980,76993,Gerald Henderson,BOS,Boston Celtics,0028000431,1980-12-27,BOS @ ATL,W,0,0,,,0.0,,,0,0,,,,,,,,,,0,,0
17863,21980,77937,Billy Reid,GOS,Golden State Warriors,0028000430,1980-12-27,GOS vs. SEA,W,0,0,,,0.0,,,0,0,,,,,,,,,,0,,0
17864,21980,77364,Ron Lee,DET,Detroit Pistons,0028000429,1980-12-27,DET @ CHI,L,0,0,,,0.0,,,0,0,,,,,,,,,,0,,0
17865,21980,76567,Coby Dietrick,CHI,Chicago Bulls,0028000429,1980-12-27,CHI vs. DET,W,0,0,,,0.0,,,0,0,,,,,,,,,,0,,0
17866,21980,77873,Ben Poquette,UTH,Utah Jazz,0028000428,1980-12-27,UTH @ SAN,L,0,0,,,0.0,,,0,0,,,,,,,,,6.0,0,,0
17867,21980,78132,Craig Shelton,ATL,Atlanta Hawks,0028000427,1980-12-26,ATL @ NJN,W,0,0,,,0.0,,,0,0,,,,,,,,,,0,,0
17868,21980,78442,Wally Walker,SEA,Seattle SuperSonics,0028000426,1980-12-26,SEA vs. POR,L,0,0,,,0.0,,,0,0,,,,,,,,,,0,,0
17869,21980,76954,Mike Harper,POR,Portland Trail Blazers,0028000426,1980-12-26,POR @ SEA,W,0,0,,,0.0,,,0,0,,,,,,,,,,0,,0
17870,21980,76944,Bill Hanzlik,SEA,Seattle SuperSonics,0028000426,1980-12-26,SEA vs. POR,L,0,0,,,0.0,,,0,0,,,,,,,,,,0,,0
17871,21980,78015,Lorenzo Romar,GOS,Golden State Warriors,0028000425,1980-12-26,GOS @ UTH,W,0,0,,,0.0,,,0,0,,,,,,,,,,0,,0
17872,21980,77800,Sonny Parker,GOS,Golden State Warriors,0028000425,1980-12-26,GOS @ UTH,W,0,0,,,0.0,,,0,0,,,,,,,,,,0,,0
17873,21980,76283,Rickey Brown,GOS,Golden State Warriors,0028000425,1980-12-26,GOS @ UTH,W,0,0,,,0.0,,,0,0,,,,,,,,,,0,,0
17874,21980,77331,John Lambert,KCK,Kansas City Kings,0028000424,1980-12-26,KCK vs. PHL,L,0,0,,,0.0,,,0,0,,,,,,,,,,0,,0
17875,21980,77162,Ollie Johnson,PHL,Philadelphia 76ers,0028000424,1980-12-26,PHL @ KCK,W,0,0,,,0.0,,,0,0,,,,,,,,,,0,,0
17876,21980,940,Earl Cureton,PHL,Philadelphia 76ers,0028000424,1980-12-26,PHL @ KCK,W,0,0,,,0.0,,,0,0,,,,,,,,,,0,,0
17877,21980,77182,Dwight Jones,CHI,Chicago Bulls,0028000423,1980-12-26,CHI @ CLE,W,0,0,,,0.0,,,0,0,,,,,,,,,,0,,0
17878,21980,77078,Kim Hughes,CLE,Cleveland Cavaliers,0028000423,1980-12-26,CLE vs. CHI,L,0,0,,,0.0,,,0,0,,,,,,,,,,0,,0
17879,21980,76734,Don Ford,CLE,Cleveland Cavaliers,0028000423,1980-12-26,CLE vs. CHI,L,0,0,,,0.0,,,0,0,,,,,,,,,,0,,0
17880,21980,76336,Mack Calvin,CLE,Cleveland Cavaliers,0028000423,1980-12-26,CLE vs. CHI,L,0,0,,,0.0,,,0,0,,,,,,,,,,0,,0
17881,21980,78577,Bill Willoughby,HOU,Houston Rockets,0028000422,1980-12-26,HOU @ DET,W,0,0,,,0.0,,,0,0,,,,,,,,,,0,,0
17882,21980,78396,Ron Valentine,DEN,Denver Nuggets,0028000421,1980-12-26,DEN @ DAL,L,0,0,,,0.0,,,0,0,,,,,,,,,,0,,0
17883,21980,76618,T.R. Dunn,DEN,Denver Nuggets,0028000421,1980-12-26,DEN @ DAL,L,0,0,,,0.0,,,0,0,,,,,,,,,,0,,0
17884,21980,78068,Dewayne Scales,NYK,New York Knicks,0028000419,1980-12-25,NYK vs. BOS,L,0,0,,,0.0,,,0,0,,,,,,,,,,0,,0
17885,21980,76553,Larry Demic,NYK,New York Knicks,0028000419,1980-12-25,NYK vs. BOS,L,0,0,,,0.0,,,0,0,,,,,,,,,,0,,0
17886,21980,78015,Lorenzo Romar,GOS,Golden State Warriors,0028000417,1980-12-25,GOS @ POR,L,0,0,,,0.0,,,0,0,,,,,,,,,,0,,0
17887,21980,77917,Clifford Ray,GOS,Golden State Warriors,0028000417,1980-12-25,GOS @ POR,L,0,0,,,0.0,,,0,0,,,,,,,,,,0,,0
17888,21980,78467,Kermit Washington,POR,Portland Trail Blazers,0028000415,1980-12-23,POR vs. LAL,W,0,0,,,0.0,,,0,0,,,,,,,,,,0,,0
17889,21980,76734,Don Ford,CLE,Cleveland Cavaliers,0028000414,1980-12-23,CLE vs. KCK,L,0,0,,,0.0,,,0,0,,,,,,,,,,0,,0
17890,21980,78015,Lorenzo Romar,GOS,Golden State Warriors,0028000413,1980-12-23,GOS @ HOU,W,0,0,,,0.0,,,0,0,,,,,,,,,,0,,0
17891,21980,77917,Clifford Ray,GOS,Golden State Warriors,0028000413,1980-12-23,GOS @ HOU,W,0,0,,,0.0,,,0,0,,,,,,,,,,0,,0
17892,21980,76996,Tom Henderson,HOU,Houston Rockets,0028000413,1980-12-23,HOU vs. GOS,L,0,0,,,0.0,,,0,0,,,,,,,,,,0,,0
17893,21980,76707,Eric Fernsten,BOS,Boston Celtics,0028000412,1980-12-23,BOS vs. DEN,W,0,0,,,0.0,,,0,0,,,,,,,,,,0,,0
17894,21980,600009,Rory Sparrow,NJN,New Jersey Nets,0028000411,1980-12-23,NJN @ IND,L,0,0,,,0.0,,,0,0,,,,,,,,,,0,,0
17895,21980,78146,Jerry Sichting,IND,Indiana Pacers,0028000411,1980-12-23,IND vs. NJN,W,0,0,,,0.0,,,0,0,,,,,,,,,,0,,0
17896,21980,78132,Craig Shelton,ATL,Atlanta Hawks,0028000410,1980-12-23,ATL vs. WAS,W,0,0,,,0.0,,,0,0,,,,,,,,,,0,,0
17897,21980,77829,Sam Pellom,ATL,Atlanta Hawks,0028000410,1980-12-23,ATL vs. WAS,W,0,0,,,0.0,,,0,0,,,,,,,,,,0,,0
17898,21980,77528,Jim McElroy,ATL,Atlanta Hawks,0028000410,1980-12-23,ATL vs. WAS,W,0,0,,,0.0,,,0,0,,,,,,,,,,0,,0
17899,21980,76348,Austin Carr,WAS,Washington Bullets,0028000410,1980-12-23,WAS @ ATL,L,0,0,,,0.0,,,0,0,,,,,,,,,,0,,0
17900,21980,78614,Mike Woodson,NYK,New York Knicks,0028000408,1980-12-23,NYK @ CHI,L,0,0,,,0.0,,,0,0,,,,,,,,,,0,,0
17901,21980,77215,Jeff Judkins,UTH,Utah Jazz,0028000407,1980-12-23,UTH @ DAL,W,0,0,,,0.0,,,0,0,,,,,,,,,,0,,0
17902,21980,76583,James Donaldson,SEA,Seattle SuperSonics,0028000406,1980-12-22,SEA vs. PHX,L,0,0,,,0.0,,,0,0,,,,,,,,,,0,,0
17903,21980,77308,Joel Kramer,PHX,Phoenix Suns,0028000405,1980-12-21,PHX @ POR,W,0,0,,,0.0,,,0,0,,,,,,,,,,0,,0
17904,21980,77353,Allen Leavell,HOU,Houston Rockets,0028000403,1980-12-21,HOU @ MIL,L,0,0,,,0.0,,,0,0,,,,,,,,,,0,,0
17905,21980,77944,Kevin Restani,SAN,San Antonio Spurs,0028000402,1980-12-21,SAN @ LAL,L,0,0,,,0.0,,,0,0,,,,,,,,,,0,,0
17906,21980,77528,Jim McElroy,ATL,Atlanta Hawks,0028000401,1980-12-20,ATL @ POR,L,0,0,,,0.0,,,0,0,,,,,,,,,,0,,0
17907,21980,77323,Kevin Kunnert,POR,Portland Trail Blazers,0028000401,1980-12-20,POR vs. ATL,W,0,0,,,0.0,,,0,0,,,,,,,,,6.0,0,,0
17908,21980,77078,Kim Hughes,CLE,Cleveland Cavaliers,0028000400,1980-12-20,CLE vs. BOS,L,0,0,,,0.0,,,0,0,,,,,,,,,,0,,0
17909,21980,76734,Don Ford,CLE,Cleveland Cavaliers,0028000400,1980-12-20,CLE vs. BOS,L,0,0,,,0.0,,,0,0,,,,,,,,,,0,,0
17910,21980,78537,Jeff Wilkins,UTH,Utah Jazz,0028000399,1980-12-20,UTH vs. SDC,L,0,0,,,0.0,,,0,0,,,,,,,,,,0,,0
17911,21980,77215,Jeff Judkins,UTH,Utah Jazz,0028000399,1980-12-20,UTH vs. SDC,L,0,0,,,0.0,,,0,0,,,,,,,,,,0,,0
17912,21980,76162,Henry Bibby,SDC,San Diego Clippers,0028000399,1980-12-20,SDC @ UTH,W,0,0,,,0.0,,,0,0,,,,,,,,,,0,,0
17913,21980,78068,Dewayne Scales,NYK,New York Knicks,0028000398,1980-12-20,NYK vs. DEN,W,0,0,,,0.0,,,0,0,,,,,,,,,,0,,0
17914,21980,78015,Lorenzo Romar,GOS,Golden State Warriors,0028000396,1980-12-20,GOS @ DAL,W,0,0,,,0.0,,,0,0,,,,,,,,,,0,,0
17915,21980,77917,Clifford Ray,GOS,Golden State Warriors,0028000396,1980-12-20,GOS @ DAL,W,0,0,,,0.0,,,0,0,,,,,,,,,,0,,0
17916,21980,76707,Eric Fernsten,BOS,Boston Celtics,0028000394,1980-12-19,BOS vs. HOU,W,0,0,,,0.0,,,0,0,,,,,,,,,,0,,0
17917,21980,76365,Harvey Catchings,MIL,Milwaukee Bucks,0028000393,1980-12-19,MIL @ CHI,L,0,0,,,0.0,,,0,0,,,,,,,,,,0,,0
17918,21980,78400,Jan Van Breda Kolff,NJN,New Jersey Nets,0028000392,1980-12-19,NJN @ PHL,L,0,0,,,0.0,,,0,0,,,,,,,,,,0,,0
17919,21980,77829,Sam Pellom,ATL,Atlanta Hawks,0028000391,1980-12-19,ATL @ SEA,L,0,0,,,0.0,,,0,0,,,,,,,,,,0,,0
17920,21980,76317,Don Buse,IND,Indiana Pacers,0028000390,1980-12-19,IND @ DET,L,0,0,,,0.0,,,0,0,,,,,,,,,,0,,0
17921,21980,1381,John Long,DET,Detroit Pistons,0028000390,1980-12-19,DET vs. IND,W,0,0,,,0.0,,,0,0,,,,,,,,,,0,,0
17922,21980,78527,Michael Wiley,SAN,San Antonio Spurs,0028000389,1980-12-19,SAN vs. GOS,W,0,0,,,0.0,,,0,0,,,,,,,,,,0,,0
17923,21980,78015,Lorenzo Romar,GOS,Golden State Warriors,0028000389,1980-12-19,GOS @ SAN,L,0,0,,,0.0,,,0,0,,,,,,,,,,0,,0
17924,21980,77334,Mark Landsberger,LAL,Los Angeles Lakers,0028000387,1980-12-19,LAL vs. POR,L,0,0,,,0.0,,,0,0,,,,,,,,,,0,,0
17925,21980,77205,Eddie Jordan,LAL,Los Angeles Lakers,0028000387,1980-12-19,LAL vs. POR,L,0,0,,,0.0,,,0,0,,,,,,,,,,0,,0
17926,21980,76204,Ron Boone,UTH,Utah Jazz,0028000386,1980-12-19,UTH @ PHX,L,0,0,,,0.0,,,0,0,,,,,,,,,,0,,0
17927,21980,76290,Joe Bryant,SDC,San Diego Clippers,0028000385,1980-12-18,SDC vs. DAL,W,0,0,,,0.0,,,0,0,,,,,,,,,,0,,0
17928,21980,77078,Kim Hughes,CLE,Cleveland Cavaliers,0028000383,1980-12-18,CLE vs. DEN,W,0,0,,,0.0,,,0,0,,,,,,,,,,0,,0
17929,21980,76734,Don Ford,CLE,Cleveland Cavaliers,0028000383,1980-12-18,CLE vs. DEN,W,0,0,,,0.0,,,0,0,,,,,,,,,,0,,0
17930,21980,78537,Jeff Wilkins,UTH,Utah Jazz,0028000382,1980-12-18,UTH vs. ATL,L,0,0,,,0.0,,,0,0,,,,,,,,,,0,,0
17931,21980,77528,Jim McElroy,ATL,Atlanta Hawks,0028000382,1980-12-18,ATL @ UTH,W,0,0,,,0.0,,,0,0,,,,,,,,,,0,,0
17932,21980,77215,Jeff Judkins,UTH,Utah Jazz,0028000382,1980-12-18,UTH vs. ATL,L,0,0,,,0.0,,,0,0,,,,,,,,,,0,,0
17933,21980,78519,Charles Whitney,KCK,Kansas City Kings,0028000381,1980-12-17,KCK @ SEA,L,0,0,,,0.0,,,0,0,,,,,,,,,,0,,0
17934,21980,78618,Sam Worthen,CHI,Chicago Bulls,0028000380,1980-12-17,CHI @ BOS,L,0,0,,,0.0,,,0,0,,,,,,,,,,0,,0
17935,21980,77312,Wayne Kreklow,BOS,Boston Celtics,0028000380,1980-12-17,BOS vs. CHI,W,0,0,,,0.0,,,0,0,,,,,,,,,,0,,0
17936,21980,76881,David Greenwood,CHI,Chicago Bulls,0028000380,1980-12-17,CHI @ BOS,L,0,0,,,0.0,,,0,0,,,,,,,,,,0,,0
17937,21980,77262,Chad Kinch,CLE,Cleveland Cavaliers,0028000378,1980-12-17,CLE @ PHL,L,0,0,,,0.0,,,0,0,,,,,,,,,,0,,0
17938,21980,77078,Kim Hughes,CLE,Cleveland Cavaliers,0028000378,1980-12-17,CLE @ PHL,L,0,0,,,0.0,,,0,0,,,,,,,,,,0,,0
17939,21980,76734,Don Ford,CLE,Cleveland Cavaliers,0028000378,1980-12-17,CLE @ PHL,L,0,0,,,0.0,,,0,0,,,,,,,,,,0,,0
17940,21980,78600,Brian Winters,MIL,Milwaukee Bucks,0028000376,1980-12-17,MIL @ NJN,L,0,0,,,0.0,,,0,0,,,,,,,,,,0,,0
17941,21980,77937,Billy Reid,GOS,Golden State Warriors,0028000375,1980-12-17,GOS vs. POR,L,0,0,,,0.0,,,0,0,,,,,,,,,,0,,0
17942,21980,76954,Mike Harper,POR,Portland Trail Blazers,0028000375,1980-12-17,POR @ GOS,W,0,0,,,0.0,,,0,0,,,,,,,,,,0,,0
17943,21980,78068,Dewayne Scales,NYK,New York Knicks,0028000374,1980-12-17,NYK @ DET,W,0,0,,,0.0,,,0,0,,,,,,,,,,0,,0
17944,21980,78537,Jeff Wilkins,UTH,Utah Jazz,0028000372,1980-12-16,UTH @ NYK,L,0,0,,,0.0,,,0,0,,,,,,,,,,0,,0
17945,21980,77618,Steve Mix,PHL,Philadelphia 76ers,0028000371,1980-12-16,PHL @ IND,W,0,0,,,0.0,,,0,0,,,,,,,,,,0,,0
17946,21980,77162,Ollie Johnson,PHL,Philadelphia 76ers,0028000371,1980-12-16,PHL @ IND,W,0,0,,,0.0,,,0,0,,,,,,,,,,0,,0
17947,21980,940,Earl Cureton,PHL,Philadelphia 76ers,0028000371,1980-12-16,PHL @ IND,W,0,0,,,0.0,,,0,0,,,,,,,,,,0,,0
17948,21980,77633,Johnny Moore,SAN,San Antonio Spurs,0028000370,1980-12-16,SAN @ DAL,W,0,0,,,0.0,,,0,0,,,,,,,,,,0,,0
17949,21980,77432,Ollie Mack,DAL,Dallas Mavericks,0028000370,1980-12-16,DAL vs. SAN,L,0,0,,,0.0,,,0,0,,,,,,,,,,0,,0
17950,21980,76516,Brad Davis,DAL,Dallas Mavericks,0028000370,1980-12-16,DAL vs. SAN,L,0,0,,,0.0,,,0,0,,,,,,,,,,0,,0
17951,21980,76453,Dave Corzine,SAN,San Antonio Spurs,0028000370,1980-12-16,SAN @ DAL,W,0,0,,,0.0,,,0,0,,,,,,,,,,0,,0
17952,21980,78618,Sam Worthen,CHI,Chicago Bulls,0028000367,1980-12-16,CHI @ WAS,W,0,0,,,0.0,,,0,0,,,,,,,,,,0,,0
17953,21980,77937,Billy Reid,GOS,Golden State Warriors,0028000366,1980-12-14,GOS @ LAL,L,0,0,,,0.0,,,0,0,,,,,,,,,,0,,0
17954,21980,77917,Clifford Ray,GOS,Golden State Warriors,0028000366,1980-12-14,GOS @ LAL,L,0,0,,,0.0,,,0,0,,,,,,,,,,0,,0
17955,21980,78400,Jan Van Breda Kolff,NJN,New Jersey Nets,0028000364,1980-12-14,NJN vs. PHL,L,0,0,,,0.0,,,0,0,,,,,,,,,,0,,0
17956,21980,76435,Darwin Cook,NJN,New Jersey Nets,0028000364,1980-12-14,NJN vs. PHL,L,0,0,,,0.0,,,0,0,,,,,,,,,,0,,0
17957,21980,76249,Ron Brewer,POR,Portland Trail Blazers,0028000363,1980-12-14,POR @ PHX,W,0,0,,,0.0,,,0,0,,,,,,,,,,0,,0
17958,21980,78520,Sidney Wicks,SDC,San Diego Clippers,0028000362,1980-12-14,SDC vs. SEA,W,0,0,,,0.0,,,0,0,,,,,,,,,,0,,0
17959,21980,76162,Henry Bibby,SDC,San Diego Clippers,0028000362,1980-12-14,SDC vs. SEA,W,0,0,,,0.0,,,0,0,,,,,,,,,,0,,0
17960,21980,77829,Sam Pellom,ATL,Atlanta Hawks,0028000361,1980-12-13,ATL vs. MIL,W,0,0,,,0.0,,,0,0,,,,,,,,,,0,,0
17961,21980,77149,George Johnson,SAN,San Antonio Spurs,0028000360,1980-12-13,SAN vs. DEN,W,0,0,,,0.0,,,0,0,,,,,,,,,,0,,0
17962,21980,78146,Jerry Sichting,IND,Indiana Pacers,0028000359,1980-12-13,IND @ WAS,L,0,0,,,0.0,,,0,0,,,,,,,,,,0,,0
17963,21980,77148,George Johnson,IND,Indiana Pacers,0028000359,1980-12-13,IND @ WAS,L,0,0,,,0.0,,,0,0,,,,,,,,,,0,,0
17964,21980,78449,Lloyd Walton,KCK,Kansas City Kings,0028000358,1980-12-13,KCK vs. DAL,W,0,0,,,0.0,,,0,0,,,,,,,,,,0,,0
17965,21980,77364,Ron Lee,DET,Detroit Pistons,0028000356,1980-12-13,DET @ NYK,L,0,0,,,0.0,,,0,0,,,,,,,,,,0,,0
17966,21980,76599,Larry Drew,DET,Detroit Pistons,0028000356,1980-12-13,DET @ NYK,L,0,0,,,0.0,,,0,0,,,,,,,,,,0,,0
17967,21980,78537,Jeff Wilkins,UTH,Utah Jazz,0028000355,1980-12-13,UTH @ CLE,L,0,0,,,0.0,,,0,0,,,,,,,,,,0,,0
17968,21980,76985,Garfield Heard,SDC,San Diego Clippers,0028000353,1980-12-12,SDC @ DAL,L,0,0,,,0.0,,,0,0,,,,,,,,,,0,,0
17969,21980,76534,Ron Davis,SDC,San Diego Clippers,0028000353,1980-12-12,SDC @ DAL,L,0,0,,,0.0,,,0,0,,,,,,,,,,0,,0
17970,21980,76162,Henry Bibby,SDC,San Diego Clippers,0028000353,1980-12-12,SDC @ DAL,L,0,0,,,0.0,,,0,0,,,,,,,,,,0,,0
17971,21980,76944,Bill Hanzlik,SEA,Seattle SuperSonics,0028000352,1980-12-12,SEA vs. LAL,L,0,0,,,0.0,,,0,0,,,,,,,,,,0,,0
17972,21980,77602,Dick Miller,UTH,Utah Jazz,0028000351,1980-12-12,UTH @ CHI,L,0,0,,,0.0,,,0,0,,,,,,,,,,0,,0
17973,21980,77182,Dwight Jones,CHI,Chicago Bulls,0028000351,1980-12-12,CHI vs. UTH,W,0,0,,,0.0,,,0,0,,,,,,,,,,0,,0
17974,21980,77162,Ollie Johnson,PHL,Philadelphia 76ers,0028000350,1980-12-12,PHL vs. WAS,W,0,0,,,0.0,,,0,0,,,,,,,,,,0,,0
17975,21980,328,Rick Mahorn,WAS,Washington Bullets,0028000350,1980-12-12,WAS @ PHL,L,0,0,,,0.0,,,0,0,,,,,,,,,,0,,0
17976,21980,77262,Chad Kinch,CLE,Cleveland Cavaliers,0028000349,1980-12-12,CLE @ DET,L,0,0,,,0.0,,,0,0,,,,,,,,,,0,,0
17977,21980,78400,Jan Van Breda Kolff,NJN,New Jersey Nets,0028000348,1980-12-12,NJN @ BOS,L,0,0,,,0.0,,,0,0,,,,,,,,,,0,,0
17978,21980,78577,Bill Willoughby,HOU,Houston Rockets,0028000347,1980-12-12,HOU @ POR,L,0,0,,,0.0,,,0,0,,,,,,,,,,0,,0
17979,21980,77353,Allen Leavell,HOU,Houston Rockets,0028000347,1980-12-12,HOU @ POR,L,0,0,,,0.0,,,0,0,,,,,,,,,,0,,0
17980,21980,76686,Mike Evans,MIL,Milwaukee Bucks,0028000346,1980-12-11,MIL vs. NYK,W,0,0,,,0.0,,,0,0,,,,,,,,,,0,,0
17981,21980,76360,Reggie Carter,NYK,New York Knicks,0028000346,1980-12-11,NYK @ MIL,L,0,0,,,0.0,,,0,0,,,,,,,,,,0,,0
17982,21980,78449,Lloyd Walton,KCK,Kansas City Kings,0028000345,1980-12-11,KCK @ SAN,L,0,0,,,0.0,,,0,0,,,,,,,,,,0,,0
17983,21980,77582,Joe Meriweather,KCK,Kansas City Kings,0028000345,1980-12-11,KCK @ SAN,L,0,0,,,0.0,,,0,0,,,,,,,,,,0,,0
17984,21980,77262,Chad Kinch,CLE,Cleveland Cavaliers,0028000344,1980-12-11,CLE vs. IND,L,0,0,,,0.0,,,0,0,,,,,,,,,,0,,0
17985,21980,76734,Don Ford,CLE,Cleveland Cavaliers,0028000344,1980-12-11,CLE vs. IND,L,0,0,,,0.0,,,0,0,,,,,,,,,,0,,0
17986,21980,77718,Mike Niles,PHX,Phoenix Suns,0028000343,1980-12-10,PHX @ IND,L,0,0,,,0.0,,,0,2,0.0,,,,,,,,,0,,0
17987,21980,76317,Don Buse,IND,Indiana Pacers,0028000343,1980-12-10,IND vs. PHX,W,0,0,,,0.0,,,0,0,,,,,,,,,,0,,0
17988,21980,77182,Dwight Jones,CHI,Chicago Bulls,0028000342,1980-12-10,CHI @ PHL,L,0,0,,,0.0,,,0,0,,,,,,,,,,0,,0
17989,21980,76830,Glen Gondrezick,DEN,Denver Nuggets,0028000341,1980-12-10,DEN vs. DAL,W,0,0,,,0.0,,,0,2,0.0,,,,,,,,,0,,0
17990,21980,78274,John Stroud,HOU,Houston Rockets,0028000340,1980-12-10,HOU vs. LAL,L,0,0,,,0.0,,,0,0,,,,,,,,,,0,,0
17991,21980,77553,Tom McMillen,ATL,Atlanta Hawks,0028000339,1980-12-10,ATL @ DET,W,0,0,,,0.0,,,0,0,,,,,,,,,,0,,0
17992,21980,77324,Mitch Kupchak,WAS,Washington Bullets,0028000338,1980-12-10,WAS vs. BOS,L,0,0,,,0.0,,,0,0,,,,,,,,,,0,,0
17993,21980,76707,Eric Fernsten,BOS,Boston Celtics,0028000338,1980-12-10,BOS @ WAS,W,0,0,,,0.0,,,0,0,,,,,,,,,,0,,0
17994,21980,76583,James Donaldson,SEA,Seattle SuperSonics,0028000336,1980-12-10,SEA @ GOS,W,0,0,,,0.0,,,0,0,,,,,,,,,,0,,0
17995,21980,76078,Dennis Awtrey,SEA,Seattle SuperSonics,0028000336,1980-12-10,SEA @ GOS,W,0,0,,,0.0,,,0,0,,,,,,,,,,0,,0
17996,21980,78481,Marvin Webster,NYK,New York Knicks,0028000335,1980-12-10,NYK @ NJN,W,0,0,,,0.0,,,0,0,,,,,,,,,,0,,0
17997,21980,77149,George Johnson,SAN,San Antonio Spurs,0028000334,1980-12-09,SAN @ UTH,W,0,0,,,0.0,,,0,0,,,,,,,,,,0,,0
17998,21980,77262,Chad Kinch,CLE,Cleveland Cavaliers,0028000333,1980-12-09,CLE vs. PHL,L,0,0,,,0.0,,,0,0,,,,,,,,,,0,,0
17999,21980,76686,Mike Evans,MIL,Milwaukee Bucks,0028000330,1980-12-09,MIL @ BOS,L,0,0,,,0.0,,,0,0,,,,,,,,,,0,,0
18000,21980,76483,Pat Cummings,MIL,Milwaukee Bucks,0028000330,1980-12-09,MIL @ BOS,L,0,0,,,0.0,,,0,0,,,,,,,,,,0,,0
18001,21980,77334,Mark Landsberger,LAL,Los Angeles Lakers,0028000329,1980-12-09,LAL @ DAL,W,0,0,,,0.0,,,0,0,,,,,,,,,,0,,0
18002,21980,76954,Mike Harper,POR,Portland Trail Blazers,0028000328,1980-12-09,POR vs. SEA,W,0,0,,,0.0,,,0,0,,,,,,,,,,0,,0
18003,21980,78618,Sam Worthen,CHI,Chicago Bulls,0028000327,1980-12-09,CHI vs. PHX,L,0,0,,,0.0,,,0,0,,,,,,,,,,0,,0
18004,21980,78533,James Wilkes,CHI,Chicago Bulls,0028000327,1980-12-09,CHI vs. PHX,L,0,0,,,0.0,,,0,0,,,,,,,,,,0,,0
18005,21980,78095,Alvin Scott,PHX,Phoenix Suns,0028000327,1980-12-09,PHX @ CHI,W,0,0,,,0.0,,,0,0,,,,,,,,,,0,,0
18006,21980,77438,Kyle Macy,PHX,Phoenix Suns,0028000327,1980-12-09,PHX @ CHI,W,0,0,,,0.0,,,0,0,,,,,,,,,,0,,0
18007,21980,78527,Michael Wiley,SAN,San Antonio Spurs,0028000326,1980-12-08,SAN @ SEA,L,0,0,,,0.0,,,0,0,,,,,,,,,,0,,0
18008,21980,77149,George Johnson,SAN,San Antonio Spurs,0028000326,1980-12-08,SAN @ SEA,L,0,0,,,0.0,,,0,0,,,,,,,,,,0,,0
18009,21980,77163,Reggie Johnson,SAN,San Antonio Spurs,0028000325,1980-12-07,SAN @ POR,L,0,0,,,0.0,,,0,0,,,,,,,,,,0,,0
18010,21980,77420,Maurice Lucas,NJN,New Jersey Nets,0028000324,1980-12-07,NJN @ SDC,L,0,0,,,0.0,,,0,2,0.0,,,,,,,,,0,,0
18011,21980,76534,Ron Davis,SDC,San Diego Clippers,0028000324,1980-12-07,SDC vs. NJN,W,0,0,,,0.0,,,0,0,,,,,,,,,,0,,0
18012,21980,76435,Darwin Cook,NJN,New Jersey Nets,0028000324,1980-12-07,NJN @ SDC,L,0,0,,,0.0,,,0,0,,,,,,,,,,0,,0
18013,21980,328,Rick Mahorn,WAS,Washington Bullets,0028000323,1980-12-07,WAS @ BOS,W,0,0,,,0.0,,,0,0,,,,,,,,,,0,,0
18014,21980,76947,Alan Hardy,LAL,Los Angeles Lakers,0028000321,1980-12-07,LAL vs. UTH,W,0,0,,,0.0,,,0,0,,,,,,,,,,0,,0
18015,21980,78146,Jerry Sichting,IND,Indiana Pacers,0028000319,1980-12-06,IND vs. KCK,W,0,0,,,0.0,,,0,0,,,,,,,,,,0,,0
18016,21980,78132,Craig Shelton,ATL,Atlanta Hawks,0028000318,1980-12-06,ATL vs. DAL,W,0,0,,,0.0,,,0,0,,,,,,,,,,0,,0
18017,21980,77126,Abdul Jeelani,DAL,Dallas Mavericks,0028000318,1980-12-06,DAL @ ATL,L,0,0,,,0.0,,,0,0,,,,,,,,,,0,,0
18018,21980,76516,Brad Davis,DAL,Dallas Mavericks,0028000318,1980-12-06,DAL @ ATL,L,0,0,,,0.0,,,0,0,,,,,,,,,,0,,0
18019,21980,78481,Marvin Webster,NYK,New York Knicks,0028000317,1980-12-06,NYK vs. MIL,W,0,0,,,0.0,,,0,0,,,,,,,,,,0,,0
18020,21980,78537,Jeff Wilkins,UTH,Utah Jazz,0028000316,1980-12-06,UTH vs. SEA,L,0,0,,,0.0,,,0,0,,,,,,,,,,0,,0
18021,21980,77353,Allen Leavell,HOU,Houston Rockets,0028000315,1980-12-06,HOU vs. DEN,W,0,0,,,0.0,,,0,0,,,,,,,,,,0,,0
18022,21980,78468,Richard Washington,CLE,Cleveland Cavaliers,0028000314,1980-12-06,CLE vs. DET,W,0,0,,,0.0,,,0,0,,,,,,,,,,0,,0
18023,21980,77239,Greg Kelser,DET,Detroit Pistons,0028000314,1980-12-06,DET @ CLE,L,0,0,,,0.0,,,0,2,0.0,,,,,,,,,0,,0
18024,21980,77158,Lee Johnson,DET,Detroit Pistons,0028000314,1980-12-06,DET @ CLE,L,0,0,,,0.0,,,0,0,,,,,,,,,,0,,0
18025,21980,77078,Kim Hughes,CLE,Cleveland Cavaliers,0028000314,1980-12-06,CLE vs. DET,W,0,0,,,0.0,,,0,0,,,,,,,,,,0,,0
18026,21980,600010,Len Elmore,MIL,Milwaukee Bucks,0028000317,1980-12-06,MIL @ NYK,L,0,0,,,0.0,,,0,0,,,,,,,,,,0,,0
18027,21980,76248,Jim Brewer,LAL,Los Angeles Lakers,0028000320,1980-12-06,LAL @ GOS,L,0,0,,,0.0,,,0,0,,,,,,,,,,0,,0
18028,21980,76830,Glen Gondrezick,DEN,Denver Nuggets,0028000315,1980-12-06,DEN @ HOU,L,0,0,,,0.0,,,0,0,,,,,,,,,,0,,0
18029,21980,600010,Len Elmore,MIL,Milwaukee Bucks,0028000313,1980-12-05,MIL vs. IND,W,0,0,,,0.0,,,0,0,,,,,,,,,,0,,0
18030,21980,76895,Bob Gross,POR,Portland Trail Blazers,0028000312,1980-12-05,POR vs. CHI,W,0,0,,,0.0,,,0,0,,,,,,,,,,0,,0
18031,21980,77715,Carl Nicks,DEN,Denver Nuggets,0028000311,1980-12-05,DEN vs. GOS,L,0,0,,,0.0,,,0,3,0.0,,,,,,,,,0,,0
18032,21980,76283,Rickey Brown,GOS,Golden State Warriors,0028000311,1980-12-05,GOS @ DEN,W,0,0,,,0.0,,,0,0,,,,,,,,,,0,,0
18033,21980,76005,Tom Abernethy,GOS,Golden State Warriors,0028000311,1980-12-05,GOS @ DEN,W,0,0,,,0.0,,,0,0,,,,,,,,,,0,,0
18034,21980,77984,Rick Robey,BOS,Boston Celtics,0028000310,1980-12-05,BOS vs. DAL,W,0,0,,,0.0,,,0,0,,,,,,,,,,0,,0
18035,21980,77312,Wayne Kreklow,BOS,Boston Celtics,0028000310,1980-12-05,BOS vs. DAL,W,0,0,,,0.0,,,0,0,,,,,,,,,,0,,0
18036,21980,77126,Abdul Jeelani,DAL,Dallas Mavericks,0028000310,1980-12-05,DAL @ BOS,L,0,0,,,0.0,,,0,0,,,,,,,,,,0,,0
18037,21980,77829,Sam Pellom,ATL,Atlanta Hawks,0028000309,1980-12-05,ATL @ PHL,L,0,0,,,0.0,,,0,0,,,,,,,,,,0,,0
18038,21980,76899,Ernie Grunfeld,KCK,Kansas City Kings,0028000308,1980-12-05,KCK vs. HOU,W,0,0,,,0.0,,,0,0,,,,,,,,,,0,,0
18039,21980,76802,Gus Gerard,KCK,Kansas City Kings,0028000308,1980-12-05,KCK vs. HOU,W,0,0,,,0.0,,,0,0,,,,,,,,,,0,,0
18040,21980,77158,Lee Johnson,DET,Detroit Pistons,0028000307,1980-12-05,DET @ WAS,L,0,0,,,0.0,,,0,0,,,,,,,,,,0,,0
18041,21980,76599,Larry Drew,DET,Detroit Pistons,0028000307,1980-12-05,DET @ WAS,L,0,0,,,0.0,,,0,0,,,,,,,,,,0,,0
18042,21980,77308,Joel Kramer,PHX,Phoenix Suns,0028000306,1980-12-05,PHX vs. NJN,L,0,0,,,0.0,,,0,0,,,,,,,,,,0,,0
18043,21980,78537,Jeff Wilkins,UTH,Utah Jazz,0028000305,1980-12-04,UTH vs. DEN,W,0,0,,,0.0,,,0,0,,,,,,,,,,0,,0
18044,21980,76249,Ron Brewer,POR,Portland Trail Blazers,0028000303,1980-12-04,POR @ SDC,W,0,0,,,0.0,,,0,0,,,,,,,,,,0,,0
18045,21980,77078,Kim Hughes,CLE,Cleveland Cavaliers,0028000304,1980-12-04,CLE @ SAN,L,0,0,,,0.0,,,0,0,,,,,,,,,,0,,0
18046,21980,78468,Richard Washington,CLE,Cleveland Cavaliers,0028000302,1980-12-03,CLE @ HOU,L,0,0,,,0.0,,,0,0,,,,,,,,,,0,,0
18047,21980,76786,Calvin Garrett,HOU,Houston Rockets,0028000302,1980-12-03,HOU vs. CLE,W,0,0,,,0.0,,,0,0,,,,,,,,,,0,,0
18048,21980,78146,Jerry Sichting,IND,Indiana Pacers,0028000301,1980-12-03,IND vs. WAS,W,0,0,,,0.0,,,0,0,,,,,,,,,,0,,0
18049,21980,77312,Wayne Kreklow,BOS,Boston Celtics,0028000300,1980-12-03,BOS vs. ATL,W,0,0,,,0.0,,,0,0,,,,,,,,,,0,,0
18050,21980,76733,Chris Ford,BOS,Boston Celtics,0028000300,1980-12-03,BOS vs. ATL,W,0,0,,,0.0,,,0,0,,,,,,,,,,0,,0
18051,21980,76005,Tom Abernethy,GOS,Golden State Warriors,0028000298,1980-12-03,GOS vs. NJN,W,0,0,,,0.0,,,0,0,,,,,,,,,,0,,0
18052,21980,78449,Lloyd Walton,KCK,Kansas City Kings,0028000297,1980-12-03,KCK vs. PHX,W,0,0,,,0.0,,,0,0,,,,,,,,,,0,,0
18053,21980,77040,Brad Holland,LAL,Los Angeles Lakers,0028000296,1980-12-03,LAL vs. SDC,L,0,0,,,0.0,,,0,0,,,,,,,,,,0,,0
18054,21980,76985,Garfield Heard,SDC,San Diego Clippers,0028000296,1980-12-03,SDC @ LAL,W,0,0,,,0.0,,,0,0,,,,,,,,,,0,,0
18055,21980,76248,Jim Brewer,LAL,Los Angeles Lakers,0028000296,1980-12-03,LAL vs. SDC,L,0,0,,,0.0,,,0,0,,,,,,,,,,0,,0
18056,21980,76162,Henry Bibby,SDC,San Diego Clippers,0028000296,1980-12-03,SDC @ LAL,W,0,0,,,0.0,,,0,0,,,,,,,,,,0,,0
18057,21980,78614,Mike Woodson,NYK,New York Knicks,0028000295,1980-12-03,NYK @ PHL,L,0,0,,,0.0,,,0,0,,,,,,,,,,0,,0
18058,21980,78481,Marvin Webster,NYK,New York Knicks,0028000295,1980-12-03,NYK @ PHL,L,0,0,,,0.0,,,0,0,,,,,,,,,,0,,0
18059,21980,940,Earl Cureton,PHL,Philadelphia 76ers,0028000295,1980-12-03,PHL vs. NYK,W,0,0,,,0.0,,,0,0,,,,,,,,,,0,,0
18060,21980,76771,Mike Gale,SAN,San Antonio Spurs,0028000294,1980-12-02,SAN vs. PHX,L,0,0,,,0.0,,,0,0,,,,,,,,,,0,,0
18061,21980,77312,Wayne Kreklow,BOS,Boston Celtics,0028000292,1980-12-02,BOS @ DET,W,0,0,,,0.0,,,0,0,,,,,,,,,,0,,0
18062,21980,76599,Larry Drew,DET,Detroit Pistons,0028000292,1980-12-02,DET vs. BOS,L,0,0,,,0.0,,,0,0,,,,,,,,,,0,,0
18063,21980,78614,Mike Woodson,NYK,New York Knicks,0028000291,1980-12-02,NYK vs. IND,L,0,0,,,0.0,,,0,0,,,,,,,,,,0,,0
18064,21980,78146,Jerry Sichting,IND,Indiana Pacers,0028000291,1980-12-02,IND @ NYK,W,0,0,,,0.0,,,0,0,,,,,,,,,,0,,0
18065,21980,78068,Dewayne Scales,NYK,New York Knicks,0028000291,1980-12-02,NYK vs. IND,L,0,0,,,0.0,,,0,0,,,,,,,,,,0,,0
18066,21980,76553,Larry Demic,NYK,New York Knicks,0028000291,1980-12-02,NYK vs. IND,L,0,0,,,0.0,,,0,0,,,,,,,,,,0,,0
18067,21980,76360,Reggie Carter,NYK,New York Knicks,0028000291,1980-12-02,NYK vs. IND,L,0,0,,,0.0,,,0,0,,,,,,,,,,0,,0
18068,21980,78400,Jan Van Breda Kolff,NJN,New Jersey Nets,0028000290,1980-12-02,NJN @ POR,W,0,0,,,0.0,,,0,0,,,,,,,,,,0,,0
18069,21980,77635,Lowes Moore,NJN,New Jersey Nets,0028000290,1980-12-02,NJN @ POR,W,0,0,,,0.0,,,0,0,,,,,,,,,,0,,0
18070,21980,76435,Darwin Cook,NJN,New Jersey Nets,0028000290,1980-12-02,NJN @ POR,W,0,0,,,0.0,,,0,0,,,,,,,,,,0,,0
18071,21980,77829,Sam Pellom,ATL,Atlanta Hawks,0028000288,1980-12-02,ATL vs. PHL,W,0,0,,,0.0,,,0,0,,,,,,,,,,0,,0
18072,21980,77262,Chad Kinch,CLE,Cleveland Cavaliers,0028000287,1980-12-02,CLE @ DAL,W,0,0,,,0.0,,,0,0,,,,,,,,,,0,,0
18073,21980,77078,Kim Hughes,CLE,Cleveland Cavaliers,0028000287,1980-12-02,CLE @ DAL,W,0,0,,,0.0,,,0,0,,,,,,,,,,0,,0
18074,21980,76830,Glen Gondrezick,DEN,Denver Nuggets,0028000286,1980-12-02,DEN vs. CHI,L,0,0,,,0.0,,,0,0,,,,,,,,,,0,,0
18075,21980,77312,Wayne Kreklow,BOS,Boston Celtics,0028000283,1980-11-30,BOS @ MIL,L,0,0,,,0.0,,,0,0,,,,,,,,,,0,,0
18076,21980,78513,Rudy White,SEA,Seattle SuperSonics,0028000282,1980-11-30,SEA vs. NJN,W,0,0,,,0.0,,,0,0,,,,,,,,,,0,,0
18077,21980,77184,Edgar Jones,NJN,New Jersey Nets,0028000282,1980-11-30,NJN @ SEA,L,0,0,,,0.0,,,0,0,,,,,,,,,,0,,0
18078,21980,76435,Darwin Cook,NJN,New Jersey Nets,0028000282,1980-11-30,NJN @ SEA,L,0,0,,,0.0,,,0,0,,,,,,,,,,0,,0
18079,21980,78449,Lloyd Walton,KCK,Kansas City Kings,0028000279,1980-11-29,KCK vs. SAN,L,0,0,,,0.0,,,0,0,,,,,,,,,,0,,0
18080,21980,77149,George Johnson,SAN,San Antonio Spurs,0028000279,1980-11-29,SAN @ KCK,W,0,0,,,0.0,,,0,0,,,,,,,,,,0,,0
18081,21980,76248,Jim Brewer,LAL,Los Angeles Lakers,0028000277,1980-11-29,LAL @ DEN,W,0,0,,,0.0,,,0,0,,,,,,,,,,0,,0
18082,21980,78222,Jim Spanarkel,DAL,Dallas Mavericks,0028000276,1980-11-29,DAL @ HOU,L,0,0,,,0.0,,,0,0,,,,,,,,,,0,,0
18083,21980,77308,Joel Kramer,PHX,Phoenix Suns,0028000275,1980-11-29,PHX @ GOS,W,0,0,,,0.0,,,0,0,,,,,,,,,,0,,0
18084,21980,77022,Johnny High,PHX,Phoenix Suns,0028000275,1980-11-29,PHX @ GOS,W,0,0,,,0.0,,,0,0,,,,,,,,,,0,,0
18085,21980,78614,Mike Woodson,NYK,New York Knicks,0028000274,1980-11-29,NYK vs. POR,W,0,0,,,0.0,,,0,0,,,,,,,,,,0,,0
18086,21980,78425,Brett Vroman,UTH,Utah Jazz,0028000273,1980-11-29,UTH @ PHL,L,0,0,,,0.0,,,0,0,,,,,,,,,,0,,0
18087,21980,76948,James Hardy,UTH,Utah Jazz,0028000273,1980-11-29,UTH @ PHL,L,0,0,,,0.0,,,0,0,,,,,,,,,,0,,0
18088,21980,76734,Don Ford,CLE,Cleveland Cavaliers,0028000272,1980-11-29,CLE @ IND,L,0,0,,,0.0,,,0,0,,,,,,,,,,0,,0
18089,21980,78442,Wally Walker,SEA,Seattle SuperSonics,0028000271,1980-11-28,SEA vs. SDC,L,0,0,,,0.0,,,0,0,,,,,,,,,,0,,0
18090,21980,76583,James Donaldson,SEA,Seattle SuperSonics,0028000271,1980-11-28,SEA vs. SDC,L,0,0,,,0.0,,,0,0,,,,,,,,,,0,,0
18091,21980,77189,Major Jones,HOU,Houston Rockets,0028000270,1980-11-28,HOU @ SAN,W,0,0,,,0.0,,,0,0,,,,,,,,,,0,,0
18092,21980,77323,Kevin Kunnert,POR,Portland Trail Blazers,0028000269,1980-11-28,POR @ PHL,L,0,0,,,0.0,,,0,0,,,,,,,,,,0,,0
18093,21980,77920,Jamesearl Ray,DEN,Denver Nuggets,0028000267,1980-11-28,DEN @ DAL,W,0,0,,,0.0,,,0,0,,,,,,,,,,0,,0
18094,21980,76830,Glen Gondrezick,DEN,Denver Nuggets,0028000267,1980-11-28,DEN @ DAL,W,0,0,,,0.0,,,0,0,,,,,,,,,,0,,0
18095,21980,76321,Marty Byrnes,DAL,Dallas Mavericks,0028000267,1980-11-28,DAL vs. DEN,L,0,0,,,0.0,,,0,0,,,,,,,,,,0,,0
18096,21980,76656,Bob Elliott,NJN,New Jersey Nets,0028000266,1980-11-28,NJN vs. UTH,W,0,0,,,0.0,,,0,0,,,,,,,,,,0,,0
18097,21980,78014,Tree Rollins,ATL,Atlanta Hawks,0028000265,1980-11-28,ATL @ MIL,L,0,0,,,0.0,,,0,0,,,,,,,,,,0,,0
18098,21980,77829,Sam Pellom,ATL,Atlanta Hawks,0028000265,1980-11-28,ATL @ MIL,L,0,0,,,0.0,,,0,0,,,,,,,,,,0,,0
18099,21980,77168,Mickey Johnson,MIL,Milwaukee Bucks,0028000265,1980-11-28,MIL vs. ATL,W,0,0,,,0.0,,,0,0,,,,,,,,,6.0,0,,0
18100,21980,77024,Armond Hill,ATL,Atlanta Hawks,0028000265,1980-11-28,ATL @ MIL,L,0,0,,,0.0,,,0,1,0.0,,,,,,,,,0,,0
18101,21980,76483,Pat Cummings,MIL,Milwaukee Bucks,0028000265,1980-11-28,MIL vs. ATL,W,0,0,,,0.0,,,0,0,,,,,,,,,,0,,0
18102,21980,77331,John Lambert,CLE,Cleveland Cavaliers,0028000264,1980-11-28,CLE vs. WAS,W,0,0,,,0.0,,,0,0,,,,,,,,,,0,,0
18103,21980,77078,Kim Hughes,CLE,Cleveland Cavaliers,0028000264,1980-11-28,CLE vs. WAS,W,0,0,,,0.0,,,0,0,,,,,,,,,,0,,0
18104,21980,76590,Leon Douglas,KCK,Kansas City Kings,0028000263,1980-11-28,KCK @ DET,L,0,0,,,0.0,,,0,0,,,,,,,,,,0,,0
18105,21980,77022,Johnny High,PHX,Phoenix Suns,0028000262,1980-11-28,PHX vs. CHI,W,0,0,,,0.0,,,0,0,,,,,,,,,,0,,0
18106,21980,76567,Coby Dietrick,CHI,Chicago Bulls,0028000262,1980-11-28,CHI @ PHX,L,0,0,,,0.0,,,0,0,,,,,,,,,,0,,0
18107,21980,76707,Eric Fernsten,BOS,Boston Celtics,0028000268,1980-11-28,BOS vs. NYK,W,0,0,,,0.0,,,0,0,,,,,,,,,,0,,0
18108,21980,77937,Billy Reid,GOS,Golden State Warriors,0028000261,1980-11-27,GOS vs. LAL,L,0,0,,,0.0,,,0,0,,,,,,,,,,0,,0
18109,21980,77770,Louis Orr,IND,Indiana Pacers,0028000260,1980-11-27,IND @ WAS,L,0,0,,,0.0,,,0,0,,,,,,,,,,0,,0
18110,21980,77920,Jamesearl Ray,DEN,Denver Nuggets,0028000258,1980-11-26,DEN vs. SDC,W,0,0,,,0.0,,,0,0,,,,,,,,,,0,,0
18111,21980,77996,Wayne Robinson,DET,Detroit Pistons,0028000257,1980-11-26,DET vs. UTH,L,0,0,,,0.0,,,0,0,,,,,,,,,,0,,0
18112,21980,77364,Ron Lee,DET,Detroit Pistons,0028000257,1980-11-26,DET vs. UTH,L,0,0,,,0.0,,,0,0,,,,,,,,,,0,,0
18113,21980,77189,Major Jones,HOU,Houston Rockets,0028000256,1980-11-26,HOU vs. PHL,L,0,0,,,0.0,,,0,0,,,,,,,,,,0,,0
18114,21980,940,Earl Cureton,PHL,Philadelphia 76ers,0028000256,1980-11-26,PHL @ HOU,W,0,0,,,0.0,,,0,0,,,,,,,,,,0,,0
18115,21980,78143,John Shumate,SEA,Seattle SuperSonics,0028000254,1980-11-26,SEA @ PHX,L,0,0,,,0.0,,,0,0,,,,,,,,,,0,,0
18116,21980,77718,Mike Niles,PHX,Phoenix Suns,0028000254,1980-11-26,PHX vs. SEA,W,0,0,,,0.0,,,0,0,,,,,,,,,,0,,0
18117,21980,76583,James Donaldson,SEA,Seattle SuperSonics,0028000254,1980-11-26,SEA @ PHX,L,0,0,,,0.0,,,0,0,,,,,,,,,,0,,0
18118,21980,77078,Kim Hughes,CLE,Cleveland Cavaliers,0028000253,1980-11-26,CLE vs. NYK,L,0,0,,,0.0,,,0,0,,,,,,,,,,0,,0
18119,21980,76734,Don Ford,CLE,Cleveland Cavaliers,0028000253,1980-11-26,CLE vs. NYK,L,0,0,,,0.0,,,0,0,,,,,,,,,,0,,0
18120,21980,76553,Larry Demic,NYK,New York Knicks,0028000253,1980-11-26,NYK @ CLE,W,0,0,,,0.0,,,0,0,,,,,,,,,,0,,0
18121,21980,76360,Reggie Carter,NYK,New York Knicks,0028000253,1980-11-26,NYK @ CLE,W,0,0,,,0.0,,,0,0,,,,,,,,,,0,,0
18122,21980,77692,Kenny Natt,IND,Indiana Pacers,0028000252,1980-11-26,IND vs. ATL,W,0,0,,,0.0,,,0,0,,,,,,,,,,0,,0
18123,21980,77829,Sam Pellom,ATL,Atlanta Hawks,0028000249,1980-11-25,ATL vs. POR,W,0,0,,,0.0,,,0,0,,,,,,,,,,0,,0
18124,21980,77553,Tom McMillen,ATL,Atlanta Hawks,0028000249,1980-11-25,ATL vs. POR,W,0,0,,,0.0,,,0,0,,,,,,,,,,0,,0
18125,21980,77024,Armond Hill,ATL,Atlanta Hawks,0028000249,1980-11-25,ATL vs. POR,W,0,0,,,0.0,,,0,0,,,,,,,,,,0,,0
18126,21980,77021,Kenny Higgs,DEN,Denver Nuggets,0028000247,1980-11-25,DEN @ SDC,L,0,0,,,0.0,,,0,0,,,,,,,,,,0,,0
18127,21980,76830,Glen Gondrezick,DEN,Denver Nuggets,0028000247,1980-11-25,DEN @ SDC,L,0,0,,,0.0,,,0,0,,,,,,,,,,0,,0
18128,21980,76822,Mike Glenn,NYK,New York Knicks,0028000250,1980-11-24,NYK vs. HOU,W,0,0,,,0.0,,,0,0,,,,,,,,,,0,,0
18129,21980,77396,Scott Lloyd,DAL,Dallas Mavericks,0028000246,1980-11-23,DAL @ POR,L,0,0,,,0.0,,,0,0,,,,,,,,,6.0,0,,0
18130,21980,76321,Marty Byrnes,DAL,Dallas Mavericks,0028000246,1980-11-23,DAL @ POR,L,0,0,,,0.0,,,0,0,,,,,,,,,,0,,0
18131,21980,78513,Rudy White,SEA,Seattle SuperSonics,0028000245,1980-11-23,SEA @ SDC,L,0,0,,,0.0,,,0,0,,,,,,,,,,0,,0
18132,21980,76534,Ron Davis,SDC,San Diego Clippers,0028000245,1980-11-23,SDC vs. SEA,W,0,0,,,0.0,,,0,0,,,,,,,,,,0,,0
18133,21980,76162,Henry Bibby,SDC,San Diego Clippers,0028000245,1980-11-23,SDC vs. SEA,W,0,0,,,0.0,,,0,0,,,,,,,,,,0,,0
18134,21980,78000,John Roche,DEN,Denver Nuggets,0028000244,1980-11-23,DEN @ PHX,L,0,0,,,0.0,,,0,0,,,,,,,,,,0,,0
18135,21980,76248,Jim Brewer,LAL,Los Angeles Lakers,0028000243,1980-11-23,LAL vs. MIL,L,0,0,,,0.0,,,0,0,,,,,,,,,,0,,0
18136,21980,78132,Craig Shelton,ATL,Atlanta Hawks,0028000241,1980-11-22,ATL vs. UTH,W,0,0,,,0.0,,,0,0,,,,,,,,,,0,,0
18137,21980,78614,Mike Woodson,NYK,New York Knicks,0028000240,1980-11-22,NYK vs. GOS,L,0,0,,,0.0,,,0,0,,,,,,,,,,0,,0
18138,21980,78481,Marvin Webster,NYK,New York Knicks,0028000240,1980-11-22,NYK vs. GOS,L,0,0,,,0.0,,,0,0,,,,,,,,,,0,,0
18139,21980,77937,Billy Reid,GOS,Golden State Warriors,0028000240,1980-11-22,GOS @ NYK,W,0,0,,,0.0,,,0,0,,,,,,,,,,0,,0
18140,21980,76005,Tom Abernethy,GOS,Golden State Warriors,0028000240,1980-11-22,GOS @ NYK,W,0,0,,,0.0,,,0,0,,,,,,,,,,0,,0
18141,21980,77163,Reggie Johnson,SAN,San Antonio Spurs,0028000238,1980-11-22,SAN vs. PHL,L,0,0,,,0.0,,,0,0,,,,,,,,,,0,,0
18142,21980,76771,Mike Gale,SAN,San Antonio Spurs,0028000238,1980-11-22,SAN vs. PHL,L,0,0,,,0.0,,,0,0,,,,,,,,,,0,,0
18143,21980,940,Earl Cureton,PHL,Philadelphia 76ers,0028000238,1980-11-22,PHL @ SAN,W,0,0,,,0.0,,,0,0,,,,,,,,,,0,,0
18144,21980,77312,Wayne Kreklow,BOS,Boston Celtics,0028000236,1980-11-22,BOS @ CLE,L,0,0,,,0.0,,,0,0,,,,,,,,,,0,,0
18145,21980,77262,Chad Kinch,CLE,Cleveland Cavaliers,0028000236,1980-11-22,CLE vs. BOS,W,0,0,,,0.0,,,0,0,,,,,,,,,,0,,0
18146,21980,77078,Kim Hughes,CLE,Cleveland Cavaliers,0028000236,1980-11-22,CLE vs. BOS,W,0,0,,,0.0,,,0,0,,,,,,,,,,0,,0
18147,21980,78520,Sidney Wicks,SDC,San Diego Clippers,0028000235,1980-11-21,SDC @ WAS,L,0,0,,,0.0,,,0,0,,,,,,,,,,0,,0
18148,21980,77910,Wally Rank,SDC,San Diego Clippers,0028000235,1980-11-21,SDC @ WAS,L,0,0,,,0.0,,,0,0,,,,,,,,,,0,,0
18149,21980,328,Rick Mahorn,WAS,Washington Bullets,0028000235,1980-11-21,WAS vs. SDC,W,0,0,,,0.0,,,0,0,,,,,,,,,,0,,0
18150,21980,77312,Wayne Kreklow,BOS,Boston Celtics,0028000234,1980-11-21,BOS vs. GOS,W,0,0,,,0.0,,,0,0,,,,,,,,,,0,,0
18151,21980,77432,Ollie Mack,DAL,Dallas Mavericks,0028000233,1980-11-21,DAL vs. SEA,L,0,0,,,0.0,,,0,0,,,,,,,,,,0,,0
18152,21980,76321,Marty Byrnes,DAL,Dallas Mavericks,0028000233,1980-11-21,DAL vs. SEA,L,0,0,,,0.0,,,0,0,,,,,,,,,,0,,0
18153,21980,76030,Darrell Allums,DAL,Dallas Mavericks,0028000233,1980-11-21,DAL vs. SEA,L,0,0,,,0.0,,,0,0,,,,,,,,,,0,,0
18154,21980,77808,Myles Patrick,LAL,Los Angeles Lakers,0028000232,1980-11-21,LAL vs. PHX,W,0,0,,,0.0,,,0,0,,,,,,,,,,0,,0
18155,21980,77308,Joel Kramer,PHX,Phoenix Suns,0028000232,1980-11-21,PHX @ LAL,L,0,0,,,0.0,,,0,0,,,,,,,,,,0,,0
18156,21980,77040,Brad Holland,LAL,Los Angeles Lakers,0028000232,1980-11-21,LAL vs. PHX,W,0,0,,,0.0,,,0,0,,,,,,,,,,0,,0
18157,21980,77022,Johnny High,PHX,Phoenix Suns,0028000232,1980-11-21,PHX @ LAL,L,0,0,,,0.0,,,0,0,,,,,,,,,,0,,0
18158,21980,77920,Jamesearl Ray,DEN,Denver Nuggets,0028000231,1980-11-21,DEN vs. KCK,W,0,0,,,0.0,,,0,0,,,,,,,,,,0,,0
18159,21980,76618,T.R. Dunn,DEN,Denver Nuggets,0028000231,1980-11-21,DEN vs. KCK,W,0,0,,,0.0,,,0,0,,,,,,,,,,0,,0
18160,21980,77158,Lee Johnson,HOU,Houston Rockets,0028000230,1980-11-21,HOU @ NJN,W,0,0,,,0.0,,,0,0,,,,,,,,,,0,,0
18161,21980,76786,Calvin Garrett,HOU,Houston Rockets,0028000230,1980-11-21,HOU @ NJN,W,0,0,,,0.0,,,0,0,,,,,,,,,,0,,0
18162,21980,76656,Bob Elliott,NJN,New Jersey Nets,0028000230,1980-11-21,NJN vs. HOU,L,0,0,,,0.0,,,0,0,,,,,,,,,,0,,0
18163,21980,78146,Jerry Sichting,IND,Indiana Pacers,0028000229,1980-11-21,IND @ PHL,L,0,0,,,0.0,,,0,0,,,,,,,,,,0,,0
18164,21980,77692,Kenny Natt,IND,Indiana Pacers,0028000229,1980-11-21,IND @ PHL,L,0,0,,,0.0,,,0,0,,,,,,,,,,0,,0
18165,21980,78614,Mike Woodson,NYK,New York Knicks,0028000228,1980-11-21,NYK @ CHI,L,0,0,,,0.0,,,0,0,,,,,,,,,,0,,0
18166,21980,78531,Bob Wilkerson,CHI,Chicago Bulls,0028000228,1980-11-21,CHI vs. NYK,W,0,0,,,0.0,,,0,0,,,,,,,,,,0,,0
18167,21980,76616,Mike Dunleavy,HOU,Houston Rockets,0028000227,1980-11-20,HOU @ CLE,W,0,0,,,0.0,,,0,0,,,,,,,,,,0,,0
18168,21980,76954,Mike Harper,POR,Portland Trail Blazers,0028000226,1980-11-20,POR vs. MIL,L,0,0,,,0.0,,,0,0,,,,,,,,,,0,,0
18169,21980,76686,Mike Evans,MIL,Milwaukee Bucks,0028000226,1980-11-20,MIL @ POR,W,0,0,,,0.0,,,0,0,,,,,,,,,,0,,0
18170,21980,76365,Harvey Catchings,MIL,Milwaukee Bucks,0028000226,1980-11-20,MIL @ POR,W,0,0,,,0.0,,,0,0,,,,,,,,,,0,,0
18171,21980,78095,Alvin Scott,PHX,Phoenix Suns,0028000225,1980-11-20,PHX vs. LAL,W,0,0,,,0.0,,,0,0,,,,,,,,,,0,,0
18172,21980,77308,Joel Kramer,PHX,Phoenix Suns,0028000225,1980-11-20,PHX vs. LAL,W,0,0,,,0.0,,,0,0,,,,,,,,,,0,,0
18173,21980,77040,Brad Holland,LAL,Los Angeles Lakers,0028000225,1980-11-20,LAL @ PHX,L,0,0,,,0.0,,,0,0,,,,,,,,,,0,,0
18174,21980,76947,Alan Hardy,LAL,Los Angeles Lakers,0028000225,1980-11-20,LAL @ PHX,L,0,0,,,0.0,,,0,0,,,,,,,,,,0,,0
18175,21980,78520,Sidney Wicks,SDC,San Diego Clippers,0028000224,1980-11-20,SDC @ DET,L,0,0,,,0.0,,,0,0,,,,,,,,,,0,,0
18176,21980,76162,Henry Bibby,SDC,San Diego Clippers,0028000224,1980-11-20,SDC @ DET,L,0,0,,,0.0,,,0,0,,,,,,,,,,0,,0
18177,21980,78146,Jerry Sichting,IND,Indiana Pacers,0028000223,1980-11-19,IND vs. BOS,L,0,0,,,0.0,,,0,0,,,,,,,,,,0,,0
18178,21980,77602,Dick Miller,IND,Indiana Pacers,0028000223,1980-11-19,IND vs. BOS,L,0,0,,,0.0,,,0,0,,,,,,,,,,0,,0
18179,21980,77312,Wayne Kreklow,BOS,Boston Celtics,0028000223,1980-11-19,BOS @ IND,W,0,0,,,0.0,,,0,0,,,,,,,,,,0,,0
18180,21980,76707,Eric Fernsten,BOS,Boston Celtics,0028000223,1980-11-19,BOS @ IND,W,0,0,,,0.0,,,0,0,,,,,,,,,,0,,0
18181,21980,76889,Paul Griffin,SAN,San Antonio Spurs,0028000222,1980-11-19,SAN @ NJN,W,0,0,,,0.0,,,0,0,,,,,,,,,,0,,0
18182,21980,76771,Mike Gale,SAN,San Antonio Spurs,0028000222,1980-11-19,SAN @ NJN,W,0,0,,,0.0,,,0,0,,,,,,,,,,0,,0
18183,21980,76283,Rickey Brown,GOS,Golden State Warriors,0028000221,1980-11-19,GOS @ PHL,L,0,0,,,0.0,,,0,0,,,,,,,,,,0,,0
18184,21980,76005,Tom Abernethy,GOS,Golden State Warriors,0028000221,1980-11-19,GOS @ PHL,L,0,0,,,0.0,,,0,0,,,,,,,,,,0,,0
18185,21980,77633,Johnny Moore,SAN,San Antonio Spurs,0028000220,1980-11-18,SAN @ ATL,L,0,0,,,0.0,,,0,0,,,,,,,,,,0,,0
18186,21980,76305,Tom Burleson,ATL,Atlanta Hawks,0028000220,1980-11-18,ATL vs. SAN,W,0,0,,,0.0,,,0,0,,,,,,,,,,0,,0
18187,21980,77917,Clifford Ray,GOS,Golden State Warriors,0028000219,1980-11-18,GOS @ WAS,W,0,0,,,0.0,,,0,2,0.0,,,,,,,,,0,,0
18188,21980,77800,Sonny Parker,GOS,Golden State Warriors,0028000219,1980-11-18,GOS @ WAS,W,0,0,,,0.0,,,0,0,,,,,,,,,,0,,0
18189,21980,76005,Tom Abernethy,GOS,Golden State Warriors,0028000219,1980-11-18,GOS @ WAS,W,0,0,,,0.0,,,0,0,,,,,,,,,,0,,0
18190,21980,76030,Darrell Allums,DAL,Dallas Mavericks,0028000218,1980-11-18,DAL vs. PHX,L,0,0,,,0.0,,,0,0,,,,,,,,,,0,,0
18191,21980,76567,Coby Dietrick,CHI,Chicago Bulls,0028000217,1980-11-18,CHI vs. BOS,L,0,0,,,0.0,,,0,1,0.0,,,,,,,,,0,,0
18192,21980,77602,Dick Miller,IND,Indiana Pacers,0028000216,1980-11-18,IND @ DET,W,0,0,,,0.0,,,0,0,,,,,,,,,,0,,0
18193,21980,77262,Chad Kinch,CLE,Cleveland Cavaliers,0028000215,1980-11-18,CLE vs. SDC,W,0,0,,,0.0,,,0,0,,,,,,,,,,0,,0
18194,21980,77078,Kim Hughes,CLE,Cleveland Cavaliers,0028000215,1980-11-18,CLE vs. SDC,W,0,0,,,0.0,,,0,0,,,,,,,,,,0,,0
18195,21980,78449,Lloyd Walton,KCK,Kansas City Kings,0028000213,1980-11-18,KCK @ LAL,L,0,0,,,0.0,,,0,0,,,,,,,,,,0,,0
18196,21980,76947,Alan Hardy,LAL,Los Angeles Lakers,0028000213,1980-11-18,LAL vs. KCK,W,0,0,,,0.0,,,0,0,,,,,,,,,,0,,0
18197,21980,940,Earl Cureton,PHL,Philadelphia 76ers,0028000212,1980-11-18,PHL @ NYK,W,0,0,,,0.0,,,0,0,,,,,,,,,,0,,0
18198,21980,77189,Major Jones,HOU,Houston Rockets,0028000211,1980-11-18,HOU vs. SEA,W,0,0,,,0.0,,,0,0,,,,,,,,,,0,,0
18199,21980,77323,Kevin Kunnert,POR,Portland Trail Blazers,0028000210,1980-11-18,POR vs. DEN,W,0,0,,,0.0,,,0,0,,,,,,,,,,0,,0
18200,21980,76249,Ron Brewer,POR,Portland Trail Blazers,0028000210,1980-11-18,POR vs. DEN,W,0,0,,,0.0,,,0,0,,,,,,,,,,0,,0
18201,21980,78068,Dewayne Scales,NYK,New York Knicks,0028000212,1980-11-18,NYK vs. PHL,L,0,0,,,0.0,,,0,0,,,,,,,,,,0,,0
18202,21980,76553,Larry Demic,NYK,New York Knicks,0028000212,1980-11-18,NYK vs. PHL,L,0,0,,,0.0,,,0,0,,,,,,,,,,0,,0
18203,21980,77308,Joel Kramer,PHX,Phoenix Suns,0028000209,1980-11-16,PHX vs. POR,W,0,0,,,0.0,,,0,0,,,,,,,,,,0,,0
18204,21980,76249,Ron Brewer,POR,Portland Trail Blazers,0028000209,1980-11-16,POR @ PHX,L,0,0,,,0.0,,,0,0,,,,,,,,,,0,,0
18205,21980,600010,Len Elmore,MIL,Milwaukee Bucks,0028000208,1980-11-16,MIL vs. CHI,L,0,0,,,0.0,,,0,0,,,,,,,,,,0,,0
18206,21980,76686,Mike Evans,MIL,Milwaukee Bucks,0028000208,1980-11-16,MIL vs. CHI,L,0,0,,,0.0,,,0,0,,,,,,,,,,0,,0
18207,21980,76321,Marty Byrnes,DAL,Dallas Mavericks,0028000207,1980-11-16,DAL @ LAL,L,0,0,,,0.0,,,0,0,,,,,,,,,,0,,0
18208,21980,78614,Mike Woodson,NYK,New York Knicks,0028000204,1980-11-15,NYK vs. CLE,W,0,0,,,0.0,,,0,0,,,,,,,,,,0,,0
18209,21980,78068,Dewayne Scales,NYK,New York Knicks,0028000204,1980-11-15,NYK vs. CLE,W,0,0,,,0.0,,,0,0,,,,,,,,,,0,,0
18210,21980,77078,Kim Hughes,CLE,Cleveland Cavaliers,0028000204,1980-11-15,CLE @ NYK,L,0,0,,,0.0,,,0,0,,,,,,,,,,0,,0
18211,21980,78520,Sidney Wicks,SDC,San Diego Clippers,0028000203,1980-11-15,SDC vs. KCK,L,0,0,,,0.0,,,0,0,,,,,,,,,,0,,0
18212,21980,78449,Lloyd Walton,KCK,Kansas City Kings,0028000203,1980-11-15,KCK @ SDC,W,0,0,,,0.0,,,0,0,,,,,,,,,,0,,0
18213,21980,78095,Alvin Scott,PHX,Phoenix Suns,0028000202,1980-11-15,PHX @ GOS,L,0,0,,,0.0,,,0,0,,,,,,,,,,0,,0
18214,21980,77718,Mike Niles,PHX,Phoenix Suns,0028000202,1980-11-15,PHX @ GOS,L,0,0,,,0.0,,,0,0,,,,,,,,,,0,,0
18215,21980,77308,Joel Kramer,PHX,Phoenix Suns,0028000202,1980-11-15,PHX @ GOS,L,0,0,,,0.0,,,0,0,,,,,,,,,,0,,0
18216,21980,76283,Rickey Brown,GOS,Golden State Warriors,0028000202,1980-11-15,GOS vs. PHX,W,0,0,,,0.0,,,0,0,,,,,,,,,,0,,0
18217,21980,76121,Billyray Bates,POR,Portland Trail Blazers,0028000201,1980-11-15,POR @ DEN,L,0,0,,,0.0,,,0,0,,,,,,,,,,0,,0
18218,21980,76944,Bill Hanzlik,SEA,Seattle SuperSonics,0028000200,1980-11-15,SEA vs. HOU,W,0,0,,,0.0,,,0,2,0.0,,,,,,,,,0,,0
18219,21980,78307,Carlos Terry,WAS,Washington Bullets,0028000198,1980-11-15,WAS @ ATL,W,0,0,,,0.0,,,0,0,,,,,,,,,,0,,0
18220,21980,77553,Tom McMillen,ATL,Atlanta Hawks,0028000198,1980-11-15,ATL vs. WAS,L,0,0,,,0.0,,,0,0,,,,,,,,,,0,,0
18221,21980,77024,Armond Hill,ATL,Atlanta Hawks,0028000198,1980-11-15,ATL vs. WAS,L,0,0,,,0.0,,,0,0,,,,,,,,,,0,,0
18222,21980,76305,Tom Burleson,ATL,Atlanta Hawks,0028000198,1980-11-15,ATL vs. WAS,L,0,0,,,0.0,,,0,0,,,,,,,,,,0,,0
18223,21980,78068,Dewayne Scales,NYK,New York Knicks,0028000197,1980-11-14,NYK @ MIL,L,0,0,,,0.0,,,0,0,,,,,,,,,,0,,0
18224,21980,76686,Mike Evans,MIL,Milwaukee Bucks,0028000197,1980-11-14,MIL vs. NYK,W,0,0,,,0.0,,,0,0,,,,,,,,,,0,,0
18225,21980,76553,Larry Demic,NYK,New York Knicks,0028000197,1980-11-14,NYK @ MIL,L,0,0,,,0.0,,,0,0,,,,,,,,,,0,,0
18226,21980,76483,Pat Cummings,MIL,Milwaukee Bucks,0028000197,1980-11-14,MIL vs. NYK,W,0,0,,,0.0,,,0,0,,,,,,,,,,0,,0
18227,21980,76365,Harvey Catchings,MIL,Milwaukee Bucks,0028000197,1980-11-14,MIL vs. NYK,W,0,0,,,0.0,,,0,0,,,,,,,,,,0,,0
18228,21980,77189,Major Jones,HOU,Houston Rockets,0028000196,1980-11-14,HOU @ UTH,L,0,0,,,0.0,,,0,0,,,,,,,,,,0,,0
18229,21980,78623,Larry Wright,DET,Detroit Pistons,0028000195,1980-11-14,DET vs. CHI,W,0,0,,,0.0,,,0,0,,,,,,,,,,0,,0
18230,21980,78215,Ricky Sobers,CHI,Chicago Bulls,0028000195,1980-11-14,CHI @ DET,L,0,0,,,0.0,,,0,0,,,,,,,,,,0,,0
18231,21980,77692,Kenny Natt,IND,Indiana Pacers,0028000194,1980-11-14,IND vs. WAS,W,0,0,,,0.0,,,0,0,,,,,,,,,,0,,0
18232,21980,77602,Dick Miller,IND,Indiana Pacers,0028000194,1980-11-14,IND vs. WAS,W,0,0,,,0.0,,,0,0,,,,,,,,,,0,,0
18233,21980,77126,Abdul Jeelani,DAL,Dallas Mavericks,0028000193,1980-11-14,DAL vs. POR,W,0,0,,,0.0,,,0,0,,,,,,,,,,0,,0
18234,21980,76121,Billyray Bates,POR,Portland Trail Blazers,0028000193,1980-11-14,POR @ DAL,L,0,0,,,0.0,,,0,0,,,,,,,,,,0,,0
18235,21980,76085,James Bailey,SEA,Seattle SuperSonics,0028000191,1980-11-14,SEA vs. KCK,W,0,0,,,0.0,,,0,0,,,,,,,,,,0,,0
18236,21980,77618,Steve Mix,PHL,Philadelphia 76ers,0028000189,1980-11-13,PHL @ IND,W,0,0,,,0.0,,,0,0,,,,,,,,,,0,,0
18237,21980,77528,Jim McElroy,ATL,Atlanta Hawks,0028000188,1980-11-13,ATL @ CLE,L,0,0,,,0.0,,,0,0,,,,,,,,,,0,,0
18238,21980,77262,Chad Kinch,CLE,Cleveland Cavaliers,0028000188,1980-11-13,CLE vs. ATL,W,0,0,,,0.0,,,0,0,,,,,,,,,,0,,0
18239,21980,77078,Kim Hughes,CLE,Cleveland Cavaliers,0028000188,1980-11-13,CLE vs. ATL,W,0,0,,,0.0,,,0,0,,,,,,,,,,0,,0
18240,21980,76734,Don Ford,CLE,Cleveland Cavaliers,0028000188,1980-11-13,CLE vs. ATL,W,0,0,,,0.0,,,0,0,,,,,,,,,,0,,0
18241,21980,76985,Garfield Heard,SDC,San Diego Clippers,0028000187,1980-11-13,SDC vs. SAN,L,0,0,,,0.0,,,0,0,,,,,,,,,,0,,0
18242,21980,76899,Ernie Grunfeld,KCK,Kansas City Kings,0028000185,1980-11-12,KCK @ GOS,L,0,0,,,0.0,,,0,0,,,,,,,,,,0,,0
18243,21980,76590,Leon Douglas,KCK,Kansas City Kings,0028000185,1980-11-12,KCK @ GOS,L,0,0,,,0.0,,,0,0,,,,,,,,,,0,,0
18244,21980,76005,Tom Abernethy,GOS,Golden State Warriors,0028000185,1980-11-12,GOS vs. KCK,W,0,0,,,0.0,,,0,0,,,,,,,,,,0,,0
18245,21980,76707,Eric Fernsten,BOS,Boston Celtics,0028000184,1980-11-12,BOS vs. WAS,W,0,0,,,0.0,,,0,0,,,,,,,,,,0,,0
18246,21980,77353,Allen Leavell,HOU,Houston Rockets,0028000183,1980-11-12,HOU vs. LAL,W,0,0,,,0.0,,,0,0,,,,,,,,,,0,,0
18247,21980,76248,Jim Brewer,LAL,Los Angeles Lakers,0028000183,1980-11-12,LAL @ HOU,L,0,0,,,0.0,,,0,0,,,,,,,,,,0,,0
18248,21980,77718,Mike Niles,PHX,Phoenix Suns,0028000182,1980-11-12,PHX vs. SAN,W,0,0,,,0.0,,,0,0,,,,,,,,,,0,,0
18249,21980,77149,George Johnson,SAN,San Antonio Spurs,0028000182,1980-11-12,SAN @ PHX,L,0,0,,,0.0,,,0,0,,,,,,,,,,0,,0
18250,21980,77364,Ron Lee,DET,Detroit Pistons,0028000180,1980-11-12,DET vs. MIL,L,0,0,,,0.0,,,0,0,,,,,,,,,,0,,0
18251,21980,76765,Tony Fuller,DET,Detroit Pistons,0028000180,1980-11-12,DET vs. MIL,L,0,0,,,0.0,,,0,0,,,,,,,,,,0,,0
18252,21980,78513,Rudy White,SEA,Seattle SuperSonics,0028000186,1980-11-12,SEA vs. UTH,L,0,0,,,0.0,,,0,0,,,,,,,,,,0,,0
18253,21980,76567,Coby Dietrick,CHI,Chicago Bulls,0028000177,1980-11-11,CHI vs. PHL,L,0,0,,,0.0,,,0,0,,,,,,,,,,0,,0
18254,21980,77364,Ron Lee,DET,Detroit Pistons,0028000176,1980-11-11,DET @ NYK,L,0,0,,,0.0,,,0,0,,,,,,,,,,0,,0
18255,21980,76830,Glen Gondrezick,DEN,Denver Nuggets,0028000175,1980-11-11,DEN @ WAS,L,0,0,,,0.0,,,0,0,,,,,,,,,,0,,0
18256,21980,328,Rick Mahorn,WAS,Washington Bullets,0028000175,1980-11-11,WAS vs. DEN,W,0,0,,,0.0,,,0,0,,,,,,,,,,0,,0
18257,21980,77024,Armond Hill,ATL,Atlanta Hawks,0028000174,1980-11-11,ATL vs. LAL,L,0,0,,,0.0,,,0,0,,,,,,,,,,0,,0
18258,21980,76899,Ernie Grunfeld,KCK,Kansas City Kings,0028000173,1980-11-11,KCK @ POR,W,0,0,,,0.0,,,0,0,,,,,,,,,,0,,0
18259,21980,77262,Chad Kinch,CLE,Cleveland Cavaliers,0028000172,1980-11-11,CLE vs. MIL,L,0,0,,,0.0,,,0,0,,,,,,,,,,0,,0
18260,21980,76734,Don Ford,CLE,Cleveland Cavaliers,0028000172,1980-11-11,CLE vs. MIL,L,0,0,,,0.0,,,0,0,,,,,,,,,,0,,0
18261,21980,78146,Jerry Sichting,IND,Indiana Pacers,0028000171,1980-11-11,IND @ SAN,W,0,0,,,0.0,,,0,0,,,,,,,,,,0,,0
18262,21980,77817,Billy Paultz,HOU,Houston Rockets,0028000170,1980-11-11,HOU @ DAL,W,0,0,,,0.0,,,0,0,,,,,,,,,,0,,0
18263,21980,77136,Clemon Johnson,IND,Indiana Pacers,0028000169,1980-11-10,IND @ UTH,L,0,0,,,0.0,,,0,0,,,,,,,,,,0,,0
18264,21980,940,Earl Cureton,PHL,Philadelphia 76ers,0028000168,1980-11-09,PHL @ MIL,W,0,0,,,0.0,,,0,0,,,,,,,,,,0,,0
18265,21980,76567,Coby Dietrick,CHI,Chicago Bulls,0028000167,1980-11-09,CHI @ BOS,L,0,0,,,0.0,,,0,0,,,,,,,,,,0,,0
18266,21980,76249,Ron Brewer,POR,Portland Trail Blazers,0028000165,1980-11-08,POR vs. SDC,L,0,0,,,0.0,,,0,0,,,,,,,,,,0,,0
18267,21980,77040,Brad Holland,LAL,Los Angeles Lakers,0028000164,1980-11-08,LAL @ SAN,L,0,0,,,0.0,,,0,0,,,,,,,,,,0,,0
18268,21980,78449,Lloyd Walton,KCK,Kansas City Kings,0028000163,1980-11-08,KCK vs. CLE,W,0,0,,,0.0,,,0,0,,,,,,,,,,0,,0
18269,21980,77692,Kenny Natt,IND,Indiana Pacers,0028000162,1980-11-08,IND @ GOS,L,0,0,,,0.0,,,0,0,,,,,,,,,,0,,0
18270,21980,77920,Jamesearl Ray,DEN,Denver Nuggets,0028000161,1980-11-08,DEN @ CHI,W,0,0,,,0.0,,,0,0,,,,,,,,,,0,,0
18271,21980,77829,Sam Pellom,ATL,Atlanta Hawks,0028000160,1980-11-08,ATL @ NJN,L,0,0,,,0.0,,,0,0,,,,,,,,,,0,,0
18272,21980,76619,John Duren,UTH,Utah Jazz,0028000159,1980-11-08,UTH vs. NYK,L,0,0,,,0.0,,,0,0,,,,,,,,,,0,,0
18273,21980,76553,Larry Demic,NYK,New York Knicks,0028000159,1980-11-08,NYK @ UTH,W,0,0,,,0.0,,,0,0,,,,,,,,,,0,,0
18274,21980,77996,Wayne Robinson,DET,Detroit Pistons,0028000158,1980-11-08,DET vs. DAL,W,0,0,,,0.0,,,0,0,,,,,,,,,,0,,0
18275,21980,76608,Terry Duerod,DAL,Dallas Mavericks,0028000158,1980-11-08,DAL @ DET,L,0,0,,,0.0,,,0,0,,,,,,,,,,0,,0
18276,21980,940,Earl Cureton,PHL,Philadelphia 76ers,0028000157,1980-11-07,PHL vs. KCK,W,0,0,,,0.0,,,0,0,,,,,,,,,,0,,0
18277,21980,77100,Tony Jackson,LAL,Los Angeles Lakers,0028000156,1980-11-07,LAL @ DAL,W,0,0,,,0.0,,,0,0,,,,,,,,,,0,,0
18278,21980,600010,Len Elmore,MIL,Milwaukee Bucks,0028000155,1980-11-07,MIL @ BOS,W,0,0,,,0.0,,,0,0,,,,,,,,,,0,,0
18279,21980,77312,Wayne Kreklow,BOS,Boston Celtics,0028000155,1980-11-07,BOS vs. MIL,L,0,0,,,0.0,,,0,0,,,,,,,,,,0,,0
18280,21980,76483,Pat Cummings,MIL,Milwaukee Bucks,0028000155,1980-11-07,MIL @ BOS,W,0,0,,,0.0,,,0,0,,,,,,,,,,0,,0
18281,21980,78618,Sam Worthen,CHI,Chicago Bulls,0028000153,1980-11-07,CHI vs. ATL,W,0,0,,,0.0,,,0,0,,,,,,,,,,0,,0
18282,21980,78614,Mike Woodson,NYK,New York Knicks,0028000152,1980-11-07,NYK @ DEN,W,0,0,,,0.0,,,0,0,,,,,,,,,,0,,0
18283,21980,76360,Reggie Carter,NYK,New York Knicks,0028000152,1980-11-07,NYK @ DEN,W,0,0,,,0.0,,,0,0,,,,,,,,,,0,,0
18284,21980,328,Rick Mahorn,WAS,Washington Bullets,0028000151,1980-11-07,WAS vs. DET,W,0,0,,,0.0,,,0,0,,,,,,,,,,0,,0
18285,21980,77917,Clifford Ray,GOS,Golden State Warriors,0028000150,1980-11-07,GOS @ POR,L,0,0,,,0.0,,,0,0,,,,,,,,,,0,,0
18286,21980,76249,Ron Brewer,POR,Portland Trail Blazers,0028000150,1980-11-07,POR vs. GOS,W,0,0,,,0.0,,,0,0,,,,,,,,,,0,,0
18287,21980,76005,Tom Abernethy,GOS,Golden State Warriors,0028000150,1980-11-07,GOS @ POR,L,0,0,,,0.0,,,0,0,,,,,,,,,,0,,0
18288,21980,76619,John Duren,UTH,Utah Jazz,0028000149,1980-11-06,UTH vs. CLE,W,0,0,,,0.0,,,0,0,,,,,,,,,,0,,0
18289,21980,328,Rick Mahorn,WAS,Washington Bullets,0028000148,1980-11-06,WAS vs. DAL,W,0,0,,,0.0,,,0,0,,,,,,,,,,0,,0
18290,21980,78436,Foots Walker,NJN,New Jersey Nets,0028000147,1980-11-05,NJN vs. CHI,L,0,0,,,0.0,,,0,0,,,,,,,,,,0,,0
18291,21980,78215,Ricky Sobers,CHI,Chicago Bulls,0028000147,1980-11-05,CHI @ NJN,W,0,0,,,0.0,,,0,0,,,,,,,,,,0,,0
18292,21980,77364,Ron Lee,DET,Detroit Pistons,0028000146,1980-11-05,DET @ PHL,L,0,0,,,0.0,,,0,0,,,,,,,,,,0,,0
18293,21980,77239,Greg Kelser,DET,Detroit Pistons,0028000146,1980-11-05,DET @ PHL,L,0,0,,,0.0,,,0,0,,,,,,,,,,0,,0
18294,21980,77175,Caldwell Jones,PHL,Philadelphia 76ers,0028000146,1980-11-05,PHL vs. DET,W,0,0,,,0.0,,,0,0,,,,,,,,,,0,,0
18295,21980,77528,Jim McElroy,ATL,Atlanta Hawks,0028000145,1980-11-05,ATL @ BOS,L,0,0,,,0.0,,,0,0,,,,,,,,,,0,,0
18296,21980,78513,Rudy White,SEA,Seattle SuperSonics,0028000144,1980-11-05,SEA vs. DEN,L,0,0,,,0.0,,,0,0,,,,,,,,,,0,,0
18297,21980,77718,Mike Niles,PHX,Phoenix Suns,0028000143,1980-11-05,PHX @ SAN,L,0,0,,,0.0,,,0,0,,,,,,,,,,0,,0
18298,21980,77582,Joe Meriweather,KCK,Kansas City Kings,0028000142,1980-11-05,KCK vs. NYK,W,0,0,,,0.0,,,0,0,,,,,,,,,,0,,0
18299,21980,76899,Ernie Grunfeld,KCK,Kansas City Kings,0028000142,1980-11-05,KCK vs. NYK,W,0,0,,,0.0,,,0,0,,,,,,,,,,0,,0
18300,21980,78520,Sidney Wicks,SDC,San Diego Clippers,0028000141,1980-11-05,SDC @ HOU,W,0,0,,,0.0,,,0,0,,,,,,,,,,0,,0
18301,21980,76162,Henry Bibby,SDC,San Diego Clippers,0028000141,1980-11-05,SDC @ HOU,W,0,0,,,0.0,,,0,0,,,,,,,,,,0,,0
18302,21980,76283,Rickey Brown,GOS,Golden State Warriors,0028000140,1980-11-05,GOS vs. CLE,W,0,0,,,0.0,,,0,0,,,,,,,,,,0,,0
18303,21980,600005,Bob Lanier,MIL,Milwaukee Bucks,0028000139,1980-11-04,MIL vs. DET,L,0,0,,,0.0,,,0,0,,,,,,,,,,0,,0
18304,21980,76249,Ron Brewer,POR,Portland Trail Blazers,0028000138,1980-11-04,POR @ LAL,L,0,0,,,0.0,,,0,0,,,,,,,,,,0,,0
18305,21980,77910,Wally Rank,SDC,San Diego Clippers,0028000137,1980-11-04,SDC @ DAL,W,0,0,,,0.0,,,0,0,,,,,,,,,,0,,0
18306,21980,76030,Darrell Allums,DAL,Dallas Mavericks,0028000137,1980-11-04,DAL vs. SDC,L,0,0,,,0.0,,,0,0,,,,,,,,,,0,,0
18307,21980,77308,Joel Kramer,PHX,Phoenix Suns,0028000136,1980-11-04,PHX vs. IND,W,0,0,,,0.0,,,0,0,,,,,,,,,,0,,0
18308,21980,76899,Ernie Grunfeld,KCK,Kansas City Kings,0028000135,1980-11-04,KCK @ UTH,L,0,0,,,0.0,,,0,0,,,,,,,,,,0,,0
18309,21980,76441,Wayne Cooper,UTH,Utah Jazz,0028000135,1980-11-04,UTH vs. KCK,W,0,0,,,0.0,,,0,0,,,,,,,,,,0,,0
18310,21980,328,Rick Mahorn,WAS,Washington Bullets,0028000134,1980-11-04,WAS vs. ATL,W,0,0,,,0.0,,,0,0,,,,,,,,,,0,,0
18311,21980,76078,Dennis Awtrey,SEA,Seattle SuperSonics,0028000133,1980-11-03,SEA vs. CLE,W,0,0,,,0.0,,,0,0,,,,,,,,,,0,,0
18312,21980,77136,Clemon Johnson,IND,Indiana Pacers,0028000132,1980-11-02,IND @ MIL,L,0,0,,,0.0,,,0,0,,,,,,,,,,0,,0
18313,21980,77021,Kenny Higgs,DEN,Denver Nuggets,0028000131,1980-11-02,DEN @ LAL,W,0,0,,,0.0,,,0,0,,,,,,,,,,0,,0
18314,21980,76248,Jim Brewer,LAL,Los Angeles Lakers,0028000131,1980-11-02,LAL vs. DEN,L,0,0,,,0.0,,,0,0,,,,,,,,,,0,,0
18315,21980,78516,Jerome Whitehead,CLE,Cleveland Cavaliers,0028000130,1980-11-02,CLE @ POR,L,0,0,,,0.0,,,0,0,,,,,,,,,,0,,0
18316,21980,77323,Kevin Kunnert,POR,Portland Trail Blazers,0028000130,1980-11-02,POR vs. CLE,W,0,0,,,0.0,,,0,0,,,,,,,,,,0,,0
18317,21980,78425,Brett Vroman,UTH,Utah Jazz,0028000128,1980-11-01,UTH @ POR,W,0,0,,,0.0,,,0,0,,,,,,,,,,0,,0
18318,21980,77873,Ben Poquette,UTH,Utah Jazz,0028000128,1980-11-01,UTH @ POR,W,0,0,,,0.0,,,0,0,,,,,,,,,,0,,0
18319,21980,77323,Kevin Kunnert,POR,Portland Trail Blazers,0028000128,1980-11-01,POR vs. UTH,L,0,0,,,0.0,,,0,0,,,,,,,,,,0,,0
18320,21980,77215,Jeff Judkins,UTH,Utah Jazz,0028000128,1980-11-01,UTH @ POR,W,0,0,,,0.0,,,0,0,,,,,,,,,,0,,0
18321,21980,76954,Mike Harper,POR,Portland Trail Blazers,0028000128,1980-11-01,POR vs. UTH,L,0,0,,,0.0,,,0,0,,,,,,,,,,0,,0
18322,21980,77175,Caldwell Jones,PHL,Philadelphia 76ers,0028000127,1980-11-01,PHL vs. BOS,W,0,0,,,0.0,,,0,0,,,,,,,,,,0,,0
18323,21980,600010,Len Elmore,MIL,Milwaukee Bucks,0028000126,1980-11-01,MIL @ ATL,W,0,0,,,0.0,,,0,0,,,,,,,,,,0,,0
18324,21980,77528,Jim McElroy,ATL,Atlanta Hawks,0028000126,1980-11-01,ATL vs. MIL,L,0,0,,,0.0,,,0,0,,,,,,,,,,0,,0
18325,21980,76483,Pat Cummings,MIL,Milwaukee Bucks,0028000126,1980-11-01,MIL @ ATL,W,0,0,,,0.0,,,0,0,,,,,,,,,,0,,0
18326,21980,78533,James Wilkes,CHI,Chicago Bulls,0028000125,1980-11-01,CHI vs. DET,W,0,0,,,0.0,,,0,0,,,,,,,,,,0,,0
18327,21980,77364,Ron Lee,DET,Detroit Pistons,0028000125,1980-11-01,DET @ CHI,L,0,0,,,0.0,,,0,0,,,,,,,,,,0,,0
18328,21980,77920,Jamesearl Ray,DEN,Denver Nuggets,0028000124,1980-11-01,DEN vs. SEA,W,0,0,,,0.0,,,0,0,,,,,,,,,,0,,0
18329,21980,76078,Dennis Awtrey,SEA,Seattle SuperSonics,0028000124,1980-11-01,SEA @ DEN,L,0,0,,,0.0,,,0,0,,,,,,,,,,0,,0
18330,21980,78575,John Williamson,WAS,Washington Bullets,0028000123,1980-11-01,WAS @ NYK,L,0,0,,,0.0,,,0,0,,,,,,,,,,0,,0
18331,21980,77937,Billy Reid,GOS,Golden State Warriors,0028000122,1980-11-01,GOS vs. SAN,W,0,0,,,0.0,,,0,0,,,,,,,,,,0,,0
18332,21980,76283,Rickey Brown,GOS,Golden State Warriors,0028000122,1980-11-01,GOS vs. SAN,W,0,0,,,0.0,,,0,0,,,,,,,,,,0,,0
18333,21980,77692,Kenny Natt,IND,Indiana Pacers,0028000121,1980-11-01,IND vs. NJN,W,0,0,,,0.0,,,0,0,,,,,,,,,,0,,0
18334,21980,77163,Reggie Johnson,SAN,San Antonio Spurs,0028000120,1980-10-31,SAN @ SEA,W,0,0,,,0.0,,,0,0,,,,,,,,,,0,,0
18335,21980,76078,Dennis Awtrey,SEA,Seattle SuperSonics,0028000120,1980-10-31,SEA vs. SAN,L,0,0,,,0.0,,,0,0,,,,,,,,,,0,,0
18336,21980,77882,Tony Price,SDC,San Diego Clippers,0028000118,1980-10-31,SDC vs. GOS,W,0,0,,,0.0,,,0,0,,,,,,,,,,0,,0
18337,21980,78516,Jerome Whitehead,CLE,Cleveland Cavaliers,0028000117,1980-10-31,CLE @ LAL,L,0,0,,,0.0,,,0,0,,,,,,,,,,0,,0
18338,21980,76734,Don Ford,CLE,Cleveland Cavaliers,0028000117,1980-10-31,CLE @ LAL,L,0,0,,,0.0,,,0,0,,,,,,,,,,0,,0
18339,21980,78132,Craig Shelton,ATL,Atlanta Hawks,0028000116,1980-10-31,ATL @ PHL,L,0,0,,,0.0,,,0,0,,,,,,,,,,0,,0
18340,21980,940,Earl Cureton,PHL,Philadelphia 76ers,0028000116,1980-10-31,PHL vs. ATL,W,0,0,,,0.0,,,0,0,,,,,,,,,,0,,0
18341,21980,77312,Wayne Kreklow,BOS,Boston Celtics,0028000114,1980-10-31,BOS vs. KCK,W,0,0,,,0.0,,,0,0,,,,,,,,,,0,,0
18342,21980,77071,Phil Hubbard,DET,Detroit Pistons,0028000113,1980-10-31,DET vs. PHX,L,0,0,,,0.0,,,0,0,,,,,,,,,,0,,0
18343,21980,76765,Tony Fuller,DET,Detroit Pistons,0028000113,1980-10-31,DET vs. PHX,L,0,0,,,0.0,,,0,0,,,,,,,,,,0,,0
18344,21980,78146,Jerry Sichting,IND,Indiana Pacers,0028000112,1980-10-31,IND @ CHI,W,0,0,,,0.0,,,0,0,,,,,,,,,,0,,0
18345,21980,76471,Charlie Criss,ATL,Atlanta Hawks,0028000111,1980-10-30,ATL @ NYK,L,0,0,,,0.0,,,0,2,0.0,,,,,,,,,0,,0
18346,21980,76360,Reggie Carter,NYK,New York Knicks,0028000111,1980-10-30,NYK vs. ATL,W,0,0,,,0.0,,,0,0,,,,,,,,,,0,,0
18347,21980,76899,Ernie Grunfeld,KCK,Kansas City Kings,0028000110,1980-10-29,KCK vs. POR,W,0,0,,,0.0,,,0,0,,,,,,,,,,0,,0
18348,21980,77215,Jeff Judkins,UTH,Utah Jazz,0028000109,1980-10-29,UTH vs. SAN,W,0,0,,,0.0,,,0,0,,,,,,,,,,0,,0
18349,21980,76889,Paul Griffin,SAN,San Antonio Spurs,0028000109,1980-10-29,SAN @ UTH,L,0,0,,,0.0,,,0,0,,,,,,,,,,0,,0
18350,21980,76441,Wayne Cooper,UTH,Utah Jazz,0028000109,1980-10-29,UTH vs. SAN,W,0,0,,,0.0,,,0,0,,,,,,,,,,0,,0
18351,21980,78095,Alvin Scott,PHX,Phoenix Suns,0028000107,1980-10-29,PHX vs. SDC,W,0,0,,,0.0,,,0,0,,,,,,,,,,0,,0
18352,21980,77396,Scott Lloyd,DAL,Dallas Mavericks,0028000106,1980-10-29,DAL @ HOU,L,0,0,,,0.0,,,0,0,,,,,,,,,,0,,0
18353,21980,76030,Darrell Allums,DAL,Dallas Mavericks,0028000106,1980-10-29,DAL @ HOU,L,0,0,,,0.0,,,0,0,,,,,,,,,,0,,0
18354,21980,78618,Sam Worthen,CHI,Chicago Bulls,0028000104,1980-10-29,CHI @ PHL,L,0,0,,,0.0,,,0,0,,,,,,,,,,0,,0
18355,21980,77715,Carl Nicks,DEN,Denver Nuggets,0028000103,1980-10-29,DEN @ GOS,L,0,0,,,0.0,,,0,0,,,,,,,,,,0,,0
18356,21980,77021,Kenny Higgs,DEN,Denver Nuggets,0028000103,1980-10-29,DEN @ GOS,L,0,0,,,0.0,,,0,0,,,,,,,,,,0,,0
18357,21980,76283,Rickey Brown,GOS,Golden State Warriors,0028000103,1980-10-29,GOS vs. DEN,W,0,0,,,0.0,,,0,0,,,,,,,,,,0,,0
18358,21980,77937,Billy Reid,GOS,Golden State Warriors,0028000101,1980-10-28,GOS @ SEA,L,0,0,,,0.0,,,0,0,,,,,,,,,,0,,0
18359,21980,77800,Sonny Parker,GOS,Golden State Warriors,0028000101,1980-10-28,GOS @ SEA,L,0,0,,,0.0,,,0,0,,,,,,,,,,0,,0
18360,21980,76078,Dennis Awtrey,SEA,Seattle SuperSonics,0028000101,1980-10-28,SEA vs. GOS,W,0,0,,,0.0,,,0,0,,,,,,,,,,0,,0
18361,21980,78516,Jerome Whitehead,DAL,Dallas Mavericks,0028000100,1980-10-28,DAL vs. UTH,L,0,0,,,0.0,,,0,0,,,,,,,,,,0,,0
18362,21980,76348,Austin Carr,DAL,Dallas Mavericks,0028000100,1980-10-28,DAL vs. UTH,L,0,0,,,0.0,,,0,0,,,,,,,,,,0,,0
18363,21980,76567,Coby Dietrick,CHI,Chicago Bulls,0028000099,1980-10-28,CHI vs. MIL,L,0,0,,,0.0,,,0,0,,,,,,,,,,0,,0
18364,21980,76734,Don Ford,CLE,Cleveland Cavaliers,0028000097,1980-10-28,CLE vs. PHL,L,0,0,,,0.0,,,0,0,,,,,,,,,,0,,0
18365,21980,77323,Kevin Kunnert,POR,Portland Trail Blazers,0028000096,1980-10-28,POR @ SAN,L,0,0,,,0.0,,,0,0,,,,,,,,,,0,,0
18366,21980,76954,Mike Harper,POR,Portland Trail Blazers,0028000096,1980-10-28,POR @ SAN,L,0,0,,,0.0,,,0,0,,,,,,,,,,0,,0
18367,21980,76944,Bill Hanzlik,SEA,Seattle SuperSonics,0028000094,1980-10-26,SEA vs. POR,W,0,0,,,0.0,,,0,0,,,,,,,,,,0,,0
18368,21980,76078,Dennis Awtrey,SEA,Seattle SuperSonics,0028000094,1980-10-26,SEA vs. POR,W,0,0,,,0.0,,,0,0,,,,,,,,,,0,,0
18369,21980,76248,Jim Brewer,LAL,Los Angeles Lakers,0028000093,1980-10-26,LAL vs. SAN,L,0,0,,,0.0,,,0,0,,,,,,,,,,0,,0
18370,21980,78520,Sidney Wicks,SDC,San Diego Clippers,0028000091,1980-10-25,SDC vs. SAN,L,0,0,,,0.0,,,0,0,,,,,,,,,,0,,0
18371,21980,77858,Stan Pietkiewicz,SDC,San Diego Clippers,0028000091,1980-10-25,SDC vs. SAN,L,0,0,,,0.0,,,0,0,,,,,,,,,,0,,0
18372,21980,77633,Johnny Moore,SAN,San Antonio Spurs,0028000091,1980-10-25,SAN @ SDC,W,0,0,,,0.0,,,0,0,,,,,,,,,,0,,0
18373,21980,78614,Mike Woodson,NYK,New York Knicks,0028000090,1980-10-25,NYK vs. NJN,W,0,0,,,0.0,,,0,0,,,,,,,,,,0,,0
18374,21980,78481,Marvin Webster,NYK,New York Knicks,0028000090,1980-10-25,NYK vs. NJN,W,0,0,,,0.0,,,0,0,,,,,,,,,,0,,0
18375,21980,76360,Reggie Carter,NYK,New York Knicks,0028000090,1980-10-25,NYK vs. NJN,W,0,0,,,0.0,,,0,0,,,,,,,,,,0,,0
18376,21980,77817,Billy Paultz,HOU,Houston Rockets,0028000089,1980-10-25,HOU vs. DET,L,0,0,,,0.0,,,0,0,,,,,,,,,,0,,0
18377,21980,78425,Brett Vroman,UTH,Utah Jazz,0028000088,1980-10-25,UTH vs. LAL,L,0,0,,,0.0,,,0,0,,,,,,,,,,0,,0
18378,21980,76948,James Hardy,UTH,Utah Jazz,0028000088,1980-10-25,UTH vs. LAL,L,0,0,,,0.0,,,0,0,,,,,,,,,,0,,0
18379,21980,76441,Wayne Cooper,UTH,Utah Jazz,0028000088,1980-10-25,UTH vs. LAL,L,0,0,,,0.0,,,0,0,,,,,,,,,,0,,0
18380,21980,78510,Jojo White,KCK,Kansas City Kings,0028000086,1980-10-25,KCK vs. DEN,W,0,0,,,0.0,,,0,0,,,,,,,,,,0,,0
18381,21980,600010,Len Elmore,MIL,Milwaukee Bucks,0028000084,1980-10-25,MIL vs. CHI,W,0,0,,,0.0,,,0,0,,,,,,,,,,0,,0
18382,21980,78146,Jerry Sichting,IND,Indiana Pacers,0028000083,1980-10-25,IND @ CLE,L,0,0,,,0.0,,,0,0,,,,,,,,,,0,,0
18383,21980,77262,Chad Kinch,CLE,Cleveland Cavaliers,0028000083,1980-10-25,CLE vs. IND,W,0,0,,,0.0,,,0,0,,,,,,,,,,0,,0
18384,21980,76734,Don Ford,CLE,Cleveland Cavaliers,0028000083,1980-10-25,CLE vs. IND,W,0,0,,,0.0,,,0,0,,,,,,,,,,0,,0
18385,21980,77950,Clint Richardson,PHL,Philadelphia 76ers,0028000082,1980-10-25,PHL @ ATL,W,0,0,,,0.0,,,0,0,,,,,,,,,,0,,0
18386,21980,77718,Mike Niles,PHX,Phoenix Suns,0028000081,1980-10-25,PHX @ SEA,W,0,0,,,0.0,,,0,0,,,,,,,,,,0,,0
18387,21980,76944,Bill Hanzlik,SEA,Seattle SuperSonics,0028000081,1980-10-25,SEA vs. PHX,L,0,0,,,0.0,,,0,0,,,,,,,,,,0,,0
18388,21980,77040,Brad Holland,LAL,Los Angeles Lakers,0028000079,1980-10-24,LAL vs. SEA,W,0,0,,,0.0,,,0,0,,,,,,,,,,0,,0
18389,21980,76947,Alan Hardy,LAL,Los Angeles Lakers,0028000079,1980-10-24,LAL vs. SEA,W,0,0,,,0.0,,,0,0,,,,,,,,,,0,,0
18390,21980,76444,Michael Cooper,LAL,Los Angeles Lakers,0028000079,1980-10-24,LAL vs. SEA,W,0,0,,,0.0,,,0,0,,,,,,,,,,0,,0
18391,21980,76248,Jim Brewer,LAL,Los Angeles Lakers,0028000079,1980-10-24,LAL vs. SEA,W,0,0,,,0.0,,,0,0,,,,,,,,,,0,,0
18392,21980,78533,James Wilkes,CHI,Chicago Bulls,0028000078,1980-10-24,CHI vs. WAS,W,0,0,,,0.0,,,0,0,,,,,,,,,,0,,0
18393,21980,78307,Carlos Terry,WAS,Washington Bullets,0028000078,1980-10-24,WAS @ CHI,L,0,0,,,0.0,,,0,0,,,,,,,,,,0,,0
18394,21980,77882,Tony Price,SDC,San Diego Clippers,0028000077,1980-10-24,SDC vs. UTH,W,0,0,,,0.0,,,0,0,,,,,,,,,,0,,0
18395,21980,77858,Stan Pietkiewicz,SDC,San Diego Clippers,0028000077,1980-10-24,SDC vs. UTH,W,0,0,,,0.0,,,0,0,,,,,,,,,,0,,0
18396,21980,77323,Kevin Kunnert,POR,Portland Trail Blazers,0028000076,1980-10-24,POR vs. DAL,W,0,0,,,0.0,,,0,0,,,,,,,,,,0,,0
18397,21980,76435,Darwin Cook,NJN,New Jersey Nets,0028000075,1980-10-24,NJN vs. CLE,L,0,0,,,0.0,,,0,0,,,,,,,,,,0,,0
18398,21980,77692,Kenny Natt,IND,Indiana Pacers,0028000074,1980-10-24,IND vs. ATL,W,0,0,,,0.0,,,0,0,,,,,,,,,,0,,0
18399,21980,77553,Tom McMillen,ATL,Atlanta Hawks,0028000074,1980-10-24,ATL @ IND,L,0,0,,,0.0,,,0,0,,,,,,,,,,0,,0
18400,21980,78614,Mike Woodson,NYK,New York Knicks,0028000073,1980-10-23,NYK @ BOS,W,0,0,,,0.0,,,0,0,,,,,,,,,,0,,0
18401,21980,76822,Mike Glenn,NYK,New York Knicks,0028000073,1980-10-23,NYK @ BOS,W,0,0,,,0.0,,,0,0,,,,,,,,,,0,,0
18402,21980,76707,Eric Fernsten,BOS,Boston Celtics,0028000073,1980-10-23,BOS vs. NYK,L,0,0,,,0.0,,,0,0,,,,,,,,,,0,,0
18403,21980,77817,Billy Paultz,HOU,Houston Rockets,0028000072,1980-10-23,HOU vs. KCK,L,0,0,,,0.0,,,0,0,,,,,,,,,,0,,0
18404,21980,77189,Major Jones,HOU,Houston Rockets,0028000072,1980-10-23,HOU vs. KCK,L,0,0,,,0.0,,,0,0,,,,,,,,,,0,,0
18405,21980,76616,Mike Dunleavy,HOU,Houston Rockets,0028000072,1980-10-23,HOU vs. KCK,L,0,0,,,0.0,,,0,0,,,,,,,,,,0,,0
18406,21980,77917,Clifford Ray,GOS,Golden State Warriors,0028000071,1980-10-23,GOS @ SAN,L,0,0,,,0.0,,,0,0,,,,,,,,,,0,,0
18407,21980,76944,Bill Hanzlik,SEA,Seattle SuperSonics,0028000070,1980-10-22,SEA vs. DAL,L,0,0,,,0.0,,,0,0,,,,,,,,,,0,,0
18408,21980,76030,Darrell Allums,DAL,Dallas Mavericks,0028000070,1980-10-22,DAL @ SEA,W,0,0,,,0.0,,,0,0,,,,,,,,,,0,,0
18409,21980,77950,Clint Richardson,PHL,Philadelphia 76ers,0028000069,1980-10-22,PHL @ DET,W,0,0,,,0.0,,,0,0,,,,,,,,,,0,,0
18410,21980,77623,Paul Mokeski,DET,Detroit Pistons,0028000069,1980-10-22,DET vs. PHL,L,0,0,,,0.0,,,0,0,,,,,,,,,,0,,0
18411,21980,76599,Larry Drew,DET,Detroit Pistons,0028000069,1980-10-22,DET vs. PHL,L,0,0,,,0.0,,,0,0,,,,,,,,,,0,,0
18412,21980,78146,Jerry Sichting,IND,Indiana Pacers,0028000068,1980-10-22,IND vs. MIL,L,0,0,,,0.0,,,0,0,,,,,,,,,,0,,0
18413,21980,77770,Louis Orr,IND,Indiana Pacers,0028000068,1980-10-22,IND vs. MIL,L,0,0,,,0.0,,,0,0,,,,,,,,,,0,,0
18414,21980,76365,Harvey Catchings,MIL,Milwaukee Bucks,0028000068,1980-10-22,MIL @ IND,W,0,0,,,0.0,,,0,0,,,,,,,,,,0,,0
18415,21980,77323,Kevin Kunnert,POR,Portland Trail Blazers,0028000064,1980-10-21,POR vs. LAL,W,0,0,,,0.0,,,0,0,,,,,,,,,,0,,0
18416,21980,77040,Brad Holland,LAL,Los Angeles Lakers,0028000064,1980-10-21,LAL @ POR,L,0,0,,,0.0,,,0,0,,,,,,,,,,0,,0
18417,21980,76248,Jim Brewer,LAL,Los Angeles Lakers,0028000064,1980-10-21,LAL @ POR,L,0,0,,,0.0,,,0,0,,,,,,,,,,0,,0
18418,21980,78000,John Roche,DEN,Denver Nuggets,0028000063,1980-10-21,DEN vs. HOU,L,0,0,,,0.0,,,0,0,,,,,,,,,,0,,0
18419,21980,77920,Jamesearl Ray,DEN,Denver Nuggets,0028000063,1980-10-21,DEN vs. HOU,L,0,0,,,0.0,,,0,0,,,,,,,,,,0,,0
18420,21980,77817,Billy Paultz,HOU,Houston Rockets,0028000063,1980-10-21,HOU @ DEN,W,0,0,,,0.0,,,0,0,,,,,,,,,,0,,0
18421,21980,77158,Lee Johnson,HOU,Houston Rockets,0028000063,1980-10-21,HOU @ DEN,W,0,0,,,0.0,,,0,0,,,,,,,,,,0,,0
18422,21980,76830,Glen Gondrezick,DEN,Denver Nuggets,0028000063,1980-10-21,DEN vs. HOU,L,0,0,,,0.0,,,0,0,,,,,,,,,,0,,0
18423,21980,76985,Garfield Heard,SDC,San Diego Clippers,0028000061,1980-10-21,SDC @ SAN,L,0,0,,,0.0,,,0,0,,,,,,,,,,0,,0
18424,21980,78146,Jerry Sichting,IND,Indiana Pacers,0028000060,1980-10-21,IND @ ATL,W,0,0,,,0.0,,,0,0,,,,,,,,,,0,,0
18425,21980,78132,Craig Shelton,ATL,Atlanta Hawks,0028000060,1980-10-21,ATL vs. IND,L,0,0,,,0.0,,,0,0,,,,,,,,,,0,,0
18426,21980,77136,Clemon Johnson,IND,Indiana Pacers,0028000060,1980-10-21,IND @ ATL,W,0,0,,,0.0,,,0,0,,,,,,,,,,0,,0
18427,21980,77126,Abdul Jeelani,DAL,Dallas Mavericks,0028000059,1980-10-21,DAL @ PHX,L,0,0,,,0.0,,,0,0,,,,,,,,,,0,,0
18428,21980,76604,Ralph Drollinger,DAL,Dallas Mavericks,0028000059,1980-10-21,DAL @ PHX,L,0,0,,,0.0,,,0,0,,,,,,,,,,0,,0
18429,21980,76553,Larry Demic,NYK,New York Knicks,0028000058,1980-10-21,NYK vs. CHI,W,0,0,,,0.0,,,0,0,,,,,,,,,,0,,0
18430,21980,78425,Brett Vroman,UTH,Utah Jazz,0028000057,1980-10-20,UTH vs. SEA,L,0,0,,,0.0,,,0,0,,,,,,,,,,0,,0
18431,21980,77215,Jeff Judkins,UTH,Utah Jazz,0028000057,1980-10-20,UTH vs. SEA,L,0,0,,,0.0,,,0,0,,,,,,,,,,0,,0
18432,21980,76948,James Hardy,UTH,Utah Jazz,0028000057,1980-10-20,UTH vs. SEA,L,0,0,,,0.0,,,0,0,,,,,,,,,,0,,0
18433,21980,76257,Allan Bristow,UTH,Utah Jazz,0028000057,1980-10-20,UTH vs. SEA,L,0,0,,,0.0,,,0,0,,,,,,,,,,0,,0
18434,21980,77910,Wally Rank,SDC,San Diego Clippers,0028000056,1980-10-19,SDC vs. PHX,L,0,0,,,0.0,,,0,0,,,,,,,,,,0,,0
18435,21980,77858,Stan Pietkiewicz,SDC,San Diego Clippers,0028000056,1980-10-19,SDC vs. PHX,L,0,0,,,0.0,,,0,0,,,,,,,,,,0,,0
18436,21980,77308,Joel Kramer,PHX,Phoenix Suns,0028000056,1980-10-19,PHX @ SDC,W,0,0,,,0.0,,,0,0,,,,,,,,,,0,,0
18437,21980,77937,Billy Reid,GOS,Golden State Warriors,0028000055,1980-10-19,GOS @ LAL,L,0,0,,,0.0,,,0,0,,,,,,,,,,0,,0
18438,21980,76248,Jim Brewer,LAL,Los Angeles Lakers,0028000055,1980-10-19,LAL vs. GOS,W,0,0,,,0.0,,,0,0,,,,,,,,,,0,,0
18439,21980,78400,Jan Van Breda Kolff,NJN,New Jersey Nets,0028000054,1980-10-19,NJN @ MIL,L,0,0,,,0.0,,,0,2,0.0,,,,,,,,,0,,0
18440,21980,77718,Mike Niles,PHX,Phoenix Suns,0028000056,1980-10-19,PHX @ SDC,W,0,0,,,,,,0,0,,,,,,,,,,0,,0
18441,21980,77528,Jim McElroy,ATL,Atlanta Hawks,0028000052,1980-10-18,ATL @ DET,W,0,0,,,0.0,,,0,0,,,,,,,,,,0,,0
18442,21980,77364,Ron Lee,DET,Detroit Pistons,0028000052,1980-10-18,DET vs. ATL,L,0,0,,,0.0,,,0,0,,,,,,,,,,0,,0
18443,21980,77175,Caldwell Jones,PHL,Philadelphia 76ers,0028000050,1980-10-18,PHL vs. WAS,W,0,0,,,0.0,,,0,0,,,,,,,,,,0,,0
18444,21980,76583,James Donaldson,SEA,Seattle SuperSonics,0028000049,1980-10-18,SEA @ KCK,W,0,0,,,0.0,,,0,0,,,,,,,,,,0,,0
18445,21980,76078,Dennis Awtrey,SEA,Seattle SuperSonics,0028000049,1980-10-18,SEA @ KCK,W,0,0,,,0.0,,,0,0,,,,,,,,,,0,,0
18446,21980,78516,Jerome Whitehead,DAL,Dallas Mavericks,0028000047,1980-10-18,DAL @ SAN,L,0,0,,,0.0,,,0,2,0.0,,,,,,,,,0,,0
18447,21980,100263,Bill Laimbeer,CLE,Cleveland Cavaliers,0028000046,1980-10-18,CLE vs. MIL,L,0,0,,,0.0,,,0,0,,,,,,,,,,0,,0
18448,21980,77997,Bill Robinzine,CLE,Cleveland Cavaliers,0028000046,1980-10-18,CLE vs. MIL,L,0,0,,,0.0,,,0,0,,,,,,,,,,0,,0
18449,21980,76619,John Duren,UTH,Utah Jazz,0028000045,1980-10-18,UTH vs. DEN,W,0,0,,,0.0,,,0,0,,,,,,,,,,0,,0
18450,21980,76553,Larry Demic,NYK,New York Knicks,0028000044,1980-10-17,NYK @ ATL,L,0,0,,,0.0,,,0,0,,,,,,,,,,0,,0
18451,21980,77158,Lee Johnson,HOU,Houston Rockets,0028000042,1980-10-17,HOU @ POR,W,0,0,,,0.0,,,0,0,,,,,,,,,,0,,0
18452,21980,76348,Austin Carr,DAL,Dallas Mavericks,0028000041,1980-10-17,DAL vs. KCK,L,0,0,,,0.0,,,0,0,,,,,,,,,,0,,0
18453,21980,76225,Winford Boynes,DAL,Dallas Mavericks,0028000041,1980-10-17,DAL vs. KCK,L,0,0,,,0.0,,,0,0,,,,,,,,,,0,,0
18454,21980,77308,Joel Kramer,PHX,Phoenix Suns,0028000040,1980-10-17,PHX @ LAL,L,0,0,,,0.0,,,0,0,,,,,,,,,,0,,0
18455,21980,77235,Rich Kelley,PHX,Phoenix Suns,0028000040,1980-10-17,PHX @ LAL,L,0,0,,,0.0,,,0,0,,,,,,,,,,0,,0
18456,21980,77040,Brad Holland,LAL,Los Angeles Lakers,0028000040,1980-10-17,LAL vs. PHX,W,0,0,,,0.0,,,0,0,,,,,,,,,,0,,0
18457,21980,76248,Jim Brewer,LAL,Los Angeles Lakers,0028000040,1980-10-17,LAL vs. PHX,W,0,0,,,0.0,,,0,0,,,,,,,,,,0,,0
18458,21980,77715,Carl Nicks,DEN,Denver Nuggets,0028000039,1980-10-17,DEN @ SDC,W,0,0,,,0.0,,,0,0,,,,,,,,,,0,,0
18459,21980,77078,Kim Hughes,DEN,Denver Nuggets,0028000039,1980-10-17,DEN @ SDC,W,0,0,,,0.0,,,0,0,,,,,,,,,,0,,0
18460,21980,76985,Garfield Heard,SDC,San Diego Clippers,0028000039,1980-10-17,SDC vs. DEN,L,0,0,,,0.0,,,0,0,,,,,,,,,,0,,0
18461,21980,100263,Bill Laimbeer,CLE,Cleveland Cavaliers,0028000038,1980-10-17,CLE @ CHI,L,0,0,,,0.0,,,0,0,,,,,,,,,,0,,0
18462,21980,78533,James Wilkes,CHI,Chicago Bulls,0028000038,1980-10-17,CHI vs. CLE,W,0,0,,,0.0,,,0,0,,,,,,,,,,0,,0
18463,21980,77262,Chad Kinch,CLE,Cleveland Cavaliers,0028000038,1980-10-17,CLE @ CHI,L,0,0,,,0.0,,,0,0,,,,,,,,,,0,,0
18464,21980,77209,Walter Jordan,CLE,Cleveland Cavaliers,0028000038,1980-10-17,CLE @ CHI,L,0,0,,,0.0,,,0,0,,,,,,,,,,0,,0
18465,21980,76567,Coby Dietrick,CHI,Chicago Bulls,0028000038,1980-10-17,CHI vs. CLE,W,0,0,,,0.0,,,0,0,,,,,,,,,,0,,0
18466,21980,77996,Wayne Robinson,DET,Detroit Pistons,0028000037,1980-10-16,DET vs. SAN,L,0,0,,,0.0,,,0,0,,,,,,,,,,0,,0
18467,21980,76599,Larry Drew,DET,Detroit Pistons,0028000037,1980-10-16,DET vs. SAN,L,0,0,,,0.0,,,0,0,,,,,,,,,,0,,0
18468,21980,100263,Bill Laimbeer,CLE,Cleveland Cavaliers,0028000036,1980-10-16,CLE vs. WAS,W,0,0,,,0.0,,,0,0,,,,,,,,,,0,,0
18469,21980,77262,Chad Kinch,CLE,Cleveland Cavaliers,0028000036,1980-10-16,CLE vs. WAS,W,0,0,,,0.0,,,0,0,,,,,,,,,,0,,0
18470,21980,77209,Walter Jordan,CLE,Cleveland Cavaliers,0028000036,1980-10-16,CLE vs. WAS,W,0,0,,,0.0,,,0,0,,,,,,,,,,0,,0
18471,21980,77163,Reggie Johnson,SAN,San Antonio Spurs,0028000037,1980-10-16,SAN @ DET,W,0,0,,,,,,0,0,,,,,,,,,,0,,0
18472,21980,78146,Jerry Sichting,IND,Indiana Pacers,0028000034,1980-10-15,IND vs. CHI,L,0,0,,,0.0,,,0,0,,,,,,,,,,0,,0
18473,21980,77770,Louis Orr,IND,Indiana Pacers,0028000034,1980-10-15,IND vs. CHI,L,0,0,,,0.0,,,0,0,,,,,,,,,,0,,0
18474,21980,77692,Kenny Natt,IND,Indiana Pacers,0028000034,1980-10-15,IND vs. CHI,L,0,0,,,0.0,,,0,0,,,,,,,,,,0,,0
18475,21980,77432,Ollie Mack,CHI,Chicago Bulls,0028000034,1980-10-15,CHI @ IND,W,0,0,,,0.0,,,0,0,,,,,,,,,,0,,0
18476,21980,77205,Eddie Jordan,NJN,New Jersey Nets,0028000033,1980-10-15,NJN vs. PHL,L,0,0,,,0.0,,,0,0,,,,,,,,,,0,,0
18477,21980,76355,Butch Carter,LAL,Los Angeles Lakers,0028000032,1980-10-15,LAL @ KCK,W,0,0,,,0.0,,,0,0,,,,,,,,,,0,,0
18478,21980,78095,Alvin Scott,PHX,Phoenix Suns,0028000031,1980-10-15,PHX @ UTH,W,0,0,,,0.0,,,0,0,,,,,,,,,,0,,0
18479,21980,77215,Jeff Judkins,UTH,Utah Jazz,0028000031,1980-10-15,UTH vs. PHX,L,0,0,,,0.0,,,0,0,,,,,,,,,,0,,0
18480,21980,77817,Billy Paultz,HOU,Houston Rockets,0028000030,1980-10-15,HOU vs. SEA,W,0,0,,,0.0,,,0,2,0.0,,,,,,,,,0,,0
18481,21980,77158,Lee Johnson,HOU,Houston Rockets,0028000030,1980-10-15,HOU vs. SEA,W,0,0,,,0.0,,,0,0,,,,,,,,,,0,,0
18482,21980,76944,Bill Hanzlik,SEA,Seattle SuperSonics,0028000030,1980-10-15,SEA @ HOU,L,0,0,,,0.0,,,0,0,,,,,,,,,,0,,0
18483,21980,76583,James Donaldson,SEA,Seattle SuperSonics,0028000030,1980-10-15,SEA @ HOU,L,0,0,,,0.0,,,0,0,,,,,,,,,,0,,0
18484,21980,77757,Jawann Oldham,DEN,Denver Nuggets,0028000029,1980-10-15,DEN vs. DAL,W,0,0,,,0.0,,,0,0,,,,,,,,,,0,,0
18485,21980,76348,Austin Carr,DAL,Dallas Mavericks,0028000029,1980-10-15,DAL @ DEN,L,0,0,,,0.0,,,0,0,,,,,,,,,,0,,0
18486,21980,78068,Dewayne Scales,NYK,New York Knicks,0028000027,1980-10-14,NYK vs. PHL,W,0,0,,,0.0,,,0,0,,,,,,,,,,0,,0
18487,21980,77944,Kevin Restani,SAN,San Antonio Spurs,0028000026,1980-10-14,SAN vs. KCK,W,0,0,,,0.0,,,0,0,,,,,,,,,,0,,0
18488,21980,76771,Mike Gale,SAN,San Antonio Spurs,0028000026,1980-10-14,SAN vs. KCK,W,0,0,,,0.0,,,0,0,,,,,,,,,,0,,0
18489,21980,76590,Leon Douglas,KCK,Kansas City Kings,0028000026,1980-10-14,KCK @ SAN,L,0,0,,,0.0,,,0,0,,,,,,,,,,0,,0
18490,21980,76604,Ralph Drollinger,DAL,Dallas Mavericks,0028000024,1980-10-14,DAL vs. SEA,L,0,0,,,0.0,,,0,0,,,,,,,,,,0,,0
18491,21980,77997,Bill Robinzine,CLE,Cleveland Cavaliers,0028000023,1980-10-14,CLE vs. DET,W,0,0,,,0.0,,,0,0,,,,,,,,,,0,,0
18492,21980,77209,Walter Jordan,CLE,Cleveland Cavaliers,0028000023,1980-10-14,CLE vs. DET,W,0,0,,,0.0,,,0,0,,,,,,,,,,0,,0
18493,21980,77364,Ron Lee,DET,Detroit Pistons,0028000023,1980-10-14,DET @ CLE,L,0,0,,,0.0,,,0,0,,,,,,,,,,0,,0
18494,21980,77635,Lowes Moore,NJN,New Jersey Nets,0028000022,1980-10-13,NJN vs. DET,W,0,0,,,0.0,,,0,0,,,,,,,,,,0,,0
18495,21980,77718,Mike Niles,PHX,Phoenix Suns,0028000020,1980-10-12,PHX vs. KCK,W,0,0,,,0.0,,,0,0,,,,,,,,,,0,,0
18496,21980,77326,Sam Lacey,KCK,Kansas City Kings,0028000020,1980-10-12,KCK @ PHX,L,0,0,,,0.0,,,0,0,,,,,,,,,,0,,0
18497,21980,77235,Rich Kelley,PHX,Phoenix Suns,0028000020,1980-10-12,PHX vs. KCK,W,0,0,,,0.0,,,0,0,,,,,,,,,,0,,0
18498,21980,77757,Jawann Oldham,DEN,Denver Nuggets,0028000018,1980-10-12,DEN vs. UTH,L,0,0,,,0.0,,,0,0,,,,,,,,,,0,,0
18499,21980,76441,Wayne Cooper,UTH,Utah Jazz,0028000018,1980-10-12,UTH @ DEN,W,0,0,,,0.0,,,0,0,,,,,,,,,,0,,0
18500,21980,76954,Mike Harper,POR,Portland Trail Blazers,0028000021,1980-10-12,POR vs. SEA,W,0,0,,,0.0,,,0,0,,,,,,,,,,0,,0
18501,21980,77040,Brad Holland,LAL,Los Angeles Lakers,0028000019,1980-10-12,LAL vs. HOU,W,0,0,,,0.0,,,0,0,,,,,,,,,,0,,0
18502,21980,77817,Billy Paultz,HOU,Houston Rockets,0028000019,1980-10-12,HOU @ LAL,L,0,0,,,0.0,,,0,0,,,,,,,,,,0,,0
18503,21980,77158,Lee Johnson,HOU,Houston Rockets,0028000019,1980-10-12,HOU @ LAL,L,0,0,,,0.0,,,0,0,,,,,,,,,,0,,0
18504,21980,600010,Len Elmore,MIL,Milwaukee Bucks,0028000016,1980-10-11,MIL @ NYK,L,0,0,,,0.0,,,0,0,,,,,,,,,,0,,0
18505,21980,76822,Mike Glenn,NYK,New York Knicks,0028000016,1980-10-11,NYK vs. MIL,W,0,0,,,0.0,,,0,0,,,,,,,,,,0,,0
18506,21980,76471,Charlie Criss,ATL,Atlanta Hawks,0028000013,1980-10-11,ATL vs. CHI,W,0,0,,,0.0,,,0,0,,,,,,,,,,0,,0
18507,21980,77997,Bill Robinzine,CLE,Cleveland Cavaliers,0028000012,1980-10-11,CLE vs. NJN,L,0,0,,,0.0,,,0,0,,,,,,,,,,0,,0
18508,21980,77209,Walter Jordan,CLE,Cleveland Cavaliers,0028000012,1980-10-11,CLE vs. NJN,L,0,0,,,0.0,,,0,0,,,,,,,,,,0,,0
18509,21980,78146,Jerry Sichting,IND,Indiana Pacers,0028000011,1980-10-11,IND vs. DET,W,0,0,,,0.0,,,0,0,,,,,,,,,,0,,0
18510,21980,77770,Louis Orr,IND,Indiana Pacers,0028000011,1980-10-11,IND vs. DET,W,0,0,,,0.0,,,0,0,,,,,,,,,,0,,0
18511,21980,77148,George Johnson,IND,Indiana Pacers,0028000011,1980-10-11,IND vs. DET,W,0,0,,,0.0,,,0,0,,,,,,,,,,0,,0
18512,21980,76802,Gus Gerard,KCK,Kansas City Kings,0028000017,1980-10-11,KCK vs. UTH,W,0,0,,,0.0,,,0,0,,,,,,,,,,0,,0
18513,21980,76441,Wayne Cooper,UTH,Utah Jazz,0028000017,1980-10-11,UTH @ KCK,L,0,0,,,0.0,,,0,0,,,,,,,,,,0,,0
18514,21980,78467,Kermit Washington,POR,Portland Trail Blazers,0028000008,1980-10-10,POR @ UTH,L,0,0,,,0.0,,,0,0,,,,,,,,,,0,,0
18515,21980,76441,Wayne Cooper,UTH,Utah Jazz,0028000008,1980-10-10,UTH vs. POR,W,0,0,,,0.0,,,0,0,,,,,,,,,,0,,0
18516,21980,78442,Wally Walker,SEA,Seattle SuperSonics,0028000006,1980-10-10,SEA vs. LAL,L,0,0,,,0.0,,,0,0,,,,,,,,,,0,,0
18517,21980,76947,Alan Hardy,LAL,Los Angeles Lakers,0028000006,1980-10-10,LAL @ SEA,W,0,0,,,0.0,,,0,0,,,,,,,,,,0,,0
18518,21980,78575,John Williamson,WAS,Washington Bullets,0028000005,1980-10-10,WAS @ DET,W,0,0,,,0.0,,,0,0,,,,,,,,,,0,,0
18519,21980,77071,Phil Hubbard,DET,Detroit Pistons,0028000005,1980-10-10,DET vs. WAS,L,0,0,,,0.0,,,0,0,,,,,,,,,,0,,0
18520,21980,76765,Tony Fuller,DET,Detroit Pistons,0028000005,1980-10-10,DET vs. WAS,L,0,0,,,0.0,,,0,0,,,,,,,,,,0,,0
18521,21980,600010,Len Elmore,MIL,Milwaukee Bucks,0028000003,1980-10-10,MIL @ PHL,W,0,0,,,0.0,,,0,0,,,,,,,,,,0,,0
18522,21980,77950,Clint Richardson,PHL,Philadelphia 76ers,0028000003,1980-10-10,PHL vs. MIL,L,0,0,,,0.0,,,0,0,,,,,,,,,,0,,0
18523,21980,76365,Harvey Catchings,MIL,Milwaukee Bucks,0028000003,1980-10-10,MIL @ PHL,W,0,0,,,0.0,,,0,0,,,,,,,,,,0,,0
18524,21980,940,Earl Cureton,PHL,Philadelphia 76ers,0028000003,1980-10-10,PHL vs. MIL,L,0,0,,,0.0,,,0,0,,,,,,,,,,0,,0
18525,21980,77163,Reggie Johnson,SAN,San Antonio Spurs,0028000002,1980-10-10,SAN @ DEN,W,0,0,,,0.0,,,0,0,,,,,,,,,,0,,0
18526,21980,77149,George Johnson,SAN,San Antonio Spurs,0028000002,1980-10-10,SAN @ DEN,W,0,0,,,0.0,,,0,0,,,,,,,,,,0,,0
18527,21980,78195,Larry Smith,GOS,Golden State Warriors,0028000001,1980-10-10,GOS @ PHX,L,0,0,,,0.0,,,0,0,,,,,,,,,,0,,0
